      0.2715
      0.2946
      0.3423
      0.3708
      0.3561
      0.3109
      0.2618
      0.2210
      0.1857
      0.1540
      0.1281
      0.1075
      0.0864
      0.0621
      0.0379
      0.0192
      0.0081
      0.0030
      0.0017
      0.2673
      0.2877
      0.3285
      0.3498
      0.3308
      0.2850
      0.2378
      0.2009
      0.1720
      0.1492
      0.1342
      0.1236
      0.1088
      0.0848
      0.0558
      0.0303
      0.0136
      0.0053
      0.0030
      0.2514
      0.2646
      0.2883
      0.2926
      0.2651
      0.2204
      0.1803
      0.1547
      0.1430
      0.1453
      0.1618
      0.1828
      0.1892
      0.1671
      0.1220
      0.0725
      0.0352
      0.0148
      0.0088
      0.2284
      0.2320
      0.2338
      0.2190
      0.1856
      0.1478
      0.1213
      0.1127
      0.1242
      0.1616
      0.2273
      0.3038
      0.3517
      0.3373
      0.2634
      0.1667
      0.0864
      0.0399
      0.0255
      0.2362
      0.2274
      0.2018
      0.1641
      0.1251
      0.0973
      0.0876
      0.0971
      0.1306
      0.2035
      0.3268
      0.4775
      0.5896
      0.5967
      0.4902
      0.3281
      0.1838
      0.0965
      0.0688
      0.3466
      0.3180
      0.2472
      0.1679
      0.1096
      0.0841
      0.0867
      0.1085
      0.1543
      0.2496
      0.4195
      0.6426
      0.8301
      0.8785
      0.7591
      0.5446
      0.3429
      0.2179
      0.1781
      0.6207
      0.5591
      0.4107
      0.2531
      0.1463
      0.1043
      0.1066
      0.1293
      0.1717
      0.2658
      0.4501
      0.7126
      0.9593
      1.0657
      0.9836
      0.7852
      0.5929
      0.4786
      0.4443
      1.0317
      0.9256
      0.6708
      0.4016
      0.2184
      0.1394
      0.1269
      0.1385
      0.1646
      0.2356
      0.3952
      0.6453
      0.9106
      1.0799
      1.1044
      1.0448
      1.0010
      1.0069
      1.0197
      1.4239
      1.2766
      0.9227
      0.5477
      0.2885
      0.1678
      0.1337
      0.1296
      0.1359
      0.1749
      0.2856
      0.4819
      0.7253
      0.9528
      1.1472
      1.3619
      1.6401
      1.9136
      2.0315
      1.5878
      1.4238
      1.0299
      0.6123
      0.3215
      0.1812
      0.1341
      0.1186
      0.1095
      0.1196
      0.1787
      0.3088
      0.5112
      0.7870
      1.1765
      1.7426
      2.4586
      3.1080
      3.3757
      1.4239
      1.2791
      0.9326
      0.5686
      0.3192
      0.2017
      0.1610
      0.1406
      0.1177
      0.1011
      0.1155
      0.1876
      0.3480
      0.6517
      1.1960
      2.0652
      3.1773
      4.1759
      4.5844
      1.0317
      0.9342
      0.7053
      0.4766
      0.3363
      0.2835
      0.2659
      0.2380
      0.1885
      0.1343
      0.1039
      0.1273
      0.2463
      0.5402
      1.1355
      2.1305
      3.4197
      4.5796
      5.0540
      0.6207
      0.5806
      0.4981
      0.4451
      0.4543
      0.4934
      0.5031
      0.4493
      0.3429
      0.2242
      0.1355
      0.1092
      0.1810
      0.4222
      0.9507
      1.8587
      3.0475
      4.1215
      4.5614
      0.3466
      0.3607
      0.4208
      0.5504
      0.7267
      0.8737
      0.9105
      0.8089
      0.6086
      0.3865
      0.2117
      0.1218
      0.1382
      0.3048
      0.7071
      1.4168
      2.3558
      3.2085
      3.5585
      0.2362
      0.2956
      0.4803
      0.7821
      1.1338
      1.4126
      1.5007
      1.3562
      1.0375
      0.6666
      0.3593
      0.1756
      0.1276
      0.2321
      0.5450
      1.1211
      1.8956
      2.6041
      2.8958
      0.2284
      0.3216
      0.6036
      1.0544
      1.5863
      2.0417
      2.2504
      2.1162
      1.6819
      1.1159
      0.6129
      0.2880
      0.1633
      0.2417
      0.5710
      1.2078
      2.0790
      2.8822
      3.2140
      0.2514
      0.3647
      0.7089
      1.2721
      1.9764
      2.6514
      3.0622
      3.0135
      2.4905
      1.7041
      0.9561
      0.4504
      0.2390
      0.3258
      0.7724
      1.6568
      2.8764
      4.0050
      4.4718
      0.2673
      0.3886
      0.7620
      1.3931
      2.2301
      3.1056
      3.7262
      3.7914
      3.2164
      2.2431
      1.2752
      0.6048
      0.3181
      0.4266
      1.0131
      2.1813
      3.7957
      5.2910
      5.9098
      0.2715
      0.3944
      0.7752
      1.4287
      2.3167
      3.2756
      3.9876
      4.1059
      3.5143
      2.4661
      1.4079
      0.6694
      0.3520
      0.4713
      1.1199
      2.4126
      4.2000
      5.8558
      6.5411
