      0.0000
      0.0000
      0.0000
      0.0000
      0.0000
      0.0000
      0.0000
      0.0000
      0.0000
      0.0000
      0.0000
      0.0000
      0.0000
      0.0000
      0.0000
      0.0000
      0.0000
      0.0000
      0.0000
      0.0000
      0.0000
      0.0000
      0.0000
      0.0000
      0.0000
      0.0000
      0.0000
      0.0000
      0.0000
      0.0000
      0.0000
      0.0000
      0.0000
      0.0000
      0.0000
      0.0000
      0.0000
      0.0000
      0.0000
      0.0000
      0.0000
      0.0000
      0.0000
      0.0000
      0.0000
      0.0000
      0.0000
      0.0000
      0.0000
      0.0000
      0.0000
      0.0000
      0.0000
      0.0000
      0.0000
      0.0000
      0.0000
      0.0000
      0.0000
      0.0000
      0.0000
      0.0000
      0.0000
      0.0000
      0.0000
      0.0000
      0.0000
      0.0000
      0.0000
      0.0000
      0.0000
      0.0000
      0.0000
      0.0000
      0.0000
      0.0000
      0.0000
      0.0000
      0.0000
      0.0000
      0.0000
      0.0000
      0.0000
      0.0000
      0.0000
      0.0000
      0.0000
      0.0001
      0.0003
      0.0003
      0.0001
      0.0000
      0.0000
      0.0000
      0.0000
      0.0001
      0.0001
      0.0000
      0.0000
      0.0000
      0.0000
      0.0000
      0.0000
      0.0000
      0.0000
      0.0000
      0.0005
      0.0026
      0.0037
      0.0013
      0.0001
      0.0000
      0.0000
      0.0000
      0.0142
      0.0071
      0.0009
      0.0000
      0.0000
      0.0000
      0.0000
      0.0000
      0.0000
      0.0000
      0.0000
      0.0009
      0.0064
      0.0113
      0.0050
      0.0005
      0.0000
      0.0000
      0.0000
      0.4594
      0.2297
      0.0286
      0.0009
      0.0000
      0.0000
      0.0000
      0.0000
      0.0000
      0.0000
      0.0000
      0.0005
      0.0040
      0.0086
      0.0047
      0.0006
      0.0002
      0.0010
      0.0021
      3.6849
      1.8425
      0.2297
      0.0071
      0.0001
      0.0000
      0.0000
      0.0000
      0.0000
      0.0000
      0.0000
      0.0001
      0.0006
      0.0017
      0.0013
      0.0009
      0.0172
      0.1372
      0.2744
      7.3699
      3.6849
      0.4594
      0.0142
      0.0001
      0.0000
      0.0000
      0.0000
      0.0000
      0.0000
      0.0000
      0.0000
      0.0001
      0.0014
      0.0070
      0.0256
      0.5574
      4.4491
      8.8977
      3.6849
      1.8425
      0.2297
      0.0071
      0.0001
      0.0000
      0.0001
      0.0002
      0.0001
      0.0000
      0.0000
      0.0000
      0.0005
      0.0114
      0.0673
      0.2334
      4.4840
     35.6884
     71.3702
      0.4594
      0.2297
      0.0286
      0.0009
      0.0000
      0.0009
      0.0069
      0.0131
      0.0062
      0.0007
      0.0000
      0.0000
      0.0009
      0.0238
      0.1632
      0.5468
      9.0130
     71.3823
    142.7406
      0.0142
      0.0071
      0.0009
      0.0000
      0.0008
      0.0203
      0.1361
      0.2284
      0.0959
      0.0100
      0.0003
      0.0000
      0.0004
      0.0124
      0.0990
      0.3301
      4.5438
     35.6967
     71.3707
      0.0001
      0.0001
      0.0000
      0.0004
      0.0069
      0.1164
      0.6692
      0.9898
      0.3668
      0.0338
      0.0008
      0.0000
      0.0000
      0.0016
      0.0150
      0.0512
      0.5742
      4.4516
      8.8979
      0.0000
      0.0000
      0.0002
      0.0059
      0.0432
      0.2110
      0.8389
      1.0733
      0.3509
      0.0286
      0.0006
      0.0000
      0.0000
      0.0001
      0.0006
      0.0020
      0.0181
      0.1374
      0.2744
      0.0000
      0.0000
      0.0013
      0.0269
      0.1456
      0.2462
      0.3400
      0.3531
      0.1153
      0.0102
      0.0002
      0.0000
      0.0000
      0.0000
      0.0000
      0.0000
      0.0004
      0.0034
      0.0067
      0.0000
      0.0000
      0.0017
      0.0311
      0.1452
      0.2684
      0.9456
      1.9176
      1.0246
      0.1371
      0.0045
      0.0000
      0.0000
      0.0000
      0.0000
      0.0003
      0.0095
      0.0759
      0.1517
      0.0000
      0.0000
      0.0006
      0.0092
      0.0588
      0.8527
      7.0712
     15.2002
      8.1780
      1.0974
      0.0364
      0.0003
      0.0000
      0.0000
      0.0000
      0.0023
      0.0759
      0.6086
      1.2172
      0.0000
      0.0000
      0.0001
      0.0016
      0.0512
      1.6396
     14.1255
     30.3988
     16.3557
      2.1948
      0.0729
      0.0006
      0.0000
      0.0000
      0.0000
      0.0047
      0.1517
      1.2172
      2.4343
