      0.0023
      0.0054
      0.0133
      0.0181
      0.0133
      0.0054
      0.0015
      0.0008
      0.0015
      0.0052
      0.0125
      0.0168
      0.0122
      0.0048
      0.0010
      0.0001
      0.0000
      0.0000
      0.0000
      0.0032
      0.0069
      0.0154
      0.0190
      0.0128
      0.0048
      0.0012
      0.0006
      0.0011
      0.0043
      0.0110
      0.0159
      0.0126
      0.0054
      0.0013
      0.0002
      0.0000
      0.0000
      0.0000
      0.0042
      0.0080
      0.0152
      0.0163
      0.0095
      0.0031
      0.0006
      0.0002
      0.0005
      0.0023
      0.0068
      0.0115
      0.0106
      0.0053
      0.0015
      0.0002
      0.0000
      0.0000
      0.0000
      0.0033
      0.0055
      0.0090
      0.0084
      0.0043
      0.0012
      0.0002
      0.0001
      0.0001
      0.0008
      0.0027
      0.0055
      0.0062
      0.0039
      0.0014
      0.0003
      0.0000
      0.0000
      0.0000
      0.0050
      0.0047
      0.0039
      0.0026
      0.0011
      0.0003
      0.0000
      0.0000
      0.0000
      0.0002
      0.0012
      0.0037
      0.0064
      0.0062
      0.0034
      0.0010
      0.0002
      0.0000
      0.0000
      0.0607
      0.0448
      0.0181
      0.0041
      0.0006
      0.0001
      0.0000
      0.0001
      0.0001
      0.0003
      0.0016
      0.0065
      0.0139
      0.0163
      0.0103
      0.0035
      0.0007
      0.0003
      0.0003
      0.5300
      0.3895
      0.1545
      0.0330
      0.0038
      0.0003
      0.0001
      0.0002
      0.0002
      0.0003
      0.0020
      0.0086
      0.0206
      0.0266
      0.0189
      0.0080
      0.0043
      0.0063
      0.0082
      2.4860
      1.8271
      0.7245
      0.1545
      0.0176
      0.0011
      0.0002
      0.0003
      0.0002
      0.0002
      0.0013
      0.0065
      0.0177
      0.0271
      0.0260
      0.0244
      0.0471
      0.1012
      0.1345
      6.2694
      4.6077
      1.8271
      0.3895
      0.0444
      0.0028
      0.0004
      0.0004
      0.0003
      0.0002
      0.0006
      0.0039
      0.0160
      0.0432
      0.0808
      0.1501
      0.3929
      0.8799
      1.1759
      8.5303
      6.2694
      2.4860
      0.5300
      0.0606
      0.0049
      0.0034
      0.0049
      0.0039
      0.0017
      0.0009
      0.0060
      0.0405
      0.1531
      0.3505
      0.7025
      1.8383
      4.1151
      5.5045
      6.2694
      4.6077
      1.8271
      0.3899
      0.0479
      0.0192
      0.0429
      0.0601
      0.0456
      0.0187
      0.0050
      0.0127
      0.0929
      0.3833
      0.9307
      1.8660
      4.6990
     10.3857
     13.8724
      2.4860
      1.8271
      0.7249
      0.1585
      0.0468
      0.1265
      0.3028
      0.4000
      0.2868
      0.1112
      0.0241
      0.0173
      0.1200
      0.5289
      1.3569
      2.7284
      6.5543
     14.1881
     18.8881
      0.5300
      0.3898
      0.1580
      0.0592
      0.1474
      0.5282
      1.1611
      1.4330
      0.9681
      0.3543
      0.0704
      0.0169
      0.0841
      0.3953
      1.0746
      2.1820
      4.9879
     10.5052
     13.9127
      0.0607
      0.0468
      0.0390
      0.1222
      0.4583
      1.3019
      2.4722
      2.7935
      1.7664
      0.6095
      0.1136
      0.0146
      0.0322
      0.1596
      0.4606
      0.9508
      2.0705
      4.2183
      5.5469
      0.0050
      0.0125
      0.0794
      0.3566
      1.0133
      2.0526
      3.0640
      3.0233
      1.7593
      0.5694
      0.1000
      0.0100
      0.0069
      0.0347
      0.1073
      0.2324
      0.5037
      1.0078
      1.3183
      0.0033
      0.0221
      0.1614
      0.6502
      1.5084
      2.2376
      2.4196
      1.9297
      1.0031
      0.3043
      0.0510
      0.0047
      0.0009
      0.0045
      0.0212
      0.0993
      0.3888
      0.9436
      1.2760
      0.0042
      0.0269
      0.1832
      0.6762
      1.3883
      1.7003
      1.4420
      0.9750
      0.4941
      0.1595
      0.0297
      0.0031
      0.0003
      0.0025
      0.0387
      0.3339
      1.5611
      3.9342
      5.3524
      0.0032
      0.0189
      0.1190
      0.4073
      0.7818
      0.9432
      0.9249
      0.8342
      0.5479
      0.2137
      0.0460
      0.0054
      0.0005
      0.0058
      0.0954
      0.8374
      3.9277
      9.9052
     13.4772
      0.0023
      0.0126
      0.0748
      0.2428
      0.4587
      0.6255
      0.8291
      0.9441
      0.6821
      0.2761
      0.0606
      0.0071
      0.0007
      0.0079
      0.1298
      1.1392
      5.3440
     13.4769
     18.3371
