      0.0576
      0.0769
      0.1169
      0.1389
      0.1234
      0.0902
      0.0674
      0.0584
      0.0536
      0.0526
      0.0574
      0.0587
      0.0472
      0.0277
      0.0116
      0.0034
      0.0007
      0.0001
      0.0000
      0.0614
      0.0794
      0.1153
      0.1320
      0.1135
      0.0801
      0.0579
      0.0493
      0.0455
      0.0458
      0.0518
      0.0550
      0.0462
      0.0285
      0.0126
      0.0040
      0.0009
      0.0002
      0.0000
      0.0655
      0.0791
      0.1036
      0.1086
      0.0860
      0.0557
      0.0369
      0.0299
      0.0281
      0.0308
      0.0395
      0.0476
      0.0456
      0.0325
      0.0170
      0.0064
      0.0018
      0.0004
      0.0001
      0.0729
      0.0777
      0.0830
      0.0743
      0.0520
      0.0299
      0.0175
      0.0134
      0.0137
      0.0189
      0.0316
      0.0481
      0.0571
      0.0500
      0.0318
      0.0146
      0.0049
      0.0013
      0.0005
      0.1742
      0.1546
      0.1095
      0.0637
      0.0313
      0.0139
      0.0072
      0.0059
      0.0078
      0.0157
      0.0360
      0.0683
      0.0958
      0.0967
      0.0698
      0.0362
      0.0143
      0.0055
      0.0037
      0.7042
      0.5951
      0.3598
      0.1566
      0.0502
      0.0134
      0.0054
      0.0054
      0.0081
      0.0184
      0.0478
      0.1006
      0.1540
      0.1683
      0.1321
      0.0777
      0.0413
      0.0292
      0.0279
      2.3455
      1.9734
      1.1746
      0.4942
      0.1474
      0.0333
      0.0097
      0.0078
      0.0098
      0.0197
      0.0524
      0.1172
      0.1914
      0.2251
      0.1977
      0.1506
      0.1376
      0.1611
      0.1779
      5.5834
      4.6959
      2.7921
      1.1716
      0.3471
      0.0754
      0.0173
      0.0100
      0.0099
      0.0162
      0.0427
      0.1013
      0.1790
      0.2373
      0.2661
      0.3288
      0.4985
      0.7269
      0.8381
      9.3902
      7.8975
      4.6953
      1.9699
      0.5831
      0.1254
      0.0263
      0.0124
      0.0100
      0.0117
      0.0272
      0.0695
      0.1424
      0.2430
      0.4152
      0.8062
      1.5424
      2.4059
      2.8090
     11.1649
      9.3901
      5.5829
      2.3432
      0.6962
      0.1554
      0.0416
      0.0271
      0.0220
      0.0162
      0.0199
      0.0499
      0.1300
      0.3080
      0.7327
      1.7355
      3.5669
      5.6767
      6.6555
      9.3902
      7.8979
      4.6973
      1.9774
      0.6037
      0.1689
      0.0948
      0.0916
      0.0757
      0.0472
      0.0298
      0.0499
      0.1476
      0.4181
      1.1266
      2.8274
      5.9286
      9.4968
     11.1516
      5.5834
      4.6977
      2.8022
      1.2057
      0.4320
      0.2380
      0.2546
      0.2682
      0.2142
      0.1252
      0.0601
      0.0570
      0.1559
      0.4669
      1.3068
      3.3304
      7.0178
     11.2613
     13.2301
      2.3455
      1.9804
      1.2122
      0.6086
      0.4013
      0.4667
      0.5831
      0.5859
      0.4418
      0.2444
      0.1030
      0.0592
      0.1271
      0.3852
      1.0956
      2.8031
      5.9048
      9.4705
     11.1247
      0.7042
      0.6151
      0.4622
      0.4451
      0.6262
      0.8874
      1.0393
      0.9555
      0.6702
      0.3499
      0.1359
      0.0536
      0.0768
      0.2285
      0.6583
      1.6875
      3.5474
      5.6805
      6.6693
      0.1742
      0.1954
      0.3119
      0.6030
      1.0239
      1.3757
      1.4563
      1.2181
      0.7940
      0.3929
      0.1448
      0.0448
      0.0360
      0.0995
      0.2949
      0.7682
      1.6234
      2.6027
      3.0562
      0.0729
      0.1366
      0.3707
      0.8152
      1.3481
      1.7012
      1.6886
      1.3454
      0.8553
      0.4218
      0.1563
      0.0441
      0.0180
      0.0412
      0.1415
      0.4098
      0.9126
      1.4943
      1.7644
      0.0655
      0.1403
      0.4002
      0.8630
      1.3901
      1.7393
      1.7674
      1.4889
      1.0181
      0.5403
      0.2136
      0.0618
      0.0182
      0.0363
      0.1565
      0.5157
      1.2154
      2.0352
      2.4171
      0.0614
      0.1287
      0.3556
      0.7505
      1.2177
      1.6100
      1.8117
      1.7152
      1.2933
      0.7355
      0.3046
      0.0907
      0.0259
      0.0518
      0.2365
      0.7990
      1.9029
      3.1994
      3.8036
      0.0576
      0.1185
      0.3213
      0.6731
      1.1090
      1.5338
      1.8378
      1.8399
      1.4403
      0.8374
      0.3512
      0.1054
      0.0302
      0.0607
      0.2787
      0.9435
      2.2492
      3.7830
      4.4979
