      0.0388
      0.0412
      0.0469
      0.0527
      0.0582
      0.0687
      0.0970
      0.1627
      0.2820
      0.4441
      0.5926
      0.6494
      0.5767
      0.4125
      0.2369
      0.1092
      0.0408
      0.0134
      0.0068
      0.0446
      0.0465
      0.0508
      0.0545
      0.0573
      0.0646
      0.0886
      0.1475
      0.2566
      0.4077
      0.5504
      0.6119
      0.5528
      0.4036
      0.2374
      0.1125
      0.0433
      0.0146
      0.0075
      0.0731
      0.0721
      0.0688
      0.0628
      0.0562
      0.0550
      0.0690
      0.1118
      0.1965
      0.3204
      0.4481
      0.5206
      0.4953
      0.3837
      0.2413
      0.1232
      0.0513
      0.0186
      0.0100
      0.1767
      0.1642
      0.1327
      0.0954
      0.0648
      0.0485
      0.0507
      0.0770
      0.1356
      0.2293
      0.3402
      0.4255
      0.4404
      0.3741
      0.2594
      0.1467
      0.0680
      0.0277
      0.0161
      0.4966
      0.4491
      0.3332
      0.2053
      0.1098
      0.0595
      0.0461
      0.0596
      0.0991
      0.1702
      0.2696
      0.3695
      0.4235
      0.3992
      0.3075
      0.1935
      0.1010
      0.0479
      0.0315
      1.2799
      1.1486
      0.8309
      0.4867
      0.2367
      0.1068
      0.0625
      0.0627
      0.0891
      0.1457
      0.2401
      0.3566
      0.4478
      0.4632
      0.3923
      0.2741
      0.1636
      0.0940
      0.0715
      2.7437
      2.4578
      1.7671
      1.0225
      0.4840
      0.2036
      0.1002
      0.0796
      0.0930
      0.1374
      0.2276
      0.3591
      0.4877
      0.5503
      0.5141
      0.4056
      0.2856
      0.2027
      0.1744
      4.7564
      4.2591
      3.0584
      1.7651
      0.8306
      0.3420
      0.1563
      0.1074
      0.1053
      0.1349
      0.2162
      0.3594
      0.5322
      0.6656
      0.7010
      0.6382
      0.5323
      0.4463
      0.4148
      6.6223
      5.9298
      4.2587
      2.4608
      1.1656
      0.4929
      0.2394
      0.1689
      0.1502
      0.1576
      0.2216
      0.3755
      0.6092
      0.8537
      1.0160
      1.0494
      0.9880
      0.9101
      0.8774
      7.3950
      6.6232
      4.7632
      2.7709
      1.3531
      0.6415
      0.3956
      0.3323
      0.2935
      0.2567
      0.2800
      0.4346
      0.7421
      1.1346
      1.4748
      1.6503
      1.6592
      1.5961
      1.5619
      6.6223
      5.9357
      4.2884
      2.5482
      1.3592
      0.8315
      0.7125
      0.6975
      0.6206
      0.4890
      0.4170
      0.5311
      0.8876
      1.4181
      1.9402
      2.2704
      2.3610
      2.3169
      2.2815
      4.7564
      4.2737
      3.1312
      1.9768
      1.2932
      1.1393
      1.2526
      1.3126
      1.1599
      0.8615
      0.6181
      0.6198
      0.9483
      1.5319
      2.1602
      2.6006
      2.7623
      2.7436
      2.7116
      2.7437
      2.4839
      1.8969
      1.3957
      1.2870
      1.5633
      1.9360
      2.0600
      1.7921
      1.2793
      0.8182
      0.6502
      0.8606
      1.3715
      1.9755
      2.4367
      2.6411
      2.6579
      2.6387
      1.2799
      1.1861
      1.0155
      1.0111
      1.3472
      1.9549
      2.5125
      2.6562
      2.2695
      1.5730
      0.9315
      0.6040
      0.6571
      1.0074
      1.4813
      1.8867
      2.1135
      2.1843
      2.1917
      0.4966
      0.4929
      0.5476
      0.8075
      1.3676
      2.1205
      2.7344
      2.8566
      2.4028
      1.6306
      0.9182
      0.5061
      0.4339
      0.6224
      0.9508
      1.2973
      1.5722
      1.7380
      1.7921
      0.1767
      0.2072
      0.3423
      0.6801
      1.2750
      2.0122
      2.5857
      2.6818
      2.2395
      1.5064
      0.8269
      0.4077
      0.2732
      0.3623
      0.6138
      0.9768
      1.3799
      1.7084
      1.8368
      0.0731
      0.1097
      0.2518
      0.5729
      1.1123
      1.7704
      2.2849
      2.3830
      2.0049
      1.3596
      0.7468
      0.3503
      0.1976
      0.2559
      0.5175
      0.9891
      1.6030
      2.1538
      2.3786
      0.0446
      0.0787
      0.2076
      0.4942
      0.9758
      1.5727
      2.0580
      2.1805
      1.8666
      1.2890
      0.7192
      0.3361
      0.1802
      0.2434
      0.5560
      1.1617
      1.9866
      2.7448
      3.0576
      0.0388
      0.0712
      0.1934
      0.4654
      0.9255
      1.5028
      1.9828
      2.1195
      1.8312
      1.2762
      0.7181
      0.3371
      0.1805
      0.2498
      0.5893
      1.2554
      2.1702
      3.0148
      3.3639
