      0.3365
      0.3422
      0.3576
      0.3801
      0.4083
      0.4423
      0.4809
      0.5203
      0.5563
      0.5827
      0.5886
      0.5601
      0.4889
      0.3828
      0.2647
      0.1605
      0.0861
      0.0444
      0.0314
      0.3284
      0.3332
      0.3460
      0.3644
      0.3878
      0.4170
      0.4522
      0.4914
      0.5316
      0.5671
      0.5864
      0.5726
      0.5136
      0.4136
      0.2945
      0.1842
      0.1023
      0.0548
      0.0397
      0.3083
      0.3104
      0.3158
      0.3233
      0.3342
      0.3518
      0.3796
      0.4193
      0.4716
      0.5328
      0.5894
      0.6173
      0.5931
      0.5107
      0.3886
      0.2599
      0.1551
      0.0900
      0.0684
      0.2898
      0.2875
      0.2812
      0.2732
      0.2684
      0.2734
      0.2944
      0.3374
      0.4074
      0.5045
      0.6142
      0.7035
      0.7325
      0.6784
      0.5529
      0.3963
      0.2553
      0.1619
      0.1299
      0.2953
      0.2868
      0.2646
      0.2373
      0.2158
      0.2099
      0.2272
      0.2751
      0.3628
      0.4957
      0.6613
      0.8197
      0.9136
      0.8995
      0.7779
      0.5950
      0.4153
      0.2904
      0.2464
      0.3489
      0.3318
      0.2881
      0.2360
      0.1952
      0.1786
      0.1924
      0.2424
      0.3397
      0.4959
      0.7048
      0.9249
      1.0862
      1.1259
      1.0303
      0.8453
      0.6477
      0.5049
      0.4538
      0.4588
      0.4309
      0.3600
      0.2768
      0.2116
      0.1808
      0.1872
      0.2318
      0.3247
      0.4829
      0.7092
      0.9688
      1.1898
      1.2984
      1.2666
      1.1316
      0.9685
      0.8457
      0.8013
      0.6024
      0.5630
      0.4633
      0.3469
      0.2551
      0.2076
      0.2028
      0.2345
      0.3093
      0.4467
      0.6600
      0.9288
      1.1934
      1.3828
      1.4608
      1.4468
      1.3940
      1.3491
      1.3328
      0.7271
      0.6792
      0.5585
      0.4187
      0.3093
      0.2516
      0.2387
      0.2564
      0.3049
      0.4045
      0.5785
      0.8271
      1.1150
      1.3894
      1.6137
      1.7848
      1.9158
      2.0067
      2.0406
      0.7767
      0.7277
      0.6055
      0.4675
      0.3656
      0.3182
      0.3112
      0.3213
      0.3417
      0.3928
      0.5086
      0.7131
      1.0024
      1.3506
      1.7283
      2.1103
      2.4601
      2.7167
      2.8124
      0.7271
      0.6870
      0.5903
      0.4905
      0.4332
      0.4277
      0.4484
      0.4606
      0.4518
      0.4446
      0.4872
      0.6274
      0.8923
      1.2828
      1.7792
      2.3382
      2.8788
      3.2826
      3.4335
      0.6024
      0.5808
      0.5357
      0.5105
      0.5360
      0.6048
      0.6734
      0.6939
      0.6494
      0.5709
      0.5244
      0.5810
      0.7911
      1.1745
      1.7182
      2.3676
      3.0132
      3.5003
      3.6828
      0.4588
      0.4619
      0.4860
      0.5605
      0.6963
      0.8619
      0.9904
      1.0176
      0.9257
      0.7601
      0.6090
      0.5642
      0.6899
      1.0133
      1.5228
      2.1591
      2.8044
      3.2948
      3.4791
      0.3489
      0.3785
      0.4774
      0.6612
      0.9190
      1.1913
      1.3832
      1.4124
      1.2619
      0.9961
      0.7287
      0.5702
      0.5915
      0.8184
      1.2361
      1.7859
      2.3555
      2.7926
      2.9574
      0.2953
      0.3497
      0.5194
      0.8091
      1.1881
      1.5694
      1.8275
      1.8592
      1.6468
      1.2747
      0.8845
      0.6066
      0.5178
      0.6396
      0.9530
      1.4008
      1.8804
      2.2541
      2.3959
      0.2898
      0.3649
      0.5952
      0.9791
      1.4719
      1.9620
      2.2931
      2.3368
      2.0699
      1.5940
      1.0802
      0.6837
      0.4915
      0.5244
      0.7599
      1.1409
      1.5683
      1.9087
      2.0391
      0.3083
      0.3991
      0.6762
      1.1367
      1.7282
      2.3204
      2.7284
      2.7964
      2.4897
      1.9228
      1.2955
      0.7909
      0.5122
      0.4838
      0.6818
      1.0464
      1.4734
      1.8204
      1.9545
      0.3284
      0.4289
      0.7361
      1.2481
      1.9098
      2.5792
      3.0504
      3.1443
      2.8148
      2.1835
      1.4725
      0.8887
      0.5507
      0.4885
      0.6778
      1.0554
      1.5086
      1.8810
      2.0256
      0.3365
      0.4403
      0.7580
      1.2883
      1.9759
      2.6746
      3.1706
      3.2759
      2.9391
      2.2843
      1.5419
      0.9286
      0.5693
      0.4965
      0.6861
      1.0731
      1.5409
      1.9265
      2.0764
