      0.0282
      0.0365
      0.0537
      0.0629
      0.0556
      0.0407
      0.0316
      0.0333
      0.0488
      0.0828
      0.1251
      0.1443
      0.1204
      0.0716
      0.0302
      0.0090
      0.0019
      0.0003
      0.0001
      0.0297
      0.0375
      0.0531
      0.0600
      0.0513
      0.0363
      0.0272
      0.0283
      0.0420
      0.0734
      0.1148
      0.1381
      0.1212
      0.0766
      0.0349
      0.0114
      0.0027
      0.0005
      0.0001
      0.0321
      0.0380
      0.0484
      0.0501
      0.0394
      0.0254
      0.0174
      0.0175
      0.0278
      0.0547
      0.0976
      0.1354
      0.1398
      0.1060
      0.0588
      0.0237
      0.0069
      0.0015
      0.0004
      0.0450
      0.0455
      0.0442
      0.0370
      0.0249
      0.0140
      0.0085
      0.0087
      0.0178
      0.0466
      0.1065
      0.1853
      0.2360
      0.2176
      0.1442
      0.0684
      0.0231
      0.0057
      0.0019
      0.1554
      0.1347
      0.0885
      0.0456
      0.0195
      0.0077
      0.0041
      0.0055
      0.0170
      0.0592
      0.1642
      0.3312
      0.4773
      0.4892
      0.3561
      0.1838
      0.0674
      0.0184
      0.0072
      0.6856
      0.5780
      0.3467
      0.1483
      0.0459
      0.0114
      0.0044
      0.0065
      0.0212
      0.0802
      0.2415
      0.5248
      0.8092
      0.8840
      0.6846
      0.3769
      0.1506
      0.0497
      0.0260
      2.3033
      1.9375
      1.1527
      0.4843
      0.1440
      0.0319
      0.0088
      0.0086
      0.0227
      0.0852
      0.2696
      0.6195
      1.0103
      1.1680
      0.9614
      0.5732
      0.2690
      0.1335
      0.1035
      5.4866
      4.6145
      2.7436
      1.1512
      0.3408
      0.0736
      0.0165
      0.0104
      0.0193
      0.0662
      0.2174
      0.5279
      0.9141
      1.1303
      1.0153
      0.7074
      0.4736
      0.4068
      0.4093
      9.2280
      7.7611
      4.6142
      1.9360
      0.5736
      0.1248
      0.0289
      0.0169
      0.0190
      0.0418
      0.1302
      0.3358
      0.6348
      0.8817
      0.9466
      0.9087
      0.9787
      1.1887
      1.3111
     10.9721
      9.2280
      5.4867
      2.3040
      0.6892
      0.1660
      0.0650
      0.0575
      0.0508
      0.0445
      0.0743
      0.1903
      0.4221
      0.7309
      1.0462
      1.4191
      2.0134
      2.7385
      3.0898
      9.2280
      7.7615
      4.6170
      1.9489
      0.6160
      0.2246
      0.1970
      0.2180
      0.1854
      0.1179
      0.0807
      0.1408
      0.3623
      0.7775
      1.3622
      2.1599
      3.3136
      4.6046
      5.2107
      5.4866
      4.6162
      2.7549
      1.1992
      0.4890
      0.4059
      0.5534
      0.6302
      0.5195
      0.3076
      0.1493
      0.1422
      0.3492
      0.8216
      1.5558
      2.5789
      3.9993
      5.5373
      6.2508
      2.3033
      1.9427
      1.1856
      0.6123
      0.5077
      0.7974
      1.1860
      1.3137
      1.0450
      0.5937
      0.2531
      0.1447
      0.2809
      0.6780
      1.3309
      2.2419
      3.4610
      4.7443
      5.3333
      0.6856
      0.5905
      0.4203
      0.4067
      0.7142
      1.3163
      1.9010
      2.0204
      1.5507
      0.8518
      0.3396
      0.1336
      0.1710
      0.4055
      0.8188
      1.3990
      2.1516
      2.9208
      3.2696
      0.1554
      0.1575
      0.2158
      0.4559
      0.9939
      1.7836
      2.4646
      2.5403
      1.9124
      1.0372
      0.4042
      0.1265
      0.0840
      0.1757
      0.3686
      0.6581
      1.0421
      1.4322
      1.6077
      0.0450
      0.0773
      0.2169
      0.5746
      1.2655
      2.2502
      3.1312
      3.2961
      2.5556
      1.4342
      0.5768
      0.1689
      0.0522
      0.0649
      0.1562
      0.3497
      0.6686
      1.0210
      1.1826
      0.0321
      0.0725
      0.2395
      0.6708
      1.5687
      3.0007
      4.4870
      5.0289
      4.1113
      2.4143
      1.0092
      0.2993
      0.0688
      0.0427
      0.1367
      0.4230
      0.9722
      1.6118
      1.9092
      0.0297
      0.0692
      0.2400
      0.7305
      1.8922
      3.9577
      6.3063
      7.3721
      6.2010
      3.7163
      1.5775
      0.4725
      0.1050
      0.0550
      0.1942
      0.6482
      1.5399
      2.5864
      3.0741
      0.0282
      0.0660
      0.2354
      0.7521
      2.0454
      4.4297
      7.2076
      8.5281
      7.2254
      4.3507
      1.8529
      0.5562
      0.1234
      0.0638
      0.2275
      0.7646
      1.8215
      3.0632
      3.6419
