      0.0007
      0.0018
      0.0044
      0.0060
      0.0044
      0.0018
      0.0005
      0.0003
      0.0010
      0.0044
      0.0108
      0.0145
      0.0106
      0.0041
      0.0009
      0.0001
      0.0000
      0.0000
      0.0000
      0.0011
      0.0023
      0.0051
      0.0063
      0.0043
      0.0016
      0.0004
      0.0002
      0.0008
      0.0036
      0.0095
      0.0138
      0.0109
      0.0047
      0.0011
      0.0001
      0.0000
      0.0000
      0.0000
      0.0014
      0.0027
      0.0051
      0.0054
      0.0032
      0.0010
      0.0002
      0.0001
      0.0004
      0.0019
      0.0059
      0.0100
      0.0093
      0.0047
      0.0013
      0.0002
      0.0000
      0.0000
      0.0000
      0.0016
      0.0022
      0.0031
      0.0028
      0.0014
      0.0004
      0.0001
      0.0000
      0.0001
      0.0007
      0.0026
      0.0055
      0.0067
      0.0047
      0.0019
      0.0005
      0.0001
      0.0000
      0.0000
      0.0180
      0.0136
      0.0061
      0.0019
      0.0005
      0.0001
      0.0000
      0.0000
      0.0001
      0.0004
      0.0020
      0.0067
      0.0125
      0.0129
      0.0073
      0.0022
      0.0004
      0.0000
      0.0000
      0.2911
      0.2140
      0.0850
      0.0182
      0.0021
      0.0002
      0.0001
      0.0002
      0.0002
      0.0006
      0.0036
      0.0145
      0.0314
      0.0368
      0.0233
      0.0080
      0.0015
      0.0002
      0.0001
      2.5540
      1.8771
      0.7443
      0.1587
      0.0181
      0.0012
      0.0003
      0.0005
      0.0004
      0.0007
      0.0045
      0.0196
      0.0468
      0.0603
      0.0421
      0.0161
      0.0039
      0.0017
      0.0017
     11.9802
      8.8050
      3.4914
      0.7443
      0.0848
      0.0053
      0.0006
      0.0006
      0.0005
      0.0005
      0.0030
      0.0146
      0.0387
      0.0563
      0.0464
      0.0243
      0.0155
      0.0221
      0.0281
     30.2127
     22.2050
      8.8050
      1.8771
      0.2139
      0.0131
      0.0009
      0.0007
      0.0005
      0.0003
      0.0012
      0.0069
      0.0240
      0.0523
      0.0749
      0.0808
      0.1073
      0.1897
      0.2452
     41.1081
     30.2127
     11.9802
      2.5540
      0.2912
      0.0187
      0.0035
      0.0044
      0.0035
      0.0015
      0.0009
      0.0060
      0.0373
      0.1340
      0.2754
      0.3679
      0.5142
      0.8936
      1.1497
     30.2127
     22.2050
      8.8050
      1.8774
      0.2168
      0.0272
      0.0374
      0.0520
      0.0395
      0.0162
      0.0043
      0.0111
      0.0805
      0.3273
      0.7345
      1.0274
      1.3821
      2.2854
      2.9090
     11.9802
      8.8050
      3.4917
      0.7473
      0.1086
      0.1116
      0.2605
      0.3455
      0.2481
      0.0962
      0.0209
      0.0150
      0.1036
      0.4519
      1.0823
      1.5778
      2.0454
      3.1819
      3.9870
      2.5540
      1.8772
      0.7460
      0.1747
      0.1252
      0.4343
      0.9871
      1.2331
      0.8363
      0.3065
      0.0609
      0.0146
      0.0727
      0.3381
      0.8643
      1.3189
      1.6626
      2.4174
      2.9669
      0.2911
      0.2147
      0.0931
      0.0749
      0.2887
      0.9849
      2.0406
      2.3806
      1.5216
      0.5268
      0.0983
      0.0127
      0.0278
      0.1365
      0.3731
      0.5993
      0.7461
      1.0171
      1.2187
      0.0180
      0.0162
      0.0327
      0.1420
      0.5015
      1.3232
      2.3598
      2.5201
      1.5093
      0.4935
      0.0870
      0.0087
      0.0059
      0.0298
      0.0890
      0.1674
      0.2781
      0.4745
      0.5999
      0.0016
      0.0078
      0.0549
      0.2321
      0.6147
      1.1701
      1.6670
      1.5882
      0.8986
      0.2847
      0.0493
      0.0047
      0.0009
      0.0047
      0.0317
      0.2032
      0.8866
      2.2040
      2.9921
      0.0014
      0.0090
      0.0614
      0.2332
      0.5269
      0.8343
      1.0845
      1.0762
      0.6812
      0.2488
      0.0505
      0.0056
      0.0006
      0.0062
      0.0990
      0.8643
      4.0495
     10.2100
     13.8915
      0.0011
      0.0063
      0.0400
      0.1440
      0.3374
      0.6807
      1.2453
      1.5767
      1.1587
      0.4684
      0.1024
      0.0120
      0.0012
      0.0150
      0.2480
      2.1762
     10.2082
     25.7439
     35.0277
      0.0007
      0.0042
      0.0254
      0.0914
      0.2500
      0.6796
      1.5012
      2.0330
      1.5302
      0.6253
      0.1376
      0.0162
      0.0017
      0.0204
      0.3373
      2.9610
     13.8895
     35.0276
     47.6594
