      0.2331
      0.2561
      0.3027
      0.3277
      0.3050
      0.2486
      0.1954
      0.1752
      0.1979
      0.2522
      0.3070
      0.3236
      0.2827
      0.2008
      0.1151
      0.0532
      0.0202
      0.0072
      0.0040
      0.2356
      0.2556
      0.2948
      0.3122
      0.2853
      0.2291
      0.1780
      0.1590
      0.1804
      0.2323
      0.2864
      0.3065
      0.2725
      0.1977
      0.1161
      0.0552
      0.0216
      0.0078
      0.0044
      0.2483
      0.2591
      0.2768
      0.2728
      0.2355
      0.1809
      0.1365
      0.1212
      0.1399
      0.1853
      0.2367
      0.2647
      0.2480
      0.1911
      0.1202
      0.0616
      0.0261
      0.0099
      0.0057
      0.3151
      0.3082
      0.2843
      0.2404
      0.1832
      0.1293
      0.0946
      0.0856
      0.1019
      0.1388
      0.1854
      0.2211
      0.2244
      0.1894
      0.1316
      0.0752
      0.0360
      0.0159
      0.0102
      0.5801
      0.5348
      0.4206
      0.2862
      0.1746
      0.1049
      0.0746
      0.0715
      0.0854
      0.1135
      0.1540
      0.1957
      0.2177
      0.2039
      0.1587
      0.1034
      0.0588
      0.0334
      0.0257
      1.3014
      1.1726
      0.8596
      0.5174
      0.2654
      0.1329
      0.0868
      0.0819
      0.0911
      0.1096
      0.1435
      0.1904
      0.2303
      0.2390
      0.2099
      0.1600
      0.1138
      0.0854
      0.0764
      2.7034
      2.4235
      1.7472
      1.0182
      0.4926
      0.2223
      0.1262
      0.1059
      0.1049
      0.1123
      0.1395
      0.1918
      0.2526
      0.2929
      0.2965
      0.2726
      0.2443
      0.2267
      0.2215
      4.6581
      4.1718
      2.9981
      1.7352
      0.8256
      0.3544
      0.1783
      0.1298
      0.1145
      0.1106
      0.1320
      0.1919
      0.2815
      0.3736
      0.4444
      0.4907
      0.5239
      0.5494
      0.5600
      6.4786
      5.8014
      4.1675
      2.4100
      1.1437
      0.4846
      0.2329
      0.1573
      0.1281
      0.1130
      0.1288
      0.1991
      0.3294
      0.5012
      0.6855
      0.8615
      1.0173
      1.1329
      1.1770
      7.2335
      6.4784
      4.6575
      2.7024
      1.3002
      0.5780
      0.3075
      0.2249
      0.1831
      0.1491
      0.1500
      0.2263
      0.4029
      0.6736
      1.0051
      1.3556
      1.6820
      1.9258
      2.0181
      6.4786
      5.8061
      4.1887
      2.4650
      1.2524
      0.6577
      0.4581
      0.3963
      0.3333
      0.2540
      0.2113
      0.2708
      0.4760
      0.8303
      1.2954
      1.8096
      2.2987
      2.6656
      2.8044
      4.6581
      4.1852
      3.0580
      1.8872
      1.1176
      0.8060
      0.7490
      0.7188
      0.6066
      0.4379
      0.3084
      0.3112
      0.5000
      0.8782
      1.4021
      1.9970
      2.5690
      2.9988
      3.1612
      2.7034
      2.4527
      1.8746
      1.3316
      1.0731
      1.0871
      1.1801
      1.1571
      0.9552
      0.6584
      0.4108
      0.3247
      0.4477
      0.7731
      1.2541
      1.8164
      2.3648
      2.7787
      2.9352
      1.3014
      1.2237
      1.0780
      1.0380
      1.1928
      1.4583
      1.6383
      1.5727
      1.2558
      0.8302
      0.4752
      0.3029
      0.3409
      0.5687
      0.9451
      1.4130
      1.8903
      2.2608
      2.4026
      0.5801
      0.6076
      0.7265
      0.9944
      1.3904
      1.7736
      1.9504
      1.8058
      1.3911
      0.8870
      0.4780
      0.2576
      0.2317
      0.3755
      0.6696
      1.0905
      1.5705
      1.9710
      2.1295
      0.3151
      0.3932
      0.6370
      1.0390
      1.5145
      1.8962
      2.0137
      1.8019
      1.3490
      0.8395
      0.4372
      0.2126
      0.1623
      0.2766
      0.5779
      1.0899
      1.7468
      2.3333
      2.5724
      0.2483
      0.3426
      0.6199
      1.0397
      1.4918
      1.8158
      1.8781
      1.6495
      1.2233
      0.7596
      0.3946
      0.1869
      0.1415
      0.2798
      0.6795
      1.4173
      2.4135
      3.3272
      3.7038
      0.2356
      0.3295
      0.5983
      0.9880
      1.3874
      1.6580
      1.6983
      1.4928
      1.1187
      0.7066
      0.3744
      0.1814
      0.1489
      0.3296
      0.8507
      1.8329
      3.1770
      4.4185
      4.9317
      0.2331
      0.3247
      0.5849
      0.9563
      1.3310
      1.5819
      1.6197
      1.4307
      1.0818
      0.6910
      0.3706
      0.1824
      0.1556
      0.3564
      0.9319
      2.0201
      3.5128
      4.8933
      5.4644
