      0.0003
      0.0006
      0.0015
      0.0020
      0.0015
      0.0006
      0.0002
      0.0003
      0.0014
      0.0059
      0.0145
      0.0195
      0.0142
      0.0055
      0.0012
      0.0001
      0.0000
      0.0000
      0.0000
      0.0004
      0.0008
      0.0017
      0.0021
      0.0015
      0.0006
      0.0002
      0.0002
      0.0011
      0.0048
      0.0128
      0.0186
      0.0147
      0.0064
      0.0015
      0.0002
      0.0000
      0.0000
      0.0000
      0.0005
      0.0009
      0.0017
      0.0018
      0.0011
      0.0004
      0.0001
      0.0001
      0.0005
      0.0027
      0.0083
      0.0144
      0.0141
      0.0078
      0.0025
      0.0004
      0.0000
      0.0000
      0.0000
      0.0006
      0.0008
      0.0011
      0.0010
      0.0005
      0.0001
      0.0000
      0.0000
      0.0002
      0.0013
      0.0060
      0.0160
      0.0246
      0.0216
      0.0106
      0.0029
      0.0004
      0.0000
      0.0000
      0.0088
      0.0066
      0.0029
      0.0008
      0.0002
      0.0000
      0.0000
      0.0000
      0.0002
      0.0021
      0.0137
      0.0496
      0.0974
      0.1036
      0.0597
      0.0186
      0.0031
      0.0003
      0.0000
      0.1439
      0.1058
      0.0420
      0.0090
      0.0010
      0.0001
      0.0001
      0.0001
      0.0004
      0.0041
      0.0303
      0.1224
      0.2660
      0.3122
      0.1980
      0.0677
      0.0125
      0.0013
      0.0002
      1.2627
      0.9280
      0.3680
      0.0785
      0.0089
      0.0006
      0.0002
      0.0003
      0.0006
      0.0047
      0.0377
      0.1671
      0.3981
      0.5121
      0.3560
      0.1337
      0.0276
      0.0044
      0.0024
      5.9229
      4.3531
      1.7261
      0.3680
      0.0419
      0.0027
      0.0004
      0.0005
      0.0005
      0.0029
      0.0254
      0.1236
      0.3232
      0.4575
      0.3524
      0.1508
      0.0450
      0.0296
      0.0344
     14.9369
     10.9780
      4.3531
      0.9280
      0.1058
      0.0066
      0.0006
      0.0006
      0.0005
      0.0011
      0.0094
      0.0507
      0.1507
      0.2526
      0.2509
      0.1705
      0.1461
      0.2320
      0.2992
     20.3235
     14.9369
      5.9229
      1.2627
      0.1441
      0.0101
      0.0042
      0.0057
      0.0046
      0.0022
      0.0027
      0.0169
      0.0777
      0.2260
      0.4075
      0.4953
      0.6412
      1.0933
      1.4077
     14.9369
     10.9780
      4.3531
      0.9284
      0.1097
      0.0254
      0.0497
      0.0697
      0.0529
      0.0218
      0.0060
      0.0159
      0.1114
      0.4444
      0.9844
      1.3466
      1.7379
      2.8134
      3.5734
      5.9229
      4.3531
      1.7264
      0.3717
      0.0730
      0.1440
      0.3481
      0.4627
      0.3325
      0.1289
      0.0280
      0.0201
      0.1392
      0.6056
      1.4456
      2.0788
      2.6004
      3.9390
      4.9117
      1.2627
      0.9281
      0.3693
      0.0958
      0.1420
      0.5666
      1.3125
      1.6488
      1.1204
      0.4108
      0.0816
      0.0196
      0.0974
      0.4530
      1.1556
      1.7452
      2.1317
      3.0074
      3.6645
      0.1439
      0.1061
      0.0467
      0.0568
      0.3176
      1.2337
      2.6783
      3.1744
      2.0398
      0.7077
      0.1321
      0.0170
      0.0372
      0.1830
      0.4990
      0.7943
      0.9595
      1.2633
      1.4983
      0.0088
      0.0076
      0.0147
      0.0861
      0.4443
      1.5187
      3.0509
      3.4150
      2.0884
      0.6921
      0.1236
      0.0125
      0.0080
      0.0399
      0.1175
      0.2090
      0.3010
      0.4552
      0.5582
      0.0006
      0.0028
      0.0210
      0.1109
      0.4427
      1.3235
      2.5714
      2.9243
      1.8659
      0.6581
      0.1273
      0.0135
      0.0016
      0.0055
      0.0288
      0.1521
      0.6242
      1.5316
      2.0748
      0.0005
      0.0031
      0.0234
      0.1186
      0.5109
      1.8059
      4.1751
      5.5549
      4.0835
      1.6367
      0.3550
      0.0413
      0.0027
      0.0044
      0.0686
      0.5952
      2.7855
      7.0216
      9.5530
      0.0004
      0.0023
      0.0181
      0.1257
      0.8052
      3.5603
      9.0643
     12.6509
      9.5764
      3.9168
      0.8620
      0.1015
      0.0067
      0.0105
      0.1705
      1.4964
      7.0193
     17.7018
     24.0854
      0.0003
      0.0016
      0.0146
      0.1332
      1.0106
      4.7141
     12.1849
     17.0955
     12.9728
      5.3137
      1.1706
      0.1379
      0.0091
      0.0143
      0.2320
      2.0360
      9.5505
     24.0853
     32.7711
