      0.3897
      0.4002
      0.4250
      0.4500
      0.4649
      0.4689
      0.4663
      0.4606
      0.4518
      0.4376
      0.4132
      0.3724
      0.3124
      0.2384
      0.1633
      0.1010
      0.0588
      0.0363
      0.0295
      0.3930
      0.4011
      0.4196
      0.4366
      0.4443
      0.4435
      0.4390
      0.4345
      0.4298
      0.4223
      0.4064
      0.3746
      0.3220
      0.2520
      0.1772
      0.1122
      0.0663
      0.0410
      0.0331
      0.4187
      0.4190
      0.4173
      0.4096
      0.3958
      0.3811
      0.3716
      0.3702
      0.3764
      0.3866
      0.3934
      0.3858
      0.3534
      0.2948
      0.2207
      0.1482
      0.0918
      0.0579
      0.0469
      0.5176
      0.5027
      0.4623
      0.4081
      0.3553
      0.3166
      0.2983
      0.3005
      0.3200
      0.3521
      0.3883
      0.4135
      0.4103
      0.3695
      0.2977
      0.2150
      0.1434
      0.0970
      0.0813
      0.7747
      0.7332
      0.6252
      0.4903
      0.3700
      0.2896
      0.2539
      0.2550
      0.2837
      0.3337
      0.3969
      0.4561
      0.4870
      0.4706
      0.4078
      0.3196
      0.2355
      0.1781
      0.1580
      1.2750
      1.1909
      0.9742
      0.7088
      0.4781
      0.3267
      0.2559
      0.2443
      0.2717
      0.3288
      0.4094
      0.4973
      0.5640
      0.5819
      0.5441
      0.4696
      0.3909
      0.3348
      0.3150
      2.0293
      1.8863
      1.5190
      1.0713
      0.6836
      0.4271
      0.2988
      0.2590
      0.2719
      0.3226
      0.4077
      0.5153
      0.6177
      0.6834
      0.6985
      0.6755
      0.6405
      0.6145
      0.6055
      2.9021
      2.6936
      2.1582
      1.5061
      0.9398
      0.5605
      0.3613
      0.2827
      0.2714
      0.3052
      0.3828
      0.4999
      0.6364
      0.7647
      0.8680
      0.9477
      1.0116
      1.0582
      1.0760
      3.6203
      3.3593
      2.6891
      1.8725
      1.1618
      0.6819
      0.4226
      0.3086
      0.2718
      0.2834
      0.3445
      0.4610
      0.6271
      0.8278
      1.0489
      1.2789
      1.4955
      1.6575
      1.7184
      3.9003
      3.6207
      2.9031
      2.0300
      1.2715
      0.7593
      0.4796
      0.3487
      0.2921
      0.2791
      0.3157
      0.4202
      0.6053
      0.8740
      1.2198
      1.6183
      2.0124
      2.3109
      2.4233
      3.6203
      3.3658
      2.7145
      1.9267
      1.2490
      0.7974
      0.5517
      0.4286
      0.3576
      0.3147
      0.3158
      0.3933
      0.5780
      0.8903
      1.3322
      1.8701
      2.4155
      2.8327
      2.9901
      2.9021
      2.7090
      2.2188
      1.6355
      1.1483
      0.8366
      0.6695
      0.5703
      0.4826
      0.3984
      0.3490
      0.3813
      0.5393
      0.8544
      1.3338
      1.9386
      2.5624
      3.0429
      3.2246
      2.0293
      1.9142
      1.6281
      1.3048
      1.0593
      0.9233
      0.8513
      0.7754
      0.6598
      0.5195
      0.4053
      0.3766
      0.4833
      0.7589
      1.2111
      1.7997
      2.4157
      2.8931
      3.0743
      1.2750
      1.2334
      1.1404
      1.0638
      1.0477
      1.0763
      1.0874
      1.0215
      0.8650
      0.6582
      0.4718
      0.3748
      0.4175
      0.6293
      1.0149
      1.5358
      2.0901
      2.5234
      2.6883
      0.7747
      0.7894
      0.8449
      0.9587
      1.1201
      1.2742
      1.3438
      1.2751
      1.0727
      0.7994
      0.5433
      0.3815
      0.3634
      0.5142
      0.8360
      1.2932
      1.7913
      2.1853
      2.3361
      0.5176
      0.5685
      0.7200
      0.9578
      1.2359
      1.4734
      1.5814
      1.5072
      1.2663
      0.9368
      0.6210
      0.4048
      0.3405
      0.4536
      0.7477
      1.1892
      1.6829
      2.0789
      2.2313
      0.4187
      0.4893
      0.6932
      0.9999
      1.3452
      1.6342
      1.7699
      1.6967
      1.4324
      1.0628
      0.7011
      0.4436
      0.3502
      0.4525
      0.7591
      1.2368
      1.7810
      2.2221
      2.3927
      0.3930
      0.4724
      0.6997
      1.0382
      1.4167
      1.7349
      1.8905
      1.8237
      1.5498
      1.1570
      0.7659
      0.4819
      0.3736
      0.4801
      0.8155
      1.3463
      1.9563
      2.4531
      2.6456
      0.3897
      0.4713
      0.7050
      1.0524
      1.4408
      1.7687
      1.9321
      1.8689
      1.5930
      1.1927
      0.7913
      0.4980
      0.3852
      0.4954
      0.8451
      1.4004
      2.0400
      2.5616
      2.7638
