      0.0381
      0.0500
      0.0743
      0.0866
      0.0730
      0.0449
      0.0225
      0.0162
      0.0289
      0.0607
      0.0991
      0.1168
      0.0980
      0.0584
      0.0246
      0.0073
      0.0016
      0.0002
      0.0001
      0.0404
      0.0515
      0.0734
      0.0825
      0.0675
      0.0403
      0.0196
      0.0139
      0.0251
      0.0541
      0.0912
      0.1118
      0.0987
      0.0625
      0.0284
      0.0093
      0.0022
      0.0004
      0.0001
      0.0437
      0.0521
      0.0667
      0.0686
      0.0519
      0.0289
      0.0132
      0.0091
      0.0175
      0.0413
      0.0781
      0.1100
      0.1138
      0.0863
      0.0479
      0.0193
      0.0056
      0.0012
      0.0004
      0.0595
      0.0605
      0.0595
      0.0499
      0.0327
      0.0165
      0.0074
      0.0060
      0.0135
      0.0375
      0.0866
      0.1506
      0.1918
      0.1767
      0.1170
      0.0555
      0.0187
      0.0046
      0.0015
      0.1982
      0.1720
      0.1137
      0.0591
      0.0253
      0.0101
      0.0059
      0.0077
      0.0174
      0.0510
      0.1348
      0.2692
      0.3870
      0.3965
      0.2885
      0.1488
      0.0544
      0.0145
      0.0053
      0.8687
      0.7325
      0.4395
      0.1883
      0.0590
      0.0168
      0.0105
      0.0144
      0.0265
      0.0718
      0.1991
      0.4263
      0.6556
      0.7160
      0.5543
      0.3044
      0.1193
      0.0353
      0.0150
      2.9175
      2.4542
      1.4601
      0.6140
      0.1843
      0.0457
      0.0209
      0.0230
      0.0333
      0.0789
      0.2230
      0.5032
      0.8184
      0.9459
      0.7774
      0.4575
      0.1984
      0.0728
      0.0410
      6.9497
      5.8451
      3.4754
      1.4590
      0.4348
      0.1008
      0.0337
      0.0281
      0.0322
      0.0637
      0.1803
      0.4288
      0.7407
      0.9149
      0.8144
      0.5366
      0.2853
      0.1555
      0.1217
     11.6889
      9.8308
      5.8449
      2.4533
      0.7295
      0.1644
      0.0461
      0.0311
      0.0285
      0.0411
      0.1083
      0.2729
      0.5145
      0.7102
      0.7342
      0.6033
      0.4497
      0.3653
      0.3444
     13.8981
     11.6889
      6.9499
      2.9183
      0.8718
      0.2057
      0.0722
      0.0578
      0.0486
      0.0397
      0.0615
      0.1547
      0.3413
      0.5784
      0.7601
      0.8171
      0.7955
      0.7791
      0.7798
     11.6889
      9.8312
      5.8474
      2.4640
      0.7632
      0.2417
      0.1744
      0.1834
      0.1540
      0.0971
      0.0659
      0.1142
      0.2911
      0.6022
      0.9450
      1.1716
      1.2569
      1.2900
      1.3059
      6.9497
      5.8468
      3.4863
      1.5024
      0.5615
      0.3745
      0.4659
      0.5199
      0.4251
      0.2505
      0.1212
      0.1151
      0.2791
      0.6292
      1.0630
      1.3864
      1.5241
      1.5677
      1.5827
      2.9175
      2.4600
      1.4949
      0.7385
      0.5144
      0.7061
      1.0034
      1.0896
      0.8574
      0.4839
      0.2054
      0.1170
      0.2239
      0.5169
      0.9083
      1.2196
      1.3575
      1.3917
      1.3988
      0.8687
      0.7476
      0.5232
      0.4590
      0.7040
      1.1941
      1.6429
      1.6965
      1.2805
      0.6966
      0.2762
      0.1082
      0.1363
      0.3102
      0.5680
      0.8007
      0.9392
      1.0061
      1.0287
      0.1982
      0.2009
      0.2667
      0.5165
      1.0202
      1.6813
      2.1827
      2.1615
      1.5895
      0.8509
      0.3292
      0.1027
      0.0681
      0.1421
      0.2949
      0.5171
      0.8025
      1.0876
      1.2152
      0.0595
      0.1016
      0.2722
      0.6642
      1.3239
      2.1423
      2.7782
      2.7988
      2.1180
      1.1740
      0.4692
      0.1374
      0.0460
      0.0782
      0.2499
      0.7007
      1.5361
      2.4992
      2.9459
      0.0437
      0.0958
      0.2966
      0.7533
      1.5753
      2.7432
      3.8608
      4.1883
      3.3705
      1.9651
      0.8188
      0.2434
      0.0652
      0.1012
      0.4333
      1.4363
      3.3950
      5.6915
      6.7613
      0.0404
      0.0897
      0.2845
      0.7683
      1.7775
      3.4454
      5.2728
      6.0500
      5.0480
      3.0152
      1.2782
      0.3842
      0.1012
      0.1574
      0.7040
      2.3791
      5.6678
      9.5307
     11.3311
      0.0381
      0.0844
      0.2712
      0.7629
      1.8644
      3.7853
      5.9693
      6.9676
      5.8703
      3.5268
      1.5008
      0.4523
      0.1192
      0.1859
      0.8347
      2.8251
      6.7348
     11.3277
     13.4685
