      0.1346
      0.1454
      0.1674
      0.1790
      0.1685
      0.1442
      0.1266
      0.1342
      0.1757
      0.2432
      0.3080
      0.3313
      0.2932
      0.2105
      0.1221
      0.0573
      0.0225
      0.0085
      0.0051
      0.1392
      0.1482
      0.1658
      0.1725
      0.1588
      0.1334
      0.1155
      0.1222
      0.1612
      0.2264
      0.2918
      0.3205
      0.2906
      0.2148
      0.1288
      0.0628
      0.0255
      0.0097
      0.0058
      0.1682
      0.1704
      0.1715
      0.1609
      0.1363
      0.1075
      0.0895
      0.0944
      0.1284
      0.1888
      0.2572
      0.3012
      0.2939
      0.2357
      0.1547
      0.0829
      0.0368
      0.0147
      0.0086
      0.2988
      0.2820
      0.2374
      0.1795
      0.1245
      0.0841
      0.0648
      0.0691
      0.0993
      0.1573
      0.2340
      0.3026
      0.3280
      0.2931
      0.2141
      0.1276
      0.0625
      0.0272
      0.0167
      0.7446
      0.6754
      0.5056
      0.3161
      0.1709
      0.0891
      0.0582
      0.0605
      0.0890
      0.1483
      0.2394
      0.3406
      0.4065
      0.3983
      0.3178
      0.2067
      0.1115
      0.0549
      0.0372
      1.8758
      1.6838
      1.2186
      0.7140
      0.3454
      0.1508
      0.0795
      0.0709
      0.0955
      0.1554
      0.2604
      0.3947
      0.5045
      0.5290
      0.4527
      0.3191
      0.1926
      0.1126
      0.0866
      4.0144
      3.5958
      2.5845
      1.4931
      0.7020
      0.2863
      0.1285
      0.0922
      0.1052
      0.1582
      0.2660
      0.4212
      0.5692
      0.6353
      0.5859
      0.4575
      0.3225
      0.2330
      0.2033
      6.9642
      6.2356
      4.4760
      2.5786
      1.2033
      0.4777
      0.1949
      0.1160
      0.1098
      0.1464
      0.2411
      0.3969
      0.5712
      0.6901
      0.7055
      0.6352
      0.5419
      0.4767
      0.4552
      9.7006
      8.6853
      6.2336
      3.5907
      1.6754
      0.6639
      0.2663
      0.1480
      0.1212
      0.1350
      0.2039
      0.3448
      0.5376
      0.7236
      0.8458
      0.8942
      0.9030
      0.9057
      0.9080
     10.8340
      9.7008
      6.9659
      4.0215
      1.8951
      0.7814
      0.3509
      0.2215
      0.1774
      0.1600
      0.1915
      0.3085
      0.5180
      0.7819
      1.0380
      1.2441
      1.3956
      1.4965
      1.5338
      9.7006
      8.6891
      6.2514
      3.6395
      1.7769
      0.8328
      0.4935
      0.3935
      0.3287
      0.2584
      0.2303
      0.3075
      0.5221
      0.8520
      1.2296
      1.5835
      1.8711
      2.0658
      2.1365
      6.9642
      6.2459
      4.5238
      2.7067
      1.4634
      0.9003
      0.7504
      0.7038
      0.5988
      0.4392
      0.3168
      0.3251
      0.5109
      0.8579
      1.2942
      1.7296
      2.0949
      2.3425
      2.4315
      4.0144
      3.6169
      2.6806
      1.7438
      1.1954
      1.0641
      1.1222
      1.1176
      0.9426
      0.6616
      0.4188
      0.3320
      0.4476
      0.7444
      1.1512
      1.5766
      1.9426
      2.1922
      2.2818
      1.8758
      1.7190
      1.3761
      1.1131
      1.1061
      1.3124
      1.5212
      1.5218
      1.2588
      0.8550
      0.4981
      0.3160
      0.3417
      0.5445
      0.8625
      1.2216
      1.5509
      1.7859
      1.8719
      0.7446
      0.7243
      0.7205
      0.8479
      1.1578
      1.5570
      1.8381
      1.8178
      1.4792
      0.9848
      0.5465
      0.2918
      0.2391
      0.3526
      0.5897
      0.9072
      1.2454
      1.5149
      1.6192
      0.2988
      0.3393
      0.4873
      0.7905
      1.2438
      1.7312
      2.0473
      2.0191
      1.6419
      1.0930
      0.5980
      0.2887
      0.1810
      0.2448
      0.4651
      0.8358
      1.3001
      1.7083
      1.8736
      0.1682
      0.2292
      0.4282
      0.7914
      1.3003
      1.8396
      2.2046
      2.2088
      1.8288
      1.2401
      0.6866
      0.3220
      0.1751
      0.2302
      0.5036
      1.0246
      1.7265
      2.3681
      2.6322
      0.1392
      0.2043
      0.4132
      0.7902
      1.3235
      1.9086
      2.3373
      2.3953
      2.0275
      1.4030
      0.7897
      0.3716
      0.1961
      0.2619
      0.6109
      1.2989
      2.2443
      3.1173
      3.4782
      0.1346
      0.1997
      0.4088
      0.7873
      1.3290
      1.9352
      2.3949
      2.4796
      2.1184
      1.4777
      0.8372
      0.3955
      0.2086
      0.2812
      0.6650
      1.4260
      2.4755
      3.4464
      3.8481
