      0.0029
      0.0069
      0.0171
      0.0232
      0.0170
      0.0068
      0.0015
      0.0003
      0.0007
      0.0027
      0.0067
      0.0090
      0.0066
      0.0026
      0.0005
      0.0001
      0.0000
      0.0000
      0.0000
      0.0041
      0.0089
      0.0197
      0.0244
      0.0165
      0.0061
      0.0013
      0.0003
      0.0005
      0.0023
      0.0059
      0.0086
      0.0068
      0.0029
      0.0007
      0.0001
      0.0000
      0.0000
      0.0000
      0.0054
      0.0103
      0.0196
      0.0209
      0.0122
      0.0039
      0.0007
      0.0001
      0.0002
      0.0012
      0.0038
      0.0067
      0.0065
      0.0036
      0.0011
      0.0002
      0.0000
      0.0000
      0.0000
      0.0042
      0.0070
      0.0115
      0.0108
      0.0055
      0.0015
      0.0002
      0.0000
      0.0001
      0.0006
      0.0027
      0.0072
      0.0110
      0.0096
      0.0047
      0.0013
      0.0002
      0.0000
      0.0000
      0.0053
      0.0052
      0.0047
      0.0033
      0.0014
      0.0003
      0.0001
      0.0000
      0.0001
      0.0009
      0.0061
      0.0220
      0.0431
      0.0458
      0.0264
      0.0082
      0.0014
      0.0001
      0.0000
      0.0600
      0.0444
      0.0180
      0.0042
      0.0006
      0.0001
      0.0001
      0.0002
      0.0003
      0.0019
      0.0134
      0.0541
      0.1176
      0.1380
      0.0875
      0.0300
      0.0055
      0.0006
      0.0001
      0.5238
      0.3850
      0.1527
      0.0326
      0.0037
      0.0003
      0.0003
      0.0004
      0.0005
      0.0022
      0.0167
      0.0739
      0.1760
      0.2264
      0.1576
      0.0596
      0.0129
      0.0028
      0.0020
      2.4569
      1.8057
      0.7160
      0.1526
      0.0174
      0.0012
      0.0004
      0.0006
      0.0005
      0.0014
      0.0113
      0.0546
      0.1430
      0.2027
      0.1575
      0.0713
      0.0284
      0.0257
      0.0298
      6.1961
      4.5538
      1.8057
      0.3850
      0.0439
      0.0028
      0.0005
      0.0006
      0.0004
      0.0006
      0.0042
      0.0224
      0.0669
      0.1137
      0.1194
      0.1008
      0.1217
      0.2018
      0.2539
      8.4305
      6.1961
      2.4569
      0.5238
      0.0598
      0.0043
      0.0020
      0.0028
      0.0022
      0.0010
      0.0012
      0.0076
      0.0355
      0.1062
      0.2052
      0.3011
      0.5032
      0.9145
      1.1708
      6.1961
      4.5538
      1.8058
      0.3852
      0.0458
      0.0117
      0.0232
      0.0324
      0.0245
      0.0101
      0.0028
      0.0073
      0.0517
      0.2089
      0.4813
      0.7545
      1.2519
      2.2744
      2.9230
      2.4569
      1.8058
      0.7164
      0.1555
      0.0351
      0.0714
      0.1651
      0.2159
      0.1543
      0.0598
      0.0130
      0.0093
      0.0646
      0.2827
      0.6919
      1.1037
      1.7529
      3.0932
      3.9595
      0.5238
      0.3853
      0.1565
      0.0559
      0.1048
      0.3172
      0.6488
      0.7801
      0.5224
      0.1906
      0.0378
      0.0091
      0.0452
      0.2107
      0.5473
      0.8971
      1.3643
      2.2994
      2.9136
      0.0600
      0.0468
      0.0432
      0.1311
      0.3998
      0.8989
      1.4694
      1.5563
      0.9620
      0.3295
      0.0613
      0.0079
      0.0173
      0.0850
      0.2352
      0.4007
      0.5911
      0.9461
      1.1817
      0.0053
      0.0151
      0.0992
      0.4261
      1.0727
      1.7531
      2.0985
      1.8214
      1.0111
      0.3243
      0.0573
      0.0058
      0.0037
      0.0186
      0.0566
      0.1156
      0.2270
      0.4309
      0.5575
      0.0042
      0.0283
      0.2056
      0.8147
      1.8062
      2.4224
      2.2860
      1.6984
      0.9120
      0.3039
      0.0577
      0.0061
      0.0007
      0.0033
      0.0258
      0.1795
      0.8006
      1.9992
      2.7159
      0.0054
      0.0346
      0.2351
      0.8710
      1.8328
      2.5048
      2.8299
      2.7671
      1.8610
      0.7297
      0.1574
      0.0183
      0.0013
      0.0056
      0.0896
      0.7838
      3.6739
      9.2637
     12.6041
      0.0041
      0.0243
      0.1543
      0.5503
      1.2585
      2.4642
      4.4825
      5.7302
      4.2552
      1.7334
      0.3812
      0.0449
      0.0032
      0.0137
      0.2250
      1.9746
      9.2622
     23.3580
     31.7815
      0.0029
      0.0163
      0.0983
      0.3511
      0.9480
      2.5484
      5.6190
      7.6200
      5.7439
      2.3497
      0.5175
      0.0610
      0.0044
      0.0186
      0.3061
      2.6866
     12.6023
     31.7814
     43.2425
