      0.0731
      0.0974
      0.1474
      0.1736
      0.1495
      0.0984
      0.0584
      0.0410
      0.0386
      0.0468
      0.0607
      0.0666
      0.0549
      0.0325
      0.0137
      0.0041
      0.0009
      0.0001
      0.0000
      0.0777
      0.1005
      0.1454
      0.1650
      0.1376
      0.0879
      0.0506
      0.0348
      0.0330
      0.0412
      0.0556
      0.0637
      0.0551
      0.0347
      0.0157
      0.0051
      0.0012
      0.0002
      0.0001
      0.0813
      0.0987
      0.1298
      0.1355
      0.1047
      0.0619
      0.0329
      0.0216
      0.0213
      0.0299
      0.0464
      0.0615
      0.0624
      0.0468
      0.0257
      0.0103
      0.0030
      0.0006
      0.0002
      0.0768
      0.0852
      0.0970
      0.0899
      0.0628
      0.0338
      0.0165
      0.0109
      0.0129
      0.0238
      0.0480
      0.0804
      0.1009
      0.0923
      0.0608
      0.0287
      0.0097
      0.0024
      0.0009
      0.1139
      0.1060
      0.0851
      0.0578
      0.0324
      0.0155
      0.0085
      0.0081
      0.0127
      0.0291
      0.0711
      0.1390
      0.1987
      0.2031
      0.1477
      0.0765
      0.0286
      0.0086
      0.0041
      0.3751
      0.3191
      0.1972
      0.0900
      0.0321
      0.0120
      0.0096
      0.0126
      0.0188
      0.0405
      0.1035
      0.2178
      0.3341
      0.3651
      0.2841
      0.1595
      0.0691
      0.0302
      0.0216
      1.2187
      1.0259
      0.6118
      0.2588
      0.0798
      0.0237
      0.0165
      0.0200
      0.0248
      0.0454
      0.1158
      0.2566
      0.4170
      0.4846
      0.4069
      0.2609
      0.1556
      0.1198
      0.1162
      2.8943
      2.4344
      1.4478
      0.6086
      0.1837
      0.0480
      0.0243
      0.0243
      0.0251
      0.0377
      0.0939
      0.2192
      0.3801
      0.4799
      0.4619
      0.3965
      0.3967
      0.4706
      0.5167
      4.8667
      4.0931
      2.4338
      1.0224
      0.3067
      0.0751
      0.0296
      0.0247
      0.0216
      0.0249
      0.0569
      0.1410
      0.2714
      0.4021
      0.5139
      0.6928
      1.0476
      1.4872
      1.6967
      5.7863
      4.8666
      2.8939
      1.2164
      0.3669
      0.0937
      0.0420
      0.0370
      0.0305
      0.0235
      0.0331
      0.0828
      0.1926
      0.3766
      0.6862
      1.2801
      2.2963
      3.4497
      3.9831
      4.8667
      4.0935
      2.4361
      1.0309
      0.3296
      0.1220
      0.1023
      0.1077
      0.0889
      0.0554
      0.0369
      0.0641
      0.1752
      0.4282
      0.9450
      1.9848
      3.7459
      5.7264
      6.6394
      2.8943
      2.4366
      1.4602
      0.6495
      0.2834
      0.2349
      0.2919
      0.3110
      0.2469
      0.1434
      0.0688
      0.0658
      0.1706
      0.4523
      1.0621
      2.3034
      4.4036
      6.7647
      7.8538
      1.2187
      1.0347
      0.6584
      0.3993
      0.3866
      0.5383
      0.6856
      0.6839
      0.5113
      0.2808
      0.1176
      0.0670
      0.1363
      0.3678
      0.8845
      1.9360
      3.7064
      5.6933
      6.6098
      0.3751
      0.3442
      0.3253
      0.4486
      0.7413
      1.0750
      1.2504
      1.1385
      0.7925
      0.4115
      0.1591
      0.0618
      0.0825
      0.2186
      0.5379
      1.1909
      2.2857
      3.5107
      4.0752
      0.1139
      0.1574
      0.3400
      0.7362
      1.2792
      1.7249
      1.8295
      1.5370
      1.0091
      0.5041
      0.1875
      0.0575
      0.0409
      0.1012
      0.2722
      0.6539
      1.3174
      2.0672
      2.4133
      0.0768
      0.1599
      0.4622
      1.0364
      1.7407
      2.2508
      2.3190
      1.9356
      1.2905
      0.6641
      0.2550
      0.0734
      0.0274
      0.0617
      0.2283
      0.6928
      1.5771
      2.6055
      3.0836
      0.0813
      0.1769
      0.5118
      1.1264
      1.8863
      2.5206
      2.7953
      2.5702
      1.8820
      1.0461
      0.4261
      0.1258
      0.0387
      0.0882
      0.3972
      1.3288
      3.1519
      5.2911
      6.2879
      0.0777
      0.1643
      0.4625
      1.0154
      1.7738
      2.6104
      3.2814
      3.3732
      2.6700
      1.5579
      0.6539
      0.1965
      0.0600
      0.1395
      0.6462
      2.1867
      5.2113
      8.7641
     10.4201
      0.0731
      0.1519
      0.4220
      0.9318
      1.6848
      2.6305
      3.5121
      3.7686
      3.0583
      1.8088
      0.7648
      0.2309
      0.0707
      0.1650
      0.7662
      2.5954
      6.1877
     10.4078
     12.3749
