      0.0399
      0.0529
      0.0799
      0.0946
      0.0833
      0.0594
      0.0428
      0.0391
      0.0461
      0.0660
      0.0927
      0.1044
      0.0863
      0.0510
      0.0214
      0.0063
      0.0013
      0.0002
      0.0001
      0.0425
      0.0547
      0.0790
      0.0901
      0.0767
      0.0529
      0.0369
      0.0331
      0.0394
      0.0579
      0.0839
      0.0979
      0.0843
      0.0524
      0.0233
      0.0074
      0.0017
      0.0003
      0.0001
      0.0464
      0.0555
      0.0718
      0.0746
      0.0585
      0.0370
      0.0237
      0.0203
      0.0251
      0.0405
      0.0652
      0.0853
      0.0837
      0.0602
      0.0316
      0.0120
      0.0033
      0.0007
      0.0002
      0.0626
      0.0640
      0.0635
      0.0539
      0.0364
      0.0203
      0.0117
      0.0099
      0.0139
      0.0277
      0.0552
      0.0890
      0.1073
      0.0947
      0.0605
      0.0278
      0.0092
      0.0023
      0.0008
      0.2057
      0.1787
      0.1185
      0.0621
      0.0271
      0.0111
      0.0061
      0.0064
      0.0112
      0.0275
      0.0677
      0.1309
      0.1848
      0.1869
      0.1348
      0.0693
      0.0258
      0.0078
      0.0037
      0.8990
      0.7581
      0.4550
      0.1950
      0.0608
      0.0161
      0.0077
      0.0090
      0.0146
      0.0349
      0.0926
      0.1958
      0.2999
      0.3271
      0.2540
      0.1422
      0.0617
      0.0276
      0.0202
      3.0182
      2.5389
      1.5105
      0.6349
      0.1895
      0.0440
      0.0152
      0.0142
      0.0184
      0.0380
      0.1023
      0.2289
      0.3726
      0.4333
      0.3638
      0.2334
      0.1412
      0.1127
      0.1114
      7.1896
      6.0468
      3.5952
      1.5088
      0.4478
      0.0994
      0.0264
      0.0180
      0.0186
      0.0313
      0.0833
      0.1971
      0.3441
      0.4373
      0.4236
      0.3667
      0.3742
      0.4539
      0.5027
     12.0922
     10.1700
      6.0464
      2.5372
      0.7522
      0.1646
      0.0389
      0.0220
      0.0186
      0.0223
      0.0525
      0.1331
      0.2624
      0.3982
      0.5143
      0.6858
      1.0267
      1.4594
      1.6686
     14.3777
     12.0922
      7.1895
      3.0181
      0.8990
      0.2064
      0.0645
      0.0483
      0.0400
      0.0298
      0.0373
      0.0920
      0.2222
      0.4404
      0.7721
      1.3467
      2.3142
      3.4303
      3.9527
     12.0922
     10.1704
      6.0488
      2.5473
      0.7837
      0.2362
      0.1573
      0.1625
      0.1363
      0.0852
      0.0540
      0.0890
      0.2418
      0.5684
      1.1464
      2.1750
      3.8566
      5.7585
      6.6427
      7.1896
      6.0485
      3.6058
      1.5498
      0.5653
      0.3501
      0.4197
      0.4649
      0.3797
      0.2238
      0.1076
      0.1009
      0.2539
      0.6340
      1.3413
      2.5979
      4.6148
      6.8723
      7.9185
      3.0182
      2.5448
      1.5450
      0.7548
      0.4990
      0.6506
      0.9063
      0.9759
      0.7651
      0.4315
      0.1832
      0.1048
      0.2078
      0.5274
      1.1443
      2.2313
      3.9418
      5.8348
      6.7086
      0.8990
      0.7736
      0.5397
      0.4612
      0.6739
      1.1012
      1.4777
      1.5017
      1.1223
      0.6070
      0.2399
      0.0949
      0.1263
      0.3158
      0.7023
      1.3835
      2.4374
      3.5894
      4.1186
      0.2057
      0.2088
      0.2750
      0.5148
      0.9685
      1.5160
      1.8791
      1.7933
      1.2821
      0.6715
      0.2553
      0.0801
      0.0601
      0.1401
      0.3321
      0.6981
      1.2828
      1.9248
      2.2193
      0.0626
      0.1065
      0.2783
      0.6454
      1.1914
      1.7557
      2.0764
      1.9373
      1.3827
      0.7330
      0.2829
      0.0815
      0.0317
      0.0636
      0.1999
      0.5483
      1.1880
      1.9232
      2.2639
      0.0464
      0.0996
      0.2932
      0.6810
      1.2486
      1.8758
      2.3269
      2.3118
      1.7603
      0.9914
      0.4038
      0.1185
      0.0343
      0.0649
      0.2785
      0.9160
      2.1578
      3.6126
      4.2902
      0.0425
      0.0910
      0.2651
      0.6216
      1.2023
      1.9832
      2.7255
      2.9468
      2.3851
      1.4024
      0.5893
      0.1766
      0.0498
      0.0963
      0.4385
      1.4813
      3.5279
      5.9315
      7.0518
      0.0399
      0.0842
      0.2435
      0.5797
      1.1697
      2.0408
      2.9431
      3.2863
      2.7123
      1.6138
      0.6834
      0.2058
      0.0582
      0.1132
      0.5185
      1.7556
      4.1849
      7.0388
      8.3690
