      0.2228
      0.2200
      0.2148
      0.2138
      0.2229
      0.2414
      0.2610
      0.2704
      0.2634
      0.2429
      0.2166
      0.1897
      0.1623
      0.1323
      0.1007
      0.0720
      0.0507
      0.0386
      0.0348
      0.2338
      0.2296
      0.2204
      0.2141
      0.2177
      0.2321
      0.2502
      0.2622
      0.2627
      0.2538
      0.2411
      0.2265
      0.2061
      0.1759
      0.1375
      0.0984
      0.0670
      0.0478
      0.0415
      0.2949
      0.2844
      0.2586
      0.2310
      0.2144
      0.2144
      0.2275
      0.2463
      0.2669
      0.2900
      0.3159
      0.3368
      0.3382
      0.3090
      0.2517
      0.1823
      0.1203
      0.0796
      0.0657
      0.4915
      0.4642
      0.3948
      0.3129
      0.2480
      0.2156
      0.2157
      0.2413
      0.2879
      0.3547
      0.4359
      0.5113
      0.5500
      0.5277
      0.4452
      0.3301
      0.2200
      0.1445
      0.1181
      0.9547
      0.8911
      0.7282
      0.5321
      0.3674
      0.2688
      0.2379
      0.2611
      0.3284
      0.4364
      0.5755
      0.7144
      0.8032
      0.7991
      0.6968
      0.5343
      0.3701
      0.2540
      0.2127
      1.8054
      1.6777
      1.3502
      0.9530
      0.6131
      0.3963
      0.3031
      0.3038
      0.3740
      0.5054
      0.6871
      0.8820
      1.0246
      1.0535
      0.9523
      0.7638
      0.5629
      0.4171
      0.3647
      3.0447
      2.8252
      2.2616
      1.5758
      0.9825
      0.5911
      0.3992
      0.3512
      0.4000
      0.5271
      0.7220
      0.9482
      1.1346
      1.2082
      1.1419
      0.9741
      0.7829
      0.6410
      0.5897
      4.4507
      4.1278
      3.2978
      2.2849
      1.4022
      0.8074
      0.4949
      0.3802
      0.3879
      0.4854
      0.6609
      0.8845
      1.0925
      1.2144
      1.2182
      1.1312
      1.0162
      0.9293
      0.8981
      5.5958
      5.1888
      4.1418
      2.8613
      1.7391
      0.9728
      0.5545
      0.3765
      0.3392
      0.3945
      0.5278
      0.7188
      0.9225
      1.0862
      1.1834
      1.2276
      1.2503
      1.2681
      1.2761
      6.0402
      5.6005
      4.4690
      3.0830
      1.8641
      1.0249
      0.5574
      0.3445
      0.2750
      0.2908
      0.3746
      0.5167
      0.6958
      0.8868
      1.0777
      1.2708
      1.4589
      1.6066
      1.6637
      5.5958
      5.1893
      4.1429
      2.8609
      1.7322
      0.9530
      0.5150
      0.3086
      0.2274
      0.2139
      0.2520
      0.3421
      0.4856
      0.6847
      0.9448
      1.2615
      1.5939
      1.8575
      1.9590
      4.4507
      4.1303
      3.3067
      2.3001
      1.4179
      0.8125
      0.4732
      0.3086
      0.2309
      0.1943
      0.1906
      0.2308
      0.3334
      0.5201
      0.8094
      1.1937
      1.6109
      1.9445
      2.0732
      3.0447
      2.8327
      2.2905
      1.6359
      1.0746
      0.7024
      0.5002
      0.3946
      0.3217
      0.2557
      0.2042
      0.1919
      0.2487
      0.4060
      0.6872
      1.0826
      1.5213
      1.8746
      2.0110
      1.8054
      1.6940
      1.4153
      1.0965
      0.8518
      0.7202
      0.6649
      0.6198
      0.5398
      0.4235
      0.3037
      0.2249
      0.2281
      0.3480
      0.6059
      0.9883
      1.4202
      1.7702
      1.9056
      0.9547
      0.9203
      0.8469
      0.8002
      0.8281
      0.9199
      1.0101
      1.0216
      0.9167
      0.7197
      0.4989
      0.3294
      0.2689
      0.3549
      0.6042
      0.9958
      1.4457
      1.8124
      1.9546
      0.4915
      0.5094
      0.5803
      0.7376
      0.9895
      1.2848
      1.5188
      1.5851
      1.4408
      1.1352
      0.7812
      0.4962
      0.3634
      0.4277
      0.7025
      1.1557
      1.6831
      2.1146
      2.2822
      0.2949
      0.3461
      0.5127
      0.8171
      1.2472
      1.7202
      2.0888
      2.2076
      2.0198
      1.5971
      1.0989
      0.6907
      0.4860
      0.5420
      0.8712
      1.4287
      2.0818
      2.6173
      2.8254
      0.2338
      0.3038
      0.5272
      0.9247
      1.4761
      2.0773
      2.5473
      2.7069
      2.4853
      1.9697
      1.3569
      0.8509
      0.5915
      0.6473
      1.0314
      1.6889
      2.4612
      3.0949
      3.3411
      0.2228
      0.2990
      0.5416
      0.9716
      1.5669
      2.2157
      2.7240
      2.8993
      2.6650
      2.1139
      1.4570
      0.9134
      0.6334
      0.6900
      1.0973
      1.7961
      2.6173
      3.2913
      3.5533
