      0.0000
      0.0000
      0.0000
      0.0000
      0.0000
      0.0000
      0.0000
      0.0000
      0.0000
      0.0000
      0.0000
      0.0000
      0.0000
      0.0000
      0.0000
      0.0000
      0.0000
      0.0000
      0.0000
      0.0000
      0.0000
      0.0000
      0.0000
      0.0000
      0.0000
      0.0000
      0.0000
      0.0000
      0.0000
      0.0000
      0.0000
      0.0000
      0.0000
      0.0000
      0.0000
      0.0000
      0.0000
      0.0000
      0.0000
      0.0000
      0.0000
      0.0000
      0.0000
      0.0000
      0.0000
      0.0000
      0.0000
      0.0000
      0.0000
      0.0000
      0.0000
      0.0000
      0.0000
      0.0000
      0.0000
      0.0000
      0.0000
      0.0000
      0.0000
      0.0000
      0.0000
      0.0000
      0.0000
      0.0000
      0.0000
      0.0000
      0.0000
      0.0000
      0.0000
      0.0000
      0.0000
      0.0000
      0.0000
      0.0000
      0.0000
      0.0000
      0.0000
      0.0000
      0.0000
      0.0000
      0.0000
      0.0000
      0.0000
      0.0000
      0.0000
      0.0000
      0.0000
      0.0002
      0.0009
      0.0011
      0.0003
      0.0000
      0.0000
      0.0000
      0.0000
      0.0003
      0.0001
      0.0000
      0.0000
      0.0000
      0.0000
      0.0000
      0.0000
      0.0000
      0.0000
      0.0001
      0.0016
      0.0090
      0.0129
      0.0046
      0.0004
      0.0000
      0.0000
      0.0000
      0.0341
      0.0171
      0.0021
      0.0001
      0.0000
      0.0000
      0.0000
      0.0000
      0.0000
      0.0000
      0.0001
      0.0032
      0.0223
      0.0393
      0.0173
      0.0019
      0.0001
      0.0000
      0.0000
      1.1060
      0.5530
      0.0689
      0.0021
      0.0000
      0.0000
      0.0000
      0.0000
      0.0000
      0.0000
      0.0000
      0.0016
      0.0138
      0.0299
      0.0162
      0.0022
      0.0001
      0.0006
      0.0011
      8.8718
      4.4359
      0.5530
      0.0171
      0.0001
      0.0000
      0.0000
      0.0000
      0.0000
      0.0000
      0.0000
      0.0002
      0.0021
      0.0057
      0.0038
      0.0009
      0.0094
      0.0750
      0.1500
     17.7436
      8.8718
      1.1060
      0.0341
      0.0003
      0.0000
      0.0000
      0.0000
      0.0000
      0.0000
      0.0000
      0.0000
      0.0001
      0.0005
      0.0013
      0.0107
      0.3037
      2.4316
      4.8630
      8.8718
      4.4359
      0.5530
      0.0171
      0.0001
      0.0000
      0.0000
      0.0000
      0.0000
      0.0000
      0.0000
      0.0000
      0.0001
      0.0017
      0.0104
      0.0893
      2.4370
     19.5043
     39.0071
      1.1060
      0.5530
      0.0689
      0.0021
      0.0000
      0.0001
      0.0010
      0.0019
      0.0009
      0.0001
      0.0000
      0.0000
      0.0001
      0.0035
      0.0249
      0.1902
      4.8802
     39.0090
     78.0141
      0.0341
      0.0171
      0.0021
      0.0001
      0.0001
      0.0031
      0.0201
      0.0337
      0.0142
      0.0015
      0.0000
      0.0000
      0.0001
      0.0018
      0.0150
      0.1035
      2.4455
     19.5052
     39.0071
      0.0003
      0.0001
      0.0000
      0.0003
      0.0030
      0.0207
      0.1004
      0.1463
      0.0542
      0.0050
      0.0001
      0.0000
      0.0000
      0.0002
      0.0023
      0.0144
      0.3060
      2.4319
      4.8630
      0.0000
      0.0000
      0.0002
      0.0060
      0.0379
      0.0798
      0.1432
      0.1617
      0.0526
      0.0043
      0.0001
      0.0000
      0.0000
      0.0000
      0.0001
      0.0005
      0.0095
      0.0754
      0.1507
      0.0000
      0.0000
      0.0013
      0.0276
      0.1473
      0.2131
      0.1954
      0.2507
      0.1215
      0.0155
      0.0005
      0.0000
      0.0000
      0.0000
      0.0000
      0.0002
      0.0059
      0.0474
      0.0948
      0.0000
      0.0000
      0.0017
      0.0320
      0.1561
      0.5205
      3.1029
      6.5763
      3.5358
      0.4744
      0.0158
      0.0001
      0.0000
      0.0000
      0.0000
      0.0058
      0.1893
      1.5182
      3.0364
      0.0000
      0.0000
      0.0006
      0.0098
      0.1175
      2.8717
     24.4956
     52.7004
     28.3546
      3.8049
      0.1264
      0.0010
      0.0000
      0.0000
      0.0004
      0.0468
      1.5182
     12.1778
     24.3556
      0.0000
      0.0000
      0.0001
      0.0025
      0.1669
      5.6760
     48.9744
    105.3998
     56.7092
      7.6099
      0.2527
      0.0021
      0.0000
      0.0000
      0.0007
      0.0936
      3.0364
     24.3556
     48.7111
