      0.2052
      0.2240
      0.2632
      0.2888
      0.2821
      0.2540
      0.2278
      0.2183
      0.2282
      0.2525
      0.2762
      0.2757
      0.2360
      0.1675
      0.0968
      0.0454
      0.0176
      0.0062
      0.0035
      0.2058
      0.2222
      0.2554
      0.2744
      0.2632
      0.2332
      0.2068
      0.1976
      0.2083
      0.2346
      0.2628
      0.2693
      0.2375
      0.1743
      0.1047
      0.0513
      0.0207
      0.0076
      0.0042
      0.2113
      0.2205
      0.2365
      0.2374
      0.2150
      0.1817
      0.1562
      0.1489
      0.1625
      0.1948
      0.2355
      0.2619
      0.2519
      0.2026
      0.1343
      0.0729
      0.0327
      0.0131
      0.0076
      0.2549
      0.2504
      0.2341
      0.2030
      0.1625
      0.1255
      0.1035
      0.1011
      0.1197
      0.1614
      0.2213
      0.2783
      0.3009
      0.2709
      0.2002
      0.1211
      0.0607
      0.0277
      0.0178
      0.4450
      0.4116
      0.3271
      0.2272
      0.1444
      0.0934
      0.0729
      0.0759
      0.1002
      0.1520
      0.2347
      0.3296
      0.3936
      0.3880
      0.3127
      0.2073
      0.1171
      0.0638
      0.0473
      0.9754
      0.8797
      0.6468
      0.3920
      0.2043
      0.1060
      0.0735
      0.0764
      0.1022
      0.1595
      0.2608
      0.3924
      0.5017
      0.5290
      0.4594
      0.3363
      0.2224
      0.1533
      0.1317
      2.0141
      1.8059
      1.3028
      0.7603
      0.3694
      0.1689
      0.0993
      0.0908
      0.1097
      0.1622
      0.2681
      0.4218
      0.5706
      0.6435
      0.6117
      0.5153
      0.4224
      0.3707
      0.3564
      3.4658
      3.1041
      2.2311
      1.2919
      0.6158
      0.2660
      0.1369
      0.1062
      0.1110
      0.1483
      0.2410
      0.3946
      0.5703
      0.7045
      0.7650
      0.7810
      0.8043
      0.8452
      0.8670
      4.8188
      4.3153
      3.1002
      1.7934
      0.8523
      0.3633
      0.1779
      0.1254
      0.1142
      0.1303
      0.1972
      0.3339
      0.5275
      0.7418
      0.9567
      1.1901
      1.4545
      1.6920
      1.7908
      5.3801
      4.8186
      3.4647
      2.0116
      0.9703
      0.4353
      0.2366
      0.1780
      0.1524
      0.1412
      0.1731
      0.2841
      0.4927
      0.7992
      1.2076
      1.7293
      2.3253
      2.8383
      3.0457
      4.8188
      4.3190
      3.1173
      1.8377
      0.9399
      0.5027
      0.3592
      0.3164
      0.2708
      0.2149
      0.1948
      0.2683
      0.4806
      0.8626
      1.4412
      2.2250
      3.1283
      3.8993
      4.2087
      3.4658
      3.1150
      2.2798
      1.4154
      0.8528
      0.6328
      0.6005
      0.5821
      0.4950
      0.3618
      0.2615
      0.2744
      0.4594
      0.8589
      1.5084
      2.4125
      3.4594
      4.3504
      4.7072
      2.0141
      1.8299
      1.4076
      1.0184
      0.8477
      0.8827
      0.9710
      0.9587
      0.7963
      0.5526
      0.3472
      0.2773
      0.3970
      0.7378
      1.3269
      2.1622
      3.1327
      3.9575
      4.2872
      0.9754
      0.9224
      0.8298
      0.8298
      0.9884
      1.2346
      1.4049
      1.3628
      1.0992
      0.7337
      0.4220
      0.2663
      0.3015
      0.5359
      0.9806
      1.6295
      2.3911
      3.0403
      3.3000
      0.4450
      0.4739
      0.5906
      0.8441
      1.2200
      1.5985
      1.8024
      1.7106
      1.3500
      0.8804
      0.4816
      0.2540
      0.2135
      0.3479
      0.6597
      1.1483
      1.7436
      2.2605
      2.4688
      0.2549
      0.3259
      0.5517
      0.9396
      1.4328
      1.8854
      2.1118
      1.9947
      1.5734
      1.0271
      0.5551
      0.2656
      0.1689
      0.2476
      0.5120
      0.9793
      1.5872
      2.1334
      2.3566
      0.2113
      0.2988
      0.5670
      1.0085
      1.5575
      2.0673
      2.3469
      2.2586
      1.8207
      1.2148
      0.6667
      0.3117
      0.1729
      0.2417
      0.5498
      1.1407
      1.9429
      2.6794
      2.9831
      0.2058
      0.2964
      0.5720
      1.0255
      1.6006
      2.1633
      2.5162
      2.4871
      2.0575
      1.4051
      0.7856
      0.3696
      0.1998
      0.2804
      0.6661
      1.4239
      2.4664
      3.4300
      3.8284
      0.2052
      0.2954
      0.5699
      1.0236
      1.6071
      2.1935
      2.5821
      2.5833
      2.1605
      1.4889
      0.8385
      0.3962
      0.2141
      0.3024
      0.7250
      1.5590
      2.7091
      3.7736
      4.2139
