      0.0000
      0.0000
      0.0000
      0.0000
      0.0000
      0.0000
      0.0000
      0.0000
      0.0000
      0.0000
      0.0000
      0.0000
      0.0000
      0.0000
      0.0000
      0.0000
      0.0000
      0.0000
      0.0000
      0.0000
      0.0000
      0.0000
      0.0000
      0.0000
      0.0000
      0.0000
      0.0000
      0.0000
      0.0000
      0.0000
      0.0000
      0.0000
      0.0000
      0.0000
      0.0000
      0.0000
      0.0000
      0.0000
      0.0000
      0.0000
      0.0000
      0.0000
      0.0000
      0.0000
      0.0000
      0.0000
      0.0000
      0.0000
      0.0000
      0.0000
      0.0000
      0.0000
      0.0000
      0.0000
      0.0000
      0.0000
      0.0000
      0.0000
      0.0000
      0.0000
      0.0000
      0.0000
      0.0000
      0.0000
      0.0000
      0.0000
      0.0000
      0.0000
      0.0000
      0.0000
      0.0000
      0.0000
      0.0000
      0.0000
      0.0000
      0.0000
      0.0000
      0.0000
      0.0000
      0.0000
      0.0000
      0.0000
      0.0000
      0.0000
      0.0000
      0.0000
      0.0000
      0.0001
      0.0004
      0.0005
      0.0001
      0.0000
      0.0000
      0.0000
      0.0000
      0.0008
      0.0004
      0.0001
      0.0000
      0.0000
      0.0000
      0.0000
      0.0000
      0.0000
      0.0000
      0.0000
      0.0007
      0.0040
      0.0057
      0.0020
      0.0002
      0.0000
      0.0000
      0.0000
      0.1071
      0.0535
      0.0067
      0.0002
      0.0000
      0.0000
      0.0000
      0.0000
      0.0000
      0.0000
      0.0000
      0.0014
      0.0098
      0.0173
      0.0076
      0.0008
      0.0000
      0.0000
      0.0000
      3.4724
      1.7362
      0.2165
      0.0067
      0.0001
      0.0000
      0.0000
      0.0000
      0.0000
      0.0000
      0.0000
      0.0007
      0.0061
      0.0132
      0.0071
      0.0010
      0.0001
      0.0003
      0.0006
     27.8530
     13.9265
      1.7362
      0.0535
      0.0004
      0.0000
      0.0000
      0.0000
      0.0000
      0.0000
      0.0000
      0.0001
      0.0009
      0.0026
      0.0019
      0.0007
      0.0047
      0.0371
      0.0742
     55.7061
     27.8530
      3.4724
      0.1071
      0.0008
      0.0000
      0.0000
      0.0000
      0.0000
      0.0000
      0.0000
      0.0000
      0.0001
      0.0022
      0.0107
      0.0178
      0.1543
      1.2042
      2.4077
     27.8530
     13.9265
      1.7362
      0.0535
      0.0004
      0.0000
      0.0001
      0.0003
      0.0002
      0.0000
      0.0000
      0.0000
      0.0008
      0.0177
      0.1034
      0.1867
      1.2583
      9.6612
     19.3125
      3.4724
      1.7362
      0.2165
      0.0067
      0.0001
      0.0014
      0.0107
      0.0204
      0.0097
      0.0011
      0.0000
      0.0000
      0.0014
      0.0370
      0.2512
      0.4980
      2.5868
     19.3312
     38.6254
      0.1071
      0.0535
      0.0067
      0.0002
      0.0012
      0.0315
      0.2117
      0.3554
      0.1491
      0.0156
      0.0004
      0.0000
      0.0006
      0.0193
      0.1526
      0.3372
      1.3516
      9.6743
     19.3133
      0.0008
      0.0004
      0.0001
      0.0003
      0.0091
      0.1780
      1.0398
      1.5396
      0.5706
      0.0527
      0.0012
      0.0000
      0.0001
      0.0025
      0.0231
      0.0577
      0.1805
      1.2082
      2.4080
      0.0000
      0.0000
      0.0002
      0.0048
      0.0402
      0.2867
      1.2891
      1.6682
      0.5458
      0.0445
      0.0009
      0.0000
      0.0000
      0.0001
      0.0009
      0.0025
      0.0063
      0.0380
      0.0756
      0.0000
      0.0000
      0.0010
      0.0216
      0.1191
      0.2405
      0.4810
      0.5439
      0.1784
      0.0158
      0.0004
      0.0000
      0.0000
      0.0000
      0.0000
      0.0004
      0.0110
      0.0881
      0.1761
      0.0000
      0.0000
      0.0014
      0.0250
      0.1188
      0.2930
      1.4123
      2.9290
      1.5660
      0.2096
      0.0070
      0.0001
      0.0000
      0.0000
      0.0001
      0.0109
      0.3548
      2.8463
      5.6926
      0.0000
      0.0000
      0.0005
      0.0075
      0.0642
      1.2781
     10.8011
     23.2309
     12.4988
      1.6772
      0.0557
      0.0005
      0.0000
      0.0000
      0.0007
      0.0878
      2.8463
     22.8306
     45.6611
      0.0000
      0.0000
      0.0001
      0.0015
      0.0751
      2.5032
     21.5881
     46.4601
     24.9973
      3.3544
      0.1114
      0.0009
      0.0000
      0.0000
      0.0013
      0.1755
      5.6926
     45.6611
     91.3222
