      0.0007
      0.0018
      0.0044
      0.0060
      0.0044
      0.0019
      0.0007
      0.0007
      0.0012
      0.0041
      0.0097
      0.0130
      0.0094
      0.0037
      0.0008
      0.0001
      0.0000
      0.0000
      0.0000
      0.0011
      0.0023
      0.0051
      0.0063
      0.0043
      0.0017
      0.0006
      0.0005
      0.0010
      0.0033
      0.0085
      0.0123
      0.0098
      0.0042
      0.0010
      0.0001
      0.0000
      0.0000
      0.0000
      0.0014
      0.0027
      0.0051
      0.0054
      0.0032
      0.0011
      0.0003
      0.0002
      0.0004
      0.0018
      0.0054
      0.0091
      0.0085
      0.0044
      0.0012
      0.0002
      0.0000
      0.0000
      0.0000
      0.0017
      0.0023
      0.0032
      0.0028
      0.0014
      0.0004
      0.0001
      0.0000
      0.0001
      0.0007
      0.0025
      0.0056
      0.0073
      0.0055
      0.0024
      0.0006
      0.0001
      0.0000
      0.0000
      0.0210
      0.0158
      0.0070
      0.0021
      0.0005
      0.0001
      0.0000
      0.0000
      0.0001
      0.0004
      0.0027
      0.0093
      0.0177
      0.0185
      0.0105
      0.0033
      0.0005
      0.0001
      0.0000
      0.3415
      0.2510
      0.0997
      0.0213
      0.0025
      0.0002
      0.0000
      0.0000
      0.0001
      0.0007
      0.0053
      0.0213
      0.0462
      0.0542
      0.0344
      0.0118
      0.0022
      0.0004
      0.0003
      2.9964
      2.2022
      0.8732
      0.1862
      0.0212
      0.0013
      0.0001
      0.0001
      0.0001
      0.0008
      0.0065
      0.0290
      0.0690
      0.0889
      0.0620
      0.0240
      0.0073
      0.0068
      0.0085
     14.0553
     10.3301
      4.0962
      0.8732
      0.0995
      0.0060
      0.0003
      0.0002
      0.0001
      0.0005
      0.0044
      0.0215
      0.0566
      0.0814
      0.0659
      0.0386
      0.0493
      0.1038
      0.1391
     35.4459
     26.0512
     10.3301
      2.2022
      0.2509
      0.0152
      0.0007
      0.0003
      0.0002
      0.0003
      0.0017
      0.0095
      0.0311
      0.0621
      0.0866
      0.1404
      0.3894
      0.9053
      1.2196
     48.2285
     35.4459
     14.0553
      2.9964
      0.3416
      0.0215
      0.0032
      0.0038
      0.0030
      0.0013
      0.0009
      0.0061
      0.0357
      0.1257
      0.2834
      0.6233
      1.8292
      4.2483
      5.7201
     35.4459
     26.0512
     10.3301
      2.2025
      0.2535
      0.0279
      0.0335
      0.0465
      0.0353
      0.0145
      0.0039
      0.0100
      0.0724
      0.2983
      0.7416
      1.6556
      4.6863
     10.7403
     14.4327
     14.0553
     10.3301
      4.0964
      0.8759
      0.1209
      0.1014
      0.2331
      0.3090
      0.2219
      0.0860
      0.0187
      0.0134
      0.0929
      0.4110
      1.0822
      2.4120
      6.5219
     14.6767
     19.6622
      2.9964
      2.2023
      0.8748
      0.2009
      0.1181
      0.3902
      0.8839
      1.1032
      0.7481
      0.2741
      0.0544
      0.0131
      0.0652
      0.3074
      0.8567
      1.9148
      4.9349
     10.8562
     14.4825
      0.3415
      0.2517
      0.1076
      0.0750
      0.2659
      0.8902
      1.8316
      2.1320
      1.3617
      0.4714
      0.0879
      0.0113
      0.0249
      0.1241
      0.3667
      0.8266
      2.0305
      4.3473
      5.7671
      0.0210
      0.0184
      0.0333
      0.1382
      0.4733
      1.2151
      2.1356
      2.2688
      1.3574
      0.4441
      0.0784
      0.0079
      0.0053
      0.0270
      0.0851
      0.1980
      0.4756
      0.9964
      1.3149
      0.0017
      0.0078
      0.0547
      0.2294
      0.5988
      1.1171
      1.5736
      1.5032
      0.8605
      0.2773
      0.0491
      0.0048
      0.0008
      0.0034
      0.0154
      0.0680
      0.2594
      0.6257
      0.8453
      0.0014
      0.0090
      0.0613
      0.2335
      0.5353
      0.8865
      1.2389
      1.3107
      0.8686
      0.3283
      0.0684
      0.0077
      0.0005
      0.0016
      0.0240
      0.2067
      0.9653
      2.4323
      3.3089
      0.0011
      0.0063
      0.0402
      0.1480
      0.3753
      0.8676
      1.7366
      2.2707
      1.6875
      0.6855
      0.1503
      0.0177
      0.0012
      0.0036
      0.0589
      0.5171
      2.4257
      6.1172
      8.3232
      0.0007
      0.0042
      0.0257
      0.0971
      0.3033
      0.9391
      2.1785
      2.9857
      2.2539
      0.9219
      0.2030
      0.0239
      0.0016
      0.0049
      0.0802
      0.7036
      3.3003
      8.3229
     11.3244
