      0.0000
      0.0000
      0.0000
      0.0000
      0.0000
      0.0000
      0.0000
      0.0000
      0.0000
      0.0000
      0.0000
      0.0000
      0.0000
      0.0000
      0.0000
      0.0000
      0.0000
      0.0000
      0.0000
      0.0000
      0.0000
      0.0000
      0.0000
      0.0000
      0.0000
      0.0000
      0.0000
      0.0000
      0.0000
      0.0000
      0.0000
      0.0000
      0.0000
      0.0000
      0.0000
      0.0000
      0.0000
      0.0000
      0.0000
      0.0000
      0.0000
      0.0000
      0.0000
      0.0000
      0.0000
      0.0000
      0.0000
      0.0000
      0.0000
      0.0000
      0.0000
      0.0000
      0.0000
      0.0000
      0.0000
      0.0000
      0.0000
      0.0000
      0.0000
      0.0000
      0.0000
      0.0000
      0.0000
      0.0000
      0.0000
      0.0000
      0.0000
      0.0000
      0.0000
      0.0000
      0.0000
      0.0000
      0.0000
      0.0000
      0.0000
      0.0000
      0.0000
      0.0000
      0.0000
      0.0000
      0.0000
      0.0000
      0.0000
      0.0000
      0.0000
      0.0000
      0.0000
      0.0000
      0.0000
      0.0000
      0.0000
      0.0000
      0.0000
      0.0000
      0.0000
      0.0009
      0.0004
      0.0001
      0.0000
      0.0000
      0.0000
      0.0000
      0.0000
      0.0000
      0.0000
      0.0000
      0.0000
      0.0002
      0.0004
      0.0001
      0.0000
      0.0000
      0.0000
      0.0000
      0.1161
      0.0581
      0.0072
      0.0002
      0.0000
      0.0000
      0.0000
      0.0000
      0.0000
      0.0000
      0.0000
      0.0001
      0.0006
      0.0011
      0.0005
      0.0001
      0.0000
      0.0000
      0.0000
      3.7652
      1.8826
      0.2347
      0.0072
      0.0001
      0.0000
      0.0000
      0.0000
      0.0000
      0.0000
      0.0000
      0.0000
      0.0004
      0.0008
      0.0004
      0.0001
      0.0000
      0.0003
      0.0005
     30.2014
     15.1007
      1.8826
      0.0581
      0.0004
      0.0000
      0.0000
      0.0000
      0.0000
      0.0000
      0.0000
      0.0000
      0.0001
      0.0002
      0.0004
      0.0005
      0.0045
      0.0353
      0.0705
     60.4027
     30.2014
      3.7652
      0.1161
      0.0009
      0.0000
      0.0000
      0.0000
      0.0000
      0.0000
      0.0000
      0.0000
      0.0001
      0.0026
      0.0128
      0.0203
      0.1475
      1.1433
      2.2858
     30.2014
     15.1007
      1.8826
      0.0581
      0.0004
      0.0000
      0.0002
      0.0003
      0.0002
      0.0000
      0.0000
      0.0000
      0.0009
      0.0214
      0.1248
      0.2160
      1.2085
      9.1732
     18.3345
      3.7652
      1.8826
      0.2347
      0.0072
      0.0001
      0.0017
      0.0129
      0.0246
      0.0117
      0.0014
      0.0000
      0.0000
      0.0016
      0.0447
      0.3034
      0.5824
      2.5021
     18.3571
     36.6696
      0.1161
      0.0581
      0.0072
      0.0002
      0.0014
      0.0381
      0.2558
      0.4294
      0.1802
      0.0188
      0.0005
      0.0000
      0.0007
      0.0233
      0.1844
      0.3978
      1.3214
      9.1890
     18.3355
      0.0009
      0.0004
      0.0001
      0.0002
      0.0099
      0.2132
      1.2554
      1.8601
      0.6894
      0.0636
      0.0014
      0.0000
      0.0001
      0.0030
      0.0280
      0.0685
      0.1793
      1.1481
      2.2861
      0.0000
      0.0000
      0.0001
      0.0031
      0.0319
      0.3206
      1.5472
      2.0138
      0.6590
      0.0537
      0.0011
      0.0000
      0.0000
      0.0001
      0.0010
      0.0030
      0.0064
      0.0368
      0.0729
      0.0000
      0.0000
      0.0006
      0.0136
      0.0772
      0.1969
      0.5044
      0.5523
      0.1604
      0.0117
      0.0002
      0.0000
      0.0000
      0.0000
      0.0000
      0.0006
      0.0201
      0.1610
      0.3220
      0.0000
      0.0000
      0.0009
      0.0157
      0.0722
      0.0998
      0.1424
      0.2178
      0.1060
      0.0136
      0.0004
      0.0000
      0.0000
      0.0000
      0.0002
      0.0200
      0.6499
      5.2128
     10.4256
      0.0000
      0.0000
      0.0003
      0.0045
      0.0200
      0.0951
      0.6741
      1.4410
      0.7750
      0.1040
      0.0035
      0.0000
      0.0000
      0.0000
      0.0012
      0.1608
      5.2128
     41.8128
     83.6255
      0.0000
      0.0000
      0.0000
      0.0007
      0.0066
      0.1569
      1.3387
      2.8804
      1.5497
      0.2080
      0.0069
      0.0001
      0.0000
      0.0000
      0.0024
      0.3215
     10.4256
     83.6255
    167.2510
