      0.0000
      0.0000
      0.0000
      0.0000
      0.0000
      0.0000
      0.0000
      0.0000
      0.0000
      0.0000
      0.0000
      0.0000
      0.0000
      0.0000
      0.0000
      0.0000
      0.0000
      0.0000
      0.0000
      0.0000
      0.0000
      0.0000
      0.0000
      0.0000
      0.0000
      0.0000
      0.0000
      0.0000
      0.0000
      0.0000
      0.0000
      0.0000
      0.0000
      0.0000
      0.0000
      0.0000
      0.0000
      0.0000
      0.0000
      0.0000
      0.0000
      0.0000
      0.0000
      0.0000
      0.0000
      0.0000
      0.0000
      0.0000
      0.0000
      0.0000
      0.0000
      0.0000
      0.0000
      0.0000
      0.0000
      0.0000
      0.0000
      0.0000
      0.0000
      0.0000
      0.0000
      0.0000
      0.0000
      0.0000
      0.0000
      0.0000
      0.0000
      0.0000
      0.0000
      0.0000
      0.0000
      0.0000
      0.0000
      0.0000
      0.0000
      0.0000
      0.0000
      0.0000
      0.0000
      0.0000
      0.0000
      0.0000
      0.0000
      0.0000
      0.0000
      0.0000
      0.0000
      0.0000
      0.0001
      0.0001
      0.0000
      0.0000
      0.0000
      0.0000
      0.0000
      0.0013
      0.0007
      0.0001
      0.0000
      0.0000
      0.0000
      0.0000
      0.0000
      0.0000
      0.0000
      0.0000
      0.0002
      0.0010
      0.0015
      0.0005
      0.0000
      0.0000
      0.0000
      0.0000
      0.1773
      0.0887
      0.0111
      0.0003
      0.0000
      0.0000
      0.0000
      0.0000
      0.0000
      0.0000
      0.0000
      0.0004
      0.0025
      0.0044
      0.0020
      0.0002
      0.0000
      0.0000
      0.0000
      5.7501
      2.8751
      0.3584
      0.0111
      0.0001
      0.0000
      0.0000
      0.0000
      0.0000
      0.0000
      0.0000
      0.0002
      0.0016
      0.0034
      0.0018
      0.0003
      0.0001
      0.0005
      0.0010
     46.1227
     23.0613
      2.8751
      0.0887
      0.0007
      0.0000
      0.0000
      0.0000
      0.0000
      0.0000
      0.0000
      0.0000
      0.0002
      0.0007
      0.0007
      0.0007
      0.0084
      0.0663
      0.1325
     92.2453
     46.1227
      5.7501
      0.1773
      0.0013
      0.0000
      0.0000
      0.0000
      0.0000
      0.0000
      0.0000
      0.0000
      0.0001
      0.0025
      0.0122
      0.0234
      0.2727
      2.1488
      4.2967
     46.1227
     23.0613
      2.8751
      0.0887
      0.0007
      0.0000
      0.0002
      0.0003
      0.0002
      0.0000
      0.0000
      0.0000
      0.0009
      0.0204
      0.1190
      0.2382
      2.2110
     17.2381
     34.4646
      5.7501
      2.8751
      0.3584
      0.0111
      0.0001
      0.0016
      0.0123
      0.0234
      0.0111
      0.0013
      0.0000
      0.0000
      0.0016
      0.0425
      0.2891
      0.6194
      4.5026
     34.4862
     68.9298
      0.1773
      0.0887
      0.0111
      0.0004
      0.0014
      0.0362
      0.2433
      0.4084
      0.1714
      0.0179
      0.0005
      0.0000
      0.0007
      0.0222
      0.1756
      0.4111
      2.3181
     17.2530
     34.4655
      0.0013
      0.0007
      0.0001
      0.0004
      0.0107
      0.2050
      1.1950
      1.7693
      0.6556
      0.0605
      0.0014
      0.0000
      0.0001
      0.0029
      0.0266
      0.0692
      0.3028
      2.1533
      4.2970
      0.0000
      0.0000
      0.0002
      0.0062
      0.0505
      0.3361
      1.4836
      1.9166
      0.6269
      0.0511
      0.0010
      0.0000
      0.0000
      0.0001
      0.0010
      0.0029
      0.0101
      0.0667
      0.1329
      0.0000
      0.0000
      0.0013
      0.0281
      0.1540
      0.2949
      0.5232
      0.5459
      0.1621
      0.0124
      0.0002
      0.0000
      0.0000
      0.0000
      0.0000
      0.0001
      0.0032
      0.0256
      0.0513
      0.0000
      0.0000
      0.0018
      0.0325
      0.1497
      0.2171
      0.4275
      0.7815
      0.4089
      0.0542
      0.0018
      0.0000
      0.0000
      0.0000
      0.0000
      0.0031
      0.1016
      0.8148
      1.6297
      0.0000
      0.0000
      0.0006
      0.0095
      0.0460
      0.3571
      2.7797
      5.9631
      3.2079
      0.4305
      0.0143
      0.0001
      0.0000
      0.0000
      0.0002
      0.0251
      0.8148
      6.5360
     13.0721
      0.0000
      0.0000
      0.0001
      0.0015
      0.0229
      0.6455
      5.5412
     11.9239
      6.4155
      0.8609
      0.0286
      0.0002
      0.0000
      0.0000
      0.0004
      0.0503
      1.6297
     13.0721
     26.1441
