      0.1339
      0.1471
      0.1765
      0.2033
      0.2184
      0.2275
      0.2368
      0.2427
      0.2397
      0.2301
      0.2170
      0.1954
      0.1583
      0.1094
      0.0626
      0.0291
      0.0111
      0.0037
      0.0019
      0.1333
      0.1449
      0.1705
      0.1925
      0.2031
      0.2084
      0.2149
      0.2201
      0.2191
      0.2138
      0.2065
      0.1912
      0.1598
      0.1144
      0.0681
      0.0332
      0.0133
      0.0047
      0.0025
      0.1309
      0.1384
      0.1535
      0.1634
      0.1638
      0.1617
      0.1637
      0.1688
      0.1735
      0.1789
      0.1860
      0.1873
      0.1712
      0.1348
      0.0887
      0.0481
      0.0216
      0.0087
      0.0051
      0.1350
      0.1359
      0.1355
      0.1293
      0.1192
      0.1128
      0.1152
      0.1243
      0.1370
      0.1544
      0.1786
      0.2020
      0.2076
      0.1831
      0.1346
      0.0818
      0.0419
      0.0202
      0.0138
      0.1819
      0.1719
      0.1462
      0.1158
      0.0933
      0.0871
      0.0967
      0.1144
      0.1339
      0.1586
      0.1964
      0.2429
      0.2744
      0.2653
      0.2135
      0.1441
      0.0861
      0.0529
      0.0428
      0.3390
      0.3083
      0.2342
      0.1562
      0.1072
      0.0975
      0.1154
      0.1406
      0.1606
      0.1830
      0.2259
      0.2917
      0.3513
      0.3647
      0.3199
      0.2453
      0.1812
      0.1466
      0.1370
      0.6648
      0.5979
      0.4382
      0.2725
      0.1681
      0.1387
      0.1557
      0.1798
      0.1906
      0.2002
      0.2379
      0.3143
      0.4004
      0.4491
      0.4422
      0.4091
      0.3917
      0.3991
      0.4070
      1.1294
      1.0135
      0.7364
      0.4477
      0.2593
      0.1898
      0.1907
      0.2027
      0.1977
      0.1903
      0.2160
      0.2933
      0.4022
      0.5053
      0.5917
      0.6927
      0.8340
      0.9784
      1.0417
      1.5657
      1.4044
      1.0183
      0.6135
      0.3422
      0.2275
      0.2049
      0.2007
      0.1814
      0.1605
      0.1736
      0.2460
      0.3770
      0.5580
      0.8064
      1.1625
      1.6163
      2.0324
      2.2052
      1.7471
      1.5674
      1.1372
      0.6858
      0.3811
      0.2474
      0.2138
      0.2012
      0.1737
      0.1425
      0.1422
      0.2065
      0.3602
      0.6355
      1.0930
      1.7923
      2.6752
      3.4679
      3.7929
      1.5657
      1.4065
      1.0272
      0.6344
      0.3786
      0.2786
      0.2642
      0.2570
      0.2215
      0.1708
      0.1457
      0.1926
      0.3597
      0.7151
      1.3602
      2.3743
      3.6555
      4.7996
      5.2670
      1.1294
      1.0201
      0.7649
      0.5165
      0.3838
      0.3706
      0.4054
      0.4099
      0.3523
      0.2582
      0.1857
      0.1959
      0.3494
      0.7294
      1.4547
      2.6114
      4.0745
      5.3790
      5.9111
      0.6648
      0.6131
      0.5036
      0.4305
      0.4540
      0.5534
      0.6466
      0.6518
      0.5474
      0.3834
      0.2427
      0.1978
      0.3056
      0.6388
      1.3044
      2.3785
      3.7399
      4.9531
      5.4478
      0.3390
      0.3358
      0.3517
      0.4357
      0.6040
      0.8052
      0.9392
      0.9224
      0.7511
      0.5058
      0.2937
      0.1903
      0.2378
      0.4859
      1.0176
      1.8953
      3.0175
      4.0205
      4.4299
      0.1819
      0.2123
      0.3171
      0.5159
      0.7906
      1.0609
      1.2110
      1.1593
      0.9218
      0.6053
      0.3339
      0.1832
      0.1824
      0.3688
      0.8211
      1.6062
      2.6355
      3.5665
      3.9482
      0.1350
      0.1850
      0.3422
      0.6093
      0.9479
      1.2613
      1.4242
      1.3538
      1.0734
      0.7038
      0.3834
      0.1950
      0.1715
      0.3653
      0.8926
      1.8603
      3.1664
      4.3648
      4.8589
      0.1309
      0.1894
      0.3689
      0.6659
      1.0384
      1.3889
      1.5865
      1.5339
      1.2404
      0.8297
      0.4591
      0.2332
      0.2070
      0.4739
      1.2247
      2.6357
      4.5654
      6.3475
      7.0843
      0.1333
      0.1934
      0.3768
      0.6811
      1.0710
      1.4570
      1.7032
      1.6892
      1.4003
      0.9579
      0.5403
      0.2795
      0.2578
      0.6127
      1.6111
      3.4979
      6.0874
      8.4831
      9.4743
      0.1339
      0.1937
      0.3763
      0.6809
      1.0767
      1.4786
      1.7486
      1.7546
      1.4698
      1.0144
      0.5765
      0.3006
      0.2813
      0.6752
      1.7815
      3.8740
      6.7476
      9.4071
     10.5075
