      0.0000
      0.0000
      0.0000
      0.0000
      0.0000
      0.0000
      0.0000
      0.0000
      0.0000
      0.0000
      0.0000
      0.0000
      0.0000
      0.0000
      0.0000
      0.0000
      0.0000
      0.0000
      0.0000
      0.0000
      0.0000
      0.0000
      0.0000
      0.0000
      0.0000
      0.0000
      0.0000
      0.0000
      0.0000
      0.0000
      0.0000
      0.0000
      0.0000
      0.0000
      0.0000
      0.0000
      0.0000
      0.0000
      0.0000
      0.0000
      0.0000
      0.0000
      0.0000
      0.0000
      0.0000
      0.0000
      0.0000
      0.0000
      0.0000
      0.0000
      0.0000
      0.0000
      0.0000
      0.0000
      0.0000
      0.0000
      0.0000
      0.0000
      0.0000
      0.0000
      0.0000
      0.0000
      0.0000
      0.0000
      0.0000
      0.0000
      0.0000
      0.0000
      0.0000
      0.0000
      0.0000
      0.0000
      0.0000
      0.0000
      0.0000
      0.0000
      0.0000
      0.0000
      0.0000
      0.0000
      0.0000
      0.0000
      0.0000
      0.0000
      0.0000
      0.0000
      0.0000
      0.0001
      0.0005
      0.0006
      0.0002
      0.0000
      0.0000
      0.0000
      0.0000
      0.0001
      0.0001
      0.0000
      0.0000
      0.0000
      0.0000
      0.0000
      0.0000
      0.0000
      0.0000
      0.0000
      0.0009
      0.0049
      0.0070
      0.0025
      0.0002
      0.0000
      0.0000
      0.0000
      0.0189
      0.0094
      0.0012
      0.0000
      0.0000
      0.0000
      0.0000
      0.0000
      0.0000
      0.0000
      0.0001
      0.0017
      0.0122
      0.0214
      0.0094
      0.0010
      0.0000
      0.0000
      0.0000
      0.6124
      0.3062
      0.0382
      0.0012
      0.0000
      0.0000
      0.0000
      0.0000
      0.0000
      0.0000
      0.0000
      0.0009
      0.0075
      0.0163
      0.0088
      0.0012
      0.0001
      0.0003
      0.0005
      4.9120
      2.4560
      0.3062
      0.0094
      0.0001
      0.0000
      0.0000
      0.0000
      0.0000
      0.0000
      0.0000
      0.0001
      0.0012
      0.0031
      0.0023
      0.0007
      0.0045
      0.0354
      0.0709
      9.8239
      4.9120
      0.6124
      0.0189
      0.0001
      0.0000
      0.0000
      0.0000
      0.0000
      0.0000
      0.0000
      0.0000
      0.0001
      0.0018
      0.0082
      0.0146
      0.1465
      1.1494
      2.2981
      4.9120
      2.4560
      0.3062
      0.0094
      0.0001
      0.0000
      0.0001
      0.0002
      0.0001
      0.0000
      0.0000
      0.0000
      0.0006
      0.0136
      0.0792
      0.1500
      1.1909
      9.2206
     18.4332
      0.6124
      0.3062
      0.0382
      0.0012
      0.0000
      0.0011
      0.0082
      0.0156
      0.0074
      0.0009
      0.0000
      0.0000
      0.0010
      0.0283
      0.1925
      0.3954
      2.4354
     18.4476
     36.8665
      0.0189
      0.0094
      0.0012
      0.0000
      0.0009
      0.0242
      0.1622
      0.2721
      0.1142
      0.0119
      0.0003
      0.0000
      0.0005
      0.0148
      0.1169
      0.2652
      1.2622
      9.2304
     18.4337
      0.0001
      0.0001
      0.0000
      0.0004
      0.0084
      0.1388
      0.7973
      1.1791
      0.4369
      0.0403
      0.0009
      0.0000
      0.0001
      0.0019
      0.0177
      0.0450
      0.1666
      1.1524
      2.2983
      0.0000
      0.0000
      0.0003
      0.0073
      0.0532
      0.2541
      1.0005
      1.2790
      0.4181
      0.0341
      0.0007
      0.0000
      0.0000
      0.0001
      0.0007
      0.0019
      0.0057
      0.0365
      0.0727
      0.0000
      0.0000
      0.0016
      0.0334
      0.1805
      0.3046
      0.4270
      0.4617
      0.1593
      0.0151
      0.0004
      0.0000
      0.0000
      0.0000
      0.0000
      0.0005
      0.0149
      0.1196
      0.2392
      0.0000
      0.0000
      0.0021
      0.0386
      0.1819
      0.3988
      1.7432
      3.6071
      1.9321
      0.2588
      0.0086
      0.0001
      0.0000
      0.0000
      0.0001
      0.0149
      0.4824
      3.8694
      7.7388
      0.0000
      0.0000
      0.0007
      0.0115
      0.0881
      1.5884
     13.3533
     28.7162
     15.4500
      2.0732
      0.0689
      0.0006
      0.0000
      0.0000
      0.0009
      0.1193
      3.8694
     31.0371
     62.0742
      0.0000
      0.0000
      0.0001
      0.0022
      0.0939
      3.0952
     26.6858
     57.4305
     30.8998
      4.1465
      0.1377
      0.0011
      0.0000
      0.0000
      0.0018
      0.2386
      7.7388
     62.0742
    124.1485
