      0.2388
      0.2375
      0.2337
      0.2281
      0.2237
      0.2258
      0.2407
      0.2727
      0.3207
      0.3752
      0.4172
      0.4255
      0.3886
      0.3135
      0.2228
      0.1410
      0.0831
      0.0514
      0.0417
      0.2503
      0.2475
      0.2396
      0.2288
      0.2195
      0.2181
      0.2312
      0.2633
      0.3136
      0.3730
      0.4228
      0.4403
      0.4114
      0.3401
      0.2477
      0.1603
      0.0957
      0.0587
      0.0471
      0.3077
      0.2987
      0.2748
      0.2440
      0.2169
      0.2035
      0.2110
      0.2434
      0.3003
      0.3739
      0.4458
      0.4898
      0.4839
      0.4236
      0.3263
      0.2219
      0.1366
      0.0839
      0.0664
      0.4814
      0.4569
      0.3931
      0.3139
      0.2451
      0.2047
      0.1999
      0.2316
      0.2974
      0.3909
      0.4950
      0.5791
      0.6091
      0.5668
      0.4628
      0.3317
      0.2132
      0.1346
      0.1076
      0.8825
      0.8257
      0.6793
      0.5001
      0.3460
      0.2502
      0.2186
      0.2426
      0.3139
      0.4259
      0.5640
      0.6941
      0.7691
      0.7531
      0.6462
      0.4868
      0.3299
      0.2201
      0.1813
      1.6159
      1.5030
      1.2129
      0.8598
      0.5558
      0.3604
      0.2760
      0.2772
      0.3421
      0.4616
      0.6241
      0.7954
      0.9179
      0.9381
      0.8425
      0.6688
      0.4838
      0.3487
      0.3000
      2.6847
      2.4921
      1.9976
      1.3956
      0.8748
      0.5316
      0.3638
      0.3221
      0.3638
      0.4727
      0.6405
      0.8370
      1.0009
      1.0669
      1.0069
      0.8509
      0.6683
      0.5290
      0.4778
      3.8992
      3.6173
      2.8930
      2.0102
      1.2427
      0.7281
      0.4598
      0.3616
      0.3666
      0.4477
      0.5988
      0.7980
      0.9900
      1.1071
      1.1101
      1.0146
      0.8790
      0.7685
      0.7268
      4.8897
      4.5356
      3.6260
      2.5164
      1.5490
      0.8944
      0.5416
      0.3922
      0.3581
      0.4017
      0.5186
      0.6988
      0.9019
      1.0685
      1.1543
      1.1567
      1.1108
      1.0620
      1.0422
      5.2743
      4.8938
      3.9165
      2.7256
      1.6885
      0.9863
      0.6034
      0.4295
      0.3655
      0.3691
      0.4407
      0.5850
      0.7818
      0.9876
      1.1585
      1.2741
      1.3399
      1.3718
      1.3813
      4.8897
      4.5410
      3.6473
      2.5636
      1.6279
      1.0023
      0.6640
      0.5021
      0.4206
      0.3831
      0.4010
      0.4957
      0.6686
      0.8935
      1.1306
      1.3452
      1.5145
      1.6237
      1.6616
      3.8992
      3.6297
      2.9429
      2.1214
      1.4302
      0.9869
      0.7563
      0.6353
      0.5424
      0.4584
      0.4123
      0.4446
      0.5751
      0.7922
      1.0610
      1.3378
      1.5787
      1.7440
      1.8031
      2.6847
      2.5141
      2.0867
      1.5954
      1.2139
      1.0028
      0.9096
      0.8395
      0.7314
      0.5903
      0.4688
      0.4266
      0.4979
      0.6815
      0.9473
      1.2480
      1.5267
      1.7254
      1.7976
      1.6159
      1.5366
      1.3498
      1.1683
      1.0822
      1.0966
      1.1374
      1.1128
      0.9802
      0.7705
      0.5629
      0.4368
      0.4388
      0.5753
      0.8216
      1.1306
      1.4364
      1.6633
      1.7475
      0.8825
      0.8718
      0.8675
      0.9264
      1.0777
      1.2811
      1.4378
      1.4501
      1.2855
      0.9987
      0.6963
      0.4806
      0.4118
      0.5053
      0.7435
      1.0802
      1.4378
      1.7147
      1.8194
      0.4814
      0.5150
      0.6309
      0.8553
      1.1810
      1.5349
      1.7918
      1.8378
      1.6406
      1.2730
      0.8709
      0.5634
      0.4296
      0.4976
      0.7584
      1.1655
      1.6216
      1.9860
      2.1259
      0.3077
      0.3669
      0.5549
      0.8854
      1.3339
      1.8055
      2.1496
      2.2297
      2.0054
      1.5627
      1.0652
      0.6719
      0.4844
      0.5458
      0.8565
      1.3672
      1.9553
      2.4327
      2.6173
      0.2503
      0.3226
      0.5490
      0.9402
      1.4656
      2.0175
      2.4259
      2.5343
      2.2926
      1.7945
      1.2252
      0.7679
      0.5438
      0.6089
      0.9708
      1.5768
      2.2821
      2.8581
      3.0816
      0.2388
      0.3151
      0.5536
      0.9650
      1.5171
      2.0983
      2.5311
      2.6508
      2.4032
      1.8844
      1.2879
      0.8066
      0.5693
      0.6372
      1.0208
      1.6656
      2.4180
      3.0336
      3.2725
