      0.0442
      0.0580
      0.0863
      0.1008
      0.0859
      0.0549
      0.0309
      0.0239
      0.0352
      0.0652
      0.1023
      0.1193
      0.0999
      0.0595
      0.0252
      0.0075
      0.0016
      0.0002
      0.0001
      0.0467
      0.0597
      0.0852
      0.0960
      0.0793
      0.0492
      0.0268
      0.0204
      0.0305
      0.0581
      0.0944
      0.1148
      0.1014
      0.0644
      0.0295
      0.0097
      0.0023
      0.0004
      0.0001
      0.0493
      0.0592
      0.0767
      0.0794
      0.0607
      0.0350
      0.0177
      0.0130
      0.0209
      0.0446
      0.0823
      0.1160
      0.1211
      0.0927
      0.0519
      0.0212
      0.0062
      0.0013
      0.0004
      0.0549
      0.0584
      0.0620
      0.0550
      0.0373
      0.0195
      0.0093
      0.0076
      0.0153
      0.0412
      0.0952
      0.1668
      0.2139
      0.1983
      0.1320
      0.0628
      0.0213
      0.0052
      0.0017
      0.1328
      0.1178
      0.0833
      0.0481
      0.0233
      0.0103
      0.0060
      0.0077
      0.0184
      0.0567
      0.1524
      0.3059
      0.4410
      0.4526
      0.3297
      0.1703
      0.0624
      0.0168
      0.0063
      0.5378
      0.4545
      0.2748
      0.1198
      0.0390
      0.0124
      0.0089
      0.0130
      0.0269
      0.0796
      0.2266
      0.4877
      0.7510
      0.8205
      0.6354
      0.3495
      0.1383
      0.0431
      0.0203
      1.7910
      1.5069
      0.8971
      0.3778
      0.1144
      0.0302
      0.0167
      0.0202
      0.0327
      0.0868
      0.2539
      0.5763
      0.9381
      1.0843
      0.8919
      0.5282
      0.2377
      0.1014
      0.0685
      4.2630
      3.5855
      2.1320
      0.8954
      0.2680
      0.0649
      0.0259
      0.0243
      0.0306
      0.0692
      0.2050
      0.4906
      0.8475
      1.0464
      0.9347
      0.6317
      0.3758
      0.2645
      0.2431
      7.1695
      6.0299
      3.5852
      1.5053
      0.4493
      0.1050
      0.0352
      0.0274
      0.0269
      0.0438
      0.1223
      0.3101
      0.5831
      0.8038
      0.8423
      0.7445
      0.6779
      0.7095
      0.7450
      8.5245
      7.1695
      4.2631
      1.7913
      0.5391
      0.1363
      0.0611
      0.0558
      0.0481
      0.0410
      0.0674
      0.1712
      0.3753
      0.6370
      0.8688
      1.0568
      1.2927
      1.5817
      1.7253
      7.1695
      6.0302
      3.5878
      1.5166
      0.4845
      0.1855
      0.1683
      0.1851
      0.1561
      0.0989
      0.0684
      0.1205
      0.3073
      0.6453
      1.0737
      1.5351
      2.0704
      2.6283
      2.8883
      4.2630
      3.5873
      2.1438
      0.9414
      0.4003
      0.3484
      0.4715
      0.5299
      0.4332
      0.2552
      0.1237
      0.1182
      0.2889
      0.6666
      1.2007
      1.8050
      2.4810
      3.1514
      3.4578
      1.7910
      1.5133
      0.9351
      0.5117
      0.4629
      0.7182
      1.0316
      1.1167
      0.8765
      0.4942
      0.2098
      0.1196
      0.2306
      0.5457
      1.0205
      1.5670
      2.1565
      2.7171
      2.9690
      0.5378
      0.4714
      0.3681
      0.4163
      0.7319
      1.2558
      1.7124
      1.7557
      1.3200
      0.7170
      0.2841
      0.1111
      0.1403
      0.3266
      0.6326
      1.0016
      1.4017
      1.7736
      1.9381
      0.1328
      0.1508
      0.2563
      0.5585
      1.1147
      1.8140
      2.3267
      2.2873
      1.6770
      0.8977
      0.3478
      0.1083
      0.0705
      0.1476
      0.3152
      0.5784
      0.9417
      1.3173
      1.4869
      0.0549
      0.1055
      0.3049
      0.7505
      1.4831
      2.3753
      3.0593
      3.0743
      2.3283
      1.2938
      0.5188
      0.1520
      0.0488
      0.0755
      0.2330
      0.6412
      1.3920
      2.2555
      2.6557
      0.0493
      0.1097
      0.3409
      0.8622
      1.7923
      3.1073
      4.3655
      4.7371
      3.8172
      2.2291
      0.9304
      0.2766
      0.0705
      0.0903
      0.3753
      1.2388
      2.9236
      4.8983
      5.8181
      0.0467
      0.1038
      0.3283
      0.8835
      2.0372
      3.9407
      6.0272
      6.9167
      5.7737
      3.4503
      1.4633
      0.4394
      0.1099
      0.1384
      0.6039
      2.0388
      4.8563
      8.1655
      9.7079
      0.0442
      0.0977
      0.3133
      0.8784
      2.1404
      4.3391
      6.8390
      7.9826
      6.7266
      4.0421
      1.7203
      0.5178
      0.1295
      0.1632
      0.7154
      2.4197
      5.7681
      9.7016
     11.5351
