      0.1706
      0.1815
      0.2034
      0.2140
      0.2018
      0.1744
      0.1464
      0.1247
      0.1082
      0.0956
      0.0874
      0.0808
      0.0703
      0.0537
      0.0345
      0.0184
      0.0083
      0.0036
      0.0024
      0.1683
      0.1777
      0.1959
      0.2025
      0.1881
      0.1605
      0.1340
      0.1154
      0.1039
      0.0991
      0.1008
      0.1040
      0.0994
      0.0821
      0.0564
      0.0318
      0.0149
      0.0063
      0.0039
      0.1669
      0.1716
      0.1785
      0.1739
      0.1536
      0.1269
      0.1059
      0.0965
      0.0997
      0.1177
      0.1505
      0.1863
      0.2032
      0.1853
      0.1381
      0.0834
      0.0410
      0.0175
      0.0104
      0.1989
      0.1936
      0.1771
      0.1502
      0.1191
      0.0941
      0.0829
      0.0881
      0.1131
      0.1663
      0.2517
      0.3490
      0.4116
      0.3991
      0.3136
      0.1989
      0.1024
      0.0460
      0.0284
      0.3583
      0.3299
      0.2593
      0.1785
      0.1164
      0.0858
      0.0844
      0.1054
      0.1521
      0.2431
      0.3937
      0.5774
      0.7147
      0.7239
      0.5934
      0.3933
      0.2138
      0.1041
      0.0692
      0.8071
      0.7273
      0.5341
      0.3266
      0.1818
      0.1191
      0.1164
      0.1458
      0.2033
      0.3179
      0.5222
      0.7919
      1.0182
      1.0721
      0.9159
      0.6384
      0.3743
      0.2073
      0.1532
      1.6840
      1.5101
      1.0917
      0.6459
      0.3359
      0.1947
      0.1672
      0.1886
      0.2375
      0.3474
      0.5667
      0.8822
      1.1759
      1.2892
      1.1563
      0.8646
      0.5718
      0.3836
      0.3226
      2.9067
      2.6043
      1.8764
      1.0997
      0.5537
      0.2901
      0.2118
      0.2078
      0.2319
      0.3108
      0.4980
      0.7947
      1.1014
      1.2677
      1.2174
      1.0186
      0.8120
      0.6874
      0.6503
      4.0451
      3.6236
      2.6085
      1.5225
      0.7513
      0.3641
      0.2279
      0.1929
      0.1891
      0.2285
      0.3554
      0.5817
      0.8459
      1.0431
      1.1178
      1.1164
      1.1270
      1.1729
      1.2008
      4.5171
      4.0465
      2.9125
      1.6973
      0.8289
      0.3830
      0.2139
      0.1589
      0.1371
      0.1448
      0.2114
      0.3534
      0.5491
      0.7558
      0.9618
      1.2060
      1.5112
      1.7997
      1.9219
      4.0451
      3.6248
      2.6126
      1.5286
      0.7538
      0.3537
      0.1976
      0.1412
      0.1108
      0.0968
      0.1172
      0.1900
      0.3224
      0.5231
      0.8262
      1.2761
      1.8447
      2.3583
      2.5696
      2.9067
      2.6089
      1.8942
      1.1352
      0.6014
      0.3327
      0.2279
      0.1802
      0.1386
      0.1005
      0.0833
      0.1064
      0.1902
      0.3698
      0.7057
      1.2493
      1.9475
      2.5755
      2.8325
      1.6840
      1.5224
      1.1413
      0.7539
      0.5058
      0.4016
      0.3631
      0.3193
      0.2477
      0.1655
      0.1022
      0.0815
      0.1244
      0.2679
      0.5748
      1.0954
      1.7739
      2.3862
      2.6370
      0.8071
      0.7527
      0.6386
      0.5616
      0.5713
      0.6333
      0.6692
      0.6217
      0.4906
      0.3245
      0.1822
      0.1015
      0.1005
      0.2055
      0.4689
      0.9365
      1.5567
      2.1206
      2.3522
      0.3583
      0.3724
      0.4369
      0.5890
      0.8248
      1.0727
      1.2215
      1.1855
      0.9652
      0.6514
      0.3633
      0.1780
      0.1195
      0.2053
      0.4861
      1.0129
      1.7271
      2.3831
      2.6536
      0.1989
      0.2532
      0.4319
      0.7602
      1.2222
      1.7170
      2.0647
      2.0925
      1.7627
      1.2201
      0.6900
      0.3306
      0.1916
      0.2939
      0.7093
      1.5167
      2.6257
      3.6505
      4.0743
      0.1669
      0.2440
      0.4971
      0.9698
      1.6668
      2.4695
      3.1031
      3.2560
      2.8148
      1.9846
      1.1360
      0.5453
      0.3068
      0.4570
      1.1100
      2.3925
      4.1613
      5.7988
      6.4764
      0.1683
      0.2572
      0.5545
      1.1314
      2.0243
      3.1068
      4.0166
      4.3042
      3.7764
      2.6896
      1.5498
      0.7465
      0.4188
      0.6212
      1.5117
      3.2641
      5.6831
      7.9237
      8.8510
      0.1706
      0.2630
      0.5753
      1.1914
      2.1625
      3.3608
      4.3872
      4.7340
      4.1731
      2.9813
      1.7214
      0.8302
      0.4658
      0.6909
      1.6819
      3.6328
      6.3262
      8.8211
      9.8537
