      0.0005
      0.0011
      0.0028
      0.0037
      0.0028
      0.0012
      0.0007
      0.0007
      0.0013
      0.0040
      0.0095
      0.0127
      0.0092
      0.0036
      0.0008
      0.0001
      0.0000
      0.0000
      0.0000
      0.0007
      0.0014
      0.0032
      0.0039
      0.0027
      0.0011
      0.0005
      0.0005
      0.0010
      0.0033
      0.0084
      0.0121
      0.0096
      0.0042
      0.0010
      0.0001
      0.0000
      0.0000
      0.0000
      0.0009
      0.0017
      0.0032
      0.0034
      0.0020
      0.0007
      0.0002
      0.0002
      0.0004
      0.0018
      0.0056
      0.0100
      0.0102
      0.0060
      0.0020
      0.0004
      0.0000
      0.0000
      0.0000
      0.0010
      0.0014
      0.0020
      0.0018
      0.0009
      0.0003
      0.0001
      0.0000
      0.0002
      0.0011
      0.0055
      0.0159
      0.0259
      0.0237
      0.0120
      0.0033
      0.0005
      0.0000
      0.0000
      0.0104
      0.0079
      0.0036
      0.0011
      0.0003
      0.0001
      0.0000
      0.0000
      0.0002
      0.0024
      0.0159
      0.0579
      0.1143
      0.1220
      0.0704
      0.0219
      0.0037
      0.0003
      0.0000
      0.1680
      0.1235
      0.0490
      0.0105
      0.0012
      0.0001
      0.0000
      0.0000
      0.0003
      0.0048
      0.0358
      0.1446
      0.3145
      0.3692
      0.2341
      0.0801
      0.0148
      0.0017
      0.0004
      1.4741
      1.0834
      0.4296
      0.0916
      0.0104
      0.0006
      0.0000
      0.0000
      0.0004
      0.0054
      0.0446
      0.1976
      0.4709
      0.6057
      0.4209
      0.1585
      0.0346
      0.0103
      0.0097
      6.9147
      5.0820
      2.0152
      0.4296
      0.0489
      0.0030
      0.0001
      0.0000
      0.0002
      0.0033
      0.0301
      0.1460
      0.3817
      0.5392
      0.4140
      0.1821
      0.0850
      0.1190
      0.1554
     17.4381
     12.8163
      5.0820
      1.0834
      0.1234
      0.0075
      0.0004
      0.0002
      0.0002
      0.0012
      0.0110
      0.0591
      0.1729
      0.2805
      0.2684
      0.2284
      0.4472
      1.0093
      1.3594
     23.7268
     17.4381
      6.9147
      1.4741
      0.1681
      0.0110
      0.0028
      0.0037
      0.0029
      0.0015
      0.0027
      0.0166
      0.0683
      0.1795
      0.3328
      0.6796
      2.0182
      4.7279
      6.3763
     17.4381
     12.8163
      5.0821
      1.0837
      0.1260
      0.0198
      0.0325
      0.0454
      0.0345
      0.0142
      0.0040
      0.0110
      0.0750
      0.2998
      0.7447
      1.7403
      5.1523
     11.9525
     16.0910
      6.9147
      5.0820
      2.0154
      0.4321
      0.0695
      0.0956
      0.2272
      0.3017
      0.2167
      0.0840
      0.0182
      0.0131
      0.0911
      0.4031
      1.0759
      2.5217
      7.1567
     16.3293
     21.9217
      1.4741
      1.0835
      0.4308
      0.1046
      0.1014
      0.3754
      0.8597
      1.0763
      0.7305
      0.2678
      0.0532
      0.0128
      0.0637
      0.3011
      0.8507
      1.9932
      5.4005
     12.0715
     16.1445
      0.1680
      0.1240
      0.0546
      0.0531
      0.2351
      0.8405
      1.7727
      2.0817
      1.3340
      0.4626
      0.0864
      0.0111
      0.0243
      0.1216
      0.3637
      0.8562
      2.2130
      4.8263
      6.4227
      0.0104
      0.0095
      0.0209
      0.0987
      0.3873
      1.1211
      2.1083
      2.3158
      1.4146
      0.4715
      0.0850
      0.0087
      0.0053
      0.0264
      0.0839
      0.2003
      0.4969
      1.0549
      1.3955
      0.0010
      0.0049
      0.0352
      0.1586
      0.4941
      1.2133
      2.1971
      2.5089
      1.6509
      0.6048
      0.1216
      0.0133
      0.0013
      0.0032
      0.0116
      0.0360
      0.1106
      0.2510
      0.3356
      0.0009
      0.0057
      0.0405
      0.1823
      0.6556
      2.0827
      4.7066
      6.2958
      4.6735
      1.8894
      0.4125
      0.0483
      0.0030
      0.0006
      0.0066
      0.0535
      0.2469
      0.6205
      0.8438
      0.0007
      0.0041
      0.0301
      0.1768
      0.9979
      4.2364
     10.7006
     14.9252
     11.3045
      4.6265
      1.0187
      0.1199
      0.0075
      0.0012
      0.0149
      0.1308
      0.6132
      1.5464
      2.1040
      0.0005
      0.0028
      0.0228
      0.1747
      1.2236
      5.5986
     14.4183
     20.2177
     15.3420
      6.2845
      1.3845
      0.1631
      0.0102
      0.0016
      0.0203
      0.1778
      0.8342
      2.1037
      2.8623
