      0.0000
      0.0000
      0.0000
      0.0000
      0.0000
      0.0000
      0.0000
      0.0000
      0.0000
      0.0000
      0.0000
      0.0000
      0.0000
      0.0000
      0.0000
      0.0000
      0.0000
      0.0000
      0.0000
      0.0000
      0.0000
      0.0000
      0.0000
      0.0000
      0.0000
      0.0000
      0.0000
      0.0000
      0.0000
      0.0000
      0.0000
      0.0000
      0.0000
      0.0000
      0.0000
      0.0000
      0.0000
      0.0000
      0.0000
      0.0000
      0.0000
      0.0000
      0.0000
      0.0000
      0.0000
      0.0000
      0.0000
      0.0000
      0.0000
      0.0000
      0.0000
      0.0000
      0.0000
      0.0000
      0.0000
      0.0000
      0.0000
      0.0000
      0.0000
      0.0000
      0.0000
      0.0000
      0.0000
      0.0000
      0.0000
      0.0000
      0.0000
      0.0000
      0.0000
      0.0000
      0.0000
      0.0000
      0.0000
      0.0000
      0.0000
      0.0000
      0.0000
      0.0000
      0.0000
      0.0000
      0.0000
      0.0000
      0.0000
      0.0000
      0.0000
      0.0000
      0.0000
      0.0000
      0.0002
      0.0002
      0.0001
      0.0000
      0.0000
      0.0000
      0.0000
      0.0017
      0.0008
      0.0001
      0.0000
      0.0000
      0.0000
      0.0000
      0.0000
      0.0000
      0.0000
      0.0000
      0.0003
      0.0017
      0.0025
      0.0009
      0.0001
      0.0000
      0.0000
      0.0000
      0.2254
      0.1127
      0.0141
      0.0004
      0.0000
      0.0000
      0.0000
      0.0000
      0.0000
      0.0000
      0.0000
      0.0006
      0.0043
      0.0076
      0.0033
      0.0004
      0.0000
      0.0000
      0.0000
      7.3104
      3.6552
      0.4557
      0.0141
      0.0001
      0.0000
      0.0000
      0.0000
      0.0000
      0.0000
      0.0000
      0.0003
      0.0027
      0.0058
      0.0031
      0.0004
      0.0000
      0.0000
      0.0000
     58.6381
     29.3191
      3.6552
      0.1127
      0.0008
      0.0000
      0.0000
      0.0000
      0.0000
      0.0000
      0.0000
      0.0000
      0.0004
      0.0012
      0.0010
      0.0005
      0.0002
      0.0009
      0.0017
    117.2763
     58.6381
      7.3104
      0.2254
      0.0017
      0.0000
      0.0000
      0.0000
      0.0000
      0.0000
      0.0000
      0.0000
      0.0001
      0.0025
      0.0124
      0.0156
      0.0084
      0.0286
      0.0564
     58.6381
     29.3191
      3.6552
      0.1127
      0.0008
      0.0000
      0.0002
      0.0003
      0.0002
      0.0000
      0.0000
      0.0000
      0.0009
      0.0208
      0.1210
      0.1764
      0.0920
      0.2321
      0.4527
      7.3104
      3.6552
      0.4557
      0.0141
      0.0002
      0.0016
      0.0126
      0.0239
      0.0114
      0.0013
      0.0000
      0.0000
      0.0016
      0.0434
      0.2943
      0.4991
      0.2666
      0.4746
      0.9060
      0.2254
      0.1127
      0.0141
      0.0004
      0.0014
      0.0370
      0.2485
      0.4172
      0.1751
      0.0183
      0.0005
      0.0000
      0.0007
      0.0226
      0.1789
      0.3531
      0.2016
      0.2475
      0.4537
      0.0017
      0.0008
      0.0001
      0.0003
      0.0098
      0.2073
      1.2198
      1.8072
      0.6697
      0.0618
      0.0014
      0.0000
      0.0001
      0.0029
      0.0271
      0.0624
      0.0393
      0.0333
      0.0568
      0.0000
      0.0000
      0.0001
      0.0033
      0.0326
      0.3140
      1.5043
      1.9568
      0.6404
      0.0522
      0.0010
      0.0000
      0.0000
      0.0001
      0.0010
      0.0027
      0.0021
      0.0023
      0.0039
      0.0000
      0.0000
      0.0007
      0.0144
      0.0816
      0.2018
      0.5086
      0.5707
      0.1740
      0.0138
      0.0003
      0.0000
      0.0000
      0.0000
      0.0000
      0.0006
      0.0180
      0.1439
      0.2878
      0.0000
      0.0000
      0.0009
      0.0167
      0.0784
      0.1635
      0.6505
      1.3093
      0.6935
      0.0924
      0.0031
      0.0000
      0.0000
      0.0000
      0.0001
      0.0179
      0.5817
      4.6656
      9.3312
      0.0000
      0.0000
      0.0003
      0.0049
      0.0346
      0.5678
      4.7460
     10.2040
      5.4898
      0.7367
      0.0245
      0.0002
      0.0000
      0.0000
      0.0011
      0.1439
      4.6656
     37.4235
     74.8471
      0.0000
      0.0000
      0.0001
      0.0009
      0.0338
      1.1001
      9.4821
     20.4062
     10.9793
      1.4733
      0.0489
      0.0004
      0.0000
      0.0000
      0.0022
      0.2878
      9.3312
     74.8471
    149.6941
