      0.0015
      0.0037
      0.0091
      0.0123
      0.0091
      0.0037
      0.0010
      0.0005
      0.0007
      0.0023
      0.0054
      0.0072
      0.0052
      0.0021
      0.0004
      0.0000
      0.0000
      0.0000
      0.0000
      0.0022
      0.0047
      0.0105
      0.0130
      0.0088
      0.0033
      0.0008
      0.0004
      0.0006
      0.0019
      0.0048
      0.0069
      0.0055
      0.0024
      0.0006
      0.0001
      0.0000
      0.0000
      0.0000
      0.0029
      0.0055
      0.0104
      0.0111
      0.0065
      0.0021
      0.0004
      0.0002
      0.0003
      0.0010
      0.0031
      0.0055
      0.0055
      0.0031
      0.0010
      0.0002
      0.0000
      0.0000
      0.0000
      0.0027
      0.0041
      0.0063
      0.0058
      0.0029
      0.0008
      0.0001
      0.0000
      0.0001
      0.0006
      0.0027
      0.0074
      0.0117
      0.0106
      0.0053
      0.0015
      0.0002
      0.0000
      0.0000
      0.0183
      0.0142
      0.0070
      0.0027
      0.0008
      0.0002
      0.0000
      0.0000
      0.0001
      0.0010
      0.0069
      0.0252
      0.0496
      0.0529
      0.0305
      0.0095
      0.0016
      0.0001
      0.0000
      0.2885
      0.2122
      0.0844
      0.0182
      0.0021
      0.0002
      0.0000
      0.0001
      0.0002
      0.0021
      0.0155
      0.0626
      0.1362
      0.1599
      0.1014
      0.0347
      0.0064
      0.0008
      0.0002
      2.5307
      1.8600
      0.7376
      0.1572
      0.0179
      0.0011
      0.0002
      0.0002
      0.0003
      0.0024
      0.0193
      0.0855
      0.2039
      0.2622
      0.1824
      0.0689
      0.0157
      0.0057
      0.0058
     11.8710
      8.7247
      3.4596
      0.7375
      0.0840
      0.0051
      0.0004
      0.0003
      0.0003
      0.0015
      0.0130
      0.0632
      0.1654
      0.2339
      0.1808
      0.0827
      0.0464
      0.0709
      0.0923
     29.9372
     22.0026
      8.7247
      1.8599
      0.2119
      0.0129
      0.0006
      0.0003
      0.0002
      0.0006
      0.0048
      0.0257
      0.0758
      0.1252
      0.1267
      0.1263
      0.2702
      0.6018
      0.8055
     40.7333
     29.9372
     11.8710
      2.5307
      0.2884
      0.0180
      0.0020
      0.0022
      0.0017
      0.0008
      0.0013
      0.0078
      0.0336
      0.0942
      0.1882
      0.4094
      1.2133
      2.8052
      3.7681
     29.9372
     22.0026
      8.7247
      1.8601
      0.2134
      0.0199
      0.0188
      0.0258
      0.0196
      0.0081
      0.0022
      0.0061
      0.0420
      0.1704
      0.4317
      1.0334
      3.0640
      7.0648
      9.4903
     11.8710
      8.7247
      3.4598
      0.7395
      0.0972
      0.0599
      0.1309
      0.1720
      0.1232
      0.0477
      0.0104
      0.0075
      0.0517
      0.2297
      0.6189
      1.4771
      4.2248
      9.6260
     12.9099
      2.5307
      1.8602
      0.7397
      0.1717
      0.0877
      0.2390
      0.5069
      0.6186
      0.4164
      0.1522
      0.0302
      0.0073
      0.0362
      0.1713
      0.4870
      1.1583
      3.1730
      7.1027
      9.4971
      0.2885
      0.2135
      0.0981
      0.0904
      0.2508
      0.6273
      1.1109
      1.2204
      0.7645
      0.2631
      0.0490
      0.0063
      0.0138
      0.0691
      0.2078
      0.4957
      1.2983
      2.8416
      3.7830
      0.0183
      0.0194
      0.0578
      0.2339
      0.6169
      1.1134
      1.4988
      1.4068
      0.8096
      0.2638
      0.0470
      0.0048
      0.0030
      0.0151
      0.0488
      0.1240
      0.3300
      0.7193
      0.9559
      0.0027
      0.0154
      0.1099
      0.4395
      1.0065
      1.4760
      1.6370
      1.4235
      0.8386
      0.2935
      0.0576
      0.0062
      0.0007
      0.0023
      0.0151
      0.0952
      0.4135
      1.0270
      1.3939
      0.0029
      0.0184
      0.1257
      0.4735
      1.0629
      1.7447
      2.5532
      2.9181
      2.0734
      0.8278
      0.1799
      0.0210
      0.0014
      0.0028
      0.0436
      0.3802
      1.7812
      4.4909
      6.1101
      0.0022
      0.0130
      0.0834
      0.3146
      0.8671
      2.2661
      4.8682
      6.5343
      4.9078
      2.0047
      0.4412
      0.0519
      0.0035
      0.0067
      0.1090
      0.9565
      4.4866
     11.3146
     15.3949
      0.0015
      0.0087
      0.0540
      0.2162
      0.7709
      2.6477
      6.3548
      8.7836
      6.6465
      2.7211
      0.5994
      0.0706
      0.0047
      0.0091
      0.1483
      1.3014
      6.1045
     15.3947
     20.9465
