      0.0000
      0.0000
      0.0000
      0.0000
      0.0000
      0.0000
      0.0000
      0.0000
      0.0000
      0.0000
      0.0000
      0.0000
      0.0000
      0.0000
      0.0000
      0.0000
      0.0000
      0.0000
      0.0000
      0.0000
      0.0000
      0.0000
      0.0000
      0.0000
      0.0000
      0.0000
      0.0000
      0.0000
      0.0000
      0.0000
      0.0000
      0.0000
      0.0000
      0.0000
      0.0000
      0.0000
      0.0000
      0.0000
      0.0000
      0.0000
      0.0000
      0.0000
      0.0000
      0.0000
      0.0000
      0.0000
      0.0000
      0.0000
      0.0000
      0.0000
      0.0000
      0.0000
      0.0000
      0.0000
      0.0000
      0.0000
      0.0000
      0.0000
      0.0000
      0.0000
      0.0000
      0.0000
      0.0000
      0.0000
      0.0000
      0.0000
      0.0000
      0.0000
      0.0000
      0.0000
      0.0000
      0.0000
      0.0000
      0.0000
      0.0000
      0.0000
      0.0000
      0.0000
      0.0000
      0.0000
      0.0000
      0.0000
      0.0000
      0.0000
      0.0000
      0.0000
      0.0000
      0.0001
      0.0003
      0.0004
      0.0001
      0.0000
      0.0000
      0.0000
      0.0000
      0.0020
      0.0010
      0.0001
      0.0000
      0.0000
      0.0000
      0.0000
      0.0000
      0.0000
      0.0000
      0.0000
      0.0006
      0.0033
      0.0048
      0.0017
      0.0002
      0.0000
      0.0000
      0.0000
      0.2683
      0.1341
      0.0167
      0.0005
      0.0000
      0.0000
      0.0000
      0.0000
      0.0000
      0.0000
      0.0000
      0.0012
      0.0082
      0.0145
      0.0064
      0.0007
      0.0000
      0.0000
      0.0000
      8.6990
      4.3495
      0.5423
      0.0167
      0.0001
      0.0000
      0.0000
      0.0000
      0.0000
      0.0000
      0.0000
      0.0006
      0.0051
      0.0110
      0.0060
      0.0008
      0.0001
      0.0005
      0.0010
     69.7765
     34.8883
      4.3495
      0.1341
      0.0010
      0.0000
      0.0000
      0.0000
      0.0000
      0.0000
      0.0000
      0.0001
      0.0008
      0.0021
      0.0014
      0.0005
      0.0084
      0.0671
      0.1341
    139.5530
     69.7765
      8.6990
      0.2683
      0.0020
      0.0000
      0.0000
      0.0000
      0.0000
      0.0000
      0.0000
      0.0000
      0.0000
      0.0005
      0.0021
      0.0108
      0.2720
      2.1744
      4.3485
     69.7765
     34.8883
      4.3495
      0.1341
      0.0010
      0.0000
      0.0000
      0.0001
      0.0000
      0.0000
      0.0000
      0.0000
      0.0001
      0.0032
      0.0191
      0.0941
      2.1845
     17.4413
     34.8801
      8.6990
      4.3495
      0.5423
      0.0167
      0.0001
      0.0003
      0.0019
      0.0037
      0.0017
      0.0002
      0.0000
      0.0000
      0.0002
      0.0067
      0.0462
      0.2105
      4.3810
     34.8836
     69.7600
      0.2683
      0.1341
      0.0167
      0.0005
      0.0003
      0.0058
      0.0382
      0.0640
      0.0269
      0.0028
      0.0001
      0.0000
      0.0001
      0.0035
      0.0279
      0.1211
      2.2009
     17.4432
     34.8800
      0.0020
      0.0010
      0.0001
      0.0005
      0.0048
      0.0377
      0.1898
      0.2776
      0.1028
      0.0095
      0.0002
      0.0000
      0.0000
      0.0005
      0.0042
      0.0179
      0.2765
      2.1750
      4.3485
      0.0000
      0.0000
      0.0004
      0.0091
      0.0579
      0.1296
      0.2624
      0.3038
      0.0986
      0.0080
      0.0002
      0.0000
      0.0000
      0.0000
      0.0002
      0.0007
      0.0087
      0.0673
      0.1345
      0.0000
      0.0000
      0.0020
      0.0419
      0.2232
      0.3136
      0.2023
      0.1638
      0.0638
      0.0071
      0.0002
      0.0000
      0.0000
      0.0000
      0.0000
      0.0001
      0.0036
      0.0292
      0.0585
      0.0000
      0.0000
      0.0026
      0.0485
      0.2250
      0.3837
      1.2024
      2.4323
      1.3045
      0.1749
      0.0058
      0.0000
      0.0000
      0.0000
      0.0000
      0.0036
      0.1161
      0.9314
      1.8628
      0.0000
      0.0000
      0.0009
      0.0142
      0.0850
      1.0994
      9.0393
     19.4264
     10.4517
      1.4025
      0.0466
      0.0004
      0.0000
      0.0000
      0.0002
      0.0287
      0.9314
      7.4709
     14.9417
      0.0000
      0.0000
      0.0001
      0.0024
      0.0667
      2.0965
     18.0532
     38.8511
     20.9034
      2.8050
      0.0932
      0.0008
      0.0000
      0.0000
      0.0004
      0.0574
      1.8628
     14.9417
     29.8835
