      0.5715
      0.5838
      0.6064
      0.6092
      0.5721
      0.5006
      0.4190
      0.3520
      0.3105
      0.2902
      0.2776
      0.2580
      0.2229
      0.1741
      0.1210
      0.0750
      0.0426
      0.0248
      0.0193
      0.5611
      0.5709
      0.5876
      0.5845
      0.5448
      0.4752
      0.3991
      0.3392
      0.3051
      0.2920
      0.2862
      0.2725
      0.2416
      0.1939
      0.1387
      0.0884
      0.0514
      0.0302
      0.0235
      0.5368
      0.5399
      0.5405
      0.5218
      0.4758
      0.4125
      0.3524
      0.3123
      0.2979
      0.3032
      0.3149
      0.3174
      0.2981
      0.2540
      0.1932
      0.1307
      0.0802
      0.0490
      0.0386
      0.5243
      0.5173
      0.4943
      0.4532
      0.3994
      0.3467
      0.3100
      0.2971
      0.3073
      0.3342
      0.3670
      0.3908
      0.3891
      0.3523
      0.2853
      0.2059
      0.1354
      0.0888
      0.0728
      0.5715
      0.5509
      0.4959
      0.4239
      0.3573
      0.3142
      0.3010
      0.3134
      0.3432
      0.3850
      0.4341
      0.4788
      0.4991
      0.4765
      0.4093
      0.3163
      0.2261
      0.1633
      0.1411
      0.7318
      0.6926
      0.5924
      0.4738
      0.3802
      0.3347
      0.3341
      0.3594
      0.3946
      0.4373
      0.4918
      0.5531
      0.5988
      0.6015
      0.5500
      0.4599
      0.3638
      0.2934
      0.2679
      1.0234
      0.9595
      0.7986
      0.6123
      0.4695
      0.4005
      0.3920
      0.4109
      0.4342
      0.4629
      0.5114
      0.5829
      0.6564
      0.6984
      0.6880
      0.6328
      0.5616
      0.5056
      0.4848
      1.3895
      1.2982
      1.0684
      0.8016
      0.5926
      0.4801
      0.4437
      0.4390
      0.4377
      0.4437
      0.4789
      0.5549
      0.6562
      0.7498
      0.8092
      0.8302
      0.8274
      0.8187
      0.8148
      1.7022
      1.5889
      1.3029
      0.9679
      0.6980
      0.5389
      0.4671
      0.4325
      0.4043
      0.3873
      0.4072
      0.4823
      0.6070
      0.7570
      0.9063
      1.0388
      1.1459
      1.2178
      1.2435
      1.8259
      1.7055
      1.4009
      1.0421
      0.7479
      0.5647
      0.4688
      0.4106
      0.3607
      0.3244
      0.3281
      0.3954
      0.5330
      0.7312
      0.9707
      1.2261
      1.4618
      1.6319
      1.6945
      1.7022
      1.5950
      1.3247
      1.0075
      0.7473
      0.5816
      0.4859
      0.4161
      0.3486
      0.2917
      0.2734
      0.3223
      0.4565
      0.6810
      0.9867
      1.3431
      1.6913
      1.9506
      2.0471
      1.3895
      1.3143
      1.1273
      0.9142
      0.7463
      0.6405
      0.5681
      0.4927
      0.4020
      0.3134
      0.2604
      0.2767
      0.3885
      0.6115
      0.9449
      1.3575
      1.7760
      2.0942
      2.2138
      1.0234
      0.9912
      0.9170
      0.8468
      0.8081
      0.7880
      0.7490
      0.6627
      0.5333
      0.3941
      0.2898
      0.2602
      0.3353
      0.5360
      0.8671
      1.2992
      1.7515
      2.1019
      2.2347
      0.7318
      0.7441
      0.7873
      0.8672
      0.9652
      1.0348
      1.0256
      0.9170
      0.7319
      0.5247
      0.3555
      0.2720
      0.3075
      0.4861
      0.8175
      1.2742
      1.7677
      2.1572
      2.3060
      0.5715
      0.6222
      0.7673
      0.9782
      1.1965
      1.3444
      1.3581
      1.2212
      0.9738
      0.6911
      0.4513
      0.3137
      0.3195
      0.5007
      0.8753
      1.4165
      2.0175
      2.4994
      2.6849
      0.5243
      0.6032
      0.8233
      1.1320
      1.4420
      1.6524
      1.6872
      1.5295
      1.2288
      0.8767
      0.5697
      0.3842
      0.3774
      0.5982
      1.0796
      1.7932
      2.5982
      3.2496
      3.5015
      0.5368
      0.6330
      0.8994
      1.2698
      1.6413
      1.8993
      1.9581
      1.7952
      1.4606
      1.0555
      0.6930
      0.4699
      0.4655
      0.7525
      1.3833
      2.3265
      3.3973
      4.2670
      4.6040
      0.5611
      0.6656
      0.9548
      1.3568
      1.7626
      2.0523
      2.1333
      1.9759
      1.6264
      1.1893
      0.7898
      0.5423
      0.5461
      0.8956
      1.6597
      2.8046
      4.1070
      5.1662
      5.5768
      0.5715
      0.6784
      0.9740
      1.3854
      1.8022
      2.1031
      2.1935
      2.0402
      1.6871
      1.2395
      0.8270
      0.5709
      0.5788
      0.9538
      1.7716
      2.9972
      4.3919
      5.5266
      5.9665
