      0.2626
      0.2859
      0.3320
      0.3519
      0.3171
      0.2438
      0.1763
      0.1536
      0.1905
      0.2721
      0.3557
      0.3892
      0.3470
      0.2499
      0.1448
      0.0676
      0.0258
      0.0089
      0.0047
      0.2635
      0.2838
      0.3226
      0.3351
      0.2970
      0.2252
      0.1610
      0.1399
      0.1750
      0.2536
      0.3373
      0.3766
      0.3441
      0.2550
      0.1529
      0.0742
      0.0295
      0.0104
      0.0056
      0.2698
      0.2813
      0.2990
      0.2914
      0.2452
      0.1783
      0.1238
      0.1076
      0.1394
      0.2120
      0.2977
      0.3540
      0.3476
      0.2793
      0.1831
      0.0978
      0.0429
      0.0165
      0.0092
      0.3185
      0.3134
      0.2927
      0.2493
      0.1877
      0.1261
      0.0848
      0.0763
      0.1067
      0.1758
      0.2697
      0.3538
      0.3856
      0.3449
      0.2518
      0.1498
      0.0731
      0.0313
      0.0189
      0.5360
      0.4966
      0.3959
      0.2738
      0.1676
      0.0964
      0.0624
      0.0611
      0.0925
      0.1632
      0.2730
      0.3944
      0.4735
      0.4648
      0.3712
      0.2414
      0.1299
      0.0631
      0.0420
      1.1497
      1.0375
      0.7635
      0.4616
      0.2355
      0.1120
      0.0658
      0.0642
      0.0948
      0.1674
      0.2936
      0.4536
      0.5841
      0.6149
      0.5277
      0.3724
      0.2231
      0.1269
      0.0951
      2.3578
      2.1141
      1.5248
      0.8876
      0.4248
      0.1823
      0.0928
      0.0780
      0.1009
      0.1676
      0.2981
      0.4829
      0.6587
      0.7396
      0.6851
      0.5341
      0.3689
      0.2541
      0.2147
      4.0497
      3.6269
      2.6058
      1.5054
      0.7098
      0.2934
      0.1353
      0.0961
      0.1040
      0.1540
      0.2700
      0.4563
      0.6642
      0.8086
      0.8291
      0.7382
      0.6052
      0.5007
      0.4627
      5.6282
      5.0397
      3.6195
      2.0908
      0.9877
      0.4116
      0.1914
      0.1297
      0.1198
      0.1442
      0.2301
      0.3995
      0.6305
      0.8537
      0.9938
      1.0236
      0.9785
      0.9204
      0.8959
      6.2831
      5.6273
      4.0463
      2.3498
      1.1355
      0.5142
      0.2866
      0.2216
      0.1924
      0.1789
      0.2198
      0.3607
      0.6113
      0.9229
      1.2074
      1.3933
      1.4711
      1.4839
      1.4815
      5.6282
      5.0452
      3.6449
      2.1583
      1.1240
      0.6330
      0.4836
      0.4409
      0.3806
      0.3004
      0.2685
      0.3613
      0.6157
      0.9980
      1.4084
      1.7365
      1.9308
      2.0135
      2.0335
      4.0497
      3.6424
      2.6760
      1.6867
      1.0643
      0.8511
      0.8498
      0.8382
      0.7143
      0.5198
      0.3724
      0.3819
      0.5992
      0.9944
      1.4604
      1.8648
      2.1286
      2.2559
      2.2907
      2.3578
      2.1475
      1.6717
      1.2543
      1.1147
      1.2265
      1.3833
      1.3766
      1.1440
      0.7914
      0.4952
      0.3896
      0.5215
      0.8538
      1.2816
      1.6755
      1.9488
      2.0905
      2.1317
      1.1497
      1.0955
      1.0144
      1.0680
      1.3340
      1.7106
      1.9699
      1.9197
      1.5491
      1.0318
      0.5922
      0.3709
      0.3954
      0.6166
      0.9436
      1.2729
      1.5272
      1.6774
      1.7258
      0.5360
      0.5799
      0.7501
      1.1089
      1.6349
      2.1645
      2.4530
      2.3316
      1.8380
      1.1950
      0.6517
      0.3424
      0.2734
      0.3883
      0.6195
      0.9023
      1.1740
      1.3730
      1.4468
      0.3185
      0.4128
      0.7118
      1.2247
      1.8755
      2.4696
      2.7613
      2.5983
      2.0387
      1.3227
      0.7105
      0.3370
      0.2016
      0.2512
      0.4468
      0.7636
      1.1457
      1.4738
      1.6052
      0.2698
      0.3827
      0.7271
      1.2905
      1.9825
      2.6121
      2.9402
      2.8043
      2.2411
      1.4835
      0.8080
      0.3721
      0.1883
      0.2153
      0.4418
      0.8767
      1.4582
      1.9869
      2.2039
      0.2635
      0.3786
      0.7260
      1.2899
      1.9903
      2.6558
      3.0510
      2.9831
      2.4459
      1.6585
      0.9212
      0.4262
      0.2065
      0.2335
      0.5162
      1.0863
      1.8702
      2.5934
      2.8922
      0.2626
      0.3765
      0.7199
      1.2783
      1.9796
      2.6632
      3.0936
      3.0614
      2.5388
      1.7385
      0.9734
      0.4523
      0.2184
      0.2479
      0.5576
      1.1873
      2.0575
      2.8625
      3.1954
