      0.0000
      0.0000
      0.0000
      0.0000
      0.0000
      0.0000
      0.0000
      0.0000
      0.0000
      0.0000
      0.0000
      0.0000
      0.0000
      0.0000
      0.0000
      0.0000
      0.0000
      0.0000
      0.0000
      0.0000
      0.0000
      0.0000
      0.0000
      0.0000
      0.0000
      0.0000
      0.0000
      0.0000
      0.0000
      0.0000
      0.0000
      0.0000
      0.0000
      0.0000
      0.0000
      0.0000
      0.0000
      0.0000
      0.0000
      0.0000
      0.0000
      0.0000
      0.0000
      0.0000
      0.0000
      0.0000
      0.0000
      0.0000
      0.0000
      0.0000
      0.0000
      0.0000
      0.0000
      0.0000
      0.0000
      0.0000
      0.0000
      0.0000
      0.0000
      0.0000
      0.0000
      0.0000
      0.0000
      0.0000
      0.0000
      0.0000
      0.0000
      0.0000
      0.0000
      0.0000
      0.0000
      0.0000
      0.0000
      0.0000
      0.0000
      0.0000
      0.0000
      0.0000
      0.0000
      0.0000
      0.0000
      0.0000
      0.0000
      0.0000
      0.0000
      0.0000
      0.0000
      0.0001
      0.0005
      0.0006
      0.0002
      0.0000
      0.0000
      0.0000
      0.0000
      0.0007
      0.0004
      0.0000
      0.0000
      0.0000
      0.0000
      0.0000
      0.0000
      0.0000
      0.0000
      0.0000
      0.0009
      0.0052
      0.0075
      0.0027
      0.0002
      0.0000
      0.0000
      0.0000
      0.0987
      0.0494
      0.0062
      0.0002
      0.0000
      0.0000
      0.0000
      0.0000
      0.0000
      0.0000
      0.0001
      0.0018
      0.0129
      0.0227
      0.0100
      0.0011
      0.0000
      0.0000
      0.0000
      3.2020
      1.6010
      0.1996
      0.0062
      0.0000
      0.0000
      0.0000
      0.0000
      0.0000
      0.0000
      0.0000
      0.0009
      0.0080
      0.0173
      0.0093
      0.0013
      0.0001
      0.0004
      0.0008
     25.6839
     12.8419
      1.6010
      0.0494
      0.0004
      0.0000
      0.0000
      0.0000
      0.0000
      0.0000
      0.0000
      0.0001
      0.0012
      0.0033
      0.0023
      0.0007
      0.0069
      0.0549
      0.1097
     51.3677
     25.6839
      3.2020
      0.0987
      0.0007
      0.0000
      0.0000
      0.0000
      0.0000
      0.0000
      0.0000
      0.0000
      0.0001
      0.0008
      0.0035
      0.0110
      0.2233
      1.7796
      3.5588
     25.6839
     12.8419
      1.6010
      0.0494
      0.0004
      0.0000
      0.0000
      0.0001
      0.0000
      0.0000
      0.0000
      0.0000
      0.0002
      0.0055
      0.0325
      0.1015
      1.7967
     14.2747
     28.5458
      3.2020
      1.6010
      0.1996
      0.0062
      0.0001
      0.0004
      0.0033
      0.0063
      0.0030
      0.0004
      0.0000
      0.0000
      0.0004
      0.0115
      0.0788
      0.2416
      3.6147
     28.5517
     57.0915
      0.0987
      0.0494
      0.0062
      0.0002
      0.0004
      0.0099
      0.0659
      0.1105
      0.0464
      0.0048
      0.0001
      0.0000
      0.0002
      0.0060
      0.0478
      0.1482
      1.8254
     14.2785
     28.5459
      0.0007
      0.0004
      0.0001
      0.0005
      0.0053
      0.0599
      0.3254
      0.4790
      0.1774
      0.0164
      0.0004
      0.0000
      0.0000
      0.0008
      0.0072
      0.0233
      0.2313
      1.7807
      3.5589
      0.0000
      0.0000
      0.0003
      0.0080
      0.0528
      0.1514
      0.4251
      0.5218
      0.1702
      0.0139
      0.0003
      0.0000
      0.0000
      0.0000
      0.0003
      0.0009
      0.0074
      0.0556
      0.1111
      0.0000
      0.0000
      0.0017
      0.0370
      0.1979
      0.2925
      0.2616
      0.2643
      0.1037
      0.0114
      0.0003
      0.0000
      0.0000
      0.0000
      0.0000
      0.0003
      0.0111
      0.0889
      0.1778
      0.0000
      0.0000
      0.0023
      0.0429
      0.2014
      0.4293
      1.8372
      3.8117
      2.0458
      0.2744
      0.0091
      0.0001
      0.0000
      0.0000
      0.0001
      0.0110
      0.3578
      2.8697
      5.7394
      0.0000
      0.0000
      0.0008
      0.0127
      0.0956
      1.6871
     14.1662
     30.4635
     16.3902
      2.1994
      0.0730
      0.0006
      0.0000
      0.0000
      0.0007
      0.0885
      2.8697
     23.0184
     46.0369
      0.0000
      0.0000
      0.0001
      0.0024
      0.0999
      3.2838
     28.3098
     60.9254
     32.7803
      4.3988
      0.1461
      0.0012
      0.0000
      0.0000
      0.0013
      0.1770
      5.7394
     46.0369
     92.0738
