      0.0000
      0.0000
      0.0000
      0.0000
      0.0000
      0.0000
      0.0000
      0.0000
      0.0000
      0.0000
      0.0000
      0.0000
      0.0000
      0.0000
      0.0000
      0.0000
      0.0000
      0.0000
      0.0000
      0.0000
      0.0000
      0.0000
      0.0000
      0.0000
      0.0000
      0.0000
      0.0000
      0.0000
      0.0000
      0.0000
      0.0000
      0.0000
      0.0000
      0.0000
      0.0000
      0.0000
      0.0000
      0.0000
      0.0000
      0.0000
      0.0000
      0.0000
      0.0000
      0.0000
      0.0000
      0.0000
      0.0000
      0.0000
      0.0000
      0.0000
      0.0000
      0.0000
      0.0000
      0.0000
      0.0000
      0.0000
      0.0000
      0.0000
      0.0000
      0.0000
      0.0000
      0.0000
      0.0000
      0.0000
      0.0000
      0.0000
      0.0000
      0.0000
      0.0000
      0.0000
      0.0000
      0.0000
      0.0000
      0.0000
      0.0000
      0.0000
      0.0000
      0.0000
      0.0000
      0.0000
      0.0000
      0.0000
      0.0000
      0.0000
      0.0000
      0.0000
      0.0000
      0.0001
      0.0003
      0.0004
      0.0001
      0.0000
      0.0000
      0.0000
      0.0000
      0.0008
      0.0004
      0.0001
      0.0000
      0.0000
      0.0000
      0.0000
      0.0000
      0.0000
      0.0000
      0.0000
      0.0006
      0.0035
      0.0050
      0.0018
      0.0002
      0.0000
      0.0000
      0.0000
      0.1118
      0.0559
      0.0070
      0.0002
      0.0000
      0.0000
      0.0000
      0.0000
      0.0000
      0.0000
      0.0000
      0.0012
      0.0086
      0.0151
      0.0067
      0.0007
      0.0000
      0.0000
      0.0000
      3.6254
      1.8127
      0.2260
      0.0070
      0.0001
      0.0000
      0.0000
      0.0000
      0.0000
      0.0000
      0.0000
      0.0006
      0.0053
      0.0115
      0.0062
      0.0008
      0.0001
      0.0002
      0.0004
     29.0804
     14.5402
      1.8127
      0.0559
      0.0004
      0.0000
      0.0000
      0.0000
      0.0000
      0.0000
      0.0000
      0.0001
      0.0008
      0.0022
      0.0016
      0.0005
      0.0038
      0.0296
      0.0592
     58.1607
     29.0804
      3.6254
      0.1118
      0.0008
      0.0000
      0.0000
      0.0000
      0.0000
      0.0000
      0.0000
      0.0000
      0.0001
      0.0012
      0.0057
      0.0108
      0.1220
      0.9599
      1.9192
     29.0804
     14.5402
      1.8127
      0.0559
      0.0004
      0.0000
      0.0001
      0.0002
      0.0001
      0.0000
      0.0000
      0.0000
      0.0004
      0.0094
      0.0551
      0.1093
      0.9890
      7.7001
     15.3944
      3.6254
      1.8127
      0.2260
      0.0070
      0.0001
      0.0007
      0.0057
      0.0108
      0.0052
      0.0006
      0.0000
      0.0000
      0.0007
      0.0197
      0.1338
      0.2847
      2.0148
     15.4044
     30.7887
      0.1118
      0.0559
      0.0070
      0.0002
      0.0007
      0.0169
      0.1127
      0.1891
      0.0794
      0.0083
      0.0002
      0.0000
      0.0003
      0.0103
      0.0813
      0.1893
      1.0383
      7.7067
     15.3946
      0.0008
      0.0004
      0.0001
      0.0006
      0.0076
      0.0998
      0.5555
      0.8195
      0.3036
      0.0280
      0.0006
      0.0000
      0.0000
      0.0013
      0.0123
      0.0319
      0.1358
      0.9619
      1.9193
      0.0000
      0.0000
      0.0004
      0.0098
      0.0664
      0.2219
      0.7127
      0.8905
      0.2906
      0.0237
      0.0005
      0.0000
      0.0000
      0.0000
      0.0005
      0.0014
      0.0046
      0.0306
      0.0610
      0.0000
      0.0000
      0.0021
      0.0453
      0.2426
      0.3670
      0.3487
      0.3264
      0.1115
      0.0106
      0.0003
      0.0000
      0.0000
      0.0000
      0.0000
      0.0005
      0.0152
      0.1219
      0.2438
      0.0000
      0.0000
      0.0029
      0.0524
      0.2431
      0.4124
      1.2697
      2.5534
      1.3664
      0.1831
      0.0061
      0.0000
      0.0000
      0.0000
      0.0001
      0.0152
      0.4919
      3.9459
      7.8917
      0.0000
      0.0000
      0.0010
      0.0154
      0.0908
      1.1513
      9.4508
     20.3096
     10.9268
      1.4663
      0.0487
      0.0004
      0.0000
      0.0000
      0.0009
      0.1217
      3.9459
     31.6505
     63.3010
      0.0000
      0.0000
      0.0002
      0.0026
      0.0699
      2.1920
     18.8738
     40.6169
     21.8535
      2.9325
      0.0974
      0.0008
      0.0000
      0.0000
      0.0018
      0.2434
      7.8917
     63.3010
    126.6020
