      0.0000
      0.0000
      0.0000
      0.0000
      0.0000
      0.0000
      0.0000
      0.0000
      0.0000
      0.0000
      0.0000
      0.0000
      0.0000
      0.0000
      0.0000
      0.0000
      0.0000
      0.0000
      0.0000
      0.0000
      0.0000
      0.0000
      0.0000
      0.0000
      0.0000
      0.0000
      0.0000
      0.0000
      0.0000
      0.0000
      0.0000
      0.0000
      0.0000
      0.0000
      0.0000
      0.0000
      0.0000
      0.0000
      0.0000
      0.0000
      0.0000
      0.0000
      0.0000
      0.0000
      0.0000
      0.0000
      0.0000
      0.0000
      0.0000
      0.0000
      0.0000
      0.0000
      0.0000
      0.0000
      0.0000
      0.0000
      0.0000
      0.0000
      0.0000
      0.0000
      0.0000
      0.0000
      0.0000
      0.0000
      0.0000
      0.0000
      0.0000
      0.0000
      0.0000
      0.0000
      0.0000
      0.0000
      0.0000
      0.0000
      0.0000
      0.0000
      0.0000
      0.0000
      0.0000
      0.0000
      0.0000
      0.0000
      0.0000
      0.0000
      0.0000
      0.0000
      0.0000
      0.0000
      0.0002
      0.0002
      0.0001
      0.0000
      0.0000
      0.0000
      0.0000
      0.0017
      0.0009
      0.0001
      0.0000
      0.0000
      0.0000
      0.0000
      0.0000
      0.0000
      0.0000
      0.0000
      0.0003
      0.0020
      0.0028
      0.0010
      0.0001
      0.0000
      0.0000
      0.0000
      0.2271
      0.1135
      0.0142
      0.0004
      0.0000
      0.0000
      0.0000
      0.0000
      0.0000
      0.0000
      0.0000
      0.0007
      0.0049
      0.0086
      0.0038
      0.0004
      0.0000
      0.0000
      0.0000
      7.3636
      3.6818
      0.4590
      0.0142
      0.0001
      0.0000
      0.0000
      0.0000
      0.0000
      0.0000
      0.0000
      0.0003
      0.0030
      0.0066
      0.0035
      0.0005
      0.0000
      0.0002
      0.0005
     59.0649
     29.5324
      3.6818
      0.1135
      0.0009
      0.0000
      0.0000
      0.0000
      0.0000
      0.0000
      0.0000
      0.0000
      0.0005
      0.0013
      0.0009
      0.0004
      0.0041
      0.0328
      0.0655
    118.1297
     59.0649
      7.3636
      0.2271
      0.0017
      0.0000
      0.0000
      0.0000
      0.0000
      0.0000
      0.0000
      0.0000
      0.0001
      0.0008
      0.0038
      0.0088
      0.1341
      1.0629
      2.1255
     59.0649
     29.5324
      3.6818
      0.1135
      0.0009
      0.0000
      0.0000
      0.0001
      0.0001
      0.0000
      0.0000
      0.0000
      0.0003
      0.0063
      0.0369
      0.0860
      1.0823
      8.5263
     17.0487
      7.3636
      3.6818
      0.4590
      0.0142
      0.0001
      0.0005
      0.0038
      0.0072
      0.0034
      0.0004
      0.0000
      0.0000
      0.0005
      0.0132
      0.0896
      0.2162
      2.1893
     17.0554
     34.0973
      0.2271
      0.1135
      0.0142
      0.0004
      0.0005
      0.0113
      0.0753
      0.1263
      0.0530
      0.0055
      0.0001
      0.0000
      0.0002
      0.0069
      0.0544
      0.1394
      1.1153
      8.5307
     17.0488
      0.0017
      0.0009
      0.0001
      0.0004
      0.0051
      0.0666
      0.3710
      0.5474
      0.2028
      0.0187
      0.0004
      0.0000
      0.0000
      0.0009
      0.0082
      0.0229
      0.1433
      1.0643
      2.1255
      0.0000
      0.0000
      0.0003
      0.0065
      0.0441
      0.1479
      0.4759
      0.5947
      0.1941
      0.0158
      0.0003
      0.0000
      0.0000
      0.0000
      0.0003
      0.0010
      0.0048
      0.0340
      0.0678
      0.0000
      0.0000
      0.0014
      0.0301
      0.1613
      0.2437
      0.2290
      0.2102
      0.0703
      0.0065
      0.0002
      0.0000
      0.0000
      0.0000
      0.0000
      0.0006
      0.0189
      0.1516
      0.3033
      0.0000
      0.0000
      0.0019
      0.0348
      0.1612
      0.2610
      0.7303
      1.4525
      0.7766
      0.1040
      0.0035
      0.0000
      0.0000
      0.0000
      0.0001
      0.0189
      0.6120
      4.9089
      9.8179
      0.0000
      0.0000
      0.0006
      0.0102
      0.0573
      0.6596
      5.3695
     11.5361
      6.2065
      0.8329
      0.0277
      0.0002
      0.0000
      0.0000
      0.0011
      0.1514
      4.9089
     39.3754
     78.7509
      0.0000
      0.0000
      0.0001
      0.0017
      0.0404
      1.2457
     10.7206
     23.0707
     12.4129
      1.6657
      0.0553
      0.0004
      0.0000
      0.0000
      0.0023
      0.3028
      9.8179
     78.7509
    157.5017
