      0.0864
      0.0925
      0.1050
      0.1115
      0.1058
      0.0940
      0.0916
      0.1149
      0.1737
      0.2602
      0.3414
      0.3725
      0.3312
      0.2380
      0.1377
      0.0641
      0.0244
      0.0083
      0.0044
      0.0889
      0.0941
      0.1043
      0.1081
      0.1004
      0.0878
      0.0846
      0.1061
      0.1611
      0.2435
      0.3235
      0.3591
      0.3263
      0.2408
      0.1438
      0.0695
      0.0275
      0.0096
      0.0051
      0.1037
      0.1054
      0.1069
      0.1015
      0.0879
      0.0734
      0.0698
      0.0880
      0.1349
      0.2078
      0.2859
      0.3340
      0.3237
      0.2576
      0.1675
      0.0888
      0.0386
      0.0147
      0.0082
      0.1691
      0.1609
      0.1388
      0.1093
      0.0813
      0.0635
      0.0620
      0.0800
      0.1202
      0.1840
      0.2628
      0.3298
      0.3505
      0.3090
      0.2234
      0.1318
      0.0637
      0.0270
      0.0161
      0.3924
      0.3575
      0.2719
      0.1770
      0.1074
      0.0758
      0.0765
      0.0978
      0.1342
      0.1913
      0.2740
      0.3653
      0.4229
      0.4081
      0.3226
      0.2078
      0.1103
      0.0525
      0.0343
      0.9614
      0.8644
      0.6300
      0.3791
      0.2042
      0.1272
      0.1192
      0.1407
      0.1712
      0.2191
      0.3041
      0.4199
      0.5170
      0.5341
      0.4527
      0.3149
      0.1845
      0.1017
      0.0747
      2.0400
      1.8288
      1.3200
      0.7773
      0.3984
      0.2223
      0.1808
      0.1900
      0.2061
      0.2374
      0.3159
      0.4469
      0.5802
      0.6378
      0.5807
      0.4427
      0.2965
      0.1976
      0.1643
      3.5303
      3.1628
      2.2777
      1.3325
      0.6663
      0.3418
      0.2407
      0.2235
      0.2178
      0.2270
      0.2895
      0.4220
      0.5835
      0.6937
      0.6954
      0.6015
      0.4775
      0.3856
      0.3534
      4.9140
      4.4019
      3.1687
      1.8501
      0.9154
      0.4491
      0.2879
      0.2432
      0.2167
      0.2037
      0.2450
      0.3695
      0.5560
      0.7347
      0.8338
      0.8338
      0.7757
      0.7182
      0.6960
      5.4873
      4.9161
      3.5415
      2.0741
      1.0376
      0.5244
      0.3486
      0.2960
      0.2538
      0.2147
      0.2263
      0.3357
      0.5474
      0.8078
      1.0310
      1.1578
      1.1943
      1.1885
      1.1820
      4.9140
      4.4054
      3.1850
      1.8944
      1.0068
      0.6002
      0.4897
      0.4597
      0.3979
      0.3095
      0.2655
      0.3404
      0.5641
      0.8959
      1.2360
      1.4870
      1.6180
      1.6642
      1.6732
      3.5303
      3.1721
      2.3219
      1.4526
      0.9130
      0.7452
      0.7716
      0.7835
      0.6806
      0.5009
      0.3595
      0.3639
      0.5608
      0.9151
      1.3193
      1.6517
      1.8522
      1.9397
      1.9617
      2.0400
      1.8475
      1.4076
      1.0130
      0.8755
      0.9899
      1.1736
      1.2193
      1.0458
      0.7399
      0.4705
      0.3730
      0.4969
      0.8065
      1.2007
      1.5597
      1.8087
      1.9406
      1.9801
      0.9614
      0.8943
      0.7687
      0.7457
      0.9316
      1.2748
      1.5766
      1.6274
      1.3700
      0.9408
      0.5527
      0.3542
      0.3858
      0.6125
      0.9603
      1.3425
      1.6818
      1.9173
      2.0023
      0.3924
      0.3973
      0.4537
      0.6488
      1.0260
      1.4996
      1.8579
      1.8938
      1.5714
      1.0596
      0.5940
      0.3243
      0.2829
      0.4488
      0.8014
      1.3149
      1.9082
      2.4076
      2.6062
      0.1691
      0.2060
      0.3434
      0.6351
      1.0955
      1.6252
      2.0096
      2.0432
      1.6948
      1.1424
      0.6314
      0.3163
      0.2377
      0.4106
      0.8954
      1.7500
      2.8708
      3.8834
      4.2983
      0.1037
      0.1511
      0.3143
      0.6369
      1.1287
      1.6940
      2.1189
      2.1848
      1.8418
      1.2623
      0.7057
      0.3483
      0.2576
      0.5020
      1.2399
      2.6229
      4.5040
      6.2357
      6.9507
      0.0889
      0.1380
      0.3054
      0.6352
      1.1443
      1.7474
      2.2281
      2.3437
      2.0150
      1.4070
      0.7995
      0.3995
      0.3055
      0.6356
      1.6331
      3.5282
      6.1276
      8.5311
      9.5251
      0.0864
      0.1354
      0.3025
      0.6335
      1.1501
      1.7719
      2.2802
      2.4199
      2.0977
      1.4756
      0.8439
      0.4245
      0.3296
      0.6975
      1.8060
      3.9162
      6.8151
      9.4974
     10.6072
