      0.2919
      0.3157
      0.3635
      0.3882
      0.3631
      0.3023
      0.2375
      0.1869
      0.1500
      0.1226
      0.1036
      0.0897
      0.0749
      0.0559
      0.0353
      0.0185
      0.0080
      0.0032
      0.0019
      0.2872
      0.3080
      0.3489
      0.3663
      0.3376
      0.2774
      0.2162
      0.1706
      0.1406
      0.1226
      0.1148
      0.1116
      0.1032
      0.0837
      0.0569
      0.0318
      0.0146
      0.0059
      0.0034
      0.2703
      0.2836
      0.3065
      0.3068
      0.2711
      0.2154
      0.1652
      0.1339
      0.1228
      0.1314
      0.1578
      0.1894
      0.2037
      0.1844
      0.1369
      0.0824
      0.0403
      0.0171
      0.0101
      0.2496
      0.2524
      0.2515
      0.2316
      0.1911
      0.1457
      0.1132
      0.1023
      0.1173
      0.1650
      0.2474
      0.3427
      0.4041
      0.3916
      0.3076
      0.1952
      0.1010
      0.0459
      0.0288
      0.2731
      0.2612
      0.2277
      0.1803
      0.1325
      0.0982
      0.0850
      0.0948
      0.1350
      0.2241
      0.3746
      0.5579
      0.6948
      0.7056
      0.5800
      0.3866
      0.2133
      0.1076
      0.0740
      0.4294
      0.3924
      0.3013
      0.1994
      0.1240
      0.0888
      0.0876
      0.1109
      0.1655
      0.2822
      0.4897
      0.7601
      0.9863
      1.0439
      0.8981
      0.6353
      0.3854
      0.2281
      0.1774
      0.7936
      0.7140
      0.5220
      0.3171
      0.1756
      0.1149
      0.1101
      0.1333
      0.1846
      0.3017
      0.5276
      0.8453
      1.1402
      1.2616
      1.1491
      0.8875
      0.6261
      0.4612
      0.4087
      1.3306
      1.1932
      0.8627
      0.5117
      0.2687
      0.1576
      0.1323
      0.1422
      0.1750
      0.2655
      0.4621
      0.7631
      1.0748
      1.2588
      1.2483
      1.1102
      0.9716
      0.9009
      0.8845
      1.8401
      1.6491
      1.1897
      0.7007
      0.3581
      0.1922
      0.1396
      0.1309
      0.1409
      0.1931
      0.3299
      0.5626
      0.8384
      1.0693
      1.2160
      1.3279
      1.4721
      1.6292
      1.7007
      2.0526
      1.8398
      1.3281
      0.7828
      0.3980
      0.2060
      0.1367
      0.1141
      0.1061
      0.1241
      0.1983
      0.3477
      0.5621
      0.8211
      1.1388
      1.5643
      2.0921
      2.5716
      2.7699
      1.8401
      1.6516
      1.1995
      0.7204
      0.3853
      0.2184
      0.1543
      0.1251
      0.1021
      0.0914
      0.1147
      0.1939
      0.3488
      0.6147
      1.0604
      1.7498
      2.6211
      3.4000
      3.7181
      1.3306
      1.2019
      0.8974
      0.5853
      0.3804
      0.2868
      0.2460
      0.2075
      0.1579
      0.1109
      0.0890
      0.1148
      0.2196
      0.4642
      0.9475
      1.7458
      2.7736
      3.6949
      4.0710
      0.7936
      0.7362
      0.6114
      0.5109
      0.4803
      0.4890
      0.4765
      0.4104
      0.3037
      0.1935
      0.1148
      0.0909
      0.1481
      0.3424
      0.7684
      1.4998
      2.4559
      3.3181
      3.6709
      0.4294
      0.4370
      0.4819
      0.5944
      0.7549
      0.8855
      0.9057
      0.7919
      0.5879
      0.3693
      0.1994
      0.1093
      0.1133
      0.2444
      0.5715
      1.1531
      1.9246
      2.6255
      2.9132
      0.2731
      0.3334
      0.5221
      0.8325
      1.1955
      1.4830
      1.5730
      1.4222
      1.0903
      0.7026
      0.3790
      0.1809
      0.1178
      0.1980
      0.4658
      0.9672
      1.6448
      2.2660
      2.5219
      0.2496
      0.3486
      0.6491
      1.1334
      1.7126
      2.2203
      2.4691
      2.3438
      1.8793
      1.2567
      0.6940
      0.3240
      0.1713
      0.2296
      0.5350
      1.1365
      1.9627
      2.7257
      3.0410
      0.2703
      0.3927
      0.7672
      1.3890
      2.1838
      2.9689
      3.4738
      3.4573
      2.8831
      1.9860
      1.1193
      0.5255
      0.2649
      0.3281
      0.7607
      1.6307
      2.8336
      3.9474
      4.4082
      0.2872
      0.4197
      0.8317
      1.5414
      2.5064
      3.5448
      4.3099
      4.4300
      3.7854
      2.6529
      1.5125
      0.7146
      0.3580
      0.4367
      1.0118
      2.1738
      3.7829
      5.2738
      5.8908
      0.2919
      0.4268
      0.8492
      1.5892
      2.6204
      3.7637
      4.6410
      4.8238
      4.1553
      2.9281
      1.6754
      0.7932
      0.3975
      0.4840
      1.1212
      2.4098
      4.1945
      5.8484
      6.5330
