      0.0000
      0.0000
      0.0000
      0.0000
      0.0000
      0.0000
      0.0000
      0.0000
      0.0000
      0.0000
      0.0000
      0.0000
      0.0000
      0.0000
      0.0000
      0.0000
      0.0000
      0.0000
      0.0000
      0.0000
      0.0000
      0.0000
      0.0000
      0.0000
      0.0000
      0.0000
      0.0000
      0.0000
      0.0000
      0.0000
      0.0000
      0.0000
      0.0000
      0.0000
      0.0000
      0.0000
      0.0000
      0.0000
      0.0000
      0.0000
      0.0000
      0.0000
      0.0000
      0.0000
      0.0000
      0.0000
      0.0000
      0.0000
      0.0000
      0.0000
      0.0000
      0.0000
      0.0000
      0.0000
      0.0000
      0.0000
      0.0000
      0.0000
      0.0000
      0.0000
      0.0000
      0.0000
      0.0000
      0.0000
      0.0000
      0.0000
      0.0000
      0.0000
      0.0000
      0.0000
      0.0000
      0.0000
      0.0000
      0.0000
      0.0000
      0.0000
      0.0000
      0.0000
      0.0000
      0.0000
      0.0000
      0.0000
      0.0000
      0.0000
      0.0000
      0.0000
      0.0000
      0.0001
      0.0003
      0.0004
      0.0001
      0.0000
      0.0000
      0.0000
      0.0000
      0.0014
      0.0007
      0.0001
      0.0000
      0.0000
      0.0000
      0.0000
      0.0000
      0.0000
      0.0000
      0.0000
      0.0006
      0.0032
      0.0046
      0.0017
      0.0001
      0.0000
      0.0000
      0.0000
      0.1804
      0.0902
      0.0112
      0.0003
      0.0000
      0.0000
      0.0000
      0.0000
      0.0000
      0.0000
      0.0000
      0.0011
      0.0080
      0.0141
      0.0062
      0.0007
      0.0000
      0.0000
      0.0000
      5.8485
      2.9243
      0.3646
      0.0112
      0.0001
      0.0000
      0.0000
      0.0000
      0.0000
      0.0000
      0.0000
      0.0006
      0.0050
      0.0107
      0.0058
      0.0008
      0.0001
      0.0003
      0.0007
     46.9122
     23.4561
      2.9243
      0.0902
      0.0007
      0.0000
      0.0000
      0.0000
      0.0000
      0.0000
      0.0000
      0.0001
      0.0008
      0.0021
      0.0016
      0.0007
      0.0057
      0.0453
      0.0906
     93.8244
     46.9122
      5.8485
      0.1804
      0.0014
      0.0000
      0.0000
      0.0000
      0.0000
      0.0000
      0.0000
      0.0000
      0.0001
      0.0022
      0.0107
      0.0189
      0.1873
      1.4685
      2.9363
     46.9122
     23.4561
      2.9243
      0.0902
      0.0007
      0.0000
      0.0001
      0.0003
      0.0002
      0.0000
      0.0000
      0.0000
      0.0008
      0.0178
      0.1039
      0.1956
      1.5230
     11.7813
     23.5523
      5.8485
      2.9243
      0.3646
      0.0112
      0.0001
      0.0014
      0.0108
      0.0205
      0.0097
      0.0012
      0.0000
      0.0000
      0.0014
      0.0372
      0.2525
      0.5162
      3.1163
     23.5712
     47.1050
      0.1804
      0.0902
      0.0112
      0.0004
      0.0012
      0.0317
      0.2127
      0.3570
      0.1498
      0.0157
      0.0004
      0.0000
      0.0006
      0.0194
      0.1534
      0.3467
      1.6166
     11.7943
     23.5531
      0.0014
      0.0007
      0.0001
      0.0004
      0.0099
      0.1803
      1.0452
      1.5468
      0.5732
      0.0529
      0.0012
      0.0000
      0.0001
      0.0025
      0.0233
      0.0589
      0.2136
      1.4725
      2.9365
      0.0000
      0.0000
      0.0003
      0.0069
      0.0534
      0.3081
      1.3027
      1.6764
      0.5483
      0.0447
      0.0009
      0.0000
      0.0000
      0.0001
      0.0009
      0.0025
      0.0072
      0.0457
      0.0910
      0.0000
      0.0000
      0.0015
      0.0315
      0.1715
      0.3093
      0.4980
      0.5313
      0.1701
      0.0147
      0.0003
      0.0000
      0.0000
      0.0000
      0.0000
      0.0001
      0.0035
      0.0282
      0.0563
      0.0000
      0.0000
      0.0020
      0.0364
      0.1701
      0.3234
      1.1798
      2.3934
      1.2771
      0.1708
      0.0057
      0.0000
      0.0000
      0.0000
      0.0000
      0.0035
      0.1125
      0.9020
      1.8041
      0.0000
      0.0000
      0.0007
      0.0107
      0.0705
      1.0590
      8.8030
     18.9241
     10.1814
      1.3662
      0.0454
      0.0004
      0.0000
      0.0000
      0.0002
      0.0278
      0.9020
      7.2354
     14.4707
      0.0000
      0.0000
      0.0001
      0.0019
      0.0634
      2.0410
     17.5859
     37.8460
     20.3626
      2.7325
      0.0908
      0.0007
      0.0000
      0.0000
      0.0004
      0.0556
      1.8041
     14.4707
     28.9415
