      0.0000
      0.0000
      0.0000
      0.0000
      0.0000
      0.0000
      0.0000
      0.0000
      0.0000
      0.0000
      0.0000
      0.0000
      0.0000
      0.0000
      0.0000
      0.0000
      0.0000
      0.0000
      0.0000
      0.0000
      0.0000
      0.0000
      0.0000
      0.0000
      0.0000
      0.0000
      0.0000
      0.0000
      0.0000
      0.0000
      0.0000
      0.0000
      0.0000
      0.0000
      0.0000
      0.0000
      0.0000
      0.0000
      0.0000
      0.0000
      0.0000
      0.0000
      0.0000
      0.0000
      0.0000
      0.0000
      0.0000
      0.0000
      0.0000
      0.0000
      0.0000
      0.0000
      0.0000
      0.0000
      0.0000
      0.0000
      0.0000
      0.0000
      0.0000
      0.0000
      0.0000
      0.0000
      0.0000
      0.0000
      0.0000
      0.0000
      0.0000
      0.0000
      0.0000
      0.0000
      0.0000
      0.0000
      0.0000
      0.0000
      0.0000
      0.0000
      0.0000
      0.0000
      0.0000
      0.0000
      0.0000
      0.0000
      0.0000
      0.0000
      0.0000
      0.0000
      0.0000
      0.0001
      0.0005
      0.0006
      0.0002
      0.0000
      0.0000
      0.0000
      0.0000
      0.0018
      0.0009
      0.0001
      0.0000
      0.0000
      0.0000
      0.0000
      0.0000
      0.0000
      0.0000
      0.0000
      0.0009
      0.0052
      0.0075
      0.0027
      0.0002
      0.0000
      0.0000
      0.0000
      0.2404
      0.1202
      0.0150
      0.0005
      0.0000
      0.0000
      0.0000
      0.0000
      0.0000
      0.0000
      0.0001
      0.0018
      0.0129
      0.0228
      0.0100
      0.0011
      0.0000
      0.0000
      0.0000
      7.7970
      3.8985
      0.4860
      0.0150
      0.0001
      0.0000
      0.0000
      0.0000
      0.0000
      0.0000
      0.0000
      0.0009
      0.0080
      0.0174
      0.0094
      0.0013
      0.0001
      0.0004
      0.0007
     62.5411
     31.2705
      3.8985
      0.1202
      0.0009
      0.0000
      0.0000
      0.0000
      0.0000
      0.0000
      0.0000
      0.0001
      0.0012
      0.0033
      0.0023
      0.0007
      0.0060
      0.0472
      0.0945
    125.0822
     62.5411
      7.7970
      0.2404
      0.0018
      0.0000
      0.0000
      0.0000
      0.0000
      0.0000
      0.0000
      0.0000
      0.0001
      0.0012
      0.0054
      0.0125
      0.1931
      1.5317
      3.0629
     62.5411
     31.2705
      3.8985
      0.1202
      0.0009
      0.0000
      0.0001
      0.0001
      0.0001
      0.0000
      0.0000
      0.0000
      0.0004
      0.0088
      0.0514
      0.1214
      1.5586
     12.2867
     24.5681
      7.7970
      3.8985
      0.4860
      0.0150
      0.0001
      0.0007
      0.0053
      0.0101
      0.0048
      0.0006
      0.0000
      0.0000
      0.0007
      0.0183
      0.1249
      0.3044
      3.1518
     24.5775
     49.1364
      0.2404
      0.1202
      0.0150
      0.0005
      0.0006
      0.0157
      0.1049
      0.1760
      0.0739
      0.0077
      0.0002
      0.0000
      0.0003
      0.0096
      0.0758
      0.1959
      1.6047
     12.2930
     24.5685
      0.0018
      0.0009
      0.0001
      0.0003
      0.0058
      0.0904
      0.5161
      0.7628
      0.2826
      0.0261
      0.0006
      0.0000
      0.0000
      0.0012
      0.0115
      0.0322
      0.2060
      1.5336
      3.0630
      0.0000
      0.0000
      0.0002
      0.0056
      0.0400
      0.1729
      0.6507
      0.8280
      0.2707
      0.0221
      0.0004
      0.0000
      0.0000
      0.0000
      0.0004
      0.0013
      0.0067
      0.0476
      0.0950
      0.0000
      0.0000
      0.0012
      0.0258
      0.1389
      0.2288
      0.3074
      0.3457
      0.1279
      0.0131
      0.0004
      0.0000
      0.0000
      0.0000
      0.0000
      0.0001
      0.0042
      0.0334
      0.0668
      0.0000
      0.0000
      0.0016
      0.0298
      0.1420
      0.3637
      1.8308
      3.8319
      2.0558
      0.2756
      0.0091
      0.0001
      0.0000
      0.0000
      0.0000
      0.0041
      0.1336
      1.0716
      2.1433
      0.0000
      0.0000
      0.0005
      0.0090
      0.0810
      1.6795
     14.2223
     30.5917
     16.4592
      2.2087
      0.0734
      0.0006
      0.0000
      0.0000
      0.0002
      0.0330
      1.0716
      8.5959
     17.1917
      0.0000
      0.0000
      0.0001
      0.0019
      0.0985
      3.2961
     28.4287
     61.1819
     32.9183
      4.4173
      0.1467
      0.0012
      0.0000
      0.0000
      0.0005
      0.0661
      2.1433
     17.1917
     34.3834
