      0.4436
      0.4437
      0.4377
      0.4130
      0.3637
      0.2976
      0.2322
      0.1840
      0.1604
      0.1582
      0.1666
      0.1723
      0.1652
      0.1424
      0.1097
      0.0766
      0.0511
      0.0362
      0.0315
      0.4441
      0.4423
      0.4316
      0.4022
      0.3507
      0.2861
      0.2255
      0.1845
      0.1697
      0.1777
      0.1970
      0.2122
      0.2103
      0.1866
      0.1468
      0.1033
      0.0676
      0.0456
      0.0384
      0.4678
      0.4592
      0.4321
      0.3855
      0.3246
      0.2621
      0.2138
      0.1919
      0.2010
      0.2370
      0.2871
      0.3305
      0.3455
      0.3205
      0.2612
      0.1872
      0.1210
      0.0774
      0.0625
      0.5836
      0.5600
      0.4959
      0.4088
      0.3210
      0.2526
      0.2166
      0.2183
      0.2583
      0.3324
      0.4269
      0.5144
      0.5599
      0.5386
      0.4533
      0.3334
      0.2186
      0.1396
      0.1119
      0.9013
      0.8484
      0.7108
      0.5396
      0.3881
      0.2898
      0.2527
      0.2704
      0.3359
      0.4448
      0.5855
      0.7252
      0.8133
      0.8069
      0.7004
      0.5316
      0.3603
      0.2381
      0.1946
      1.5261
      1.4232
      1.1591
      0.8384
      0.5649
      0.3940
      0.3272
      0.3399
      0.4120
      0.5382
      0.7113
      0.8973
      1.0329
      1.0557
      0.9469
      0.7464
      0.5303
      0.3711
      0.3133
      2.4678
      2.2939
      1.8484
      1.3096
      0.8502
      0.5569
      0.4243
      0.4038
      0.4571
      0.5745
      0.7537
      0.9648
      1.1397
      1.2026
      1.1200
      0.9256
      0.7002
      0.5278
      0.4643
      3.5550
      3.3009
      2.6498
      1.8605
      1.1817
      0.7359
      0.5117
      0.4364
      0.4505
      0.5358
      0.6929
      0.8994
      1.0931
      1.1969
      1.1677
      1.0258
      0.8411
      0.6932
      0.6376
      4.4481
      4.1288
      3.3095
      2.3133
      1.4492
      0.8686
      0.5576
      0.4253
      0.3948
      0.4378
      0.5537
      0.7288
      0.9157
      1.0496
      1.0874
      1.0340
      0.9354
      0.8487
      0.8151
      4.7959
      4.4518
      3.5682
      2.4910
      1.5506
      0.9086
      0.5511
      0.3820
      0.3171
      0.3210
      0.3901
      0.5185
      0.6775
      0.8237
      0.9229
      0.9682
      0.9765
      0.9711
      0.9676
      4.4481
      4.1316
      3.3190
      2.3272
      1.4585
      0.8593
      0.5163
      0.3417
      0.2581
      0.2310
      0.2561
      0.3340
      0.4535
      0.5935
      0.7335
      0.8605
      0.9657
      1.0379
      1.0639
      3.5550
      3.3096
      2.6805
      1.9150
      1.2461
      0.7825
      0.5086
      0.3541
      0.2603
      0.2039
      0.1862
      0.2145
      0.2909
      0.4114
      0.5683
      0.7471
      0.9214
      1.0519
      1.1007
      2.4678
      2.3133
      1.9203
      1.4499
      1.0475
      0.7713
      0.5973
      0.4730
      0.3640
      0.2668
      0.1970
      0.1723
      0.2050
      0.3020
      0.4637
      0.6760
      0.8999
      1.0746
      1.1410
      1.5261
      1.4585
      1.2936
      1.1139
      0.9827
      0.9054
      0.8410
      0.7455
      0.6058
      0.4441
      0.2997
      0.2087
      0.1957
      0.2755
      0.4535
      0.7134
      1.0020
      1.2330
      1.3220
      0.9013
      0.9031
      0.9235
      0.9886
      1.0993
      1.2129
      1.2616
      1.1938
      1.0075
      0.7520
      0.5013
      0.3218
      0.2582
      0.3365
      0.5661
      0.9243
      1.3337
      1.6660
      1.7946
      0.5836
      0.6348
      0.7905
      1.0452
      1.3603
      1.6536
      1.8213
      1.7870
      1.5465
      1.1746
      0.7889
      0.4990
      0.3800
      0.4752
      0.8003
      1.3221
      1.9250
      2.4171
      2.6080
      0.4678
      0.5509
      0.7980
      1.1908
      1.6702
      2.1241
      2.4099
      2.4163
      2.1262
      1.6358
      1.1083
      0.7023
      0.5290
      0.6533
      1.0992
      1.8211
      2.6581
      3.3424
      3.6080
      0.4441
      0.5453
      0.8460
      1.3253
      1.9162
      2.4873
      2.8657
      2.9083
      2.5842
      2.0035
      1.3652
      0.8680
      0.6536
      0.8052
      1.3544
      2.2456
      3.2797
      4.1256
      4.4541
      0.4436
      0.5506
      0.8691
      1.3783
      2.0094
      2.6242
      3.0382
      3.0957
      2.7596
      2.1448
      1.4643
      0.9322
      0.7023
      0.8651
      1.4552
      2.4131
      3.5248
      4.4343
      4.7875
