      0.0000
      0.0000
      0.0000
      0.0000
      0.0000
      0.0000
      0.0000
      0.0000
      0.0000
      0.0000
      0.0000
      0.0000
      0.0000
      0.0000
      0.0000
      0.0000
      0.0000
      0.0000
      0.0000
      0.0000
      0.0000
      0.0000
      0.0000
      0.0000
      0.0000
      0.0000
      0.0000
      0.0000
      0.0000
      0.0000
      0.0000
      0.0000
      0.0000
      0.0000
      0.0000
      0.0000
      0.0000
      0.0000
      0.0000
      0.0000
      0.0000
      0.0000
      0.0000
      0.0000
      0.0000
      0.0000
      0.0000
      0.0000
      0.0000
      0.0000
      0.0000
      0.0000
      0.0000
      0.0000
      0.0000
      0.0000
      0.0000
      0.0000
      0.0000
      0.0000
      0.0000
      0.0000
      0.0000
      0.0000
      0.0000
      0.0000
      0.0000
      0.0000
      0.0000
      0.0000
      0.0000
      0.0000
      0.0000
      0.0000
      0.0000
      0.0000
      0.0000
      0.0000
      0.0000
      0.0000
      0.0000
      0.0000
      0.0000
      0.0000
      0.0000
      0.0000
      0.0000
      0.0001
      0.0003
      0.0004
      0.0001
      0.0000
      0.0000
      0.0000
      0.0000
      0.0023
      0.0011
      0.0001
      0.0000
      0.0000
      0.0000
      0.0000
      0.0000
      0.0000
      0.0000
      0.0000
      0.0006
      0.0035
      0.0050
      0.0018
      0.0002
      0.0000
      0.0000
      0.0000
      0.3016
      0.1508
      0.0188
      0.0006
      0.0000
      0.0000
      0.0000
      0.0000
      0.0000
      0.0000
      0.0000
      0.0012
      0.0086
      0.0152
      0.0067
      0.0007
      0.0000
      0.0000
      0.0000
      9.7788
      4.8894
      0.6096
      0.0188
      0.0001
      0.0000
      0.0000
      0.0000
      0.0000
      0.0000
      0.0000
      0.0006
      0.0053
      0.0115
      0.0062
      0.0008
      0.0000
      0.0001
      0.0001
     78.4378
     39.2189
      4.8894
      0.1508
      0.0011
      0.0000
      0.0000
      0.0000
      0.0000
      0.0000
      0.0000
      0.0001
      0.0008
      0.0022
      0.0017
      0.0005
      0.0011
      0.0082
      0.0163
    156.8755
     78.4378
      9.7788
      0.3016
      0.0023
      0.0000
      0.0000
      0.0000
      0.0000
      0.0000
      0.0000
      0.0000
      0.0001
      0.0017
      0.0082
      0.0112
      0.0363
      0.2646
      0.5284
     78.4378
     39.2189
      4.8894
      0.1508
      0.0011
      0.0000
      0.0001
      0.0002
      0.0001
      0.0000
      0.0000
      0.0000
      0.0006
      0.0137
      0.0796
      0.1237
      0.3065
      2.1231
      4.2379
      9.7788
      4.8894
      0.6096
      0.0188
      0.0002
      0.0011
      0.0083
      0.0157
      0.0075
      0.0009
      0.0000
      0.0000
      0.0010
      0.0285
      0.1935
      0.3432
      0.6668
      4.2525
      8.4760
      0.3016
      0.1508
      0.0188
      0.0006
      0.0010
      0.0244
      0.1634
      0.2742
      0.1151
      0.0120
      0.0003
      0.0000
      0.0005
      0.0149
      0.1176
      0.2397
      0.3782
      2.1328
      4.2384
      0.0023
      0.0011
      0.0002
      0.0006
      0.0094
      0.1417
      0.8041
      1.1881
      0.4402
      0.0406
      0.0009
      0.0000
      0.0001
      0.0019
      0.0178
      0.0419
      0.0564
      0.2675
      0.5285
      0.0000
      0.0000
      0.0004
      0.0100
      0.0697
      0.2808
      1.0175
      1.2893
      0.4212
      0.0343
      0.0007
      0.0000
      0.0000
      0.0001
      0.0007
      0.0018
      0.0023
      0.0086
      0.0168
      0.0000
      0.0000
      0.0021
      0.0457
      0.2460
      0.3901
      0.4430
      0.4345
      0.1427
      0.0129
      0.0003
      0.0000
      0.0000
      0.0000
      0.0000
      0.0002
      0.0044
      0.0353
      0.0707
      0.0000
      0.0000
      0.0029
      0.0529
      0.2455
      0.4169
      1.2792
      2.5643
      1.3702
      0.1834
      0.0061
      0.0000
      0.0000
      0.0000
      0.0000
      0.0044
      0.1426
      1.1440
      2.2880
      0.0000
      0.0000
      0.0010
      0.0155
      0.0914
      1.1534
      9.4642
     20.3381
     10.9421
      1.4683
      0.0488
      0.0004
      0.0000
      0.0000
      0.0003
      0.0353
      1.1440
      9.1763
     18.3526
      0.0000
      0.0000
      0.0002
      0.0026
      0.0701
      2.1951
     18.9002
     40.6737
     21.8840
      2.9366
      0.0975
      0.0008
      0.0000
      0.0000
      0.0005
      0.0706
      2.2880
     18.3526
     36.7052
