      0.0015
      0.0036
      0.0090
      0.0122
      0.0090
      0.0037
      0.0012
      0.0007
      0.0005
      0.0003
      0.0002
      0.0003
      0.0002
      0.0001
      0.0000
      0.0000
      0.0000
      0.0000
      0.0000
      0.0021
      0.0047
      0.0103
      0.0128
      0.0087
      0.0033
      0.0010
      0.0005
      0.0004
      0.0002
      0.0002
      0.0003
      0.0002
      0.0001
      0.0000
      0.0000
      0.0000
      0.0000
      0.0000
      0.0028
      0.0054
      0.0103
      0.0110
      0.0064
      0.0021
      0.0005
      0.0002
      0.0002
      0.0001
      0.0002
      0.0005
      0.0006
      0.0005
      0.0002
      0.0001
      0.0000
      0.0000
      0.0000
      0.0024
      0.0038
      0.0061
      0.0057
      0.0029
      0.0008
      0.0002
      0.0001
      0.0001
      0.0002
      0.0008
      0.0026
      0.0047
      0.0046
      0.0024
      0.0007
      0.0001
      0.0000
      0.0000
      0.0098
      0.0079
      0.0045
      0.0021
      0.0008
      0.0002
      0.0000
      0.0000
      0.0001
      0.0005
      0.0033
      0.0120
      0.0238
      0.0255
      0.0148
      0.0046
      0.0008
      0.0001
      0.0000
      0.1472
      0.1083
      0.0432
      0.0094
      0.0011
      0.0001
      0.0001
      0.0002
      0.0003
      0.0011
      0.0076
      0.0304
      0.0662
      0.0777
      0.0493
      0.0169
      0.0032
      0.0005
      0.0004
      1.2907
      0.9487
      0.3762
      0.0802
      0.0092
      0.0006
      0.0003
      0.0004
      0.0005
      0.0013
      0.0094
      0.0416
      0.0991
      0.1275
      0.0887
      0.0340
      0.0099
      0.0083
      0.0103
      6.0545
      4.4498
      1.7645
      0.3762
      0.0429
      0.0028
      0.0005
      0.0006
      0.0005
      0.0009
      0.0064
      0.0307
      0.0802
      0.1132
      0.0880
      0.0478
      0.0593
      0.1259
      0.1688
     15.2688
     11.2219
      4.4498
      0.9486
      0.1081
      0.0067
      0.0006
      0.0005
      0.0003
      0.0003
      0.0023
      0.0123
      0.0352
      0.0558
      0.0598
      0.1219
      0.4472
      1.0915
      1.4770
     20.7751
     15.2688
      6.0545
      1.2907
      0.1471
      0.0090
      0.0005
      0.0003
      0.0002
      0.0001
      0.0005
      0.0027
      0.0090
      0.0205
      0.0739
      0.4629
      2.0504
      5.0986
      6.9161
     15.2688
     11.2219
      4.4498
      0.9487
      0.1082
      0.0069
      0.0010
      0.0010
      0.0007
      0.0003
      0.0001
      0.0005
      0.0028
      0.0167
      0.1471
      1.1269
      5.1286
     12.8268
     17.4197
      6.0545
      4.4498
      1.7646
      0.3769
      0.0451
      0.0072
      0.0069
      0.0072
      0.0047
      0.0018
      0.0004
      0.0003
      0.0023
      0.0192
      0.1925
      1.5149
      6.9484
     17.4250
     23.6801
      1.2907
      0.9488
      0.3779
      0.0888
      0.0325
      0.0381
      0.0401
      0.0313
      0.0171
      0.0058
      0.0011
      0.0003
      0.0016
      0.0138
      0.1402
      1.1083
      5.0955
     12.7943
     17.3932
      0.1472
      0.1096
      0.0558
      0.0672
      0.1434
      0.1960
      0.1625
      0.0918
      0.0384
      0.0112
      0.0020
      0.0002
      0.0006
      0.0054
      0.0558
      0.4403
      2.0244
      5.0848
      6.9136
      0.0098
      0.0130
      0.0533
      0.2127
      0.4810
      0.6017
      0.4367
      0.2070
      0.0750
      0.0208
      0.0038
      0.0004
      0.0001
      0.0013
      0.0143
      0.1144
      0.5271
      1.3247
      1.8013
      0.0024
      0.0150
      0.1073
      0.4198
      0.8947
      1.0772
      0.8190
      0.4894
      0.2503
      0.0899
      0.0190
      0.0022
      0.0002
      0.0014
      0.0220
      0.1919
      0.8988
      2.2660
      3.0831
      0.0028
      0.0181
      0.1232
      0.4547
      0.9474
      1.2706
      1.4198
      1.4100
      0.9717
      0.3889
      0.0852
      0.0100
      0.0008
      0.0059
      0.0969
      0.8504
      3.9889
     10.0595
     13.6872
      0.0021
      0.0128
      0.0810
      0.2896
      0.6688
      1.3392
      2.4822
      3.1994
      2.3840
      0.9729
      0.2142
      0.0252
      0.0020
      0.0148
      0.2441
      2.1429
     10.0522
     25.3504
     34.4923
      0.0015
      0.0085
      0.0517
      0.1859
      0.5131
      1.4141
      3.1508
      4.2848
      3.2324
      1.3227
      0.2913
      0.0343
      0.0028
      0.0201
      0.3322
      2.9157
     13.6771
     34.4920
     46.9306
