      0.0000
      0.0000
      0.0000
      0.0000
      0.0000
      0.0000
      0.0000
      0.0000
      0.0000
      0.0000
      0.0000
      0.0000
      0.0000
      0.0000
      0.0000
      0.0000
      0.0000
      0.0000
      0.0000
      0.0000
      0.0000
      0.0000
      0.0000
      0.0000
      0.0000
      0.0000
      0.0000
      0.0000
      0.0000
      0.0000
      0.0000
      0.0000
      0.0000
      0.0000
      0.0000
      0.0000
      0.0000
      0.0000
      0.0000
      0.0000
      0.0000
      0.0000
      0.0000
      0.0000
      0.0000
      0.0000
      0.0000
      0.0000
      0.0000
      0.0000
      0.0000
      0.0000
      0.0000
      0.0000
      0.0000
      0.0000
      0.0000
      0.0000
      0.0000
      0.0000
      0.0000
      0.0000
      0.0000
      0.0000
      0.0000
      0.0000
      0.0000
      0.0000
      0.0000
      0.0000
      0.0000
      0.0000
      0.0000
      0.0000
      0.0000
      0.0000
      0.0000
      0.0000
      0.0000
      0.0000
      0.0000
      0.0000
      0.0000
      0.0000
      0.0000
      0.0000
      0.0000
      0.0001
      0.0003
      0.0004
      0.0001
      0.0000
      0.0000
      0.0000
      0.0000
      0.0009
      0.0004
      0.0001
      0.0000
      0.0000
      0.0000
      0.0000
      0.0000
      0.0000
      0.0000
      0.0000
      0.0005
      0.0030
      0.0043
      0.0016
      0.0001
      0.0000
      0.0000
      0.0000
      0.1190
      0.0595
      0.0074
      0.0002
      0.0000
      0.0000
      0.0000
      0.0000
      0.0000
      0.0000
      0.0000
      0.0011
      0.0075
      0.0132
      0.0058
      0.0006
      0.0000
      0.0000
      0.0000
      3.8602
      1.9301
      0.2406
      0.0074
      0.0001
      0.0000
      0.0000
      0.0000
      0.0000
      0.0000
      0.0000
      0.0005
      0.0046
      0.0100
      0.0054
      0.0007
      0.0001
      0.0005
      0.0009
     30.9635
     15.4817
      1.9301
      0.0595
      0.0004
      0.0000
      0.0000
      0.0000
      0.0000
      0.0000
      0.0000
      0.0001
      0.0007
      0.0019
      0.0014
      0.0005
      0.0076
      0.0604
      0.1207
     61.9269
     30.9635
      3.8602
      0.1190
      0.0009
      0.0000
      0.0000
      0.0000
      0.0000
      0.0000
      0.0000
      0.0000
      0.0001
      0.0008
      0.0037
      0.0120
      0.2456
      1.9579
      3.9154
     30.9635
     15.4817
      1.9301
      0.0595
      0.0004
      0.0000
      0.0000
      0.0001
      0.0001
      0.0000
      0.0000
      0.0000
      0.0003
      0.0060
      0.0353
      0.1109
      1.9764
     15.7050
     31.4060
      3.8602
      1.9301
      0.2406
      0.0074
      0.0001
      0.0005
      0.0036
      0.0069
      0.0033
      0.0004
      0.0000
      0.0000
      0.0005
      0.0125
      0.0855
      0.2638
      3.9760
     31.4125
     62.8120
      0.1190
      0.0595
      0.0074
      0.0002
      0.0004
      0.0107
      0.0715
      0.1199
      0.0503
      0.0053
      0.0001
      0.0000
      0.0002
      0.0065
      0.0519
      0.1616
      2.0076
     15.7091
     31.4062
      0.0009
      0.0004
      0.0001
      0.0004
      0.0055
      0.0644
      0.3528
      0.5197
      0.1925
      0.0178
      0.0004
      0.0000
      0.0000
      0.0008
      0.0079
      0.0254
      0.2543
      1.9591
      3.9155
      0.0000
      0.0000
      0.0003
      0.0079
      0.0522
      0.1563
      0.4580
      0.5654
      0.1844
      0.0150
      0.0003
      0.0000
      0.0000
      0.0000
      0.0003
      0.0010
      0.0082
      0.0613
      0.1225
      0.0000
      0.0000
      0.0017
      0.0363
      0.1942
      0.2871
      0.2474
      0.2268
      0.0806
      0.0081
      0.0002
      0.0000
      0.0000
      0.0000
      0.0000
      0.0005
      0.0144
      0.1151
      0.2302
      0.0000
      0.0000
      0.0023
      0.0420
      0.1952
      0.3393
      1.0953
      2.2166
      1.1874
      0.1591
      0.0053
      0.0000
      0.0000
      0.0000
      0.0001
      0.0143
      0.4634
      3.7172
      7.4345
      0.0000
      0.0000
      0.0008
      0.0124
      0.0749
      0.9973
      8.2183
     17.6631
      9.5030
      1.2752
      0.0424
      0.0003
      0.0000
      0.0000
      0.0009
      0.1146
      3.7172
     29.8167
     59.6333
      0.0000
      0.0000
      0.0001
      0.0021
      0.0603
      1.9060
     16.4144
     35.3245
     19.0060
      2.5504
      0.0847
      0.0007
      0.0000
      0.0000
      0.0017
      0.2293
      7.4345
     59.6333
    119.2666
