      0.7124
      0.7353
      0.7835
      0.8135
      0.7949
      0.7322
      0.6563
      0.5995
      0.5756
      0.5749
      0.5717
      0.5386
      0.4627
      0.3535
      0.2365
      0.1374
      0.0696
      0.0330
      0.0218
      0.6956
      0.7153
      0.7556
      0.7770
      0.7527
      0.6887
      0.6148
      0.5616
      0.5415
      0.5452
      0.5478
      0.5223
      0.4547
      0.3526
      0.2401
      0.1425
      0.0742
      0.0367
      0.0251
      0.6423
      0.6540
      0.6749
      0.6759
      0.6394
      0.5746
      0.5081
      0.4652
      0.4554
      0.4700
      0.4868
      0.4804
      0.4346
      0.3520
      0.2520
      0.1590
      0.0899
      0.0500
      0.0372
      0.5501
      0.5530
      0.5529
      0.5338
      0.4891
      0.4302
      0.3784
      0.3513
      0.3544
      0.3807
      0.4132
      0.4299
      0.4127
      0.3575
      0.2768
      0.1926
      0.1244
      0.0823
      0.0683
      0.4293
      0.4258
      0.4121
      0.3834
      0.3419
      0.2987
      0.2679
      0.2585
      0.2727
      0.3066
      0.3502
      0.3876
      0.4004
      0.3782
      0.3250
      0.2581
      0.1976
      0.1576
      0.1438
      0.3035
      0.2976
      0.2806
      0.2551
      0.2277
      0.2069
      0.1986
      0.2046
      0.2246
      0.2594
      0.3080
      0.3623
      0.4066
      0.4256
      0.4147
      0.3835
      0.3483
      0.3228
      0.3137
      0.1981
      0.1931
      0.1805
      0.1665
      0.1583
      0.1601
      0.1706
      0.1858
      0.2053
      0.2354
      0.2847
      0.3551
      0.4364
      0.5121
      0.5697
      0.6078
      0.6313
      0.6451
      0.6498
      0.1270
      0.1245
      0.1200
      0.1203
      0.1309
      0.1515
      0.1749
      0.1934
      0.2074
      0.2291
      0.2773
      0.3652
      0.4925
      0.6460
      0.8079
      0.9621
      1.0928
      1.1825
      1.2147
      0.0897
      0.0905
      0.0960
      0.1120
      0.1416
      0.1795
      0.2132
      0.2318
      0.2368
      0.2462
      0.2893
      0.3934
      0.5718
      0.8201
      1.1185
      1.4340
      1.7206
      1.9245
      1.9987
      0.0786
      0.0843
      0.1041
      0.1426
      0.1987
      0.2605
      0.3084
      0.3266
      0.3167
      0.3039
      0.3299
      0.4381
      0.6587
      0.9996
      1.4418
      1.9357
      2.4009
      2.7385
      2.8625
      0.0897
      0.1039
      0.1486
      0.2254
      0.3260
      0.4273
      0.4972
      0.5120
      0.4741
      0.4186
      0.4034
      0.4896
      0.7237
      1.1251
      1.6767
      2.3160
      2.9325
      3.3860
      3.5536
      0.1270
      0.1556
      0.2417
      0.3802
      0.5496
      0.7075
      0.8032
      0.8031
      0.7141
      0.5872
      0.4999
      0.5302
      0.7355
      1.1407
      1.7298
      2.4334
      3.1241
      3.6374
      3.8281
      0.1981
      0.2475
      0.3923
      0.6150
      0.8718
      1.0929
      1.2054
      1.1689
      1.0019
      0.7777
      0.5950
      0.5430
      0.6809
      1.0314
      1.5770
      2.2489
      2.9195
      3.4226
      3.6102
      0.3035
      0.3779
      0.5911
      0.9062
      1.2498
      1.5209
      1.6274
      1.5304
      1.2684
      0.9398
      0.6603
      0.5218
      0.5762
      0.8382
      1.2882
      1.8638
      2.4499
      2.8947
      3.0614
      0.4293
      0.5274
      0.8033
      1.1964
      1.6018
      1.8920
      1.9656
      1.7957
      1.4444
      1.0313
      0.6796
      0.4753
      0.4586
      0.6356
      0.9875
      1.4616
      1.9585
      2.3418
      2.4867
      0.5501
      0.6652
      0.9830
      1.4206
      1.8479
      2.1225
      2.1468
      1.9122
      1.5008
      1.0426
      0.6578
      0.4216
      0.3637
      0.4872
      0.7787
      1.1959
      1.6489
      2.0058
      2.1421
      0.6423
      0.7652
      1.0995
      1.5460
      1.9601
      2.1981
      2.1747
      1.8993
      1.4652
      1.0010
      0.6170
      0.3775
      0.3077
      0.4138
      0.6916
      1.1074
      1.5719
      1.9445
      2.0879
      0.6956
      0.8199
      1.1541
      1.5902
      1.9791
      2.1820
      2.1267
      1.8345
      1.4019
      0.9509
      0.5816
      0.3513
      0.2847
      0.3942
      0.6841
      1.1261
      1.6271
      2.0326
      2.1895
      0.7124
      0.8363
      1.1681
      1.5974
      1.9742
      2.1629
      2.0968
      1.8012
      1.3726
      0.9296
      0.5680
      0.3430
      0.2796
      0.3931
      0.6915
      1.1482
      1.6679
      2.0896
      2.2528
