      0.0010
      0.0025
      0.0060
      0.0082
      0.0060
      0.0025
      0.0008
      0.0005
      0.0012
      0.0044
      0.0108
      0.0144
      0.0105
      0.0041
      0.0009
      0.0001
      0.0000
      0.0000
      0.0000
      0.0014
      0.0031
      0.0070
      0.0086
      0.0058
      0.0022
      0.0006
      0.0004
      0.0009
      0.0036
      0.0095
      0.0138
      0.0109
      0.0047
      0.0011
      0.0001
      0.0000
      0.0000
      0.0000
      0.0019
      0.0036
      0.0069
      0.0074
      0.0043
      0.0014
      0.0003
      0.0002
      0.0004
      0.0020
      0.0062
      0.0107
      0.0105
      0.0058
      0.0018
      0.0003
      0.0000
      0.0000
      0.0000
      0.0018
      0.0027
      0.0042
      0.0038
      0.0019
      0.0005
      0.0001
      0.0000
      0.0001
      0.0010
      0.0045
      0.0121
      0.0187
      0.0165
      0.0081
      0.0022
      0.0003
      0.0000
      0.0000
      0.0109
      0.0085
      0.0043
      0.0017
      0.0006
      0.0001
      0.0000
      0.0000
      0.0001
      0.0016
      0.0105
      0.0381
      0.0748
      0.0796
      0.0459
      0.0143
      0.0024
      0.0002
      0.0000
      0.1703
      0.1252
      0.0498
      0.0107
      0.0013
      0.0001
      0.0000
      0.0001
      0.0003
      0.0031
      0.0233
      0.0940
      0.2044
      0.2399
      0.1521
      0.0520
      0.0096
      0.0011
      0.0003
      1.4935
      1.0977
      0.4353
      0.0928
      0.0106
      0.0007
      0.0001
      0.0002
      0.0004
      0.0036
      0.0290
      0.1284
      0.3059
      0.3935
      0.2736
      0.1031
      0.0225
      0.0063
      0.0057
      7.0059
      5.1490
      2.0417
      0.4353
      0.0496
      0.0031
      0.0003
      0.0003
      0.0003
      0.0022
      0.0195
      0.0949
      0.2483
      0.3515
      0.2715
      0.1207
      0.0543
      0.0703
      0.0904
     17.6680
     12.9852
      5.1490
      1.0977
      0.1251
      0.0077
      0.0005
      0.0004
      0.0003
      0.0008
      0.0072
      0.0389
      0.1155
      0.1937
      0.1967
      0.1687
      0.2805
      0.5920
      0.7892
     24.0395
     17.6680
      7.0059
      1.4935
      0.1704
      0.0113
      0.0032
      0.0042
      0.0034
      0.0016
      0.0021
      0.0128
      0.0586
      0.1708
      0.3262
      0.5446
      1.2657
      2.7698
      3.6986
     17.6680
     12.9852
      5.1490
      1.0980
      0.1280
      0.0217
      0.0370
      0.0516
      0.0392
      0.0161
      0.0044
      0.0118
      0.0828
      0.3330
      0.7817
      1.4286
      3.2590
      7.0094
      9.3325
      7.0059
      5.1490
      2.0420
      0.4384
      0.0736
      0.1092
      0.2590
      0.3432
      0.2464
      0.0955
      0.0207
      0.0149
      0.1032
      0.4530
      1.1383
      2.1151
      4.5910
      9.6035
     12.7226
      1.4935
      1.0978
      0.4372
      0.1103
      0.1210
      0.4364
      0.9845
      1.2263
      0.8310
      0.3044
      0.0605
      0.0145
      0.0723
      0.3385
      0.9042
      1.7111
      3.5296
      7.1335
      9.3843
      0.1703
      0.1262
      0.0602
      0.0777
      0.3117
      1.0124
      2.0529
      2.3776
      1.5164
      0.5248
      0.0979
      0.0126
      0.0276
      0.1367
      0.3885
      0.7532
      1.4818
      2.8776
      3.7509
      0.0109
      0.0120
      0.0398
      0.1801
      0.5901
      1.4417
      2.4690
      2.6058
      1.5633
      0.5151
      0.0919
      0.0093
      0.0059
      0.0297
      0.0909
      0.1881
      0.3785
      0.7293
      0.9469
      0.0018
      0.0103
      0.0745
      0.3119
      0.8114
      1.5343
      2.2596
      2.3056
      1.4239
      0.4984
      0.0964
      0.0102
      0.0012
      0.0040
      0.0200
      0.1005
      0.4052
      0.9901
      1.3404
      0.0019
      0.0123
      0.0848
      0.3343
      0.8679
      1.8854
      3.4821
      4.3419
      3.1438
      1.2563
      0.2724
      0.0317
      0.0021
      0.0028
      0.0422
      0.3652
      1.7083
      4.3057
      5.8579
      0.0014
      0.0087
      0.0575
      0.2437
      0.8867
      2.9985
      7.1024
      9.7576
      7.3624
      3.0094
      0.6623
      0.0780
      0.0051
      0.0065
      0.1045
      0.9170
      4.3012
     10.8470
     14.7587
      0.0010
      0.0059
      0.0385
      0.1893
      0.9255
      3.7597
      9.4303
     13.1526
      9.9694
      4.0826
      0.8993
      0.1059
      0.0069
      0.0088
      0.1421
      1.2476
      5.8522
     14.7585
     20.0807
