      0.0006
      0.0015
      0.0036
      0.0049
      0.0036
      0.0014
      0.0003
      0.0002
      0.0014
      0.0064
      0.0160
      0.0215
      0.0156
      0.0061
      0.0013
      0.0001
      0.0000
      0.0000
      0.0000
      0.0009
      0.0019
      0.0041
      0.0051
      0.0035
      0.0013
      0.0003
      0.0002
      0.0011
      0.0053
      0.0141
      0.0204
      0.0161
      0.0070
      0.0016
      0.0002
      0.0000
      0.0000
      0.0000
      0.0011
      0.0022
      0.0041
      0.0044
      0.0026
      0.0008
      0.0002
      0.0001
      0.0005
      0.0029
      0.0089
      0.0153
      0.0145
      0.0077
      0.0023
      0.0004
      0.0000
      0.0000
      0.0000
      0.0012
      0.0017
      0.0025
      0.0023
      0.0012
      0.0003
      0.0001
      0.0000
      0.0002
      0.0012
      0.0050
      0.0122
      0.0173
      0.0142
      0.0066
      0.0017
      0.0003
      0.0000
      0.0000
      0.0096
      0.0073
      0.0035
      0.0012
      0.0004
      0.0001
      0.0000
      0.0000
      0.0001
      0.0013
      0.0082
      0.0291
      0.0565
      0.0597
      0.0343
      0.0106
      0.0018
      0.0002
      0.0000
      0.1524
      0.1121
      0.0445
      0.0096
      0.0011
      0.0001
      0.0001
      0.0002
      0.0003
      0.0024
      0.0174
      0.0699
      0.1520
      0.1783
      0.1131
      0.0387
      0.0071
      0.0007
      0.0001
      1.3373
      0.9828
      0.3897
      0.0831
      0.0095
      0.0006
      0.0003
      0.0004
      0.0005
      0.0028
      0.0216
      0.0954
      0.2273
      0.2925
      0.2034
      0.0766
      0.0157
      0.0021
      0.0007
      6.2728
      4.6102
      1.8281
      0.3897
      0.0444
      0.0028
      0.0005
      0.0006
      0.0005
      0.0018
      0.0146
      0.0706
      0.1852
      0.2633
      0.2051
      0.0895
      0.0248
      0.0092
      0.0082
     15.8192
     11.6264
      4.6102
      0.9828
      0.1120
      0.0070
      0.0007
      0.0007
      0.0005
      0.0007
      0.0054
      0.0297
      0.0913
      0.1631
      0.1793
      0.1304
      0.0773
      0.0646
      0.0698
     21.5240
     15.8192
      6.2728
      1.3373
      0.1527
      0.0108
      0.0046
      0.0063
      0.0050
      0.0023
      0.0021
      0.0130
      0.0681
      0.2189
      0.4146
      0.4609
      0.3534
      0.3099
      0.3300
     15.8192
     11.6264
      4.6103
      0.9833
      0.1163
      0.0277
      0.0548
      0.0767
      0.0583
      0.0240
      0.0065
      0.0169
      0.1204
      0.4842
      1.0598
      1.2950
      1.0240
      0.8378
      0.8534
      6.2728
      4.6102
      1.8284
      0.3939
      0.0790
      0.1589
      0.3836
      0.5096
      0.3661
      0.1420
      0.0308
      0.0221
      0.1530
      0.6648
      1.5627
      2.0319
      1.6466
      1.2560
      1.2110
      1.3373
      0.9829
      0.3916
      0.1040
      0.1606
      0.6302
      1.4496
      1.8170
      1.2338
      0.4523
      0.0898
      0.0216
      0.1072
      0.4974
      1.2507
      1.7311
      1.4499
      1.0438
      0.9476
      0.1524
      0.1127
      0.0525
      0.0746
      0.3792
      1.3958
      2.9728
      3.5010
      2.2447
      0.7781
      0.1452
      0.0187
      0.0410
      0.2009
      0.5408
      0.7988
      0.7007
      0.4927
      0.4272
      0.0096
      0.0095
      0.0269
      0.1399
      0.5879
      1.7784
      3.3943
      3.7240
      2.2558
      0.7425
      0.1317
      0.0133
      0.0088
      0.0438
      0.1279
      0.2165
      0.2672
      0.3391
      0.3940
      0.0012
      0.0062
      0.0461
      0.2087
      0.6449
      1.5178
      2.5619
      2.7003
      1.6349
      0.5502
      0.1016
      0.0103
      0.0015
      0.0062
      0.0340
      0.1878
      0.7827
      1.9269
      2.6117
      0.0011
      0.0073
      0.0513
      0.2105
      0.6030
      1.4683
      2.8345
      3.5132
      2.4986
      0.9818
      0.2100
      0.0242
      0.0017
      0.0056
      0.0873
      0.7592
      3.5546
      8.9608
     12.1914
      0.0009
      0.0052
      0.0348
      0.1553
      0.6181
      2.2083
      5.3027
      7.2917
      5.4945
      2.2430
      0.4931
      0.0580
      0.0040
      0.0133
      0.2176
      1.9101
      8.9596
     22.5948
     30.7430
      0.0006
      0.0035
      0.0236
      0.1249
      0.6619
      2.7736
      7.0033
      9.7774
      7.4109
      3.0345
      0.6684
      0.0787
      0.0055
      0.0180
      0.2961
      2.5988
     12.1905
     30.7430
     41.8296
