      0.0005
      0.0013
      0.0031
      0.0043
      0.0032
      0.0014
      0.0007
      0.0007
      0.0008
      0.0016
      0.0035
      0.0046
      0.0033
      0.0013
      0.0003
      0.0000
      0.0000
      0.0000
      0.0000
      0.0008
      0.0016
      0.0036
      0.0045
      0.0031
      0.0012
      0.0006
      0.0005
      0.0006
      0.0013
      0.0031
      0.0044
      0.0036
      0.0016
      0.0004
      0.0001
      0.0000
      0.0000
      0.0000
      0.0010
      0.0019
      0.0036
      0.0039
      0.0023
      0.0008
      0.0003
      0.0002
      0.0003
      0.0007
      0.0023
      0.0044
      0.0049
      0.0033
      0.0013
      0.0003
      0.0000
      0.0000
      0.0000
      0.0014
      0.0017
      0.0023
      0.0020
      0.0010
      0.0003
      0.0001
      0.0000
      0.0001
      0.0007
      0.0040
      0.0124
      0.0214
      0.0204
      0.0106
      0.0030
      0.0005
      0.0000
      0.0000
      0.0204
      0.0152
      0.0065
      0.0018
      0.0004
      0.0001
      0.0000
      0.0000
      0.0002
      0.0021
      0.0143
      0.0524
      0.1037
      0.1110
      0.0642
      0.0200
      0.0033
      0.0003
      0.0000
      0.3324
      0.2444
      0.0970
      0.0207
      0.0024
      0.0001
      0.0000
      0.0000
      0.0003
      0.0043
      0.0326
      0.1319
      0.2870
      0.3369
      0.2137
      0.0731
      0.0135
      0.0016
      0.0005
      2.9172
      2.1440
      0.8502
      0.1812
      0.0207
      0.0012
      0.0000
      0.0000
      0.0003
      0.0049
      0.0407
      0.1803
      0.4297
      0.5527
      0.3841
      0.1446
      0.0320
      0.0106
      0.0104
     13.6840
     10.0572
      3.9880
      0.8502
      0.0969
      0.0058
      0.0002
      0.0000
      0.0002
      0.0030
      0.0274
      0.1332
      0.3480
      0.4907
      0.3756
      0.1655
      0.0838
      0.1268
      0.1669
     34.5094
     25.3629
     10.0572
      2.1440
      0.2443
      0.0148
      0.0005
      0.0001
      0.0001
      0.0010
      0.0100
      0.0534
      0.1542
      0.2434
      0.2226
      0.1979
      0.4593
      1.0792
      1.4596
     46.9543
     34.5094
     13.6840
      2.9172
      0.3324
      0.0204
      0.0015
      0.0013
      0.0011
      0.0006
      0.0022
      0.0129
      0.0463
      0.1036
      0.1876
      0.5493
      2.0636
      5.0481
      6.8425
     34.5094
     25.3629
     10.0572
      2.1441
      0.2452
      0.0193
      0.0122
      0.0164
      0.0125
      0.0051
      0.0016
      0.0048
      0.0300
      0.1187
      0.3576
      1.3495
      5.2069
     12.7322
     17.2544
     13.6840
     10.0572
      3.9881
      0.8512
      0.1047
      0.0400
      0.0829
      0.1094
      0.0785
      0.0304
      0.0066
      0.0048
      0.0334
      0.1531
      0.5012
      1.8835
      7.1288
     17.3407
     23.4815
      2.9172
      2.1441
      0.8510
      0.1880
      0.0587
      0.1441
      0.3166
      0.3918
      0.2650
      0.0970
      0.0193
      0.0046
      0.0232
      0.1139
      0.3892
      1.4328
      5.2868
     12.7666
     17.2669
      0.3324
      0.2448
      0.1020
      0.0499
      0.1204
      0.3485
      0.6750
      0.7695
      0.4888
      0.1692
      0.0316
      0.0041
      0.0089
      0.0459
      0.1638
      0.5915
      2.1213
      5.0754
      6.8531
      0.0204
      0.0171
      0.0245
      0.0878
      0.2582
      0.5648
      0.9091
      0.9487
      0.5778
      0.1958
      0.0362
      0.0038
      0.0020
      0.0100
      0.0371
      0.1321
      0.4591
      1.0861
      1.4632
      0.0014
      0.0057
      0.0388
      0.1617
      0.4276
      0.8655
      1.4323
      1.6472
      1.1308
      0.4347
      0.0914
      0.0104
      0.0008
      0.0012
      0.0045
      0.0159
      0.0537
      0.1253
      0.1683
      0.0010
      0.0064
      0.0452
      0.1930
      0.6296
      1.8610
      4.1368
      5.5596
      4.1594
      1.6929
      0.3715
      0.0436
      0.0027
      0.0002
      0.0003
      0.0014
      0.0050
      0.0119
      0.0160
      0.0008
      0.0046
      0.0330
      0.1794
      0.9394
      3.8814
      9.7506
     13.5948
     10.3015
      4.2179
      0.9290
      0.1094
      0.0068
      0.0002
      0.0001
      0.0010
      0.0044
      0.0111
      0.0151
      0.0005
      0.0032
      0.0243
      0.1704
      1.1348
      5.1238
     13.1619
     18.4489
     13.9998
      5.7350
      1.2635
      0.1488
      0.0093
      0.0003
      0.0001
      0.0012
      0.0059
      0.0148
      0.0201
