      0.2088
      0.2062
      0.2001
      0.1954
      0.1985
      0.2161
      0.2542
      0.3166
      0.4009
      0.4929
      0.5645
      0.5845
      0.5367
      0.4323
      0.3044
      0.1886
      0.1063
      0.0610
      0.0470
      0.2190
      0.2153
      0.2061
      0.1969
      0.1952
      0.2082
      0.2425
      0.3027
      0.3874
      0.4833
      0.5631
      0.5943
      0.5572
      0.4590
      0.3310
      0.2101
      0.1207
      0.0697
      0.0536
      0.2690
      0.2604
      0.2383
      0.2120
      0.1929
      0.1914
      0.2153
      0.2700
      0.3564
      0.4642
      0.5679
      0.6313
      0.6250
      0.5447
      0.4158
      0.2787
      0.1675
      0.0992
      0.0767
      0.4185
      0.3970
      0.3413
      0.2729
      0.2151
      0.1850
      0.1913
      0.2385
      0.3284
      0.4549
      0.5949
      0.7073
      0.7482
      0.6955
      0.5649
      0.4015
      0.2547
      0.1578
      0.1245
      0.7607
      0.7118
      0.5854
      0.4304
      0.2963
      0.2134
      0.1901
      0.2251
      0.3173
      0.4634
      0.6439
      0.8136
      0.9123
      0.8964
      0.7681
      0.5759
      0.3869
      0.2550
      0.2085
      1.3833
      1.2865
      1.0373
      0.7324
      0.4676
      0.2953
      0.2222
      0.2341
      0.3203
      0.4771
      0.6896
      0.9116
      1.0701
      1.1009
      0.9894
      0.7825
      0.5615
      0.4000
      0.3418
      2.2887
      2.1240
      1.7002
      1.1825
      0.7314
      0.4311
      0.2850
      0.2587
      0.3248
      0.4746
      0.6976
      0.9527
      1.1629
      1.2494
      1.1802
      0.9929
      0.7720
      0.6030
      0.5407
      3.3165
      3.0758
      2.4570
      1.7009
      1.0410
      0.5964
      0.3660
      0.2920
      0.3251
      0.4479
      0.6545
      0.9148
      1.1598
      1.3070
      1.3102
      1.1891
      1.0164
      0.8747
      0.8211
      4.1544
      3.8530
      3.0783
      2.1328
      1.3082
      0.7511
      0.4548
      0.3395
      0.3353
      0.4161
      0.5820
      0.8196
      1.0786
      1.2851
      1.3835
      1.3703
      1.2922
      1.2134
      1.1815
      4.4798
      4.1570
      3.3287
      2.3216
      1.4491
      0.8650
      0.5546
      0.4224
      0.3859
      0.4161
      0.5230
      0.7149
      0.9668
      1.2212
      1.4188
      1.5320
      1.5737
      1.5785
      1.5763
      4.1544
      3.8606
      3.1098
      2.2061
      1.4381
      0.9401
      0.6845
      0.5682
      0.5071
      0.4794
      0.5122
      0.6388
      0.8609
      1.1396
      1.4156
      1.6406
      1.7948
      1.8809
      1.9082
      3.3165
      3.0925
      2.5264
      1.8622
      1.3261
      1.0101
      0.8675
      0.7922
      0.7088
      0.6132
      0.5570
      0.5996
      0.7666
      1.0349
      1.3474
      1.6421
      1.8739
      2.0191
      2.0682
      2.2887
      2.1518
      1.8159
      1.4510
      1.2051
      1.1164
      1.1132
      1.0871
      0.9762
      0.8013
      0.6428
      0.5856
      0.6734
      0.8945
      1.1959
      1.5097
      1.7759
      1.9518
      2.0131
      1.3833
      1.3268
      1.2046
      1.1209
      1.1519
      1.2834
      1.4154
      1.4333
      1.2874
      1.0248
      0.7560
      0.5892
      0.5820
      0.7306
      0.9876
      1.2861
      1.5587
      1.7482
      1.8160
      0.7607
      0.7646
      0.8053
      0.9409
      1.1961
      1.5133
      1.7633
      1.8181
      1.6338
      1.2806
      0.8983
      0.6188
      0.5126
      0.5833
      0.7902
      1.0702
      1.3504
      1.5573
      1.6337
      0.4185
      0.4617
      0.6107
      0.8993
      1.3218
      1.7891
      2.1428
      2.2335
      2.0142
      1.5724
      1.0771
      0.6866
      0.4874
      0.4924
      0.6675
      0.9523
      1.2647
      1.5087
      1.6011
      0.2690
      0.3354
      0.5505
      0.9397
      1.4829
      2.0702
      2.5155
      2.6440
      2.3978
      1.8764
      1.2765
      0.7847
      0.5071
      0.4666
      0.6350
      0.9516
      1.3209
      1.6192
      1.7342
      0.2190
      0.2975
      0.5488
      0.9972
      1.6178
      2.2884
      2.8023
      2.9625
      2.6998
      2.1205
      1.4425
      0.8760
      0.5439
      0.4782
      0.6543
      1.0092
      1.4348
      1.7839
      1.9192
      0.2088
      0.2911
      0.5541
      1.0225
      1.6705
      2.3718
      2.9118
      3.0847
      2.8164
      2.2156
      1.5080
      0.9136
      0.5618
      0.4881
      0.6694
      1.0412
      1.4904
      1.8603
      2.0040
