      0.0160
      0.0203
      0.0295
      0.0351
      0.0335
      0.0303
      0.0315
      0.0362
      0.0442
      0.0606
      0.0830
      0.0929
      0.0770
      0.0458
      0.0194
      0.0058
      0.0012
      0.0002
      0.0001
      0.0168
      0.0209
      0.0292
      0.0335
      0.0308
      0.0268
      0.0270
      0.0307
      0.0379
      0.0537
      0.0766
      0.0898
      0.0787
      0.0501
      0.0231
      0.0077
      0.0018
      0.0003
      0.0001
      0.0195
      0.0224
      0.0275
      0.0282
      0.0235
      0.0184
      0.0169
      0.0188
      0.0248
      0.0404
      0.0674
      0.0931
      0.0975
      0.0754
      0.0427
      0.0176
      0.0052
      0.0011
      0.0004
      0.0420
      0.0395
      0.0330
      0.0242
      0.0157
      0.0101
      0.0082
      0.0093
      0.0157
      0.0360
      0.0801
      0.1403
      0.1809
      0.1687
      0.1129
      0.0540
      0.0183
      0.0045
      0.0016
      0.2062
      0.1755
      0.1091
      0.0506
      0.0187
      0.0069
      0.0046
      0.0064
      0.0155
      0.0483
      0.1309
      0.2639
      0.3813
      0.3918
      0.2858
      0.1479
      0.0546
      0.0153
      0.0064
      0.9618
      0.8097
      0.4831
      0.2044
      0.0620
      0.0153
      0.0066
      0.0087
      0.0206
      0.0671
      0.1958
      0.4234
      0.6527
      0.7133
      0.5526
      0.3051
      0.1242
      0.0449
      0.0267
      3.2496
      2.7332
      1.6254
      0.6825
      0.2029
      0.0457
      0.0139
      0.0129
      0.0238
      0.0724
      0.2195
      0.5009
      0.8158
      0.9428
      0.7769
      0.4689
      0.2355
      0.1408
      0.1235
      7.7452
      6.5141
      3.8729
      1.6250
      0.4815
      0.1050
      0.0249
      0.0158
      0.0215
      0.0570
      0.1769
      0.4259
      0.7355
      0.9081
      0.8205
      0.5998
      0.4711
      0.4890
      0.5246
     13.0275
     10.9566
      6.5140
      2.7330
      0.8093
      0.1747
      0.0378
      0.0192
      0.0188
      0.0354
      0.1049
      0.2674
      0.5015
      0.6940
      0.7652
      0.8301
      1.0914
      1.5051
      1.7178
     15.4898
     13.0275
      7.7454
      3.2507
      0.9661
      0.2171
      0.0611
      0.0423
      0.0359
      0.0321
      0.0562
      0.1439
      0.3144
      0.5472
      0.8460
      1.3739
      2.3427
      3.5111
      4.0665
     13.0275
     10.9568
      6.5157
      2.7408
      0.8349
      0.2353
      0.1400
      0.1416
      0.1194
      0.0764
      0.0541
      0.0967
      0.2494
      0.5561
      1.0990
      2.1213
      3.8749
      5.9000
      6.8480
      7.7452
      6.5150
      3.8797
      1.6544
      0.5730
      0.3111
      0.3589
      0.4017
      0.3313
      0.1967
      0.0960
      0.0926
      0.2320
      0.5783
      1.2497
      2.5192
      4.6422
      7.0561
      8.1797
      3.2496
      2.7362
      1.6451
      0.7603
      0.4277
      0.5240
      0.7542
      0.8361
      0.6672
      0.3802
      0.1625
      0.0933
      0.1852
      0.4756
      1.0634
      2.1658
      3.9706
      5.9976
      6.9368
      0.9618
      0.8168
      0.5262
      0.3597
      0.4735
      0.8336
      1.2106
      1.2969
      1.0013
      0.5526
      0.2211
      0.0870
      0.1128
      0.2848
      0.6528
      1.3408
      2.4467
      3.6736
      4.2394
      0.2062
      0.1885
      0.1829
      0.2964
      0.6230
      1.1421
      1.6141
      1.6918
      1.2895
      0.7064
      0.2775
      0.0869
      0.0567
      0.1264
      0.3054
      0.6603
      1.2403
      1.8832
      2.1788
      0.0420
      0.0577
      0.1345
      0.3545
      0.8182
      1.5266
      2.2039
      2.3798
      1.8781
      1.0678
      0.4338
      0.1278
      0.0396
      0.0570
      0.1728
      0.4715
      1.0196
      1.6492
      1.9411
      0.0195
      0.0427
      0.1450
      0.4345
      1.0916
      2.2049
      3.4110
      3.8984
      3.2234
      1.9062
      0.8006
      0.2385
      0.0579
      0.0575
      0.2273
      0.7446
      1.7522
      2.9325
      3.4822
      0.0168
      0.0406
      0.1522
      0.5055
      1.4035
      3.0599
      4.9800
      5.8814
      4.9720
      2.9877
      1.2703
      0.3814
      0.0905
      0.0851
      0.3546
      1.1950
      2.8455
      4.7839
      5.6874
      0.0160
      0.0394
      0.1535
      0.5359
      1.5520
      3.4763
      5.7461
      6.8467
      5.8194
      3.5094
      1.4959
      0.4499
      0.1067
      0.1000
      0.4189
      1.4153
      3.3735
      5.6739
      6.7462
