      0.0014
      0.0034
      0.0083
      0.0113
      0.0083
      0.0033
      0.0008
      0.0004
      0.0011
      0.0046
      0.0114
      0.0153
      0.0111
      0.0044
      0.0009
      0.0001
      0.0000
      0.0000
      0.0000
      0.0020
      0.0043
      0.0096
      0.0118
      0.0080
      0.0030
      0.0007
      0.0003
      0.0009
      0.0038
      0.0101
      0.0146
      0.0115
      0.0050
      0.0012
      0.0001
      0.0000
      0.0000
      0.0000
      0.0026
      0.0050
      0.0095
      0.0102
      0.0059
      0.0019
      0.0004
      0.0001
      0.0004
      0.0021
      0.0063
      0.0108
      0.0101
      0.0053
      0.0015
      0.0002
      0.0000
      0.0000
      0.0000
      0.0023
      0.0036
      0.0057
      0.0053
      0.0027
      0.0007
      0.0001
      0.0000
      0.0001
      0.0008
      0.0032
      0.0076
      0.0102
      0.0081
      0.0037
      0.0009
      0.0001
      0.0000
      0.0000
      0.0106
      0.0084
      0.0046
      0.0021
      0.0007
      0.0002
      0.0000
      0.0000
      0.0001
      0.0007
      0.0044
      0.0153
      0.0295
      0.0310
      0.0178
      0.0055
      0.0009
      0.0001
      0.0000
      0.1622
      0.1193
      0.0475
      0.0103
      0.0012
      0.0001
      0.0001
      0.0001
      0.0002
      0.0013
      0.0090
      0.0361
      0.0784
      0.0920
      0.0583
      0.0200
      0.0037
      0.0004
      0.0001
      1.4224
      1.0454
      0.4145
      0.0884
      0.0101
      0.0007
      0.0002
      0.0004
      0.0004
      0.0015
      0.0111
      0.0492
      0.1172
      0.1509
      0.1051
      0.0399
      0.0091
      0.0031
      0.0030
      6.6720
      4.9036
      1.9444
      0.4145
      0.0473
      0.0030
      0.0005
      0.0005
      0.0005
      0.0010
      0.0075
      0.0365
      0.0957
      0.1368
      0.1082
      0.0517
      0.0278
      0.0373
      0.0474
     16.8260
     12.3664
      4.9036
      1.0454
      0.1191
      0.0074
      0.0007
      0.0006
      0.0004
      0.0004
      0.0028
      0.0157
      0.0493
      0.0925
      0.1123
      0.1122
      0.1660
      0.3157
      0.4124
     22.8938
     16.8260
      6.6720
      1.4224
      0.1623
      0.0109
      0.0034
      0.0046
      0.0036
      0.0016
      0.0013
      0.0081
      0.0450
      0.1517
      0.3073
      0.4457
      0.7645
      1.4750
      1.9289
     16.8260
     12.3664
      4.9037
      1.0457
      0.1223
      0.0223
      0.0393
      0.0549
      0.0417
      0.0171
      0.0046
      0.0119
      0.0857
      0.3478
      0.7923
      1.2075
      1.9989
      3.7401
      4.8654
      6.6720
      4.9037
      1.9447
      0.4179
      0.0731
      0.1162
      0.2755
      0.3647
      0.2617
      0.1015
      0.0220
      0.0158
      0.1094
      0.4780
      1.1612
      1.8234
      2.8801
      5.1534
      6.6414
      1.4224
      1.0456
      0.4170
      0.1087
      0.1318
      0.4697
      1.0502
      1.3041
      0.8828
      0.3233
      0.0642
      0.0154
      0.0767
      0.3574
      0.9250
      1.5049
      2.2789
      3.8647
      4.9147
      0.1622
      0.1206
      0.0612
      0.0934
      0.3597
      1.1118
      2.2038
      2.5311
      1.6095
      0.5564
      0.1037
      0.0134
      0.0293
      0.1443
      0.3985
      0.6762
      0.9926
      1.5894
      1.9876
      0.0106
      0.0133
      0.0526
      0.2351
      0.7225
      1.6344
      2.6561
      2.7322
      1.6176
      0.5279
      0.0933
      0.0094
      0.0063
      0.0315
      0.0944
      0.1814
      0.3161
      0.5579
      0.7107
      0.0023
      0.0140
      0.1014
      0.4154
      1.0144
      1.6866
      2.1335
      1.9372
      1.0994
      0.3578
      0.0645
      0.0064
      0.0010
      0.0047
      0.0291
      0.1759
      0.7550
      1.8703
      2.5376
      0.0026
      0.0168
      0.1149
      0.4326
      0.9593
      1.4884
      1.9629
      2.0499
      1.3736
      0.5273
      0.1114
      0.0127
      0.0010
      0.0052
      0.0834
      0.7265
      3.4029
      8.5792
     11.6725
      0.0020
      0.0118
      0.0754
      0.2748
      0.6763
      1.4991
      2.9404
      3.8324
      2.8512
      1.1599
      0.2547
      0.0299
      0.0023
      0.0126
      0.2083
      1.8284
      8.5766
     21.6290
     29.4288
      0.0014
      0.0079
      0.0482
      0.1792
      0.5387
      1.6144
      3.7056
      5.0689
      3.8261
      1.5652
      0.3447
      0.0406
      0.0031
      0.0172
      0.2834
      2.4877
     11.6694
     29.4287
     40.0414
