      0.2712
      0.2928
      0.3357
      0.3553
      0.3264
      0.2645
      0.2084
      0.1906
      0.2223
      0.2920
      0.3639
      0.3910
      0.3479
      0.2521
      0.1477
      0.0698
      0.0268
      0.0090
      0.0045
      0.2689
      0.2879
      0.3245
      0.3374
      0.3050
      0.2435
      0.1897
      0.1731
      0.2048
      0.2754
      0.3525
      0.3901
      0.3590
      0.2704
      0.1657
      0.0824
      0.0335
      0.0118
      0.0062
      0.2618
      0.2735
      0.2926
      0.2886
      0.2488
      0.1903
      0.1435
      0.1315
      0.1649
      0.2409
      0.3364
      0.4073
      0.4119
      0.3427
      0.2331
      0.1292
      0.0585
      0.0230
      0.0129
      0.2663
      0.2662
      0.2583
      0.2298
      0.1809
      0.1282
      0.0922
      0.0882
      0.1279
      0.2193
      0.3520
      0.4825
      0.5471
      0.5070
      0.3818
      0.2332
      0.1162
      0.0506
      0.0307
      0.3523
      0.3319
      0.2772
      0.2050
      0.1349
      0.0821
      0.0549
      0.0594
      0.1093
      0.2253
      0.4121
      0.6260
      0.7745
      0.7759
      0.6282
      0.4121
      0.2223
      0.1077
      0.0713
      0.6478
      0.5879
      0.4402
      0.2740
      0.1444
      0.0688
      0.0388
      0.0467
      0.1042
      0.2421
      0.4808
      0.7801
      1.0235
      1.0837
      0.9286
      0.6503
      0.3840
      0.2144
      0.1590
      1.2640
      1.1347
      0.8210
      0.4797
      0.2284
      0.0930
      0.0421
      0.0439
      0.0989
      0.2398
      0.4992
      0.8491
      1.1685
      1.3028
      1.1869
      0.9036
      0.6078
      0.4109
      0.3452
      2.1444
      1.9208
      1.3803
      0.7964
      0.3719
      0.1472
      0.0616
      0.0498
      0.0906
      0.2087
      0.4424
      0.7840
      1.1368
      1.3515
      1.3408
      1.1546
      0.9289
      0.7725
      0.7202
      2.9716
      2.6610
      1.9111
      1.1038
      0.5211
      0.2173
      0.1037
      0.0798
      0.0996
      0.1752
      0.3471
      0.6328
      0.9803
      1.2771
      1.4317
      1.4480
      1.4064
      1.3754
      1.3674
      3.3157
      2.9702
      2.1382
      1.2482
      0.6171
      0.3032
      0.1979
      0.1750
      0.1701
      0.1892
      0.2809
      0.4911
      0.8170
      1.1947
      1.5411
      1.8159
      2.0276
      2.1788
      2.2369
      2.9716
      2.6664
      1.9363
      1.1713
      0.6589
      0.4434
      0.4039
      0.3988
      0.3570
      0.2962
      0.2899
      0.4158
      0.7106
      1.1480
      1.6551
      2.1578
      2.6018
      2.9243
      3.0454
      2.1444
      1.9360
      1.4493
      0.9757
      0.7253
      0.7074
      0.7838
      0.7995
      0.6898
      0.5083
      0.3736
      0.3961
      0.6323
      1.0713
      1.6449
      2.2604
      2.8252
      3.2376
      3.3915
      1.2640
      1.1674
      0.9656
      0.8422
      0.9146
      1.1387
      1.3427
      1.3556
      1.1340
      0.7885
      0.4958
      0.3917
      0.5299
      0.8925
      1.4108
      1.9901
      2.5296
      2.9231
      3.0694
      0.6478
      0.6455
      0.6901
      0.8819
      1.2551
      1.7015
      2.0040
      1.9769
      1.6101
      1.0808
      0.6220
      0.3836
      0.3996
      0.6310
      1.0066
      1.4429
      1.8538
      2.1531
      2.2639
      0.3523
      0.4163
      0.6390
      1.0690
      1.6792
      2.3029
      2.6777
      2.6020
      2.0926
      1.3849
      0.7635
      0.3923
      0.2852
      0.3782
      0.5951
      0.8672
      1.1316
      1.3267
      1.3992
      0.2663
      0.3707
      0.7050
      1.2948
      2.0832
      2.8693
      3.3479
      3.2765
      2.6622
      1.7798
      0.9771
      0.4571
      0.2303
      0.2098
      0.3076
      0.4631
      0.6301
      0.7608
      0.8108
      0.2618
      0.3858
      0.7782
      1.4653
      2.3969
      3.3671
      4.0245
      4.0430
      3.3708
      2.3068
      1.2863
      0.5878
      0.2404
      0.1367
      0.1684
      0.2722
      0.4063
      0.5221
      0.5684
      0.2689
      0.3993
      0.8138
      1.5529
      2.5927
      3.7387
      4.5952
      4.7392
      4.0425
      2.8194
      1.5946
      0.7298
      0.2801
      0.1220
      0.1262
      0.2202
      0.3592
      0.4868
      0.5392
      0.2712
      0.4024
      0.8214
      1.5772
      2.6596
      3.8816
      4.8278
      5.0311
      4.3281
      3.0389
      1.7274
      0.7922
      0.3008
      0.1231
      0.1204
      0.2155
      0.3615
      0.4975
      0.5536
