      0.0012
      0.0029
      0.0071
      0.0097
      0.0071
      0.0029
      0.0008
      0.0004
      0.0004
      0.0011
      0.0026
      0.0034
      0.0025
      0.0010
      0.0002
      0.0000
      0.0000
      0.0000
      0.0000
      0.0017
      0.0037
      0.0082
      0.0102
      0.0069
      0.0026
      0.0006
      0.0003
      0.0003
      0.0009
      0.0023
      0.0033
      0.0027
      0.0012
      0.0003
      0.0000
      0.0000
      0.0000
      0.0000
      0.0023
      0.0043
      0.0082
      0.0088
      0.0051
      0.0016
      0.0003
      0.0001
      0.0002
      0.0005
      0.0017
      0.0033
      0.0037
      0.0025
      0.0010
      0.0002
      0.0000
      0.0000
      0.0000
      0.0024
      0.0034
      0.0050
      0.0045
      0.0023
      0.0006
      0.0001
      0.0000
      0.0001
      0.0006
      0.0030
      0.0095
      0.0164
      0.0156
      0.0081
      0.0023
      0.0003
      0.0000
      0.0000
      0.0226
      0.0172
      0.0079
      0.0026
      0.0007
      0.0001
      0.0000
      0.0000
      0.0001
      0.0016
      0.0109
      0.0401
      0.0793
      0.0849
      0.0491
      0.0153
      0.0026
      0.0002
      0.0000
      0.3635
      0.2673
      0.1062
      0.0228
      0.0026
      0.0002
      0.0000
      0.0001
      0.0003
      0.0034
      0.0250
      0.1009
      0.2196
      0.2578
      0.1635
      0.0559
      0.0103
      0.0011
      0.0002
      3.1896
      2.3442
      0.9296
      0.1982
      0.0226
      0.0014
      0.0002
      0.0002
      0.0004
      0.0038
      0.0312
      0.1380
      0.3288
      0.4229
      0.2939
      0.1106
      0.0236
      0.0057
      0.0046
     14.9616
     10.9961
      4.3603
      0.9295
      0.1059
      0.0065
      0.0004
      0.0003
      0.0004
      0.0024
      0.0210
      0.1019
      0.2662
      0.3755
      0.2874
      0.1242
      0.0491
      0.0566
      0.0720
     37.7313
     27.7309
     10.9961
      2.3442
      0.2671
      0.0162
      0.0007
      0.0003
      0.0002
      0.0008
      0.0077
      0.0409
      0.1180
      0.1862
      0.1683
      0.1253
      0.2143
      0.4679
      0.6262
     51.3380
     37.7313
     14.9616
      3.1895
      0.3634
      0.0222
      0.0014
      0.0011
      0.0008
      0.0005
      0.0017
      0.0098
      0.0353
      0.0782
      0.1296
      0.2867
      0.9213
      2.1740
      2.9279
     37.7313
     27.7309
     10.9961
      2.3443
      0.2678
      0.0196
      0.0093
      0.0123
      0.0093
      0.0038
      0.0012
      0.0036
      0.0225
      0.0871
      0.2327
      0.6802
      2.3038
      5.4666
      7.3706
     14.9616
     10.9961
      4.3604
      0.9307
      0.1127
      0.0333
      0.0630
      0.0820
      0.0586
      0.0227
      0.0049
      0.0036
      0.0248
      0.1113
      0.3237
      0.9497
      3.1499
      7.4352
     10.0203
      3.1896
      2.3443
      0.9311
      0.2077
      0.0626
      0.1239
      0.2480
      0.2968
      0.1985
      0.0724
      0.0144
      0.0035
      0.0172
      0.0827
      0.2521
      0.7298
      2.3428
      5.4734
      7.3650
      0.3635
      0.2683
      0.1166
      0.0752
      0.1646
      0.3558
      0.5703
      0.5989
      0.3694
      0.1266
      0.0236
      0.0030
      0.0066
      0.0333
      0.1068
      0.3065
      0.9484
      2.1847
      2.9323
      0.0226
      0.0213
      0.0474
      0.1791
      0.4469
      0.7296
      0.8809
      0.7806
      0.4460
      0.1480
      0.0272
      0.0028
      0.0015
      0.0073
      0.0255
      0.0790
      0.2508
      0.5788
      0.7766
      0.0024
      0.0123
      0.0864
      0.3445
      0.7898
      1.1836
      1.4094
      1.3577
      0.8790
      0.3328
      0.0698
      0.0079
      0.0006
      0.0014
      0.0124
      0.0915
      0.4134
      1.0351
      1.4068
      0.0023
      0.0145
      0.0995
      0.3840
      0.9450
      1.9137
      3.4436
      4.3378
      3.1954
      1.2961
      0.2843
      0.0334
      0.0022
      0.0028
      0.0445
      0.3897
      1.8271
      4.6071
      6.2684
      0.0017
      0.0103
      0.0675
      0.2801
      0.9793
      3.2264
      7.5968
     10.4407
      7.8879
      3.2277
      0.7108
      0.0837
      0.0054
      0.0069
      0.1118
      0.9815
      4.6038
     11.6103
     15.7973
      0.0012
      0.0069
      0.0451
      0.2148
      1.0130
      4.0545
     10.1376
     14.1338
     10.7142
      4.3882
      0.9667
      0.1139
      0.0074
      0.0094
      0.1521
      1.3354
      6.2640
     15.7971
     21.4940
