      0.2303
      0.2480
      0.2836
      0.3024
      0.2853
      0.2443
      0.2060
      0.1886
      0.1966
      0.2241
      0.2541
      0.2612
      0.2292
      0.1665
      0.0986
      0.0474
      0.0188
      0.0066
      0.0036
      0.2282
      0.2436
      0.2738
      0.2867
      0.2661
      0.2245
      0.1873
      0.1716
      0.1819
      0.2139
      0.2518
      0.2697
      0.2473
      0.1885
      0.1179
      0.0602
      0.0253
      0.0094
      0.0052
      0.2241
      0.2331
      0.2479
      0.2453
      0.2166
      0.1750
      0.1421
      0.1318
      0.1498
      0.1963
      0.2598
      0.3118
      0.3196
      0.2721
      0.1899
      0.1081
      0.0503
      0.0204
      0.0118
      0.2426
      0.2402
      0.2283
      0.2005
      0.1598
      0.1196
      0.0944
      0.0934
      0.1245
      0.1965
      0.3058
      0.4194
      0.4816
      0.4535
      0.3470
      0.2151
      0.1089
      0.0483
      0.0298
      0.3673
      0.3424
      0.2782
      0.1992
      0.1298
      0.0839
      0.0648
      0.0736
      0.1199
      0.2237
      0.3935
      0.5927
      0.7351
      0.7404
      0.6030
      0.3981
      0.2169
      0.1072
      0.0724
      0.7472
      0.6755
      0.5004
      0.3071
      0.1626
      0.0852
      0.0607
      0.0733
      0.1290
      0.2573
      0.4815
      0.7669
      1.0013
      1.0596
      0.9089
      0.6389
      0.3823
      0.2204
      0.1679
      1.5106
      1.3551
      0.9790
      0.5727
      0.2790
      0.1277
      0.0771
      0.0819
      0.1338
      0.2640
      0.5081
      0.8426
      1.1493
      1.2761
      1.1612
      0.8896
      0.6138
      0.4363
      0.3788
      2.5867
      2.3170
      1.6657
      0.9648
      0.4598
      0.1985
      0.1038
      0.0902
      0.1250
      0.2308
      0.4479
      0.7703
      1.1025
      1.3007
      1.2891
      1.1282
      0.9510
      0.8440
      0.8127
      3.5928
      3.2174
      2.3117
      1.3376
      0.6364
      0.2726
      0.1364
      0.1037
      0.1160
      0.1812
      0.3375
      0.5986
      0.9116
      1.1762
      1.3273
      1.3948
      1.4551
      1.5295
      1.5666
      4.0105
      3.5922
      2.5838
      1.5024
      0.7292
      0.3342
      0.1901
      0.1510
      0.1416
      0.1601
      0.2440
      0.4264
      0.7011
      1.0249
      1.3626
      1.7217
      2.1067
      2.4394
      2.5755
      3.5928
      3.2211
      2.3283
      1.3806
      0.7208
      0.4061
      0.3082
      0.2798
      0.2450
      0.2069
      0.2138
      0.3186
      0.5512
      0.9148
      1.4053
      2.0187
      2.6988
      3.2721
      3.5016
      2.5867
      2.3278
      1.7137
      1.0854
      0.6894
      0.5509
      0.5447
      0.5329
      0.4537
      0.3345
      0.2505
      0.2745
      0.4539
      0.8125
      1.3624
      2.0938
      2.9174
      3.6088
      3.8841
      1.5106
      1.3793
      1.0842
      0.8299
      0.7522
      0.8291
      0.9272
      0.9157
      0.7586
      0.5254
      0.3301
      0.2622
      0.3667
      0.6619
      1.1570
      1.8377
      2.6107
      3.2592
      3.5169
      0.7472
      0.7197
      0.6897
      0.7594
      0.9723
      1.2517
      1.4388
      1.4022
      1.1355
      0.7605
      0.4361
      0.2652
      0.2779
      0.4708
      0.8384
      1.3635
      1.9679
      2.4769
      2.6793
      0.3673
      0.4094
      0.5631
      0.8729
      1.3215
      1.7823
      2.0574
      1.9959
      1.6086
      1.0693
      0.5910
      0.2999
      0.2138
      0.3039
      0.5490
      0.9322
      1.3921
      1.7874
      1.9459
      0.2426
      0.3258
      0.5943
      1.0724
      1.7189
      2.3745
      2.7892
      2.7543
      2.2606
      1.5269
      0.8457
      0.3971
      0.2041
      0.2175
      0.4036
      0.7492
      1.1975
      1.5981
      1.7614
      0.2241
      0.3286
      0.6621
      1.2562
      2.0811
      2.9672
      3.5999
      3.6665
      3.0937
      2.1390
      1.2034
      0.5573
      0.2487
      0.2144
      0.4111
      0.8302
      1.4043
      1.9313
      2.1484
      0.2282
      0.3412
      0.7055
      1.3718
      2.3378
      3.4379
      4.2965
      4.4899
      3.8684
      2.7187
      1.5478
      0.7189
      0.3104
      0.2499
      0.4874
      1.0175
      1.7569
      2.4413
      2.7243
      0.2303
      0.3452
      0.7182
      1.4096
      2.4316
      3.6219
      4.5794
      4.8311
      4.1928
      2.9628
      1.6935
      0.7881
      0.3388
      0.2698
      0.5283
      1.1101
      1.9244
      2.6794
      2.9918
