      0.2477
      0.2720
      0.3229
      0.3560
      0.3470
      0.3086
      0.2687
      0.2432
      0.2322
      0.2313
      0.2318
      0.2190
      0.1822
      0.1275
      0.0731
      0.0339
      0.0127
      0.0040
      0.0019
      0.2453
      0.2668
      0.3108
      0.3365
      0.3228
      0.2831
      0.2442
      0.2206
      0.2123
      0.2151
      0.2206
      0.2140
      0.1833
      0.1325
      0.0789
      0.0383
      0.0151
      0.0051
      0.0025
      0.2313
      0.2458
      0.2731
      0.2820
      0.2594
      0.2197
      0.1858
      0.1687
      0.1679
      0.1799
      0.1980
      0.2076
      0.1934
      0.1530
      0.1004
      0.0541
      0.0240
      0.0094
      0.0053
      0.1979
      0.2044
      0.2134
      0.2069
      0.1807
      0.1487
      0.1271
      0.1217
      0.1309
      0.1535
      0.1869
      0.2185
      0.2275
      0.2012
      0.1475
      0.0891
      0.0452
      0.0213
      0.0142
      0.1548
      0.1546
      0.1499
      0.1354
      0.1147
      0.0992
      0.0968
      0.1063
      0.1243
      0.1537
      0.2001
      0.2553
      0.2922
      0.2836
      0.2284
      0.1536
      0.0906
      0.0541
      0.0428
      0.1290
      0.1235
      0.1087
      0.0909
      0.0801
      0.0843
      0.1023
      0.1245
      0.1450
      0.1730
      0.2252
      0.3011
      0.3683
      0.3850
      0.3387
      0.2586
      0.1869
      0.1454
      0.1331
      0.1441
      0.1329
      0.1066
      0.0828
      0.0780
      0.0969
      0.1288
      0.1556
      0.1695
      0.1864
      0.2347
      0.3226
      0.4189
      0.4745
      0.4684
      0.4275
      0.3948
      0.3862
      0.3873
      0.1987
      0.1804
      0.1387
      0.1025
      0.0949
      0.1179
      0.1527
      0.1744
      0.1753
      0.1764
      0.2131
      0.3027
      0.4249
      0.5390
      0.6277
      0.7135
      0.8215
      0.9295
      0.9767
      0.2609
      0.2361
      0.1796
      0.1296
      0.1144
      0.1338
      0.1635
      0.1759
      0.1643
      0.1511
      0.1739
      0.2587
      0.4057
      0.6016
      0.8503
      1.1746
      1.5617
      1.9051
      2.0459
      0.2882
      0.2614
      0.2008
      0.1483
      0.1338
      0.1548
      0.1837
      0.1910
      0.1698
      0.1424
      0.1480
      0.2234
      0.3945
      0.6859
      1.1363
      1.7771
      2.5468
      3.2188
      3.4910
      0.2609
      0.2396
      0.1944
      0.1647
      0.1765
      0.2226
      0.2681
      0.2771
      0.2408
      0.1854
      0.1592
      0.2132
      0.3962
      0.7648
      1.3908
      2.3178
      3.4414
      4.4212
      4.8173
      0.1987
      0.1913
      0.1848
      0.2119
      0.2888
      0.3941
      0.4751
      0.4826
      0.4081
      0.2938
      0.2086
      0.2188
      0.3831
      0.7701
      1.4656
      2.5182
      3.8027
      4.9245
      5.3780
      0.1441
      0.1581
      0.2130
      0.3315
      0.5111
      0.7013
      0.8197
      0.8024
      0.6532
      0.4454
      0.2761
      0.2211
      0.3321
      0.6653
      1.2964
      2.2688
      3.4629
      4.5080
      4.9307
      0.1290
      0.1701
      0.3030
      0.5362
      0.8362
      1.1102
      1.2422
      1.1651
      0.9110
      0.5938
      0.3359
      0.2123
      0.2551
      0.4964
      0.9928
      1.7809
      2.7623
      3.6268
      3.9773
      0.1548
      0.2242
      0.4371
      0.7821
      1.1878
      1.5182
      1.6344
      1.4800
      1.1225
      0.7099
      0.3803
      0.2023
      0.1902
      0.3617
      0.7715
      1.4656
      2.3606
      3.1628
      3.4905
      0.1979
      0.2893
      0.5620
      0.9846
      1.4554
      1.8133
      1.9126
      1.7084
      1.2863
      0.8103
      0.4282
      0.2101
      0.1696
      0.3361
      0.7981
      1.6397
      2.7688
      3.8015
      4.2267
      0.2313
      0.3330
      0.6311
      1.0822
      1.5758
      1.9516
      2.0673
      1.8718
      1.4377
      0.9263
      0.4987
      0.2440
      0.1957
      0.4187
      1.0664
      2.2847
      3.9488
      5.4846
      6.1193
      0.2453
      0.3475
      0.6446
      1.0909
      1.5839
      1.9789
      2.1378
      1.9882
      1.5725
      1.0419
      0.5747
      0.2872
      0.2390
      0.5343
      1.3924
      3.0184
      5.2502
      7.3146
      8.1687
      0.2477
      0.3486
      0.6412
      1.0807
      1.5708
      1.9755
      2.1579
      2.0340
      1.6303
      1.0930
      0.6088
      0.3071
      0.2596
      0.5874
      1.5376
      3.3403
      5.8166
      8.1083
      9.0566
