      0.0000
      0.0000
      0.0000
      0.0000
      0.0000
      0.0000
      0.0000
      0.0000
      0.0000
      0.0000
      0.0000
      0.0000
      0.0000
      0.0000
      0.0000
      0.0000
      0.0000
      0.0000
      0.0000
      0.0000
      0.0000
      0.0000
      0.0000
      0.0000
      0.0000
      0.0000
      0.0000
      0.0000
      0.0000
      0.0000
      0.0000
      0.0000
      0.0000
      0.0000
      0.0000
      0.0000
      0.0000
      0.0000
      0.0000
      0.0000
      0.0000
      0.0000
      0.0000
      0.0000
      0.0000
      0.0000
      0.0000
      0.0000
      0.0000
      0.0000
      0.0000
      0.0000
      0.0000
      0.0000
      0.0000
      0.0000
      0.0000
      0.0000
      0.0000
      0.0000
      0.0000
      0.0000
      0.0000
      0.0000
      0.0000
      0.0000
      0.0000
      0.0000
      0.0000
      0.0000
      0.0000
      0.0000
      0.0000
      0.0000
      0.0000
      0.0000
      0.0000
      0.0000
      0.0000
      0.0000
      0.0000
      0.0000
      0.0000
      0.0000
      0.0000
      0.0000
      0.0000
      0.0001
      0.0006
      0.0007
      0.0002
      0.0000
      0.0000
      0.0000
      0.0000
      0.0016
      0.0008
      0.0001
      0.0000
      0.0000
      0.0000
      0.0000
      0.0000
      0.0000
      0.0000
      0.0000
      0.0010
      0.0056
      0.0080
      0.0029
      0.0003
      0.0000
      0.0000
      0.0000
      0.2113
      0.1057
      0.0132
      0.0004
      0.0000
      0.0000
      0.0000
      0.0000
      0.0000
      0.0000
      0.0001
      0.0020
      0.0139
      0.0244
      0.0108
      0.0012
      0.0000
      0.0000
      0.0000
      6.8525
      3.4262
      0.4271
      0.0132
      0.0001
      0.0000
      0.0000
      0.0000
      0.0000
      0.0000
      0.0000
      0.0010
      0.0086
      0.0186
      0.0100
      0.0014
      0.0001
      0.0004
      0.0007
     54.9650
     27.4825
      3.4262
      0.1057
      0.0008
      0.0000
      0.0000
      0.0000
      0.0000
      0.0000
      0.0000
      0.0001
      0.0013
      0.0036
      0.0026
      0.0008
      0.0059
      0.0466
      0.0933
    109.9300
     54.9650
      6.8525
      0.2113
      0.0016
      0.0000
      0.0000
      0.0000
      0.0000
      0.0000
      0.0000
      0.0000
      0.0001
      0.0019
      0.0090
      0.0168
      0.1920
      1.5127
      3.0249
     54.9650
     27.4825
      3.4262
      0.1057
      0.0008
      0.0000
      0.0001
      0.0002
      0.0001
      0.0000
      0.0000
      0.0000
      0.0006
      0.0148
      0.0866
      0.1717
      1.5578
     12.1359
     24.2637
      6.8525
      3.4262
      0.4271
      0.0132
      0.0001
      0.0012
      0.0090
      0.0170
      0.0081
      0.0010
      0.0000
      0.0000
      0.0011
      0.0309
      0.2103
      0.4475
      3.1746
     24.2793
     48.5278
      0.2113
      0.1057
      0.0132
      0.0004
      0.0010
      0.0263
      0.1770
      0.2971
      0.1247
      0.0130
      0.0003
      0.0000
      0.0005
      0.0161
      0.1277
      0.2975
      1.6360
     12.1469
     24.2644
      0.0016
      0.0008
      0.0001
      0.0001
      0.0062
      0.1464
      0.8682
      1.2871
      0.4770
      0.0440
      0.0010
      0.0000
      0.0001
      0.0021
      0.0194
      0.0502
      0.2140
      1.5161
      3.0252
      0.0000
      0.0000
      0.0000
      0.0004
      0.0115
      0.2057
      1.0648
      1.3938
      0.4565
      0.0372
      0.0007
      0.0000
      0.0000
      0.0001
      0.0007
      0.0021
      0.0072
      0.0472
      0.0940
      0.0000
      0.0000
      0.0001
      0.0015
      0.0117
      0.0873
      0.3873
      0.5027
      0.1766
      0.0169
      0.0004
      0.0000
      0.0000
      0.0000
      0.0000
      0.0002
      0.0062
      0.0500
      0.1000
      0.0000
      0.0000
      0.0001
      0.0017
      0.0144
      0.2345
      1.9241
      4.1078
      2.2029
      0.2952
      0.0098
      0.0001
      0.0000
      0.0000
      0.0000
      0.0062
      0.2007
      1.6095
      3.2191
      0.0000
      0.0000
      0.0000
      0.0008
      0.0524
      1.7642
     15.2158
     32.7455
     17.6182
      2.3642
      0.0785
      0.0006
      0.0000
      0.0000
      0.0004
      0.0496
      1.6095
     12.9103
     25.8207
      0.0000
      0.0000
      0.0000
      0.0008
      0.1012
      3.5246
     30.4298
     65.4901
     35.2363
      4.7284
      0.1570
      0.0013
      0.0000
      0.0000
      0.0007
      0.0993
      3.2191
     25.8207
     51.6413
