      0.0157
      0.0195
      0.0273
      0.0317
      0.0288
      0.0234
      0.0213
      0.0227
      0.0271
      0.0374
      0.0516
      0.0582
      0.0488
      0.0295
      0.0127
      0.0039
      0.0009
      0.0002
      0.0001
      0.0163
      0.0199
      0.0270
      0.0302
      0.0265
      0.0208
      0.0182
      0.0192
      0.0235
      0.0340
      0.0497
      0.0601
      0.0547
      0.0365
      0.0178
      0.0063
      0.0016
      0.0003
      0.0001
      0.0198
      0.0220
      0.0258
      0.0257
      0.0204
      0.0144
      0.0115
      0.0120
      0.0165
      0.0297
      0.0546
      0.0821
      0.0930
      0.0774
      0.0468
      0.0204
      0.0064
      0.0015
      0.0005
      0.0546
      0.0496
      0.0379
      0.0250
      0.0146
      0.0082
      0.0057
      0.0065
      0.0134
      0.0374
      0.0924
      0.1715
      0.2304
      0.2214
      0.1516
      0.0737
      0.0254
      0.0063
      0.0021
      0.3008
      0.2549
      0.1557
      0.0695
      0.0236
      0.0071
      0.0034
      0.0051
      0.0172
      0.0627
      0.1785
      0.3664
      0.5346
      0.5530
      0.4053
      0.2101
      0.0772
      0.0209
      0.0080
      1.4244
      1.1987
      0.7141
      0.3009
      0.0900
      0.0201
      0.0056
      0.0069
      0.0236
      0.0914
      0.2773
      0.6047
      0.9344
      1.0221
      0.7916
      0.4348
      0.1718
      0.0541
      0.0262
      4.8201
      4.0540
      2.4105
      1.0115
      0.2992
      0.0639
      0.0134
      0.0095
      0.0256
      0.0983
      0.3126
      0.7185
      1.1707
      1.3505
      1.1060
      0.6505
      0.2923
      0.1299
      0.0927
     11.4903
      9.6638
      5.7453
      2.4100
      0.7120
      0.1500
      0.0271
      0.0113
      0.0209
      0.0758
      0.2510
      0.6081
      1.0462
      1.2788
      1.1230
      0.7448
      0.4513
      0.3506
      0.3425
     19.3271
     16.2548
      9.6637
      4.0536
      1.1972
      0.2514
      0.0433
      0.0137
      0.0153
      0.0435
      0.1449
      0.3708
      0.6812
      0.9031
      0.9020
      0.7877
      0.7969
      0.9649
      1.0707
     22.9801
     19.3271
     11.4903
      4.8205
      1.4260
      0.3049
      0.0617
      0.0281
      0.0233
      0.0278
      0.0666
      0.1752
      0.3584
      0.5590
      0.7334
      0.9899
      1.5082
      2.1758
      2.5007
     19.3271
     16.2549
      9.6648
      4.0586
      1.2134
      0.2892
      0.1066
      0.0887
      0.0735
      0.0489
      0.0421
      0.0849
      0.2045
      0.4146
      0.7494
      1.3564
      2.4030
      3.6212
      4.1932
     11.4903
      9.6645
      5.7500
      2.4294
      0.7706
      0.2797
      0.2349
      0.2490
      0.2039
      0.1212
      0.0607
      0.0620
      0.1532
      0.3712
      0.7843
      1.5580
      2.8491
      4.3168
      4.9999
      4.8201
      4.0563
      2.4248
      1.0653
      0.4485
      0.3729
      0.4840
      0.5270
      0.4185
      0.2381
      0.1018
      0.0584
      0.1150
      0.2936
      0.6538
      1.3275
      2.4283
      3.6633
      4.2353
      1.4244
      1.2045
      0.7477
      0.4164
      0.3833
      0.5865
      0.8258
      0.8781
      0.6782
      0.3758
      0.1511
      0.0579
      0.0700
      0.1744
      0.3990
      0.8184
      1.4916
      2.2377
      2.5816
      0.3008
      0.2661
      0.2182
      0.2730
      0.5162
      0.9285
      1.3195
      1.4044
      1.0926
      0.6126
      0.2462
      0.0760
      0.0394
      0.0776
      0.1849
      0.3976
      0.7437
      1.1267
      1.3028
      0.0546
      0.0665
      0.1330
      0.3419
      0.8134
      1.5812
      2.3745
      2.6547
      2.1592
      1.2605
      0.5240
      0.1558
      0.0404
      0.0360
      0.1002
      0.2691
      0.5776
      0.9314
      1.0952
      0.0198
      0.0426
      0.1498
      0.4825
      1.3014
      2.7722
      4.4418
      5.1940
      4.3626
      2.6098
      1.1059
      0.3309
      0.0739
      0.0381
      0.1262
      0.4099
      0.9632
      1.6111
      1.9128
      0.0163
      0.0418
      0.1719
      0.6254
      1.8522
      4.1894
      6.9505
      8.2930
      7.0520
      4.2534
      1.8129
      0.5444
      0.1201
      0.0570
      0.1953
      0.6545
      1.5581
      2.6193
      3.1139
      0.0157
      0.0416
      0.1802
      0.6886
      2.1083
      4.8585
      8.1398
      9.7620
      8.3251
      5.0302
      2.1466
      0.6452
      0.1423
      0.0670
      0.2306
      0.7748
      1.8466
      3.1058
      3.6927
