      0.0421
      0.0447
      0.0529
      0.0683
      0.0944
      0.1319
      0.1738
      0.2085
      0.2312
      0.2460
      0.2533
      0.2423
      0.2031
      0.1429
      0.0826
      0.0390
      0.0154
      0.0059
      0.0036
      0.0453
      0.0474
      0.0539
      0.0665
      0.0884
      0.1208
      0.1575
      0.1889
      0.2112
      0.2286
      0.2412
      0.2373
      0.2053
      0.1497
      0.0900
      0.0444
      0.0183
      0.0071
      0.0042
      0.0676
      0.0666
      0.0649
      0.0663
      0.0757
      0.0946
      0.1194
      0.1437
      0.1661
      0.1909
      0.2179
      0.2340
      0.2219
      0.1782
      0.1187
      0.0650
      0.0296
      0.0122
      0.0073
      0.1656
      0.1530
      0.1227
      0.0914
      0.0731
      0.0721
      0.0841
      0.1027
      0.1271
      0.1625
      0.2105
      0.2567
      0.2748
      0.2474
      0.1835
      0.1116
      0.0564
      0.0261
      0.0171
      0.4868
      0.4390
      0.3236
      0.2000
      0.1139
      0.0761
      0.0733
      0.0886
      0.1157
      0.1613
      0.2323
      0.3152
      0.3718
      0.3652
      0.2941
      0.1951
      0.1108
      0.0616
      0.0465
      1.2843
      1.1517
      0.8319
      0.4888
      0.2454
      0.1271
      0.0954
      0.1035
      0.1290
      0.1782
      0.2661
      0.3836
      0.4822
      0.5045
      0.4356
      0.3182
      0.2128
      0.1514
      0.1329
      2.7777
      2.4880
      1.7894
      1.0393
      0.5033
      0.2333
      0.1432
      0.1317
      0.1463
      0.1876
      0.2777
      0.4150
      0.5494
      0.6119
      0.5765
      0.4865
      0.4095
      0.3754
      0.3690
      4.8300
      4.3253
      3.1076
      1.7989
      0.8591
      0.3754
      0.1983
      0.1541
      0.1499
      0.1737
      0.2498
      0.3855
      0.5425
      0.6593
      0.7112
      0.7387
      0.7958
      0.8763
      0.9161
      6.7312
      6.0276
      4.3297
      2.5038
      1.1887
      0.5048
      0.2442
      0.1677
      0.1447
      0.1481
      0.2003
      0.3189
      0.4894
      0.6788
      0.8827
      1.1412
      1.4728
      1.7881
      1.9220
      7.5183
      6.7327
      4.8376
      2.8006
      1.3354
      0.5750
      0.2858
      0.1981
      0.1625
      0.1443
      0.1670
      0.2619
      0.4444
      0.7217
      1.1227
      1.6934
      2.4033
      3.0443
      3.3088
      6.7312
      6.0294
      4.3384
      2.5277
      1.2389
      0.5891
      0.3586
      0.2919
      0.2465
      0.1961
      0.1770
      0.2398
      0.4274
      0.7818
      1.3635
      2.2244
      3.2869
      4.2313
      4.6172
      4.8300
      4.3301
      3.1310
      1.8642
      0.9961
      0.6042
      0.5050
      0.4818
      0.4180
      0.3126
      0.2297
      0.2422
      0.4094
      0.7892
      1.4546
      2.4551
      3.6843
      4.7683
      5.2092
      2.7777
      2.4977
      1.8357
      1.1678
      0.7711
      0.6754
      0.7276
      0.7473
      0.6481
      0.4657
      0.3004
      0.2444
      0.3574
      0.6898
      1.3050
      2.2403
      3.3864
      4.3922
      4.8000
      1.2843
      1.1671
      0.9051
      0.6899
      0.6596
      0.8021
      0.9760
      1.0203
      0.8741
      0.6103
      0.3629
      0.2353
      0.2759
      0.5149
      0.9957
      1.7442
      2.6669
      3.4768
      3.8050
      0.4868
      0.4596
      0.4210
      0.4649
      0.6539
      0.9480
      1.2020
      1.2576
      1.0679
      0.7342
      0.4172
      0.2277
      0.2031
      0.3581
      0.7282
      1.3415
      2.1207
      2.8139
      3.0962
      0.1656
      0.1773
      0.2376
      0.4034
      0.7088
      1.1002
      1.4201
      1.4957
      1.2763
      0.8801
      0.4943
      0.2460
      0.1744
      0.2967
      0.6659
      1.3347
      2.2243
      3.0338
      3.3665
      0.0676
      0.0933
      0.1918
      0.4136
      0.7915
      1.2687
      1.6692
      1.7873
      1.5497
      1.0850
      0.6152
      0.2995
      0.1944
      0.3362
      0.8179
      1.7331
      2.9818
      4.1325
      4.6077
      0.0453
      0.0756
      0.1888
      0.4403
      0.8709
      1.4253
      1.9081
      2.0755
      1.8263
      1.2960
      0.7431
      0.3631
      0.2342
      0.4149
      1.0395
      2.2416
      3.8938
      5.4219
      6.0540
      0.0421
      0.0734
      0.1909
      0.4528
      0.9048
      1.4925
      2.0117
      2.2015
      1.9476
      1.3888
      0.7997
      0.3919
      0.2536
      0.4532
      1.1420
      2.4709
      4.2996
      5.9922
      6.6925
