      0.0011
      0.0025
      0.0062
      0.0084
      0.0062
      0.0026
      0.0009
      0.0007
      0.0010
      0.0026
      0.0060
      0.0081
      0.0059
      0.0023
      0.0005
      0.0001
      0.0000
      0.0000
      0.0000
      0.0015
      0.0032
      0.0071
      0.0088
      0.0060
      0.0023
      0.0008
      0.0005
      0.0007
      0.0021
      0.0053
      0.0077
      0.0062
      0.0027
      0.0006
      0.0001
      0.0000
      0.0000
      0.0000
      0.0020
      0.0037
      0.0071
      0.0076
      0.0044
      0.0015
      0.0004
      0.0002
      0.0003
      0.0012
      0.0037
      0.0069
      0.0073
      0.0045
      0.0016
      0.0003
      0.0000
      0.0000
      0.0000
      0.0017
      0.0027
      0.0042
      0.0039
      0.0020
      0.0006
      0.0001
      0.0001
      0.0001
      0.0009
      0.0048
      0.0145
      0.0244
      0.0228
      0.0117
      0.0033
      0.0005
      0.0000
      0.0000
      0.0079
      0.0063
      0.0035
      0.0016
      0.0005
      0.0001
      0.0000
      0.0000
      0.0002
      0.0023
      0.0157
      0.0576
      0.1138
      0.1216
      0.0703
      0.0219
      0.0037
      0.0003
      0.0000
      0.1214
      0.0893
      0.0356
      0.0077
      0.0009
      0.0001
      0.0000
      0.0000
      0.0004
      0.0048
      0.0358
      0.1445
      0.3142
      0.3689
      0.2339
      0.0800
      0.0148
      0.0017
      0.0005
      1.0643
      0.7822
      0.3102
      0.0661
      0.0075
      0.0005
      0.0001
      0.0001
      0.0004
      0.0054
      0.0446
      0.1974
      0.4705
      0.6051
      0.4206
      0.1584
      0.0347
      0.0105
      0.0099
      4.9925
      3.6692
      1.4550
      0.3102
      0.0353
      0.0022
      0.0002
      0.0001
      0.0003
      0.0033
      0.0300
      0.1459
      0.3811
      0.5379
      0.4124
      0.1813
      0.0860
      0.1215
      0.1586
     12.5904
      9.2534
      3.6692
      0.7822
      0.0891
      0.0054
      0.0003
      0.0002
      0.0002
      0.0012
      0.0110
      0.0587
      0.1704
      0.2721
      0.2537
      0.2169
      0.4503
      1.0283
      1.3855
     17.1308
     12.5904
      4.9925
      1.0643
      0.1214
      0.0079
      0.0018
      0.0024
      0.0019
      0.0010
      0.0025
      0.0151
      0.0577
      0.1397
      0.2541
      0.6048
      2.0113
      4.8056
      6.4924
     12.5904
      9.2534
      3.6693
      0.7824
      0.0908
      0.0133
      0.0207
      0.0288
      0.0219
      0.0090
      0.0026
      0.0075
      0.0495
      0.1968
      0.5237
      1.5025
      5.0854
     12.1211
     16.3686
      4.9925
      3.6693
      1.4551
      0.3121
      0.0493
      0.0622
      0.1452
      0.1917
      0.1375
      0.0533
      0.0116
      0.0084
      0.0580
      0.2598
      0.7446
      2.1295
      6.9952
     16.5199
     22.2782
      1.0643
      0.7824
      0.3118
      0.0785
      0.0759
      0.2530
      0.5563
      0.6871
      0.4643
      0.1700
      0.0338
      0.0081
      0.0405
      0.1937
      0.5839
      1.6497
      5.2233
     12.1789
     16.3885
      0.1214
      0.0902
      0.0453
      0.0631
      0.2178
      0.6225
      1.1884
      1.3466
      0.8531
      0.2948
      0.0550
      0.0071
      0.0155
      0.0781
      0.2481
      0.6952
      2.1158
      4.8550
      6.5135
      0.0079
      0.0099
      0.0386
      0.1675
      0.4832
      1.0095
      1.5602
      1.5864
      0.9491
      0.3165
      0.0575
      0.0059
      0.0034
      0.0170
      0.0573
      0.1630
      0.4834
      1.0932
      1.4620
      0.0017
      0.0104
      0.0755
      0.3101
      0.7729
      1.3860
      2.0199
      2.1483
      1.4123
      0.5277
      0.1086
      0.0122
      0.0011
      0.0023
      0.0114
      0.0580
      0.2353
      0.5758
      0.7797
      0.0020
      0.0126
      0.0872
      0.3500
      0.9705
      2.3667
      4.7761
      6.2223
      4.6086
      1.8678
      0.4089
      0.0480
      0.0030
      0.0015
      0.0211
      0.1821
      0.8517
      2.1466
      2.9204
      0.0015
      0.0089
      0.0606
      0.2794
      1.1817
      4.4062
     10.7686
     14.9203
     11.2888
      4.6200
      1.0174
      0.1198
      0.0076
      0.0034
      0.0520
      0.4561
      2.1394
      5.3952
      7.3409
      0.0011
      0.0061
      0.0419
      0.2355
      1.3266
      5.6887
     14.4511
     20.2108
     15.3297
      6.2791
      1.3833
      0.1629
      0.0103
      0.0046
      0.0707
      0.6205
      2.9108
      7.3406
      9.9877
