      0.0000
      0.0000
      0.0000
      0.0000
      0.0000
      0.0000
      0.0000
      0.0000
      0.0000
      0.0000
      0.0000
      0.0000
      0.0000
      0.0000
      0.0000
      0.0000
      0.0000
      0.0000
      0.0000
      0.0000
      0.0000
      0.0000
      0.0000
      0.0000
      0.0000
      0.0000
      0.0000
      0.0000
      0.0000
      0.0000
      0.0000
      0.0000
      0.0000
      0.0000
      0.0000
      0.0000
      0.0000
      0.0000
      0.0000
      0.0000
      0.0000
      0.0000
      0.0000
      0.0000
      0.0000
      0.0000
      0.0000
      0.0000
      0.0000
      0.0000
      0.0000
      0.0000
      0.0000
      0.0000
      0.0000
      0.0000
      0.0000
      0.0000
      0.0000
      0.0000
      0.0000
      0.0000
      0.0000
      0.0000
      0.0000
      0.0000
      0.0000
      0.0000
      0.0000
      0.0000
      0.0000
      0.0000
      0.0000
      0.0000
      0.0000
      0.0000
      0.0000
      0.0000
      0.0000
      0.0000
      0.0000
      0.0000
      0.0000
      0.0000
      0.0000
      0.0000
      0.0000
      0.0001
      0.0003
      0.0003
      0.0001
      0.0000
      0.0000
      0.0000
      0.0000
      0.0009
      0.0004
      0.0001
      0.0000
      0.0000
      0.0000
      0.0000
      0.0000
      0.0000
      0.0000
      0.0000
      0.0004
      0.0025
      0.0037
      0.0013
      0.0001
      0.0000
      0.0000
      0.0000
      0.1195
      0.0598
      0.0075
      0.0002
      0.0000
      0.0000
      0.0000
      0.0000
      0.0000
      0.0000
      0.0000
      0.0009
      0.0063
      0.0111
      0.0049
      0.0005
      0.0000
      0.0000
      0.0000
      3.8760
      1.9380
      0.2416
      0.0075
      0.0001
      0.0000
      0.0000
      0.0000
      0.0000
      0.0000
      0.0000
      0.0005
      0.0039
      0.0085
      0.0046
      0.0006
      0.0001
      0.0003
      0.0006
     31.0903
     15.5452
      1.9380
      0.0598
      0.0004
      0.0000
      0.0000
      0.0000
      0.0000
      0.0000
      0.0000
      0.0001
      0.0006
      0.0017
      0.0013
      0.0006
      0.0048
      0.0380
      0.0760
     62.1807
     31.0903
      3.8760
      0.1195
      0.0009
      0.0000
      0.0000
      0.0000
      0.0000
      0.0000
      0.0000
      0.0000
      0.0001
      0.0019
      0.0091
      0.0160
      0.1574
      1.2322
      2.4634
     31.0903
     15.5452
      1.9380
      0.0598
      0.0005
      0.0000
      0.0001
      0.0002
      0.0001
      0.0000
      0.0000
      0.0000
      0.0006
      0.0150
      0.0877
      0.1650
      1.2785
      9.8844
     19.7594
      3.8760
      1.9380
      0.2416
      0.0075
      0.0001
      0.0012
      0.0091
      0.0173
      0.0082
      0.0010
      0.0000
      0.0000
      0.0011
      0.0314
      0.2131
      0.4353
      2.6156
     19.7755
     39.5189
      0.1195
      0.0598
      0.0075
      0.0002
      0.0011
      0.0269
      0.1796
      0.3013
      0.1264
      0.0132
      0.0003
      0.0000
      0.0005
      0.0164
      0.1295
      0.2924
      1.3570
      9.8949
     19.7599
      0.0009
      0.0005
      0.0001
      0.0009
      0.0120
      0.1586
      0.8849
      1.3056
      0.4837
      0.0446
      0.0010
      0.0000
      0.0001
      0.0021
      0.0196
      0.0497
      0.1794
      1.2354
      2.4636
      0.0000
      0.0000
      0.0006
      0.0152
      0.1026
      0.3486
      1.1334
      1.4179
      0.4627
      0.0377
      0.0008
      0.0000
      0.0000
      0.0001
      0.0007
      0.0021
      0.0061
      0.0384
      0.0763
      0.0000
      0.0000
      0.0033
      0.0698
      0.3739
      0.5645
      0.5190
      0.4527
      0.1416
      0.0121
      0.0003
      0.0000
      0.0000
      0.0000
      0.0000
      0.0001
      0.0026
      0.0210
      0.0421
      0.0000
      0.0001
      0.0044
      0.0807
      0.3715
      0.5260
      1.0105
      1.8976
      1.0093
      0.1350
      0.0045
      0.0000
      0.0000
      0.0000
      0.0000
      0.0026
      0.0839
      0.6732
      1.3464
      0.0000
      0.0000
      0.0015
      0.0235
      0.1147
      0.8943
      6.9678
     14.9493
      8.0425
      1.0792
      0.0358
      0.0003
      0.0000
      0.0000
      0.0002
      0.0208
      0.6732
      5.3997
     10.7994
      0.0000
      0.0000
      0.0002
      0.0037
      0.0574
      1.6184
     13.8926
     29.8952
     16.0847
      2.1584
      0.0717
      0.0006
      0.0000
      0.0000
      0.0003
      0.0415
      1.3464
     10.7994
     21.5988
