      0.0000
      0.0000
      0.0000
      0.0000
      0.0000
      0.0000
      0.0000
      0.0000
      0.0000
      0.0000
      0.0000
      0.0000
      0.0000
      0.0000
      0.0000
      0.0000
      0.0000
      0.0000
      0.0000
      0.0000
      0.0000
      0.0000
      0.0000
      0.0000
      0.0000
      0.0000
      0.0000
      0.0000
      0.0000
      0.0000
      0.0000
      0.0000
      0.0000
      0.0000
      0.0000
      0.0000
      0.0000
      0.0000
      0.0000
      0.0000
      0.0000
      0.0000
      0.0000
      0.0000
      0.0000
      0.0000
      0.0000
      0.0000
      0.0000
      0.0000
      0.0000
      0.0000
      0.0000
      0.0000
      0.0000
      0.0000
      0.0000
      0.0000
      0.0000
      0.0000
      0.0000
      0.0000
      0.0000
      0.0000
      0.0000
      0.0000
      0.0000
      0.0000
      0.0000
      0.0000
      0.0000
      0.0000
      0.0000
      0.0000
      0.0000
      0.0000
      0.0000
      0.0000
      0.0000
      0.0000
      0.0000
      0.0000
      0.0000
      0.0000
      0.0000
      0.0000
      0.0000
      0.0000
      0.0002
      0.0002
      0.0001
      0.0000
      0.0000
      0.0000
      0.0000
      0.0014
      0.0007
      0.0001
      0.0000
      0.0000
      0.0000
      0.0000
      0.0000
      0.0000
      0.0000
      0.0000
      0.0004
      0.0021
      0.0030
      0.0011
      0.0001
      0.0000
      0.0000
      0.0000
      0.1882
      0.0941
      0.0117
      0.0004
      0.0000
      0.0000
      0.0000
      0.0000
      0.0000
      0.0000
      0.0000
      0.0007
      0.0051
      0.0090
      0.0040
      0.0004
      0.0000
      0.0000
      0.0000
      6.1016
      3.0508
      0.3803
      0.0117
      0.0001
      0.0000
      0.0000
      0.0000
      0.0000
      0.0000
      0.0000
      0.0004
      0.0032
      0.0069
      0.0037
      0.0005
      0.0000
      0.0000
      0.0001
     48.9423
     24.4711
      3.0508
      0.0941
      0.0007
      0.0000
      0.0000
      0.0000
      0.0000
      0.0000
      0.0000
      0.0000
      0.0005
      0.0014
      0.0011
      0.0005
      0.0009
      0.0063
      0.0125
     97.8846
     48.9423
      6.1016
      0.1882
      0.0014
      0.0000
      0.0000
      0.0000
      0.0000
      0.0000
      0.0000
      0.0000
      0.0001
      0.0022
      0.0108
      0.0142
      0.0298
      0.2032
      0.4053
     48.9423
     24.4711
      3.0508
      0.0941
      0.0007
      0.0000
      0.0001
      0.0003
      0.0002
      0.0000
      0.0000
      0.0000
      0.0008
      0.0180
      0.1047
      0.1582
      0.2585
      1.6310
      3.2510
      6.1016
      3.0508
      0.3803
      0.0117
      0.0001
      0.0014
      0.0109
      0.0207
      0.0098
      0.0012
      0.0000
      0.0000
      0.0014
      0.0375
      0.2545
      0.4425
      0.5874
      3.2702
      6.5022
      0.1882
      0.0941
      0.0117
      0.0004
      0.0013
      0.0321
      0.2149
      0.3606
      0.1513
      0.0158
      0.0004
      0.0000
      0.0006
      0.0196
      0.1547
      0.3107
      0.3526
      1.6437
      3.2516
      0.0014
      0.0007
      0.0001
      0.0009
      0.0134
      0.1882
      1.0584
      1.5626
      0.5789
      0.0534
      0.0012
      0.0000
      0.0001
      0.0025
      0.0235
      0.0546
      0.0562
      0.2070
      0.4055
      0.0000
      0.0000
      0.0006
      0.0158
      0.1083
      0.3949
      1.3479
      1.6962
      0.5537
      0.0451
      0.0009
      0.0000
      0.0000
      0.0001
      0.0009
      0.0024
      0.0024
      0.0067
      0.0130
      0.0000
      0.0000
      0.0034
      0.0727
      0.3898
      0.5981
      0.5856
      0.5176
      0.1575
      0.0129
      0.0003
      0.0000
      0.0000
      0.0000
      0.0000
      0.0001
      0.0039
      0.0309
      0.0619
      0.0000
      0.0001
      0.0046
      0.0840
      0.3861
      0.5256
      0.8570
      1.5514
      0.8214
      0.1097
      0.0036
      0.0000
      0.0000
      0.0000
      0.0000
      0.0038
      0.1248
      1.0013
      2.0026
      0.0000
      0.0000
      0.0015
      0.0245
      0.1141
      0.7462
      5.6581
     12.1287
      6.5248
      0.8756
      0.0291
      0.0002
      0.0000
      0.0000
      0.0002
      0.0309
      1.0013
      8.0315
     16.0631
      0.0000
      0.0000
      0.0003
      0.0038
      0.0492
      1.3152
     11.2715
     24.2538
     13.0494
      1.7511
      0.0582
      0.0005
      0.0000
      0.0000
      0.0005
      0.0618
      2.0026
     16.0631
     32.1262
