      0.2948
      0.3217
      0.3745
      0.3954
      0.3503
      0.2582
      0.1728
      0.1431
      0.1881
      0.2890
      0.3925
      0.4363
      0.3910
      0.2816
      0.1628
      0.0754
      0.0281
      0.0089
      0.0042
      0.2934
      0.3172
      0.3623
      0.3757
      0.3280
      0.2389
      0.1586
      0.1313
      0.1738
      0.2696
      0.3710
      0.4196
      0.3841
      0.2839
      0.1692
      0.0812
      0.0316
      0.0104
      0.0051
      0.2836
      0.2991
      0.3247
      0.3206
      0.2687
      0.1900
      0.1246
      0.1047
      0.1421
      0.2263
      0.3234
      0.3849
      0.3754
      0.2985
      0.1933
      0.1017
      0.0436
      0.0161
      0.0086
      0.2658
      0.2700
      0.2707
      0.2469
      0.1948
      0.1339
      0.0909
      0.0833
      0.1173
      0.1904
      0.2857
      0.3671
      0.3928
      0.3459
      0.2490
      0.1461
      0.0702
      0.0293
      0.0172
      0.2770
      0.2671
      0.2370
      0.1897
      0.1370
      0.0954
      0.0765
      0.0831
      0.1165
      0.1824
      0.2811
      0.3884
      0.4553
      0.4410
      0.3490
      0.2252
      0.1198
      0.0568
      0.0368
      0.3948
      0.3630
      0.2834
      0.1924
      0.1230
      0.0896
      0.0878
      0.1047
      0.1362
      0.1952
      0.2980
      0.4323
      0.5434
      0.5671
      0.4851
      0.3410
      0.2013
      0.1100
      0.0795
      0.6879
      0.6201
      0.4566
      0.2822
      0.1634
      0.1159
      0.1166
      0.1343
      0.1573
      0.2037
      0.3030
      0.4557
      0.6082
      0.6808
      0.6312
      0.4893
      0.3284
      0.2118
      0.1706
      1.1302
      1.0142
      0.7360
      0.4424
      0.2439
      0.1605
      0.1489
      0.1577
      0.1660
      0.1933
      0.2780
      0.4349
      0.6230
      0.7603
      0.7808
      0.6842
      0.5318
      0.4025
      0.3529
      1.5539
      1.3936
      1.0093
      0.6047
      0.3307
      0.2118
      0.1868
      0.1856
      0.1777
      0.1818
      0.2431
      0.3934
      0.6155
      0.8367
      0.9675
      0.9614
      0.8496
      0.7211
      0.6658
      1.7313
      1.5539
      1.1303
      0.6896
      0.4002
      0.2864
      0.2728
      0.2725
      0.2466
      0.2163
      0.2402
      0.3741
      0.6293
      0.9463
      1.2104
      1.3205
      1.2675
      1.1474
      1.0881
      1.5539
      1.3997
      1.0373
      0.6781
      0.4765
      0.4451
      0.4908
      0.5066
      0.4464
      0.3479
      0.3005
      0.3926
      0.6612
      1.0554
      1.4366
      1.6544
      1.6607
      1.5541
      1.4934
      1.1302
      1.0318
      0.8147
      0.6437
      0.6334
      0.7665
      0.9173
      0.9487
      0.8147
      0.5911
      0.4198
      0.4250
      0.6579
      1.0679
      1.5034
      1.7869
      1.8433
      1.7615
      1.7071
      0.6879
      0.6579
      0.6228
      0.6947
      0.9344
      1.2737
      1.5358
      1.5515
      1.2912
      0.8916
      0.5565
      0.4364
      0.5784
      0.9255
      1.3335
      1.6325
      1.7374
      1.7070
      1.6744
      0.3948
      0.4289
      0.5676
      0.8766
      1.3559
      1.8727
      2.1966
      2.1451
      1.7273
      1.1473
      0.6574
      0.4132
      0.4417
      0.6810
      1.0164
      1.3197
      1.5097
      1.5880
      1.6047
      0.2770
      0.3613
      0.6365
      1.1274
      1.7744
      2.3857
      2.7015
      2.5540
      2.0007
      1.2932
      0.7027
      0.3729
      0.3103
      0.4590
      0.7546
      1.1333
      1.5193
      1.8165
      1.9296
      0.2658
      0.3815
      0.7387
      1.3285
      2.0480
      2.6765
      2.9564
      2.7459
      2.1279
      1.3656
      0.7282
      0.3508
      0.2371
      0.3561
      0.7104
      1.3105
      2.0726
      2.7485
      3.0232
      0.2836
      0.4113
      0.7950
      1.4058
      2.1272
      2.7464
      3.0251
      2.8274
      2.2201
      1.4487
      0.7820
      0.3684
      0.2315
      0.3796
      0.8890
      1.8437
      3.1342
      4.3174
      4.8051
      0.2934
      0.4202
      0.7969
      1.3886
      2.0881
      2.7078
      3.0259
      2.8893
      2.3253
      1.5552
      0.8577
      0.4088
      0.2601
      0.4568
      1.1358
      2.4380
      4.2238
      5.8737
      6.5558
      0.2948
      0.4194
      0.7883
      1.3668
      2.0554
      2.6793
      3.0225
      2.9198
      2.3780
      1.6079
      0.8952
      0.4298
      0.2767
      0.4962
      1.2490
      2.6978
      4.6896
      6.5322
      7.2945
