      0.0361
      0.0480
      0.0729
      0.0869
      0.0784
      0.0602
      0.0497
      0.0491
      0.0557
      0.0731
      0.0978
      0.1083
      0.0890
      0.0525
      0.0219
      0.0065
      0.0013
      0.0002
      0.0000
      0.0384
      0.0496
      0.0720
      0.0827
      0.0721
      0.0535
      0.0427
      0.0416
      0.0475
      0.0639
      0.0880
      0.1006
      0.0859
      0.0529
      0.0233
      0.0073
      0.0016
      0.0003
      0.0001
      0.0403
      0.0490
      0.0646
      0.0681
      0.0548
      0.0371
      0.0271
      0.0254
      0.0300
      0.0436
      0.0659
      0.0833
      0.0796
      0.0557
      0.0283
      0.0104
      0.0028
      0.0005
      0.0002
      0.0378
      0.0422
      0.0484
      0.0454
      0.0329
      0.0201
      0.0135
      0.0127
      0.0164
      0.0275
      0.0492
      0.0745
      0.0860
      0.0731
      0.0452
      0.0203
      0.0066
      0.0016
      0.0006
      0.0530
      0.0498
      0.0409
      0.0286
      0.0170
      0.0098
      0.0081
      0.0099
      0.0138
      0.0246
      0.0511
      0.0931
      0.1281
      0.1276
      0.0911
      0.0467
      0.0177
      0.0060
      0.0035
      0.1671
      0.1424
      0.0886
      0.0412
      0.0161
      0.0092
      0.0116
      0.0163
      0.0205
      0.0312
      0.0656
      0.1311
      0.1983
      0.2156
      0.1679
      0.0959
      0.0459
      0.0268
      0.0234
      0.5387
      0.4536
      0.2708
      0.1153
      0.0380
      0.0175
      0.0205
      0.0266
      0.0286
      0.0360
      0.0722
      0.1516
      0.2450
      0.2863
      0.2457
      0.1713
      0.1305
      0.1343
      0.1438
      1.2782
      1.0751
      0.6396
      0.2700
      0.0854
      0.0316
      0.0287
      0.0327
      0.0307
      0.0319
      0.0596
      0.1321
      0.2314
      0.3023
      0.3164
      0.3310
      0.4294
      0.5897
      0.6720
      2.1489
      1.8074
      1.0750
      0.4532
      0.1410
      0.0457
      0.0333
      0.0341
      0.0287
      0.0242
      0.0397
      0.0949
      0.1937
      0.3172
      0.4711
      0.7580
      1.2972
      1.9467
      2.2544
      2.5549
      2.1489
      1.2784
      0.5399
      0.1709
      0.0619
      0.0522
      0.0558
      0.0468
      0.0320
      0.0329
      0.0773
      0.1970
      0.4230
      0.8277
      1.6216
      3.0081
      4.6104
      5.3587
      2.1489
      1.8077
      1.0773
      0.4629
      0.1711
      0.1144
      0.1471
      0.1696
      0.1432
      0.0889
      0.0545
      0.0871
      0.2427
      0.5978
      1.2976
      2.6797
      5.0479
      7.7556
      9.0157
      1.2782
      1.0767
      0.6499
      0.3103
      0.2017
      0.2812
      0.4214
      0.4797
      0.3934
      0.2322
      0.1115
      0.1038
      0.2647
      0.6834
      1.5379
      3.2140
      6.0443
      9.2566
     10.7482
      0.5387
      0.4591
      0.3038
      0.2324
      0.3448
      0.6261
      0.9211
      1.0023
      0.7891
      0.4461
      0.1898
      0.1087
      0.2185
      0.5720
      1.3152
      2.7590
      5.1582
      7.8582
      9.1084
      0.1671
      0.1569
      0.1686
      0.2965
      0.6147
      1.0857
      1.4868
      1.5244
      1.1447
      0.6206
      0.2456
      0.0978
      0.1330
      0.3441
      0.8117
      1.7214
      3.2151
      4.8816
      5.6505
      0.0530
      0.0776
      0.1863
      0.4538
      0.9129
      1.4604
      1.8302
      1.7557
      1.2562
      0.6563
      0.2486
      0.0785
      0.0632
      0.1583
      0.4090
      0.9445
      1.8575
      2.8839
      3.3574
      0.0378
      0.0811
      0.2450
      0.5875
      1.0901
      1.6003
      1.8740
      1.7233
      1.2091
      0.6293
      0.2385
      0.0685
      0.0329
      0.0900
      0.3263
      0.9726
      2.1956
      3.6155
      4.2754
      0.0403
      0.0888
      0.2634
      0.6049
      1.0810
      1.5630
      1.8570
      1.7749
      1.3107
      0.7211
      0.2884
      0.0846
      0.0351
      0.1204
      0.5516
      1.8416
      4.3640
      7.3231
      8.7018
      0.0384
      0.0818
      0.2345
      0.5314
      0.9727
      1.5046
      1.9591
      2.0442
      1.6202
      0.9409
      0.3925
      0.1187
      0.0509
      0.1885
      0.8938
      3.0258
      7.2103
     12.1254
     14.4164
      0.0361
      0.0755
      0.2131
      0.4845
      0.9138
      1.4878
      2.0413
      2.2155
      1.8019
      1.0640
      0.4488
      0.1369
      0.0594
      0.2227
      1.0595
      3.5907
      8.5606
     14.3990
     17.1203
