      0.0000
      0.0000
      0.0000
      0.0000
      0.0000
      0.0000
      0.0000
      0.0000
      0.0000
      0.0000
      0.0000
      0.0000
      0.0000
      0.0000
      0.0000
      0.0000
      0.0000
      0.0000
      0.0000
      0.0000
      0.0000
      0.0000
      0.0000
      0.0000
      0.0000
      0.0000
      0.0000
      0.0000
      0.0000
      0.0000
      0.0000
      0.0000
      0.0000
      0.0000
      0.0000
      0.0000
      0.0000
      0.0000
      0.0000
      0.0000
      0.0000
      0.0000
      0.0000
      0.0000
      0.0000
      0.0000
      0.0000
      0.0000
      0.0000
      0.0000
      0.0000
      0.0000
      0.0000
      0.0000
      0.0000
      0.0000
      0.0000
      0.0000
      0.0000
      0.0000
      0.0000
      0.0000
      0.0000
      0.0000
      0.0000
      0.0000
      0.0000
      0.0000
      0.0000
      0.0000
      0.0000
      0.0000
      0.0000
      0.0000
      0.0000
      0.0000
      0.0000
      0.0000
      0.0000
      0.0000
      0.0000
      0.0000
      0.0000
      0.0000
      0.0000
      0.0000
      0.0000
      0.0001
      0.0004
      0.0005
      0.0001
      0.0000
      0.0000
      0.0000
      0.0000
      0.0018
      0.0009
      0.0001
      0.0000
      0.0000
      0.0000
      0.0000
      0.0000
      0.0000
      0.0000
      0.0000
      0.0007
      0.0039
      0.0057
      0.0020
      0.0002
      0.0000
      0.0000
      0.0000
      0.2416
      0.1208
      0.0151
      0.0005
      0.0000
      0.0000
      0.0000
      0.0000
      0.0000
      0.0000
      0.0000
      0.0014
      0.0098
      0.0173
      0.0076
      0.0008
      0.0000
      0.0000
      0.0000
      7.8359
      3.9180
      0.4885
      0.0151
      0.0001
      0.0000
      0.0000
      0.0000
      0.0000
      0.0000
      0.0000
      0.0007
      0.0061
      0.0131
      0.0071
      0.0010
      0.0000
      0.0001
      0.0002
     62.8535
     31.4267
      3.9180
      0.1208
      0.0009
      0.0000
      0.0000
      0.0000
      0.0000
      0.0000
      0.0000
      0.0001
      0.0009
      0.0025
      0.0018
      0.0005
      0.0015
      0.0110
      0.0221
    125.7070
     62.8535
      7.8359
      0.2416
      0.0018
      0.0000
      0.0000
      0.0000
      0.0000
      0.0000
      0.0000
      0.0000
      0.0001
      0.0016
      0.0075
      0.0107
      0.0477
      0.3580
      0.7153
     62.8535
     31.4267
      3.9180
      0.1208
      0.0009
      0.0000
      0.0001
      0.0002
      0.0001
      0.0000
      0.0000
      0.0000
      0.0005
      0.0125
      0.0726
      0.1163
      0.3963
      2.8726
      5.7376
      7.8359
      3.9180
      0.4885
      0.0151
      0.0001
      0.0010
      0.0075
      0.0143
      0.0068
      0.0008
      0.0000
      0.0000
      0.0010
      0.0260
      0.1765
      0.3201
      0.8415
      5.7509
     11.4754
      0.2416
      0.1208
      0.0151
      0.0005
      0.0009
      0.0223
      0.1490
      0.2500
      0.1049
      0.0110
      0.0003
      0.0000
      0.0004
      0.0136
      0.1072
      0.2221
      0.4616
      2.8814
      5.7380
      0.0018
      0.0009
      0.0001
      0.0006
      0.0089
      0.1296
      0.7333
      1.0831
      0.4013
      0.0370
      0.0008
      0.0000
      0.0000
      0.0018
      0.0163
      0.0387
      0.0660
      0.3607
      0.7155
      0.0000
      0.0000
      0.0004
      0.0098
      0.0678
      0.2625
      0.9302
      1.1757
      0.3840
      0.0313
      0.0006
      0.0000
      0.0000
      0.0001
      0.0006
      0.0017
      0.0025
      0.0117
      0.0230
      0.0000
      0.0000
      0.0021
      0.0449
      0.2412
      0.3790
      0.4195
      0.4144
      0.1397
      0.0130
      0.0003
      0.0000
      0.0000
      0.0000
      0.0000
      0.0002
      0.0075
      0.0601
      0.1203
      0.0000
      0.0000
      0.0028
      0.0519
      0.2415
      0.4303
      1.4392
      2.9139
      1.5589
      0.2088
      0.0069
      0.0001
      0.0000
      0.0000
      0.0001
      0.0075
      0.2428
      1.9473
      3.8946
      0.0000
      0.0000
      0.0010
      0.0153
      0.0946
      1.3041
     10.7749
     23.1594
     12.4601
      1.6720
      0.0555
      0.0005
      0.0000
      0.0000
      0.0005
      0.0601
      1.9473
     15.6198
     31.2396
      0.0000
      0.0000
      0.0002
      0.0027
      0.0786
      2.4987
     21.5220
     46.3164
     24.9200
      3.3440
      0.1111
      0.0009
      0.0000
      0.0000
      0.0009
      0.1201
      3.8946
     31.2396
     62.4791
