      0.1795
      0.1943
      0.2250
      0.2441
      0.2369
      0.2131
      0.1941
      0.1951
      0.2209
      0.2659
      0.3092
      0.3195
      0.2786
      0.1997
      0.1161
      0.0545
      0.0207
      0.0068
      0.0033
      0.1781
      0.1912
      0.2176
      0.2318
      0.2212
      0.1961
      0.1768
      0.1776
      0.2034
      0.2497
      0.2973
      0.3156
      0.2839
      0.2109
      0.1278
      0.0630
      0.0253
      0.0088
      0.0045
      0.1727
      0.1811
      0.1959
      0.1981
      0.1804
      0.1538
      0.1358
      0.1380
      0.1651
      0.2161
      0.2772
      0.3194
      0.3137
      0.2563
      0.1720
      0.0943
      0.0423
      0.0165
      0.0092
      0.1716
      0.1726
      0.1704
      0.1566
      0.1320
      0.1076
      0.0957
      0.1033
      0.1352
      0.1961
      0.2808
      0.3621
      0.3979
      0.3624
      0.2702
      0.1641
      0.0818
      0.0361
      0.0223
      0.2136
      0.2027
      0.1733
      0.1349
      0.1001
      0.0797
      0.0779
      0.0944
      0.1331
      0.2065
      0.3217
      0.4545
      0.5456
      0.5396
      0.4348
      0.2859
      0.1567
      0.0796
      0.0553
      0.3717
      0.3386
      0.2578
      0.1693
      0.1071
      0.0827
      0.0884
      0.1118
      0.1532
      0.2333
      0.3740
      0.5579
      0.7107
      0.7460
      0.6404
      0.4551
      0.2809
      0.1723
      0.1375
      0.7094
      0.6380
      0.4663
      0.2846
      0.1624
      0.1147
      0.1170
      0.1387
      0.1728
      0.2451
      0.3911
      0.6047
      0.8094
      0.8995
      0.8297
      0.6561
      0.4813
      0.3716
      0.3370
      1.1960
      1.0727
      0.7768
      0.4644
      0.2523
      0.1612
      0.1467
      0.1570
      0.1745
      0.2248
      0.3506
      0.5606
      0.7941
      0.9508
      0.9741
      0.9018
      0.8206
      0.7805
      0.7723
      1.6547
      1.4835
      1.0727
      0.6386
      0.3410
      0.2066
      0.1731
      0.1701
      0.1689
      0.1903
      0.2790
      0.4596
      0.7026
      0.9376
      1.1137
      1.2448
      1.3743
      1.4972
      1.5511
      1.8457
      1.6554
      1.1998
      0.7209
      0.3971
      0.2558
      0.2237
      0.2173
      0.1993
      0.1869
      0.2290
      0.3687
      0.6139
      0.9346
      1.2977
      1.6961
      2.1160
      2.4694
      2.6121
      1.6547
      1.4872
      1.0897
      0.6832
      0.4298
      0.3488
      0.3584
      0.3641
      0.3231
      0.2592
      0.2380
      0.3264
      0.5635
      0.9534
      1.4802
      2.1214
      2.8109
      3.3809
      3.6073
      1.1960
      1.0834
      0.8253
      0.5894
      0.4963
      0.5440
      0.6347
      0.6582
      0.5710
      0.4207
      0.3063
      0.3210
      0.5212
      0.9251
      1.5244
      2.2859
      3.1117
      3.7902
      4.0582
      0.7094
      0.6611
      0.5692
      0.5440
      0.6555
      0.8674
      1.0518
      1.0776
      0.9101
      0.6374
      0.4028
      0.3208
      0.4462
      0.7909
      1.3440
      2.0684
      2.8604
      3.5101
      3.7661
      0.3717
      0.3791
      0.4346
      0.6045
      0.9115
      1.2763
      1.5333
      1.5335
      1.2616
      0.8534
      0.4950
      0.3115
      0.3425
      0.5834
      1.0205
      1.6243
      2.3030
      2.8669
      3.0900
      0.2136
      0.2612
      0.4261
      0.7458
      1.2061
      1.6881
      1.9926
      1.9576
      1.5861
      1.0549
      0.5848
      0.3092
      0.2539
      0.4035
      0.7547
      1.3015
      1.9639
      2.5372
      2.7679
      0.1716
      0.2440
      0.4780
      0.8970
      1.4676
      2.0484
      2.4136
      2.3768
      1.9372
      1.2964
      0.7134
      0.3453
      0.2218
      0.3338
      0.7090
      1.3822
      2.2671
      3.0670
      3.3946
      0.1727
      0.2571
      0.5260
      1.0028
      1.6580
      2.3481
      2.8212
      2.8410
      2.3693
      1.6200
      0.9048
      0.4302
      0.2506
      0.3782
      0.8879
      1.8649
      3.1963
      4.4216
      4.9274
      0.1781
      0.2660
      0.5472
      1.0534
      1.7718
      2.5683
      3.1657
      3.2679
      2.7864
      1.9417
      1.1008
      0.5263
      0.3030
      0.4666
      1.1355
      2.4391
      4.2326
      5.8912
      6.5772
      0.1795
      0.2678
      0.5511
      1.0664
      1.8099
      2.6531
      3.3075
      3.4490
      2.9660
      2.0812
      1.1863
      0.5692
      0.3283
      0.5095
      1.2490
      2.6939
      4.6853
      6.5286
      7.2912
