      0.0330
      0.0437
      0.0657
      0.0774
      0.0672
      0.0457
      0.0297
      0.0245
      0.0284
      0.0415
      0.0590
      0.0668
      0.0554
      0.0329
      0.0138
      0.0041
      0.0009
      0.0001
      0.0000
      0.0351
      0.0451
      0.0649
      0.0737
      0.0619
      0.0408
      0.0257
      0.0208
      0.0244
      0.0366
      0.0539
      0.0635
      0.0552
      0.0347
      0.0156
      0.0051
      0.0012
      0.0002
      0.0001
      0.0394
      0.0466
      0.0594
      0.0612
      0.0473
      0.0287
      0.0167
      0.0130
      0.0161
      0.0268
      0.0445
      0.0599
      0.0606
      0.0451
      0.0245
      0.0097
      0.0028
      0.0006
      0.0002
      0.0637
      0.0628
      0.0581
      0.0465
      0.0302
      0.0162
      0.0089
      0.0075
      0.0109
      0.0220
      0.0451
      0.0753
      0.0939
      0.0854
      0.0560
      0.0263
      0.0089
      0.0022
      0.0008
      0.2549
      0.2190
      0.1402
      0.0689
      0.0276
      0.0108
      0.0068
      0.0082
      0.0131
      0.0280
      0.0659
      0.1275
      0.1816
      0.1853
      0.1346
      0.0695
      0.0257
      0.0074
      0.0032
      1.1554
      0.9734
      0.5822
      0.2477
      0.0766
      0.0211
      0.0125
      0.0156
      0.0214
      0.0400
      0.0959
      0.1990
      0.3043
      0.3321
      0.2576
      0.1431
      0.0594
      0.0228
      0.0144
      3.8938
      3.2753
      1.9481
      0.8187
      0.2451
      0.0596
      0.0255
      0.0259
      0.0295
      0.0459
      0.1076
      0.2343
      0.3795
      0.4395
      0.3652
      0.2255
      0.1201
      0.0781
      0.0707
      9.2787
      7.8038
      4.6399
      1.9476
      0.5797
      0.1327
      0.0416
      0.0322
      0.0306
      0.0390
      0.0876
      0.2002
      0.3455
      0.4319
      0.4018
      0.3123
      0.2657
      0.2845
      0.3052
     15.6066
     13.1257
      7.8038
      3.2750
      0.9723
      0.2154
      0.0546
      0.0325
      0.0261
      0.0263
      0.0534
      0.1294
      0.2468
      0.3558
      0.4196
      0.4886
      0.6532
      0.8835
      0.9983
     18.5563
     15.6066
      9.2789
      3.8945
      1.1574
      0.2586
      0.0686
      0.0429
      0.0333
      0.0245
      0.0319
      0.0774
      0.1772
      0.3288
      0.5342
      0.8652
      1.4158
      2.0528
      2.3516
     15.6066
     13.1260
      7.8053
      3.2812
      0.9907
      0.2560
      0.1204
      0.1100
      0.0901
      0.0561
      0.0368
      0.0623
      0.1653
      0.3772
      0.7364
      1.3493
      2.3296
      3.4303
      3.9410
      9.2787
      7.8051
      4.6474
      1.9754
      0.6558
      0.2898
      0.2825
      0.3015
      0.2442
      0.1434
      0.0691
      0.0655
      0.1642
      0.4054
      0.8428
      1.5944
      2.7750
      4.0858
      4.6918
      3.8938
      3.2798
      1.9738
      0.9046
      0.4578
      0.4619
      0.6009
      0.6350
      0.4938
      0.2772
      0.1175
      0.0671
      0.1326
      0.3342
      0.7153
      1.3679
      2.3747
      3.4801
      3.9893
      1.1554
      0.9856
      0.6476
      0.4467
      0.5177
      0.7733
      1.0015
      0.9986
      0.7385
      0.3974
      0.1567
      0.0616
      0.0807
      0.2012
      0.4458
      0.8737
      1.5315
      2.2484
      2.5773
      0.2549
      0.2432
      0.2642
      0.4200
      0.7377
      1.1122
      1.3436
      1.2628
      0.8974
      0.4703
      0.1796
      0.0561
      0.0404
      0.0970
      0.2481
      0.5683
      1.1110
      1.7198
      2.0005
      0.0637
      0.0974
      0.2320
      0.5215
      0.9490
      1.3872
      1.6393
      1.5405
      1.1140
      0.6003
      0.2358
      0.0688
      0.0277
      0.0695
      0.2654
      0.8172
      1.8723
      3.1014
      3.6730
      0.0394
      0.0830
      0.2426
      0.5666
      1.0553
      1.6249
      2.0733
      2.1135
      1.6430
      0.9403
      0.3880
      0.1156
      0.0399
      0.1111
      0.5096
      1.7095
      4.0594
      6.8174
      8.1026
      0.0351
      0.0755
      0.2228
      0.5358
      1.0771
      1.8520
      2.6289
      2.9013
      2.3767
      1.4076
      0.5944
      0.1798
      0.0621
      0.1787
      0.8386
      2.8393
      6.7672
     11.3812
     13.5318
      0.0330
      0.0701
      0.2067
      0.5091
      1.0758
      1.9587
      2.9058
      3.2952
      2.7414
      1.6380
      0.6955
      0.2111
      0.0732
      0.2117
      0.9953
      3.3724
      8.0404
     13.5241
     16.0802
