      0.0418
      0.0540
      0.0789
      0.0916
      0.0781
      0.0504
      0.0289
      0.0212
      0.0261
      0.0426
      0.0642
      0.0746
      0.0631
      0.0382
      0.0165
      0.0051
      0.0011
      0.0002
      0.0000
      0.0437
      0.0551
      0.0777
      0.0871
      0.0720
      0.0451
      0.0251
      0.0182
      0.0228
      0.0391
      0.0624
      0.0775
      0.0710
      0.0475
      0.0232
      0.0082
      0.0021
      0.0004
      0.0001
      0.0441
      0.0531
      0.0690
      0.0716
      0.0549
      0.0320
      0.0166
      0.0118
      0.0171
      0.0360
      0.0703
      0.1074
      0.1222
      0.1019
      0.0617
      0.0270
      0.0084
      0.0019
      0.0006
      0.0375
      0.0424
      0.0497
      0.0469
      0.0329
      0.0177
      0.0090
      0.0079
      0.0169
      0.0490
      0.1218
      0.2265
      0.3044
      0.2926
      0.2003
      0.0974
      0.0335
      0.0083
      0.0028
      0.0339
      0.0340
      0.0320
      0.0253
      0.0158
      0.0086
      0.0065
      0.0098
      0.0261
      0.0856
      0.2375
      0.4850
      0.7069
      0.7312
      0.5358
      0.2778
      0.1019
      0.0272
      0.0100
      0.0696
      0.0604
      0.0400
      0.0209
      0.0099
      0.0071
      0.0100
      0.0173
      0.0399
      0.1272
      0.3699
      0.8006
      1.2356
      1.3513
      1.0466
      0.5744
      0.2251
      0.0673
      0.0294
      0.2069
      0.1745
      0.1049
      0.0456
      0.0170
      0.0118
      0.0175
      0.0262
      0.0476
      0.1392
      0.4175
      0.9513
      1.5480
      1.7858
      1.4619
      0.8552
      0.3704
      0.1413
      0.0853
      0.4870
      0.4097
      0.2440
      0.1039
      0.0356
      0.0193
      0.0236
      0.0302
      0.0429
      0.1096
      0.3358
      0.8051
      1.3835
      1.6907
      1.4796
      0.9558
      0.5135
      0.3123
      0.2691
      0.8182
      0.6882
      0.4096
      0.1737
      0.0573
      0.0256
      0.0259
      0.0290
      0.0320
      0.0642
      0.1941
      0.4908
      0.9005
      1.1906
      1.1663
      0.9299
      0.7573
      0.7521
      0.7841
      0.9728
      0.8182
      0.4871
      0.2072
      0.0700
      0.0344
      0.0368
      0.0407
      0.0366
      0.0397
      0.0889
      0.2313
      0.4716
      0.7248
      0.8924
      1.0198
      1.2624
      1.6078
      1.7834
      0.8182
      0.6885
      0.4114
      0.1808
      0.0782
      0.0716
      0.1002
      0.1155
      0.0975
      0.0642
      0.0550
      0.1110
      0.2646
      0.5173
      0.8442
      1.2793
      1.9142
      2.6254
      2.9583
      0.4870
      0.4111
      0.2526
      0.1353
      0.1210
      0.1947
      0.2915
      0.3273
      0.2660
      0.1567
      0.0781
      0.0798
      0.1944
      0.4490
      0.8491
      1.4252
      2.2369
      3.1106
      3.5131
      0.2069
      0.1798
      0.1346
      0.1441
      0.2588
      0.4664
      0.6650
      0.7082
      0.5506
      0.3092
      0.1311
      0.0748
      0.1445
      0.3505
      0.6997
      1.2101
      1.9129
      2.6543
      2.9932
      0.0696
      0.0748
      0.1172
      0.2559
      0.5329
      0.9050
      1.2013
      1.2118
      0.9061
      0.4930
      0.1961
      0.0745
      0.0880
      0.2085
      0.4334
      0.7756
      1.2490
      1.7440
      1.9691
      0.0339
      0.0631
      0.1832
      0.4645
      0.9423
      1.5293
      1.9717
      1.9687
      1.4769
      0.8124
      0.3234
      0.0993
      0.0511
      0.1001
      0.2384
      0.5114
      0.9544
      1.4436
      1.6682
      0.0375
      0.0858
      0.2756
      0.7111
      1.4781
      2.5177
      3.4529
      3.6664
      2.9052
      1.6754
      0.6927
      0.2057
      0.0564
      0.0709
      0.2467
      0.7455
      1.6948
      2.7987
      3.3119
      0.0441
      0.1022
      0.3367
      0.9262
      2.1386
      4.0910
      6.1760
      7.0164
      5.8170
      3.4603
      1.4629
      0.4382
      0.1066
      0.1124
      0.4678
      1.5631
      3.7088
      6.2267
      7.3999
      0.0437
      0.1016
      0.3517
      1.0709
      2.7870
      5.8690
      9.4156
     11.0717
      9.3577
      5.6301
      2.3975
      0.7212
      0.1739
      0.1806
      0.7687
      2.5965
      6.1878
     10.4064
     12.3728
      0.0418
      0.0978
      0.3498
      1.1233
      3.0748
      6.6969
     10.9439
     12.9905
     11.0325
      6.6551
      2.8383
      0.8546
      0.2060
      0.2139
      0.9122
      3.0841
      7.3524
     12.3669
     14.7042
