      0.0018
      0.0044
      0.0108
      0.0146
      0.0108
      0.0043
      0.0011
      0.0004
      0.0009
      0.0033
      0.0080
      0.0107
      0.0077
      0.0030
      0.0006
      0.0001
      0.0000
      0.0000
      0.0000
      0.0026
      0.0056
      0.0124
      0.0154
      0.0104
      0.0039
      0.0009
      0.0003
      0.0007
      0.0027
      0.0070
      0.0102
      0.0081
      0.0035
      0.0008
      0.0001
      0.0000
      0.0000
      0.0000
      0.0034
      0.0065
      0.0123
      0.0132
      0.0077
      0.0025
      0.0005
      0.0001
      0.0003
      0.0015
      0.0047
      0.0084
      0.0085
      0.0050
      0.0017
      0.0003
      0.0000
      0.0000
      0.0000
      0.0028
      0.0045
      0.0073
      0.0068
      0.0035
      0.0010
      0.0002
      0.0000
      0.0001
      0.0009
      0.0046
      0.0132
      0.0216
      0.0197
      0.0100
      0.0028
      0.0004
      0.0000
      0.0000
      0.0074
      0.0062
      0.0042
      0.0023
      0.0009
      0.0002
      0.0000
      0.0000
      0.0002
      0.0020
      0.0132
      0.0482
      0.0951
      0.1015
      0.0586
      0.0183
      0.0031
      0.0003
      0.0000
      0.1044
      0.0769
      0.0308
      0.0068
      0.0009
      0.0001
      0.0000
      0.0001
      0.0004
      0.0040
      0.0298
      0.1203
      0.2617
      0.3072
      0.1948
      0.0666
      0.0123
      0.0013
      0.0003
      0.9142
      0.6719
      0.2665
      0.0568
      0.0065
      0.0004
      0.0001
      0.0002
      0.0005
      0.0046
      0.0371
      0.1644
      0.3918
      0.5040
      0.3503
      0.1318
      0.0280
      0.0061
      0.0045
      4.2882
      3.1516
      1.2497
      0.2664
      0.0304
      0.0019
      0.0003
      0.0003
      0.0004
      0.0028
      0.0250
      0.1215
      0.3177
      0.4488
      0.3449
      0.1497
      0.0555
      0.0561
      0.0696
     10.8143
      7.9480
      3.1516
      0.6719
      0.0766
      0.0047
      0.0004
      0.0004
      0.0003
      0.0010
      0.0092
      0.0492
      0.1440
      0.2340
      0.2232
      0.1661
      0.2294
      0.4570
      0.6035
     14.7142
     10.8143
      4.2882
      0.9142
      0.1043
      0.0071
      0.0023
      0.0032
      0.0025
      0.0013
      0.0023
      0.0139
      0.0571
      0.1504
      0.2682
      0.4336
      0.9844
      2.1208
      2.8192
     10.8143
      7.9480
      3.1517
      0.6721
      0.0788
      0.0152
      0.0274
      0.0382
      0.0290
      0.0119
      0.0033
      0.0092
      0.0629
      0.2503
      0.5884
      1.0897
      2.4972
      5.3430
      7.0978
      4.2882
      3.1517
      1.2500
      0.2692
      0.0493
      0.0822
      0.1928
      0.2541
      0.1821
      0.0706
      0.0153
      0.0110
      0.0764
      0.3355
      0.8469
      1.5926
      3.4898
      7.2983
      9.6600
      0.9142
      0.6721
      0.2691
      0.0756
      0.1032
      0.3434
      0.7429
      0.9121
      0.6151
      0.2250
      0.0447
      0.0107
      0.0534
      0.2503
      0.6705
      1.2804
      2.6695
      5.4095
      7.1162
      0.1044
      0.0785
      0.0473
      0.0966
      0.3276
      0.8748
      1.6066
      1.7923
      1.1289
      0.3893
      0.0726
      0.0093
      0.0204
      0.1010
      0.2877
      0.5619
      1.1178
      2.1810
      2.8447
      0.0074
      0.0125
      0.0647
      0.2821
      0.7727
      1.4833
      2.1241
      2.0683
      1.2105
      0.3978
      0.0714
      0.0073
      0.0044
      0.0220
      0.0676
      0.1434
      0.3007
      0.5915
      0.7712
      0.0028
      0.0180
      0.1306
      0.5273
      1.2416
      1.9534
      2.4115
      2.2862
      1.4123
      0.5080
      0.1016
      0.0111
      0.0011
      0.0032
      0.0183
      0.1054
      0.4458
      1.1009
      1.4929
      0.0034
      0.0219
      0.1498
      0.5745
      1.3751
      2.6127
      4.4214
      5.3962
      3.9158
      1.5748
      0.3434
      0.0402
      0.0026
      0.0031
      0.0478
      0.4158
      1.9469
      4.9082
      6.6778
      0.0026
      0.0154
      0.1006
      0.4027
      1.2964
      3.9846
      9.1488
     12.4895
      9.4173
      3.8505
      0.8476
      0.0998
      0.0065
      0.0074
      0.1191
      1.0456
      4.9048
     12.3692
     16.8298
      0.0018
      0.0104
      0.0664
      0.2963
      1.2770
      4.8984
     12.1171
     16.8550
     12.7703
      5.2296
      1.1520
      0.1357
      0.0088
      0.0101
      0.1621
      1.4227
      6.6735
     16.8297
     22.8989
