      0.4350
      0.4450
      0.4649
      0.4738
      0.4576
      0.4205
      0.3800
      0.3537
      0.3482
      0.3569
      0.3630
      0.3484
      0.3046
      0.2380
      0.1658
      0.1056
      0.0660
      0.0460
      0.0402
      0.4515
      0.4579
      0.4686
      0.4665
      0.4416
      0.3998
      0.3580
      0.3326
      0.3292
      0.3409
      0.3514
      0.3424
      0.3043
      0.2420
      0.1717
      0.1110
      0.0696
      0.0477
      0.0412
      0.5304
      0.5243
      0.5036
      0.4646
      0.4099
      0.3513
      0.3041
      0.2801
      0.2816
      0.3011
      0.3229
      0.3288
      0.3063
      0.2559
      0.1908
      0.1286
      0.0820
      0.0552
      0.0467
      0.7655
      0.7334
      0.6464
      0.5288
      0.4093
      0.3115
      0.2482
      0.2218
      0.2277
      0.2559
      0.2918
      0.3171
      0.3161
      0.2830
      0.2261
      0.1627
      0.1095
      0.0759
      0.0646
      1.3119
      1.2308
      1.0192
      0.7517
      0.5054
      0.3261
      0.2231
      0.1831
      0.1875
      0.2209
      0.2689
      0.3139
      0.3367
      0.3252
      0.2815
      0.2211
      0.1640
      0.1251
      0.1116
      2.3219
      2.1597
      1.7399
      1.2201
      0.7556
      0.4305
      0.2499
      0.1764
      0.1688
      0.2005
      0.2554
      0.3172
      0.3650
      0.3811
      0.3606
      0.3154
      0.2655
      0.2291
      0.2160
      3.8071
      3.5311
      2.8192
      1.9426
      1.1659
      0.6273
      0.3284
      0.1994
      0.1678
      0.1899
      0.2454
      0.3201
      0.3944
      0.4474
      0.4679
      0.4607
      0.4409
      0.4234
      0.4168
      5.5043
      5.1013
      4.0625
      2.7854
      1.6562
      0.8740
      0.4374
      0.2413
      0.1784
      0.1847
      0.2353
      0.3191
      0.4215
      0.5228
      0.6074
      0.6698
      0.7126
      0.7387
      0.7476
      6.8926
      6.3873
      5.0854
      3.4862
      2.0736
      1.0953
      0.5471
      0.2949
      0.2024
      0.1900
      0.2300
      0.3177
      0.4473
      0.6052
      0.7735
      0.9351
      1.0729
      1.1678
      1.2020
      7.4324
      6.8897
      5.4922
      3.7781
      2.2676
      1.2244
      0.6396
      0.3649
      0.2524
      0.2187
      0.2402
      0.3224
      0.4715
      0.6828
      0.9388
      1.2108
      1.4589
      1.6359
      1.7004
      6.8926
      6.3953
      5.1169
      3.5546
      2.1860
      1.2479
      0.7231
      0.4678
      0.3448
      0.2832
      0.2734
      0.3345
      0.4853
      0.7300
      1.0528
      1.4155
      1.7582
      2.0073
      2.0989
      5.5043
      5.1197
      4.1350
      2.9418
      1.9107
      1.2155
      0.8263
      0.6188
      0.4854
      0.3838
      0.3264
      0.3472
      0.4749
      0.7193
      1.0655
      1.4704
      1.8619
      2.1501
      2.2566
      3.8071
      3.5634
      2.9454
      2.2121
      1.5995
      1.2009
      0.9713
      0.8130
      0.6591
      0.5041
      0.3856
      0.3508
      0.4328
      0.6419
      0.9630
      1.3527
      1.7369
      2.0227
      2.1289
      2.3219
      2.2073
      1.9254
      1.6131
      1.3805
      1.2456
      1.1489
      1.0197
      0.8325
      0.6177
      0.4356
      0.3414
      0.3674
      0.5203
      0.7845
      1.1199
      1.4582
      1.7132
      1.8085
      1.3119
      1.2917
      1.2553
      1.2487
      1.2881
      1.3348
      1.3201
      1.1963
      0.9714
      0.7037
      0.4686
      0.3244
      0.2994
      0.3968
      0.6015
      0.8784
      1.1673
      1.3891
      1.4727
      0.7655
      0.8018
      0.9114
      1.0839
      1.2780
      1.4220
      1.4442
      1.3136
      1.0598
      0.7571
      0.4876
      0.3098
      0.2493
      0.3084
      0.4746
      0.7183
      0.9835
      1.1922
      1.2717
      0.5304
      0.5940
      0.7732
      1.0284
      1.2903
      1.4730
      1.5068
      1.3708
      1.1042
      0.7862
      0.5002
      0.3043
      0.2248
      0.2663
      0.4212
      0.6637
      0.9370
      1.1566
      1.2411
      0.4515
      0.5253
      0.7296
      1.0130
      1.2956
      1.4884
      1.5249
      1.3890
      1.1215
      0.8009
      0.5096
      0.3061
      0.2188
      0.2566
      0.4159
      0.6733
      0.9689
      1.2089
      1.3018
      0.4350
      0.5110
      0.7207
      1.0096
      1.2955
      1.4895
      1.5266
      1.3918
      1.1256
      0.8056
      0.5134
      0.3079
      0.2189
      0.2568
      0.4201
      0.6860
      0.9928
      1.2427
      1.3395
