      0.0009
      0.0020
      0.0050
      0.0068
      0.0050
      0.0021
      0.0007
      0.0005
      0.0009
      0.0030
      0.0072
      0.0096
      0.0070
      0.0027
      0.0006
      0.0001
      0.0000
      0.0000
      0.0000
      0.0012
      0.0026
      0.0058
      0.0072
      0.0049
      0.0019
      0.0006
      0.0004
      0.0007
      0.0025
      0.0063
      0.0091
      0.0072
      0.0031
      0.0007
      0.0001
      0.0000
      0.0000
      0.0000
      0.0016
      0.0030
      0.0058
      0.0062
      0.0036
      0.0012
      0.0003
      0.0002
      0.0003
      0.0013
      0.0039
      0.0066
      0.0061
      0.0030
      0.0008
      0.0001
      0.0000
      0.0000
      0.0000
      0.0018
      0.0025
      0.0036
      0.0032
      0.0016
      0.0005
      0.0001
      0.0000
      0.0001
      0.0004
      0.0016
      0.0031
      0.0035
      0.0022
      0.0008
      0.0002
      0.0000
      0.0000
      0.0000
      0.0203
      0.0153
      0.0069
      0.0021
      0.0005
      0.0001
      0.0000
      0.0000
      0.0000
      0.0002
      0.0007
      0.0020
      0.0035
      0.0034
      0.0018
      0.0006
      0.0001
      0.0000
      0.0000
      0.3283
      0.2414
      0.0958
      0.0205
      0.0024
      0.0002
      0.0001
      0.0001
      0.0001
      0.0002
      0.0009
      0.0035
      0.0075
      0.0088
      0.0056
      0.0019
      0.0004
      0.0002
      0.0002
      2.8806
      2.1171
      0.8395
      0.1790
      0.0204
      0.0013
      0.0002
      0.0003
      0.0003
      0.0003
      0.0011
      0.0047
      0.0111
      0.0144
      0.0102
      0.0044
      0.0028
      0.0047
      0.0062
     13.5124
      9.9311
      3.9380
      0.8395
      0.0957
      0.0059
      0.0005
      0.0005
      0.0004
      0.0002
      0.0008
      0.0035
      0.0096
      0.0147
      0.0143
      0.0147
      0.0335
      0.0759
      0.1019
     34.0768
     25.0450
      9.9311
      2.1171
      0.2412
      0.0147
      0.0008
      0.0005
      0.0003
      0.0002
      0.0003
      0.0021
      0.0089
      0.0243
      0.0465
      0.0968
      0.2855
      0.6634
      0.8925
     46.3656
     34.0768
     13.5124
      2.8806
      0.3283
      0.0206
      0.0026
      0.0029
      0.0023
      0.0010
      0.0005
      0.0034
      0.0231
      0.0875
      0.2054
      0.4597
      1.3443
      3.1102
      4.1835
     34.0768
     25.0450
      9.9311
      2.1174
      0.2432
      0.0240
      0.0249
      0.0344
      0.0261
      0.0107
      0.0029
      0.0073
      0.0531
      0.2199
      0.5481
      1.2214
      3.4379
      7.8572
     10.5513
     13.5124
      9.9311
      3.9381
      0.8416
      0.1118
      0.0767
      0.1727
      0.2285
      0.1639
      0.0636
      0.0138
      0.0099
      0.0686
      0.3037
      0.7994
      1.7761
      4.7790
     10.7317
     14.3703
      2.8806
      2.1173
      0.8410
      0.1915
      0.0963
      0.2945
      0.6574
      0.8168
      0.5530
      0.2025
      0.0402
      0.0097
      0.0481
      0.2271
      0.6325
      1.4088
      3.6143
      7.9361
     10.5829
      0.3283
      0.2421
      0.1042
      0.0715
      0.2242
      0.6928
      1.3773
      1.5836
      1.0073
      0.3482
      0.0649
      0.0084
      0.0184
      0.0917
      0.2707
      0.6087
      1.4902
      3.1859
      4.2253
      0.0203
      0.0183
      0.0359
      0.1440
      0.4425
      1.0077
      1.6432
      1.6902
      0.9985
      0.3248
      0.0571
      0.0057
      0.0039
      0.0200
      0.0642
      0.1577
      0.4047
      0.8707
      1.1545
      0.0018
      0.0088
      0.0615
      0.2512
      0.6092
      0.9922
      1.2068
      1.0438
      0.5620
      0.1725
      0.0290
      0.0027
      0.0006
      0.0033
      0.0234
      0.1555
      0.6855
      1.7077
      2.3190
      0.0016
      0.0102
      0.0693
      0.2576
      0.5402
      0.7019
      0.6654
      0.5022
      0.2686
      0.0880
      0.0164
      0.0017
      0.0003
      0.0046
      0.0741
      0.6469
      3.0313
      7.6429
     10.3988
      0.0012
      0.0071
      0.0450
      0.1548
      0.3036
      0.3936
      0.4398
      0.4354
      0.2946
      0.1156
      0.0249
      0.0029
      0.0005
      0.0112
      0.1855
      1.6283
      7.6381
     19.2623
     26.2088
      0.0009
      0.0048
      0.0283
      0.0926
      0.1817
      0.2769
      0.4179
      0.5025
      0.3677
      0.1492
      0.0328
      0.0039
      0.0007
      0.0152
      0.2524
      2.2155
     10.3925
     26.2086
     35.6600
