      0.2809
      0.3035
      0.3474
      0.3635
      0.3235
      0.2436
      0.1677
      0.1330
      0.1523
      0.2123
      0.2776
      0.3061
      0.2760
      0.2015
      0.1188
      0.0566
      0.0221
      0.0078
      0.0042
      0.2794
      0.2991
      0.3360
      0.3453
      0.3025
      0.2249
      0.1534
      0.1219
      0.1423
      0.2031
      0.2725
      0.3096
      0.2890
      0.2198
      0.1358
      0.0682
      0.0281
      0.0103
      0.0056
      0.2770
      0.2884
      0.3058
      0.2969
      0.2481
      0.1778
      0.1189
      0.0968
      0.1213
      0.1873
      0.2720
      0.3367
      0.3452
      0.2902
      0.1992
      0.1114
      0.0510
      0.0203
      0.0115
      0.3033
      0.3001
      0.2839
      0.2449
      0.1859
      0.1250
      0.0831
      0.0746
      0.1080
      0.1879
      0.3045
      0.4202
      0.4792
      0.4466
      0.3380
      0.2074
      0.1035
      0.0449
      0.0270
      0.4629
      0.4312
      0.3492
      0.2472
      0.1558
      0.0930
      0.0637
      0.0680
      0.1128
      0.2138
      0.3767
      0.5648
      0.6967
      0.6981
      0.5658
      0.3708
      0.1987
      0.0940
      0.0607
      0.9437
      0.8530
      0.6312
      0.3860
      0.2019
      0.1022
      0.0683
      0.0772
      0.1284
      0.2464
      0.4524
      0.7149
      0.9301
      0.9823
      0.8398
      0.5840
      0.3375
      0.1786
      0.1262
      1.9082
      1.7117
      1.2363
      0.7227
      0.3511
      0.1592
      0.0933
      0.0927
      0.1381
      0.2545
      0.4754
      0.7810
      1.0631
      1.1793
      1.0666
      0.7969
      0.5110
      0.3156
      0.2490
      3.2674
      2.9266
      2.1039
      1.2184
      0.5803
      0.2499
      0.1288
      0.1065
      0.1338
      0.2260
      0.4217
      0.7182
      1.0274
      1.2099
      1.1798
      0.9765
      0.7247
      0.5386
      0.4726
      4.5381
      4.0640
      2.9199
      1.6895
      0.8038
      0.3440
      0.1709
      0.1262
      0.1305
      0.1844
      0.3255
      0.5705
      0.8691
      1.1125
      1.2068
      1.1456
      1.0062
      0.8837
      0.8371
      5.0657
      4.5374
      3.2637
      1.8978
      0.9211
      0.4221
      0.2392
      0.1872
      0.1688
      0.1764
      0.2501
      0.4270
      0.6978
      0.9937
      1.2241
      1.3377
      1.3524
      1.3267
      1.3119
      4.5381
      4.0687
      2.9411
      1.7441
      0.9105
      0.5123
      0.3869
      0.3482
      0.3002
      0.2450
      0.2395
      0.3433
      0.5786
      0.9078
      1.2454
      1.5074
      1.6611
      1.7278
      1.7446
      3.2674
      2.9404
      2.1647
      1.3708
      0.8693
      0.6912
      0.6786
      0.6587
      0.5555
      0.4040
      0.2957
      0.3140
      0.4959
      0.8170
      1.1958
      1.5332
      1.7667
      1.8908
      1.9281
      1.9082
      1.7422
      1.3687
      1.0450
      0.9407
      1.0271
      1.1381
      1.1142
      0.9147
      0.6276
      0.3908
      0.3062
      0.4083
      0.6693
      1.0131
      1.3442
      1.5926
      1.7363
      1.7820
      0.9437
      0.9083
      0.8669
      0.9453
      1.1938
      1.5157
      1.7196
      1.6552
      1.3246
      0.8777
      0.4997
      0.3038
      0.3099
      0.4786
      0.7427
      1.0264
      1.2663
      1.4234
      1.4779
      0.4629
      0.5138
      0.6979
      1.0623
      1.5759
      2.0814
      2.3540
      2.2404
      1.7750
      1.1626
      0.6361
      0.3239
      0.2334
      0.3142
      0.5119
      0.7783
      1.0581
      1.2778
      1.3622
      0.3033
      0.4033
      0.7201
      1.2658
      1.9705
      2.6410
      3.0145
      2.9025
      2.3327
      1.5495
      0.8481
      0.3982
      0.2122
      0.2343
      0.4239
      0.7611
      1.1879
      1.5643
      1.7169
      0.2770
      0.3998
      0.7818
      1.4320
      2.2831
      3.1355
      3.6818
      3.6536
      3.0234
      2.0611
      1.1487
      0.5315
      0.2478
      0.2408
      0.4826
      0.9762
      1.6481
      2.2635
      2.5170
      0.2794
      0.4092
      0.8147
      1.5174
      2.4742
      3.4963
      4.2333
      4.3234
      3.6671
      2.5506
      1.4428
      0.6706
      0.3034
      0.2857
      0.5974
      1.2569
      2.1712
      3.0167
      3.3663
      0.2809
      0.4116
      0.8216
      1.5401
      2.5376
      3.6323
      4.4549
      4.6011
      3.9381
      2.7583
      1.5684
      0.7310
      0.3297
      0.3095
      0.6530
      1.3840
      2.4009
      3.3428
      3.7326
