      0.0000
      0.0000
      0.0000
      0.0000
      0.0000
      0.0000
      0.0000
      0.0000
      0.0000
      0.0000
      0.0000
      0.0000
      0.0000
      0.0000
      0.0000
      0.0000
      0.0000
      0.0000
      0.0000
      0.0000
      0.0000
      0.0000
      0.0000
      0.0000
      0.0000
      0.0000
      0.0000
      0.0000
      0.0000
      0.0000
      0.0000
      0.0000
      0.0000
      0.0000
      0.0000
      0.0000
      0.0000
      0.0000
      0.0000
      0.0000
      0.0000
      0.0000
      0.0000
      0.0000
      0.0000
      0.0000
      0.0000
      0.0000
      0.0000
      0.0000
      0.0000
      0.0000
      0.0000
      0.0000
      0.0000
      0.0000
      0.0000
      0.0000
      0.0000
      0.0000
      0.0000
      0.0000
      0.0000
      0.0000
      0.0000
      0.0000
      0.0000
      0.0000
      0.0000
      0.0000
      0.0000
      0.0000
      0.0000
      0.0000
      0.0000
      0.0000
      0.0000
      0.0000
      0.0000
      0.0000
      0.0000
      0.0000
      0.0000
      0.0000
      0.0000
      0.0000
      0.0000
      0.0000
      0.0002
      0.0002
      0.0001
      0.0000
      0.0000
      0.0000
      0.0000
      0.0012
      0.0006
      0.0001
      0.0000
      0.0000
      0.0000
      0.0000
      0.0000
      0.0000
      0.0000
      0.0000
      0.0003
      0.0020
      0.0029
      0.0010
      0.0001
      0.0000
      0.0000
      0.0000
      0.1646
      0.0823
      0.0103
      0.0003
      0.0000
      0.0000
      0.0000
      0.0000
      0.0000
      0.0000
      0.0000
      0.0007
      0.0050
      0.0087
      0.0038
      0.0004
      0.0000
      0.0000
      0.0000
      5.3376
      2.6688
      0.3327
      0.0103
      0.0001
      0.0000
      0.0000
      0.0000
      0.0000
      0.0000
      0.0000
      0.0004
      0.0031
      0.0066
      0.0036
      0.0005
      0.0001
      0.0006
      0.0013
     42.8140
     21.4070
      2.6688
      0.0823
      0.0006
      0.0000
      0.0000
      0.0000
      0.0000
      0.0000
      0.0000
      0.0000
      0.0005
      0.0013
      0.0010
      0.0007
      0.0106
      0.0844
      0.1688
     85.6280
     42.8140
      5.3376
      0.1646
      0.0012
      0.0000
      0.0000
      0.0000
      0.0000
      0.0000
      0.0000
      0.0000
      0.0001
      0.0017
      0.0083
      0.0208
      0.3445
      2.7377
      5.4748
     42.8140
     21.4070
      2.6688
      0.0823
      0.0006
      0.0000
      0.0001
      0.0002
      0.0001
      0.0000
      0.0000
      0.0000
      0.0006
      0.0138
      0.0808
      0.2008
      2.7798
     21.9611
     43.9144
      5.3376
      2.6688
      0.3327
      0.0103
      0.0001
      0.0011
      0.0083
      0.0159
      0.0075
      0.0009
      0.0000
      0.0000
      0.0011
      0.0288
      0.1963
      0.4985
      5.6142
     43.9290
     87.8291
      0.1646
      0.0823
      0.0103
      0.0003
      0.0009
      0.0245
      0.1647
      0.2765
      0.1160
      0.0121
      0.0003
      0.0000
      0.0005
      0.0150
      0.1192
      0.3178
      2.8523
     21.9712
     43.9150
      0.0012
      0.0006
      0.0001
      0.0003
      0.0072
      0.1386
      0.8089
      1.1977
      0.4438
      0.0410
      0.0009
      0.0000
      0.0001
      0.0020
      0.0181
      0.0518
      0.3650
      2.7408
      5.4750
      0.0000
      0.0000
      0.0002
      0.0040
      0.0328
      0.2253
      1.0036
      1.2976
      0.4245
      0.0346
      0.0007
      0.0000
      0.0000
      0.0001
      0.0007
      0.0021
      0.0118
      0.0850
      0.1696
      0.0000
      0.0000
      0.0008
      0.0180
      0.0986
      0.1937
      0.3654
      0.3988
      0.1256
      0.0105
      0.0002
      0.0000
      0.0000
      0.0000
      0.0000
      0.0002
      0.0061
      0.0489
      0.0978
      0.0000
      0.0000
      0.0011
      0.0208
      0.0972
      0.1919
      0.7314
      1.4841
      0.7907
      0.1057
      0.0035
      0.0000
      0.0000
      0.0000
      0.0000
      0.0060
      0.1952
      1.5656
      3.1312
      0.0000
      0.0000
      0.0004
      0.0061
      0.0416
      0.6527
      5.4415
     11.6987
      6.2941
      0.8446
      0.0281
      0.0002
      0.0000
      0.0000
      0.0004
      0.0483
      1.5656
     12.5581
     25.1162
      0.0000
      0.0000
      0.0001
      0.0011
      0.0390
      1.2615
     10.8714
     23.3960
     12.5880
      1.6892
      0.0561
      0.0005
      0.0000
      0.0000
      0.0007
      0.0966
      3.1312
     25.1162
     50.2324
