      0.0000
      0.0000
      0.0000
      0.0000
      0.0000
      0.0000
      0.0000
      0.0000
      0.0000
      0.0000
      0.0000
      0.0000
      0.0000
      0.0000
      0.0000
      0.0000
      0.0000
      0.0000
      0.0000
      0.0000
      0.0000
      0.0000
      0.0000
      0.0000
      0.0000
      0.0000
      0.0000
      0.0000
      0.0000
      0.0000
      0.0000
      0.0000
      0.0000
      0.0000
      0.0000
      0.0000
      0.0000
      0.0000
      0.0000
      0.0000
      0.0000
      0.0000
      0.0000
      0.0000
      0.0000
      0.0000
      0.0000
      0.0000
      0.0000
      0.0000
      0.0000
      0.0000
      0.0000
      0.0000
      0.0000
      0.0000
      0.0000
      0.0000
      0.0000
      0.0000
      0.0000
      0.0000
      0.0000
      0.0000
      0.0000
      0.0000
      0.0000
      0.0000
      0.0000
      0.0000
      0.0000
      0.0000
      0.0000
      0.0000
      0.0000
      0.0000
      0.0000
      0.0000
      0.0000
      0.0000
      0.0000
      0.0000
      0.0000
      0.0000
      0.0000
      0.0000
      0.0000
      0.0000
      0.0002
      0.0002
      0.0001
      0.0000
      0.0000
      0.0000
      0.0000
      0.0013
      0.0007
      0.0001
      0.0000
      0.0000
      0.0000
      0.0000
      0.0000
      0.0000
      0.0000
      0.0000
      0.0003
      0.0020
      0.0029
      0.0010
      0.0001
      0.0000
      0.0000
      0.0000
      0.1759
      0.0879
      0.0110
      0.0003
      0.0000
      0.0000
      0.0000
      0.0000
      0.0000
      0.0000
      0.0000
      0.0007
      0.0050
      0.0087
      0.0039
      0.0004
      0.0000
      0.0000
      0.0000
      5.7035
      2.8518
      0.3555
      0.0110
      0.0001
      0.0000
      0.0000
      0.0000
      0.0000
      0.0000
      0.0000
      0.0004
      0.0031
      0.0067
      0.0036
      0.0005
      0.0001
      0.0006
      0.0013
     45.7491
     22.8745
      2.8518
      0.0879
      0.0007
      0.0000
      0.0000
      0.0000
      0.0000
      0.0000
      0.0000
      0.0000
      0.0005
      0.0013
      0.0009
      0.0005
      0.0106
      0.0851
      0.1703
     91.4982
     45.7491
      5.7035
      0.1759
      0.0013
      0.0000
      0.0000
      0.0000
      0.0000
      0.0000
      0.0000
      0.0000
      0.0000
      0.0002
      0.0009
      0.0116
      0.3447
      2.7609
      5.5214
     45.7491
     22.8745
      2.8518
      0.0879
      0.0007
      0.0000
      0.0000
      0.0000
      0.0000
      0.0000
      0.0000
      0.0000
      0.0001
      0.0013
      0.0079
      0.0959
      2.7651
     22.1449
     44.2882
      5.7035
      2.8518
      0.3555
      0.0110
      0.0001
      0.0001
      0.0008
      0.0014
      0.0007
      0.0001
      0.0000
      0.0000
      0.0001
      0.0026
      0.0190
      0.2003
      5.5344
     44.2897
     88.5761
      0.1759
      0.0879
      0.0110
      0.0003
      0.0001
      0.0024
      0.0150
      0.0251
      0.0105
      0.0011
      0.0000
      0.0000
      0.0000
      0.0014
      0.0114
      0.1064
      2.7712
     22.1453
     44.2880
      0.0013
      0.0007
      0.0001
      0.0006
      0.0046
      0.0196
      0.0767
      0.1092
      0.0403
      0.0037
      0.0001
      0.0000
      0.0000
      0.0002
      0.0017
      0.0144
      0.3463
      2.7610
      5.5214
      0.0000
      0.0000
      0.0004
      0.0105
      0.0658
      0.1173
      0.1286
      0.1218
      0.0388
      0.0032
      0.0001
      0.0000
      0.0000
      0.0000
      0.0001
      0.0005
      0.0108
      0.0857
      0.1713
      0.0000
      0.0000
      0.0023
      0.0488
      0.2592
      0.3513
      0.1620
      0.0863
      0.0337
      0.0039
      0.0001
      0.0000
      0.0000
      0.0000
      0.0000
      0.0003
      0.0085
      0.0682
      0.1364
      0.0000
      0.0000
      0.0031
      0.0565
      0.2599
      0.3728
      0.7653
      1.4708
      0.7876
      0.1056
      0.0035
      0.0000
      0.0000
      0.0000
      0.0001
      0.0084
      0.2730
      2.1900
      4.3800
      0.0000
      0.0000
      0.0010
      0.0165
      0.0822
      0.6942
      5.4669
     11.7336
      6.3126
      0.8471
      0.0281
      0.0002
      0.0000
      0.0000
      0.0005
      0.0675
      2.1900
     17.5663
     35.1325
      0.0000
      0.0000
      0.0002
      0.0026
      0.0441
      1.2695
     10.9045
     23.4653
     12.6252
      1.6942
      0.0563
      0.0005
      0.0000
      0.0000
      0.0010
      0.1351
      4.3800
     35.1325
     70.2650
