      0.4040
      0.4442
      0.5242
      0.5600
      0.5020
      0.3727
      0.2352
      0.1361
      0.0837
      0.0630
      0.0563
      0.0511
      0.0419
      0.0292
      0.0167
      0.0080
      0.0033
      0.0015
      0.0011
      0.4016
      0.4368
      0.5048
      0.5294
      0.4676
      0.3434
      0.2154
      0.1254
      0.0790
      0.0618
      0.0571
      0.0535
      0.0453
      0.0327
      0.0196
      0.0098
      0.0042
      0.0018
      0.0013
      0.3878
      0.4101
      0.4480
      0.4458
      0.3779
      0.2700
      0.1689
      0.1029
      0.0719
      0.0625
      0.0619
      0.0613
      0.0555
      0.0435
      0.0286
      0.0157
      0.0073
      0.0032
      0.0021
      0.3714
      0.3759
      0.3744
      0.3407
      0.2707
      0.1891
      0.1256
      0.0911
      0.0782
      0.0751
      0.0755
      0.0760
      0.0725
      0.0616
      0.0448
      0.0276
      0.0147
      0.0076
      0.0055
      0.4264
      0.4067
      0.3517
      0.2742
      0.1964
      0.1400
      0.1139
      0.1092
      0.1093
      0.1050
      0.0990
      0.0963
      0.0946
      0.0869
      0.0704
      0.0500
      0.0324
      0.0217
      0.0182
      0.6962
      0.6354
      0.4858
      0.3198
      0.1993
      0.1459
      0.1434
      0.1576
      0.1598
      0.1442
      0.1245
      0.1156
      0.1171
      0.1179
      0.1094
      0.0932
      0.0763
      0.0647
      0.0606
      1.3046
      1.1736
      0.8580
      0.5230
      0.2957
      0.2034
      0.1981
      0.2130
      0.2051
      0.1717
      0.1371
      0.1238
      0.1336
      0.1532
      0.1693
      0.1776
      0.1799
      0.1797
      0.1792
      2.1946
      1.9682
      1.4245
      0.8493
      0.4557
      0.2818
      0.2446
      0.2421
      0.2173
      0.1693
      0.1271
      0.1161
      0.1412
      0.1932
      0.2596
      0.3288
      0.3890
      0.4293
      0.4433
      3.0370
      2.7222
      1.9658
      1.1629
      0.6044
      0.3390
      0.2560
      0.2281
      0.1896
      0.1379
      0.0993
      0.0974
      0.1425
      0.2375
      0.3796
      0.5530
      0.7237
      0.8489
      0.8948
      3.3882
      3.0373
      2.1939
      1.2963
      0.6651
      0.3516
      0.2367
      0.1894
      0.1450
      0.0986
      0.0696
      0.0776
      0.1400
      0.2761
      0.5007
      0.8011
      1.1202
      1.3680
      1.4617
      3.0370
      2.7257
      1.9788
      1.1863
      0.6292
      0.3471
      0.2322
      0.1741
      0.1232
      0.0778
      0.0525
      0.0632
      0.1313
      0.2894
      0.5701
      0.9719
      1.4236
      1.7896
      1.9312
      2.1946
      1.9807
      1.4730
      0.9466
      0.5890
      0.4082
      0.3156
      0.2385
      0.1595
      0.0928
      0.0542
      0.0550
      0.1134
      0.2642
      0.5504
      0.9834
      1.4934
      1.9208
      2.0893
      1.3046
      1.2058
      0.9848
      0.7870
      0.6836
      0.6305
      0.5504
      0.4183
      0.2681
      0.1454
      0.0723
      0.0517
      0.0896
      0.2130
      0.4653
      0.8687
      1.3655
      1.7953
      1.9675
      0.6962
      0.6992
      0.7379
      0.8478
      0.9859
      1.0403
      0.9337
      0.6962
      0.4299
      0.2214
      0.0994
      0.0530
      0.0720
      0.1752
      0.4098
      0.8118
      1.3324
      1.7981
      1.9877
      0.4264
      0.5063
      0.7443
      1.0942
      1.4148
      1.5278
      1.3560
      0.9877
      0.5932
      0.2965
      0.1272
      0.0600
      0.0757
      0.2013
      0.5138
      1.0823
      1.8486
      2.5507
      2.8399
      0.3714
      0.4997
      0.8619
      1.3550
      1.7701
      1.8894
      1.6478
      1.1808
      0.7013
      0.3492
      0.1506
      0.0746
      0.1104
      0.3240
      0.8669
      1.8764
      3.2562
      4.5306
      5.0575
      0.3878
      0.5361
      0.9446
      1.4776
      1.8992
      1.9919
      1.7144
      1.2234
      0.7330
      0.3742
      0.1693
      0.0956
      0.1703
      0.5252
      1.4242
      3.1028
      5.4038
      7.5326
      8.4135
      0.4016
      0.5505
      0.9535
      1.4628
      1.8456
      1.9078
      1.6317
      1.1716
      0.7179
      0.3811
      0.1827
      0.1158
      0.2295
      0.7213
      1.9622
      4.2805
      7.4601
     10.4026
     11.6202
      0.4040
      0.5503
      0.9433
      1.4332
      1.7932
      1.8430
      1.5740
      1.1360
      0.7051
      0.3818
      0.1878
      0.1243
      0.2545
      0.8036
      2.1876
      4.7733
      8.3197
     11.6019
     12.9602
