      0.0367
      0.0486
      0.0731
      0.0857
      0.0728
      0.0456
      0.0237
      0.0155
      0.0201
      0.0359
      0.0558
      0.0649
      0.0542
      0.0322
      0.0136
      0.0040
      0.0009
      0.0002
      0.0001
      0.0393
      0.0504
      0.0724
      0.0817
      0.0671
      0.0408
      0.0207
      0.0132
      0.0173
      0.0318
      0.0511
      0.0617
      0.0540
      0.0339
      0.0153
      0.0050
      0.0012
      0.0002
      0.0001
      0.0463
      0.0540
      0.0674
      0.0684
      0.0516
      0.0291
      0.0136
      0.0083
      0.0115
      0.0234
      0.0421
      0.0579
      0.0588
      0.0438
      0.0238
      0.0094
      0.0027
      0.0006
      0.0002
      0.0960
      0.0911
      0.0772
      0.0569
      0.0345
      0.0167
      0.0071
      0.0045
      0.0075
      0.0190
      0.0423
      0.0721
      0.0902
      0.0820
      0.0537
      0.0252
      0.0085
      0.0021
      0.0007
      0.4587
      0.3909
      0.2435
      0.1132
      0.0409
      0.0125
      0.0044
      0.0037
      0.0078
      0.0231
      0.0610
      0.1212
      0.1734
      0.1771
      0.1285
      0.0663
      0.0243
      0.0067
      0.0026
      2.1341
      1.7967
      1.0720
      0.4532
      0.1363
      0.0304
      0.0076
      0.0059
      0.0109
      0.0312
      0.0879
      0.1886
      0.2901
      0.3169
      0.2457
      0.1358
      0.0547
      0.0183
      0.0095
      7.2100
      6.0643
      3.6062
      1.5135
      0.4478
      0.0953
      0.0190
      0.0097
      0.0134
      0.0339
      0.0980
      0.2220
      0.3617
      0.4192
      0.3472
      0.2098
      0.1004
      0.0498
      0.0378
     17.1850
     14.4533
      8.5928
      3.6045
      1.0647
      0.2238
      0.0393
      0.0132
      0.0129
      0.0272
      0.0793
      0.1898
      0.3295
      0.4114
      0.3768
      0.2709
      0.1839
      0.1509
      0.1467
     28.9055
     24.3105
     14.4529
      6.0624
      1.7901
      0.3750
      0.0630
      0.0173
      0.0124
      0.0180
      0.0483
      0.1229
      0.2357
      0.3365
      0.3762
      0.3712
      0.3839
      0.4316
      0.4605
     34.3688
     28.9054
     17.1848
      7.2092
      2.1315
      0.4529
      0.0867
      0.0346
      0.0254
      0.0201
      0.0294
      0.0742
      0.1695
      0.3052
      0.4489
      0.5941
      0.7748
      0.9732
      1.0668
     28.9055
     24.3108
     14.4546
      6.0693
      1.8110
      0.4214
      0.1385
      0.1059
      0.0855
      0.0534
      0.0353
      0.0603
      0.1580
      0.3441
      0.5968
      0.8925
      1.2473
      1.6096
      1.7754
     17.1850
     14.4546
      8.6008
      3.6339
      1.1448
      0.3890
      0.2925
      0.2966
      0.2385
      0.1397
      0.0672
      0.0635
      0.1565
      0.3669
      0.6758
      1.0472
      1.4818
      1.9142
      2.1101
      7.2100
      6.0692
      3.6338
      1.6042
      0.6686
      0.5077
      0.6041
      0.6270
      0.4843
      0.2708
      0.1144
      0.0651
      0.1262
      0.3013
      0.5723
      0.9007
      1.2735
      1.6340
      1.7956
      2.1341
      1.8101
      1.1429
      0.6658
      0.5986
      0.8035
      1.0083
      0.9907
      0.7262
      0.3885
      0.1526
      0.0597
      0.0766
      0.1797
      0.3520
      0.5671
      0.8098
      1.0393
      1.1411
      0.4587
      0.4176
      0.3792
      0.4926
      0.7941
      1.1552
      1.3623
      1.2576
      0.8830
      0.4592
      0.1745
      0.0542
      0.0373
      0.0799
      0.1696
      0.3072
      0.4930
      0.6829
      0.7683
      0.0960
      0.1293
      0.2682
      0.5723
      1.0129
      1.4410
      1.6585
      1.5260
      1.0882
      0.5815
      0.2273
      0.0658
      0.0225
      0.0372
      0.1103
      0.2930
      0.6239
      1.0024
      1.1776
      0.0463
      0.0941
      0.2679
      0.6134
      1.1130
      1.6612
      2.0615
      2.0620
      1.5858
      0.9027
      0.3714
      0.1096
      0.0286
      0.0394
      0.1631
      0.5349
      1.2591
      2.1072
      2.5023
      0.0393
      0.0837
      0.2434
      0.5717
      1.1119
      1.8504
      2.5669
      2.7975
      2.2781
      1.3457
      0.5675
      0.1700
      0.0432
      0.0589
      0.2591
      0.8745
      2.0826
      3.5014
      4.1626
      0.0367
      0.0775
      0.2246
      0.5382
      1.0976
      1.9370
      2.8186
      3.1660
      2.6228
      1.5644
      0.6636
      0.1995
      0.0508
      0.0693
      0.3066
      1.0373
      2.4727
      4.1589
      4.9449
