      0.0000
      0.0000
      0.0000
      0.0000
      0.0000
      0.0000
      0.0000
      0.0000
      0.0000
      0.0000
      0.0000
      0.0000
      0.0000
      0.0000
      0.0000
      0.0000
      0.0000
      0.0000
      0.0000
      0.0000
      0.0000
      0.0000
      0.0000
      0.0000
      0.0000
      0.0000
      0.0000
      0.0000
      0.0000
      0.0000
      0.0000
      0.0000
      0.0000
      0.0000
      0.0000
      0.0000
      0.0000
      0.0000
      0.0000
      0.0000
      0.0000
      0.0000
      0.0000
      0.0000
      0.0000
      0.0000
      0.0000
      0.0000
      0.0000
      0.0000
      0.0000
      0.0000
      0.0000
      0.0000
      0.0000
      0.0000
      0.0000
      0.0000
      0.0000
      0.0000
      0.0000
      0.0000
      0.0000
      0.0000
      0.0000
      0.0000
      0.0000
      0.0000
      0.0000
      0.0000
      0.0000
      0.0000
      0.0000
      0.0000
      0.0000
      0.0000
      0.0000
      0.0000
      0.0000
      0.0000
      0.0000
      0.0000
      0.0000
      0.0000
      0.0000
      0.0000
      0.0000
      0.0001
      0.0005
      0.0006
      0.0002
      0.0000
      0.0000
      0.0000
      0.0000
      0.0025
      0.0013
      0.0002
      0.0000
      0.0000
      0.0000
      0.0000
      0.0000
      0.0000
      0.0000
      0.0000
      0.0008
      0.0047
      0.0068
      0.0024
      0.0002
      0.0000
      0.0000
      0.0000
      0.3326
      0.1663
      0.0207
      0.0006
      0.0000
      0.0000
      0.0000
      0.0000
      0.0000
      0.0000
      0.0001
      0.0017
      0.0117
      0.0207
      0.0091
      0.0010
      0.0000
      0.0000
      0.0000
     10.7847
      5.3924
      0.6723
      0.0207
      0.0002
      0.0000
      0.0000
      0.0000
      0.0000
      0.0000
      0.0000
      0.0008
      0.0073
      0.0157
      0.0085
      0.0011
      0.0000
      0.0001
      0.0001
     86.5062
     43.2531
      5.3924
      0.1663
      0.0013
      0.0000
      0.0000
      0.0000
      0.0000
      0.0000
      0.0000
      0.0001
      0.0011
      0.0030
      0.0021
      0.0005
      0.0009
      0.0067
      0.0135
    173.0124
     86.5062
     10.7847
      0.3326
      0.0025
      0.0000
      0.0000
      0.0000
      0.0000
      0.0000
      0.0000
      0.0000
      0.0001
      0.0010
      0.0042
      0.0060
      0.0290
      0.2184
      0.4362
     86.5062
     43.2531
      5.3924
      0.1663
      0.0013
      0.0000
      0.0001
      0.0001
      0.0001
      0.0000
      0.0000
      0.0000
      0.0003
      0.0068
      0.0396
      0.0642
      0.2394
      1.7516
      3.4986
     10.7847
      5.3924
      0.6723
      0.0207
      0.0002
      0.0005
      0.0041
      0.0078
      0.0037
      0.0004
      0.0000
      0.0000
      0.0005
      0.0142
      0.0961
      0.1758
      0.5051
      3.5060
      6.9972
      0.3326
      0.1663
      0.0207
      0.0007
      0.0005
      0.0122
      0.0812
      0.1361
      0.0571
      0.0060
      0.0002
      0.0000
      0.0002
      0.0074
      0.0584
      0.1217
      0.2747
      1.7562
      3.4988
      0.0025
      0.0013
      0.0002
      0.0006
      0.0067
      0.0740
      0.4009
      0.5900
      0.2186
      0.0202
      0.0005
      0.0000
      0.0000
      0.0010
      0.0089
      0.0212
      0.0389
      0.2197
      0.4363
      0.0000
      0.0000
      0.0004
      0.0103
      0.0676
      0.1902
      0.5250
      0.6425
      0.2094
      0.0171
      0.0003
      0.0000
      0.0000
      0.0000
      0.0003
      0.0009
      0.0015
      0.0072
      0.0141
      0.0000
      0.0000
      0.0022
      0.0475
      0.2536
      0.3714
      0.3090
      0.2882
      0.1074
      0.0113
      0.0003
      0.0000
      0.0000
      0.0000
      0.0000
      0.0002
      0.0055
      0.0442
      0.0884
      0.0000
      0.0000
      0.0030
      0.0549
      0.2560
      0.4742
      1.6978
      3.4719
      1.8617
      0.2496
      0.0083
      0.0001
      0.0000
      0.0000
      0.0000
      0.0055
      0.1785
      1.4315
      2.8630
      0.0000
      0.0000
      0.0010
      0.0162
      0.1050
      1.5523
     12.8902
     27.7104
     14.9087
      2.0006
      0.0664
      0.0005
      0.0000
      0.0000
      0.0003
      0.0441
      1.4315
     11.4823
     22.9645
      0.0000
      0.0000
      0.0002
      0.0029
      0.0931
      2.9889
     25.7514
     55.4186
     29.8174
      4.0012
      0.1329
      0.0011
      0.0000
      0.0000
      0.0007
      0.0883
      2.8630
     22.9645
     45.9291
