      0.1582
      0.1728
      0.2039
      0.2259
      0.2250
      0.2097
      0.1971
      0.1973
      0.2126
      0.2392
      0.2637
      0.2637
      0.2255
      0.1595
      0.0919
      0.0432
      0.0173
      0.0070
      0.0046
      0.1633
      0.1756
      0.2010
      0.2164
      0.2106
      0.1926
      0.1785
      0.1779
      0.1928
      0.2203
      0.2479
      0.2537
      0.2226
      0.1621
      0.0966
      0.0471
      0.0194
      0.0079
      0.0050
      0.1952
      0.1992
      0.2042
      0.1977
      0.1765
      0.1508
      0.1335
      0.1312
      0.1458
      0.1759
      0.2119
      0.2334
      0.2214
      0.1752
      0.1141
      0.0611
      0.0274
      0.0114
      0.0070
      0.3400
      0.3218
      0.2736
      0.2113
      0.1523
      0.1089
      0.0858
      0.0820
      0.0971
      0.1317
      0.1805
      0.2249
      0.2397
      0.2123
      0.1545
      0.0924
      0.0462
      0.0214
      0.0141
      0.8383
      0.7608
      0.5705
      0.3580
      0.1940
      0.0988
      0.0575
      0.0494
      0.0650
      0.1053
      0.1697
      0.2415
      0.2881
      0.2824
      0.2265
      0.1503
      0.0861
      0.0488
      0.0373
      2.1078
      1.8919
      1.3687
      0.7997
      0.3807
      0.1531
      0.0608
      0.0382
      0.0512
      0.0954
      0.1735
      0.2719
      0.3521
      0.3731
      0.3262
      0.2431
      0.1675
      0.1227
      0.1091
      4.5109
      4.0401
      2.9020
      1.6712
      0.7729
      0.2914
      0.0977
      0.0434
      0.0475
      0.0893
      0.1723
      0.2877
      0.3981
      0.4557
      0.4426
      0.3877
      0.3374
      0.3136
      0.3086
      7.8269
      7.0074
      5.0270
      2.8878
      1.3294
      0.4958
      0.1600
      0.0602
      0.0490
      0.0807
      0.1558
      0.2737
      0.4084
      0.5185
      0.5846
      0.6282
      0.6822
      0.7431
      0.7715
     10.9033
      9.7612
      7.0019
      4.0227
      1.8548
      0.6979
      0.2332
      0.0924
      0.0643
      0.0792
      0.1358
      0.2452
      0.4023
      0.5866
      0.7880
      1.0203
      1.2853
      1.5202
      1.6171
     12.1775
     10.9026
      7.8238
      4.5034
      2.0944
      0.8186
      0.3141
      0.1614
      0.1190
      0.1089
      0.1364
      0.2301
      0.4105
      0.6848
      1.0604
      1.5462
      2.1022
      2.5799
      2.7729
     10.9033
      9.7647
      7.0180
      4.0663
      1.9444
      0.8459
      0.4317
      0.3073
      0.2484
      0.1951
      0.1750
      0.2393
      0.4319
      0.7827
      1.3153
      2.0349
      2.8620
      3.5670
      3.8499
      7.8269
      7.0170
      5.0710
      3.0029
      1.5580
      0.8612
      0.6358
      0.5626
      0.4707
      0.3442
      0.2482
      0.2585
      0.4308
      0.8028
      1.4027
      2.2296
      3.1814
      3.9891
      4.3122
      4.5109
      4.0606
      2.9929
      1.9007
      1.2107
      0.9636
      0.9411
      0.9055
      0.7528
      0.5251
      0.3315
      0.2654
      0.3783
      0.6968
      1.2390
      1.9963
      2.8670
      3.6029
      3.8965
      2.1078
      1.9273
      1.5225
      1.1750
      1.0685
      1.1672
      1.2851
      1.2475
      1.0133
      0.6808
      0.3940
      0.2510
      0.2852
      0.4997
      0.8950
      1.4558
      2.1006
      2.6438
      2.8599
      0.8383
      0.8112
      0.7858
      0.8694
      1.1012
      1.3907
      1.5664
      1.4965
      1.1880
      0.7774
      0.4264
      0.2267
      0.1906
      0.2987
      0.5354
      0.8836
      1.2878
      1.6289
      1.7645
      0.3400
      0.3815
      0.5262
      0.8022
      1.1805
      1.5449
      1.7339
      1.6402
      1.2925
      0.8408
      0.4523
      0.2145
      0.1284
      0.1608
      0.2875
      0.4934
      0.7426
      0.9570
      1.0430
      0.1952
      0.2597
      0.4601
      0.7955
      1.2171
      1.6082
      1.8169
      1.7374
      1.3897
      0.9195
      0.4998
      0.2277
      0.1061
      0.0975
      0.1748
      0.3261
      0.5241
      0.7013
      0.7736
      0.1633
      0.2319
      0.4402
      0.7813
      1.2088
      1.6180
      1.8623
      1.8216
      1.4925
      1.0104
      0.5596
      0.2548
      0.1079
      0.0814
      0.1476
      0.2970
      0.5030
      0.6922
      0.7701
      0.1582
      0.2265
      0.4331
      0.7712
      1.1983
      1.6162
      1.8796
      1.8597
      1.5406
      1.0533
      0.5881
      0.2687
      0.1118
      0.0805
      0.1467
      0.3019
      0.5186
      0.7190
      0.8018
