      0.4030
      0.4164
      0.4467
      0.4725
      0.4784
      0.4635
      0.4370
      0.4074
      0.3776
      0.3459
      0.3090
      0.2642
      0.2114
      0.1549
      0.1027
      0.0621
      0.0359
      0.0226
      0.0187
      0.4029
      0.4138
      0.4378
      0.4565
      0.4571
      0.4404
      0.4153
      0.3893
      0.3641
      0.3371
      0.3046
      0.2637
      0.2139
      0.1593
      0.1075
      0.0662
      0.0389
      0.0245
      0.0202
      0.4129
      0.4165
      0.4222
      0.4203
      0.4064
      0.3853
      0.3650
      0.3492
      0.3358
      0.3199
      0.2972
      0.2649
      0.2225
      0.1728
      0.1226
      0.0798
      0.0493
      0.0321
      0.0267
      0.4688
      0.4598
      0.4344
      0.3982
      0.3612
      0.3338
      0.3211
      0.3192
      0.3191
      0.3131
      0.2980
      0.2732
      0.2389
      0.1963
      0.1497
      0.1065
      0.0732
      0.0530
      0.0464
      0.6335
      0.6048
      0.5304
      0.4400
      0.3651
      0.3244
      0.3168
      0.3260
      0.3331
      0.3282
      0.3121
      0.2895
      0.2626
      0.2302
      0.1928
      0.1553
      0.1244
      0.1050
      0.0985
      0.9734
      0.9147
      0.7655
      0.5898
      0.4506
      0.3781
      0.3626
      0.3712
      0.3732
      0.3574
      0.3311
      0.3067
      0.2892
      0.2749
      0.2594
      0.2429
      0.2293
      0.2213
      0.2188
      1.5012
      1.4017
      1.1497
      0.8536
      0.6167
      0.4849
      0.4397
      0.4300
      0.4135
      0.3783
      0.3387
      0.3145
      0.3140
      0.3323
      0.3605
      0.3927
      0.4245
      0.4493
      0.4588
      2.1213
      1.9764
      1.6088
      1.1742
      0.8188
      0.6063
      0.5116
      0.4691
      0.4266
      0.3720
      0.3241
      0.3080
      0.3359
      0.4051
      0.5056
      0.6241
      0.7411
      0.8296
      0.8628
      2.6356
      2.4540
      1.9922
      1.4424
      0.9842
      0.6957
      0.5496
      0.4721
      0.4065
      0.3398
      0.2924
      0.2923
      0.3573
      0.4919
      0.6894
      0.9296
      1.1712
      1.3548
      1.4239
      2.8367
      2.6419
      2.1459
      1.5528
      1.0529
      0.7287
      0.5536
      0.4543
      0.3752
      0.3040
      0.2613
      0.2776
      0.3782
      0.5785
      0.8795
      1.2550
      1.6393
      1.9338
      2.0450
      2.6356
      2.4586
      2.0085
      1.4711
      1.0180
      0.7216
      0.5557
      0.4542
      0.3692
      0.2931
      0.2487
      0.2702
      0.3913
      0.6386
      1.0212
      1.5097
      2.0170
      2.4089
      2.5573
      2.1213
      1.9886
      1.6534
      1.2586
      0.9324
      0.7223
      0.5991
      0.5079
      0.4146
      0.3223
      0.2606
      0.2689
      0.3870
      0.6490
      1.0701
      1.6200
      2.1986
      2.6489
      2.8201
      1.5012
      1.4256
      1.2391
      1.0304
      0.8715
      0.7757
      0.7073
      0.6236
      0.5095
      0.3847
      0.2893
      0.2683
      0.3637
      0.6125
      1.0331
      1.5961
      2.1974
      2.6692
      2.8492
      0.9734
      0.9527
      0.9092
      0.8797
      0.8806
      0.8899
      0.8642
      0.7738
      0.6250
      0.4566
      0.3206
      0.2659
      0.3354
      0.5670
      0.9829
      1.5566
      2.1800
      2.6744
      2.8638
      0.6335
      0.6554
      0.7225
      0.8298
      0.9490
      1.0294
      1.0225
      0.9117
      0.7234
      0.5137
      0.3437
      0.2658
      0.3252
      0.5669
      1.0224
      1.6682
      2.3829
      2.9557
      3.1763
      0.4688
      0.5176
      0.6538
      0.8439
      1.0296
      1.1427
      1.1344
      1.0002
      0.7814
      0.5447
      0.3569
      0.2739
      0.3497
      0.6459
      1.2125
      2.0288
      2.9429
      3.6811
      3.9664
      0.4129
      0.4752
      0.6448
      0.8718
      1.0822
      1.2009
      1.1830
      1.0328
      0.7996
      0.5538
      0.3638
      0.2909
      0.4033
      0.7866
      1.5151
      2.5702
      3.7580
      4.7206
      5.0933
      0.4029
      0.4700
      0.6507
      0.8877
      1.1007
      1.2144
      1.1882
      1.0318
      0.7966
      0.5525
      0.3679
      0.3091
      0.4581
      0.9227
      1.7983
      3.0677
      4.4993
      5.6608
      6.1109
      0.4030
      0.4710
      0.6537
      0.8915
      1.1030
      1.2135
      1.1845
      1.0271
      0.7928
      0.5509
      0.3694
      0.3169
      0.4812
      0.9790
      1.9142
      3.2700
      4.7996
      6.0411
      6.5222
