      0.0873
      0.1164
      0.1762
      0.2065
      0.1735
      0.1039
      0.0463
      0.0232
      0.0342
      0.0729
      0.1203
      0.1419
      0.1187
      0.0703
      0.0294
      0.0087
      0.0018
      0.0003
      0.0001
      0.0928
      0.1202
      0.1740
      0.1966
      0.1601
      0.0933
      0.0406
      0.0200
      0.0295
      0.0642
      0.1086
      0.1322
      0.1148
      0.0710
      0.0313
      0.0098
      0.0022
      0.0003
      0.0001
      0.0964
      0.1175
      0.1552
      0.1616
      0.1224
      0.0667
      0.0274
      0.0130
      0.0197
      0.0453
      0.0825
      0.1103
      0.1069
      0.0751
      0.0382
      0.0141
      0.0037
      0.0007
      0.0002
      0.0806
      0.0927
      0.1109
      0.1054
      0.0733
      0.0371
      0.0149
      0.0081
      0.0131
      0.0309
      0.0634
      0.0997
      0.1163
      0.0991
      0.0614
      0.0275
      0.0089
      0.0021
      0.0007
      0.0543
      0.0581
      0.0613
      0.0524
      0.0336
      0.0170
      0.0097
      0.0098
      0.0150
      0.0305
      0.0677
      0.1256
      0.1736
      0.1731
      0.1236
      0.0630
      0.0230
      0.0063
      0.0024
      0.0488
      0.0455
      0.0362
      0.0242
      0.0142
      0.0107
      0.0137
      0.0191
      0.0247
      0.0400
      0.0877
      0.1771
      0.2685
      0.2921
      0.2267
      0.1263
      0.0515
      0.0170
      0.0084
      0.1002
      0.0854
      0.0531
      0.0253
      0.0128
      0.0143
      0.0236
      0.0317
      0.0348
      0.0460
      0.0964
      0.2048
      0.3316
      0.3871
      0.3263
      0.2033
      0.0998
      0.0460
      0.0312
      0.2244
      0.1890
      0.1131
      0.0497
      0.0216
      0.0212
      0.0320
      0.0390
      0.0372
      0.0404
      0.0795
      0.1784
      0.3129
      0.4040
      0.3911
      0.2990
      0.1985
      0.1334
      0.1119
      0.3752
      0.3156
      0.1883
      0.0818
      0.0330
      0.0271
      0.0365
      0.0412
      0.0353
      0.0308
      0.0528
      0.1280
      0.2596
      0.4048
      0.4951
      0.4959
      0.4324
      0.3610
      0.3308
      0.4458
      0.3752
      0.2242
      0.0989
      0.0445
      0.0438
      0.0624
      0.0718
      0.0607
      0.0417
      0.0436
      0.1033
      0.2573
      0.5025
      0.7537
      0.8891
      0.8706
      0.7814
      0.7356
      0.3752
      0.3162
      0.1922
      0.0970
      0.0778
      0.1251
      0.1949
      0.2269
      0.1904
      0.1175
      0.0719
      0.1150
      0.3093
      0.6790
      1.1094
      1.3805
      1.3907
      1.2652
      1.1964
      0.2244
      0.1921
      0.1316
      0.1165
      0.2006
      0.3845
      0.5829
      0.6517
      0.5271
      0.3080
      0.1468
      0.1361
      0.3330
      0.7608
      1.2882
      1.6366
      1.6584
      1.5031
      1.4167
      0.1002
      0.0970
      0.1178
      0.2353
      0.5157
      0.9387
      1.3184
      1.3857
      1.0670
      0.5946
      0.2504
      0.1421
      0.2730
      0.6310
      1.0989
      1.4254
      1.4602
      1.3258
      1.2484
      0.0488
      0.0774
      0.2044
      0.5213
      1.0762
      1.7519
      2.2263
      2.1646
      1.5710
      0.8340
      0.3258
      0.1281
      0.1658
      0.3784
      0.6861
      0.9394
      1.0376
      1.0288
      1.0128
      0.0543
      0.1217
      0.3832
      0.9390
      1.7515
      2.5398
      2.8994
      2.5864
      1.7624
      0.8937
      0.3325
      0.1036
      0.0790
      0.1751
      0.3694
      0.6594
      1.0417
      1.4277
      1.6007
      0.0806
      0.1837
      0.5597
      1.2866
      2.2159
      2.9479
      3.1110
      2.6206
      1.7302
      0.8685
      0.3228
      0.0915
      0.0416
      0.1034
      0.3545
      1.0230
      2.2739
      3.7208
      4.3924
      0.0964
      0.2113
      0.6134
      1.3455
      2.2252
      2.8916
      3.0672
      2.6757
      1.8648
      0.9947
      0.3921
      0.1140
      0.0446
      0.1432
      0.6511
      2.1695
      5.1366
      8.6167
     10.2381
      0.0928
      0.1955
      0.5442
      1.1637
      1.9322
      2.6380
      3.0645
      2.9641
      2.2571
      1.2869
      0.5326
      0.1602
      0.0646
      0.2253
      1.0657
      3.6068
      8.5943
     14.4525
     17.1830
      0.0873
      0.1801
      0.4913
      1.0433
      1.7600
      2.5119
      3.0962
      3.1539
      2.4881
      1.4501
      0.6085
      0.1847
      0.0753
      0.2664
      1.2642
      4.2843
     10.2140
     17.1798
     20.4267
