      0.3171
      0.3497
      0.4172
      0.4580
      0.4367
      0.3695
      0.2945
      0.2321
      0.1804
      0.1343
      0.0955
      0.0661
      0.0444
      0.0277
      0.0151
      0.0070
      0.0029
      0.0014
      0.0010
      0.3155
      0.3442
      0.4019
      0.4326
      0.4060
      0.3390
      0.2676
      0.2104
      0.1647
      0.1247
      0.0913
      0.0658
      0.0464
      0.0303
      0.0173
      0.0085
      0.0036
      0.0017
      0.0012
      0.3069
      0.3250
      0.3577
      0.3642
      0.3265
      0.2631
      0.2035
      0.1607
      0.1298
      0.1042
      0.0830
      0.0665
      0.0523
      0.0381
      0.0243
      0.0132
      0.0063
      0.0030
      0.0021
      0.3030
      0.3060
      0.3044
      0.2804
      0.2326
      0.1792
      0.1391
      0.1162
      0.1022
      0.0902
      0.0796
      0.0712
      0.0631
      0.0517
      0.0373
      0.0234
      0.0135
      0.0084
      0.0070
      0.3746
      0.3554
      0.3035
      0.2345
      0.1696
      0.1256
      0.1068
      0.1035
      0.1017
      0.0949
      0.0865
      0.0814
      0.0783
      0.0716
      0.0593
      0.0454
      0.0350
      0.0299
      0.0286
      0.6561
      0.5971
      0.4524
      0.2929
      0.1773
      0.1239
      0.1167
      0.1255
      0.1263
      0.1141
      0.0993
      0.0930
      0.0953
      0.0986
      0.0981
      0.0973
      0.1006
      0.1070
      0.1102
      1.2634
      1.1354
      0.8271
      0.4983
      0.2712
      0.1712
      0.1544
      0.1614
      0.1547
      0.1303
      0.1059
      0.0983
      0.1104
      0.1357
      0.1714
      0.2205
      0.2809
      0.3351
      0.3572
      2.1397
      1.9182
      1.3855
      0.8189
      0.4249
      0.2410
      0.1910
      0.1823
      0.1625
      0.1274
      0.0977
      0.0936
      0.1233
      0.1909
      0.3067
      0.4789
      0.6878
      0.8690
      0.9419
      2.9656
      2.6574
      1.9158
      1.1253
      0.5689
      0.2959
      0.2036
      0.1736
      0.1432
      0.1050
      0.0781
      0.0829
      0.1377
      0.2701
      0.5209
      0.9152
      1.4027
      1.8282
      1.9996
      3.3093
      2.9656
      2.1386
      1.2555
      0.6292
      0.3126
      0.1941
      0.1495
      0.1146
      0.0797
      0.0593
      0.0737
      0.1546
      0.3615
      0.7808
      1.4672
      2.3345
      3.0995
      3.4091
      2.9656
      2.6602
      1.9265
      1.1452
      0.5925
      0.3106
      0.1984
      0.1486
      0.1090
      0.0729
      0.0528
      0.0696
      0.1658
      0.4288
      0.9882
      1.9324
      3.1474
      4.2304
      4.6708
      2.1397
      1.9282
      1.4244
      0.8985
      0.5381
      0.3580
      0.2754
      0.2161
      0.1546
      0.0981
      0.0628
      0.0689
      0.1602
      0.4329
      1.0361
      2.0784
      3.4397
      4.6638
      5.1637
      1.2634
      1.1609
      0.9280
      0.7107
      0.5893
      0.5345
      0.4755
      0.3784
      0.2598
      0.1540
      0.0850
      0.0682
      0.1356
      0.3691
      0.9051
      1.8493
      3.0976
      4.2284
      4.6918
      0.6561
      0.6474
      0.6519
      0.7138
      0.8122
      0.8614
      0.7921
      0.6153
      0.4025
      0.2236
      0.1102
      0.0665
      0.1046
      0.2811
      0.7044
      1.4645
      2.4811
      3.4085
      3.7897
      0.3746
      0.4337
      0.6130
      0.8840
      1.1424
      1.2480
      1.1318
      0.8514
      0.5345
      0.2827
      0.1297
      0.0659
      0.0872
      0.2361
      0.6100
      1.2959
      2.2250
      3.0789
      3.4311
      0.3030
      0.4031
      0.6873
      1.0789
      1.4172
      1.5294
      1.3566
      0.9954
      0.6097
      0.3149
      0.1410
      0.0702
      0.0975
      0.2799
      0.7467
      1.6150
      2.8018
      3.8979
      4.3511
      0.3069
      0.4236
      0.7462
      1.1706
      1.5134
      1.6013
      1.3954
      1.0119
      0.6180
      0.3218
      0.1475
      0.0807
      0.1332
      0.4036
      1.0923
      2.3786
      4.1417
      5.7728
      6.4477
      0.3155
      0.4329
      0.7513
      1.1564
      1.4662
      1.5259
      1.3167
      0.9554
      0.5919
      0.3171
      0.1522
      0.0928
      0.1733
      0.5386
      1.4635
      3.1922
      5.5630
      7.7570
      8.6649
      0.3171
      0.4324
      0.7428
      1.1322
      1.4229
      1.4710
      1.2657
      0.9212
      0.5764
      0.3140
      0.1542
      0.0982
      0.1909
      0.5970
      1.6238
      3.5428
      6.1749
      8.6109
      9.6189
