      0.4347
      0.4432
      0.4609
      0.4720
      0.4663
      0.4478
      0.4298
      0.4248
      0.4366
      0.4574
      0.4698
      0.4542
      0.4002
      0.3144
      0.2178
      0.1330
      0.0734
      0.0406
      0.0305
      0.4307
      0.4373
      0.4501
      0.4553
      0.4449
      0.4241
      0.4061
      0.4033
      0.4191
      0.4463
      0.4674
      0.4615
      0.4159
      0.3348
      0.2379
      0.1492
      0.0844
      0.0475
      0.0359
      0.4280
      0.4288
      0.4269
      0.4151
      0.3917
      0.3649
      0.3478
      0.3512
      0.3785
      0.4229
      0.4675
      0.4885
      0.4667
      0.3988
      0.3013
      0.2009
      0.1206
      0.0715
      0.0553
      0.4580
      0.4486
      0.4212
      0.3805
      0.3358
      0.3000
      0.2848
      0.2974
      0.3398
      0.4069
      0.4835
      0.5430
      0.5566
      0.5095
      0.4120
      0.2944
      0.1901
      0.1217
      0.0983
      0.5749
      0.5491
      0.4809
      0.3938
      0.3146
      0.2628
      0.2467
      0.2668
      0.3217
      0.4088
      0.5169
      0.6182
      0.6745
      0.6566
      0.5653
      0.4327
      0.3036
      0.2141
      0.1826
      0.8352
      0.7844
      0.6535
      0.4938
      0.3575
      0.2741
      0.2469
      0.2657
      0.3234
      0.4196
      0.5492
      0.6873
      0.7886
      0.8107
      0.7423
      0.6129
      0.4743
      0.3736
      0.3374
      1.2513
      1.1667
      0.9500
      0.6890
      0.4690
      0.3331
      0.2788
      0.2828
      0.3294
      0.4191
      0.5541
      0.7164
      0.8605
      0.9356
      0.9185
      0.8299
      0.7188
      0.6333
      0.6019
      1.7465
      1.6244
      1.3125
      0.9371
      0.6196
      0.4182
      0.3251
      0.3034
      0.3274
      0.3964
      0.5199
      0.6901
      0.8703
      1.0103
      1.0789
      1.0818
      1.0516
      1.0215
      1.0098
      2.1596
      2.0079
      1.6203
      1.1539
      0.7579
      0.5023
      0.3746
      0.3267
      0.3239
      0.3636
      0.4616
      0.6236
      0.8292
      1.0393
      1.2205
      1.3606
      1.4630
      1.5291
      1.5526
      2.3216
      2.1604
      1.7496
      1.2571
      0.8412
      0.5733
      0.4359
      0.3735
      0.3461
      0.3513
      0.4121
      0.5501
      0.7656
      1.0374
      1.3354
      1.6304
      1.8904
      2.0743
      2.1415
      2.1596
      2.0158
      1.6515
      1.2212
      0.8671
      0.6478
      0.5375
      0.4767
      0.4263
      0.3892
      0.3997
      0.4961
      0.6995
      1.0069
      1.3942
      1.8192
      2.2176
      2.5077
      2.6147
      1.7465
      1.6432
      1.3863
      1.0962
      0.8779
      0.7626
      0.7107
      0.6612
      0.5819
      0.4889
      0.4323
      0.4676
      0.6320
      0.9353
      1.3588
      1.8524
      2.3313
      2.6858
      2.8174
      1.2513
      1.2002
      1.0821
      0.9738
      0.9313
      0.9487
      0.9680
      0.9270
      0.8055
      0.6396
      0.4999
      0.4571
      0.5579
      0.8180
      1.2211
      1.7155
      2.2082
      2.5781
      2.7161
      0.8352
      0.8354
      0.8544
      0.9267
      1.0594
      1.2076
      1.2922
      1.2489
      1.0723
      0.8214
      0.5891
      0.4595
      0.4841
      0.6793
      1.0304
      1.4874
      1.9576
      2.3166
      2.4517
      0.5749
      0.6169
      0.7484
      0.9704
      1.2501
      1.5085
      1.6456
      1.5935
      1.3584
      1.0212
      0.6961
      0.4809
      0.4317
      0.5664
      0.8730
      1.3047
      1.7675
      2.1290
      2.2665
      0.4580
      0.5293
      0.7401
      1.0700
      1.4595
      1.8043
      1.9866
      1.9303
      1.6467
      1.2326
      0.8222
      0.5295
      0.4201
      0.5180
      0.8171
      1.2724
      1.7806
      2.1866
      2.3426
      0.4280
      0.5169
      0.7763
      1.1750
      1.6395
      2.0507
      2.2757
      2.2268
      1.9124
      1.4384
      0.9566
      0.5994
      0.4471
      0.5345
      0.8638
      1.3898
      1.9914
      2.4790
      2.6675
      0.4307
      0.5283
      0.8125
      1.2485
      1.7575
      2.2135
      2.4731
      2.4377
      2.1091
      1.5969
      1.0659
      0.6642
      0.4863
      0.5779
      0.9483
      1.5511
      2.2478
      2.8159
      3.0361
      0.4347
      0.5349
      0.8265
      1.2741
      1.7981
      2.2704
      2.5439
      2.5152
      2.1829
      1.6576
      1.1086
      0.6909
      0.5043
      0.5996
      0.9887
      1.6244
      2.3613
      2.9630
      3.1964
