      0.5607
      0.5720
      0.5900
      0.5814
      0.5266
      0.4393
      0.3602
      0.3315
      0.3699
      0.4550
      0.5387
      0.5709
      0.5275
      0.4215
      0.2911
      0.1751
      0.0945
      0.0510
      0.0378
      0.5603
      0.5687
      0.5795
      0.5637
      0.5051
      0.4182
      0.3421
      0.3158
      0.3543
      0.4383
      0.5224
      0.5585
      0.5217
      0.4225
      0.2964
      0.1814
      0.0996
      0.0544
      0.0405
      0.5695
      0.5692
      0.5591
      0.5219
      0.4518
      0.3661
      0.2982
      0.2785
      0.3174
      0.3982
      0.4828
      0.5287
      0.5095
      0.4286
      0.3143
      0.2018
      0.1162
      0.0661
      0.0500
      0.6262
      0.6111
      0.5653
      0.4907
      0.3988
      0.3114
      0.2533
      0.2422
      0.2812
      0.3567
      0.4407
      0.4985
      0.5028
      0.4471
      0.3491
      0.2400
      0.1486
      0.0908
      0.0714
      0.8004
      0.7622
      0.6595
      0.5230
      0.3893
      0.2878
      0.2333
      0.2275
      0.2638
      0.3311
      0.4120
      0.4811
      0.5106
      0.4838
      0.4062
      0.3028
      0.2055
      0.1387
      0.1153
      1.1686
      1.0954
      0.9056
      0.6698
      0.4602
      0.3190
      0.2514
      0.2404
      0.2678
      0.3228
      0.3978
      0.4769
      0.5331
      0.5403
      0.4902
      0.3995
      0.3006
      0.2267
      0.1996
      1.7488
      1.6286
      1.3195
      0.9433
      0.6186
      0.4064
      0.3033
      0.2729
      0.2829
      0.3214
      0.3886
      0.4778
      0.5645
      0.6145
      0.6054
      0.5414
      0.4524
      0.3776
      0.3488
      2.4368
      2.2645
      1.8230
      1.2881
      0.8290
      0.5279
      0.3748
      0.3148
      0.3017
      0.3208
      0.3791
      0.4791
      0.6008
      0.7050
      0.7547
      0.7378
      0.6758
      0.6113
      0.5844
      3.0102
      2.7969
      2.2509
      1.5909
      1.0255
      0.6533
      0.4584
      0.3710
      0.3340
      0.3315
      0.3775
      0.4854
      0.6430
      0.8088
      0.9321
      0.9816
      0.9651
      0.9234
      0.9029
      3.2350
      3.0092
      2.4328
      1.7402
      1.1522
      0.7695
      0.5681
      0.4685
      0.4091
      0.3782
      0.4008
      0.5043
      0.6874
      0.9098
      1.1088
      1.2334
      1.2743
      1.2655
      1.2553
      3.0102
      2.8095
      2.3010
      1.6998
      1.2043
      0.8956
      0.7367
      0.6434
      0.5586
      0.4831
      0.4600
      0.5345
      0.7183
      0.9744
      1.2318
      1.4230
      1.5212
      1.5494
      1.5516
      2.4368
      2.2934
      1.9371
      1.5351
      1.2323
      1.0701
      0.9919
      0.9127
      0.7892
      0.6452
      0.5480
      0.5625
      0.7126
      0.9660
      1.2489
      1.4839
      1.6295
      1.6934
      1.7089
      1.7488
      1.6783
      1.5152
      1.3641
      1.3000
      1.3128
      1.3225
      1.2474
      1.0663
      0.8327
      0.6403
      0.5713
      0.6585
      0.8747
      1.1502
      1.4060
      1.5898
      1.6899
      1.7202
      1.1686
      1.1677
      1.1886
      1.2743
      1.4303
      1.5950
      1.6683
      1.5765
      1.3249
      0.9972
      0.7094
      0.5543
      0.5689
      0.7331
      0.9875
      1.2600
      1.4892
      1.6370
      1.6875
      0.8004
      0.8529
      1.0138
      1.2756
      1.5874
      1.8485
      1.9472
      1.8229
      1.5058
      1.1026
      0.7421
      0.5204
      0.4766
      0.6005
      0.8500
      1.1638
      1.4693
      1.6920
      1.7737
      0.6262
      0.7115
      0.9566
      1.3190
      1.7112
      2.0107
      2.1053
      1.9491
      1.5898
      1.1449
      0.7458
      0.4874
      0.4129
      0.5263
      0.8065
      1.2040
      1.6294
      1.9608
      2.0867
      0.5695
      0.6700
      0.9521
      1.3534
      1.7683
      2.0684
      2.1485
      1.9746
      1.6016
      1.1469
      0.7380
      0.4684
      0.3882
      0.5187
      0.8598
      1.3711
      1.9424
      2.4004
      2.5766
      0.5603
      0.6653
      0.9568
      1.3636
      1.7744
      2.0629
      2.1321
      1.9544
      1.5852
      1.1368
      0.7317
      0.4633
      0.3891
      0.5450
      0.9469
      1.5597
      2.2550
      2.8182
      3.0360
      0.5607
      0.6663
      0.9583
      1.3635
      1.7696
      2.0522
      2.1178
      1.9408
      1.5755
      1.1319
      0.7299
      0.4633
      0.3930
      0.5605
      0.9879
      1.6416
      2.3860
      2.9904
      3.2244
