      0.0000
      0.0000
      0.0000
      0.0000
      0.0000
      0.0000
      0.0000
      0.0000
      0.0000
      0.0000
      0.0000
      0.0000
      0.0000
      0.0000
      0.0000
      0.0000
      0.0000
      0.0000
      0.0000
      0.0000
      0.0000
      0.0000
      0.0000
      0.0000
      0.0000
      0.0000
      0.0000
      0.0000
      0.0000
      0.0000
      0.0000
      0.0000
      0.0000
      0.0000
      0.0000
      0.0000
      0.0000
      0.0000
      0.0000
      0.0000
      0.0000
      0.0000
      0.0000
      0.0000
      0.0000
      0.0000
      0.0000
      0.0000
      0.0000
      0.0000
      0.0000
      0.0000
      0.0000
      0.0000
      0.0000
      0.0000
      0.0000
      0.0000
      0.0000
      0.0000
      0.0000
      0.0000
      0.0000
      0.0000
      0.0000
      0.0000
      0.0000
      0.0000
      0.0000
      0.0000
      0.0000
      0.0000
      0.0000
      0.0000
      0.0000
      0.0000
      0.0000
      0.0000
      0.0000
      0.0000
      0.0000
      0.0000
      0.0000
      0.0000
      0.0000
      0.0000
      0.0000
      0.0002
      0.0010
      0.0011
      0.0003
      0.0000
      0.0000
      0.0000
      0.0000
      0.0006
      0.0003
      0.0000
      0.0000
      0.0000
      0.0000
      0.0000
      0.0000
      0.0000
      0.0000
      0.0001
      0.0017
      0.0097
      0.0139
      0.0050
      0.0004
      0.0000
      0.0000
      0.0000
      0.0816
      0.0408
      0.0051
      0.0002
      0.0000
      0.0000
      0.0000
      0.0000
      0.0000
      0.0000
      0.0001
      0.0034
      0.0240
      0.0422
      0.0186
      0.0020
      0.0001
      0.0000
      0.0000
      2.6450
      1.3225
      0.1649
      0.0051
      0.0000
      0.0000
      0.0000
      0.0000
      0.0000
      0.0000
      0.0000
      0.0017
      0.0149
      0.0322
      0.0174
      0.0023
      0.0001
      0.0001
      0.0003
     21.2164
     10.6082
      1.3225
      0.0408
      0.0003
      0.0000
      0.0000
      0.0000
      0.0000
      0.0000
      0.0000
      0.0002
      0.0023
      0.0061
      0.0041
      0.0008
      0.0024
      0.0187
      0.0374
     42.4328
     21.2164
      2.6450
      0.0816
      0.0006
      0.0000
      0.0000
      0.0000
      0.0000
      0.0000
      0.0000
      0.0000
      0.0001
      0.0008
      0.0029
      0.0058
      0.0768
      0.6063
      1.2123
     21.2164
     10.6082
      1.3225
      0.0408
      0.0003
      0.0000
      0.0000
      0.0001
      0.0000
      0.0000
      0.0000
      0.0000
      0.0002
      0.0045
      0.0264
      0.0569
      0.6203
      4.8637
      9.7244
      2.6450
      1.3225
      0.1649
      0.0051
      0.0001
      0.0004
      0.0027
      0.0052
      0.0025
      0.0003
      0.0000
      0.0000
      0.0003
      0.0094
      0.0641
      0.1454
      1.2581
      9.7292
     19.4487
      0.0816
      0.0408
      0.0051
      0.0002
      0.0003
      0.0081
      0.0540
      0.0905
      0.0380
      0.0040
      0.0001
      0.0000
      0.0002
      0.0049
      0.0390
      0.0951
      0.6438
      4.8667
      9.7244
      0.0006
      0.0003
      0.0000
      0.0004
      0.0043
      0.0489
      0.2665
      0.3924
      0.1454
      0.0134
      0.0003
      0.0000
      0.0000
      0.0006
      0.0059
      0.0158
      0.0833
      0.6073
      1.2124
      0.0000
      0.0000
      0.0003
      0.0063
      0.0416
      0.1215
      0.3477
      0.4282
      0.1399
      0.0114
      0.0002
      0.0000
      0.0000
      0.0000
      0.0002
      0.0007
      0.0028
      0.0195
      0.0388
      0.0000
      0.0000
      0.0014
      0.0291
      0.1556
      0.2374
      0.2680
      0.3382
      0.1505
      0.0181
      0.0006
      0.0000
      0.0000
      0.0000
      0.0000
      0.0004
      0.0118
      0.0950
      0.1900
      0.0000
      0.0000
      0.0018
      0.0337
      0.1644
      0.5569
      3.3397
      7.0755
      3.8029
      0.5102
      0.0169
      0.0001
      0.0000
      0.0000
      0.0001
      0.0118
      0.3834
      3.0755
      6.1510
      0.0000
      0.0000
      0.0006
      0.0103
      0.1255
      3.0869
     26.3379
     56.6645
     30.4874
      4.0911
      0.1359
      0.0011
      0.0000
      0.0000
      0.0007
      0.0948
      3.0755
     24.6692
     49.3383
      0.0000
      0.0000
      0.0001
      0.0026
      0.1793
      6.1028
     52.6581
    113.3277
     60.9748
      8.1823
      0.2717
      0.0022
      0.0000
      0.0000
      0.0014
      0.1897
      6.1510
     49.3383
     98.6766
