      0.4632
      0.4664
      0.4709
      0.4670
      0.4506
      0.4285
      0.4145
      0.4212
      0.4519
      0.4970
      0.5342
      0.5366
      0.4876
      0.3928
      0.2771
      0.1703
      0.0919
      0.0471
      0.0329
      0.4483
      0.4506
      0.4529
      0.4464
      0.4279
      0.4049
      0.3918
      0.4015
      0.4385
      0.4941
      0.5455
      0.5634
      0.5268
      0.4369
      0.3178
      0.2017
      0.1128
      0.0602
      0.0433
      0.4067
      0.4068
      0.4034
      0.3904
      0.3675
      0.3437
      0.3344
      0.3537
      0.4088
      0.4939
      0.5862
      0.6491
      0.6488
      0.5740
      0.4449
      0.3011
      0.1803
      0.1040
      0.0784
      0.3487
      0.3458
      0.3354
      0.3155
      0.2897
      0.2687
      0.2678
      0.3023
      0.3837
      0.5116
      0.6643
      0.7962
      0.8537
      0.8055
      0.6634
      0.4769
      0.3049
      0.1893
      0.1494
      0.2920
      0.2860
      0.2688
      0.2438
      0.2187
      0.2048
      0.2161
      0.2677
      0.3756
      0.5475
      0.7664
      0.9790
      1.1102
      1.1026
      0.9546
      0.7237
      0.4927
      0.3301
      0.2725
      0.2566
      0.2476
      0.2241
      0.1951
      0.1725
      0.1673
      0.1898
      0.2534
      0.3777
      0.5796
      0.8508
      1.1367
      1.3456
      1.3947
      1.2641
      1.0120
      0.7398
      0.5402
      0.4682
      0.2549
      0.2427
      0.2123
      0.1785
      0.1569
      0.1575
      0.1854
      0.2502
      0.3726
      0.5780
      0.8697
      1.2008
      1.4755
      1.5950
      1.5203
      1.2991
      1.0357
      0.8342
      0.7602
      0.2814
      0.2661
      0.2289
      0.1896
      0.1668
      0.1688
      0.1955
      0.2505
      0.3527
      0.5323
      0.8052
      1.1408
      1.4557
      1.6514
      1.6749
      1.5531
      1.3717
      1.2228
      1.1668
      0.3145
      0.2975
      0.2568
      0.2155
      0.1941
      0.1985
      0.2226
      0.2629
      0.3332
      0.4651
      0.6855
      0.9863
      1.3105
      1.5765
      1.7276
      1.7641
      1.7335
      1.6918
      1.6743
      0.3292
      0.3139
      0.2786
      0.2477
      0.2403
      0.2579
      0.2870
      0.3151
      0.3497
      0.4215
      0.5680
      0.8053
      1.1095
      1.4273
      1.7066
      1.9230
      2.0767
      2.1716
      2.2044
      0.3145
      0.3061
      0.2912
      0.2915
      0.3212
      0.3730
      0.4216
      0.4439
      0.4406
      0.4438
      0.5030
      0.6580
      0.9169
      1.2545
      1.6287
      1.9961
      2.3138
      2.5344
      2.6141
      0.2814
      0.2863
      0.3094
      0.3670
      0.4628
      0.5741
      0.6582
      0.6779
      0.6295
      0.5521
      0.5117
      0.5700
      0.7594
      1.0757
      1.4856
      1.9350
      2.3517
      2.6517
      2.7617
      0.2549
      0.2789
      0.3568
      0.4967
      0.6866
      0.8813
      1.0134
      1.0287
      0.9219
      0.7468
      0.5914
      0.5384
      0.6359
      0.8905
      1.2734
      1.7267
      2.1652
      2.4878
      2.6071
      0.2566
      0.3039
      0.4490
      0.6903
      0.9971
      1.2954
      1.4867
      1.4957
      1.3174
      1.0258
      0.7376
      0.5581
      0.5465
      0.7123
      1.0273
      1.4331
      1.8426
      2.1504
      2.2653
      0.2920
      0.3642
      0.5820
      0.9358
      1.3757
      1.7967
      2.0634
      2.0730
      1.8175
      1.3942
      0.9553
      0.6346
      0.5042
      0.5747
      0.8162
      1.1696
      1.5466
      1.8382
      1.9484
      0.3487
      0.4447
      0.7333
      1.2004
      1.7816
      2.3421
      2.7054
      2.7331
      2.4066
      1.8454
      1.2430
      0.7708
      0.5208
      0.5077
      0.6991
      1.0321
      1.4110
      1.7135
      1.8294
      0.4067
      0.5225
      0.8713
      1.4393
      2.1541
      2.8559
      3.3280
      3.3914
      3.0102
      2.3214
      1.5606
      0.9424
      0.5844
      0.5090
      0.6820
      1.0335
      1.4531
      1.7959
      1.9285
      0.4483
      0.5771
      0.9670
      1.6066
      2.4206
      3.2328
      3.7956
      3.8963
      3.4816
      2.6997
      1.8193
      1.0908
      0.6547
      0.5417
      0.7161
      1.1011
      1.5715
      1.9600
      2.1110
      0.4632
      0.5966
      1.0011
      1.6668
      2.5179
      3.3725
      3.9712
      4.0879
      3.6620
      2.8456
      1.9201
      1.1499
      0.6851
      0.5594
      0.7372
      1.1383
      1.6314
      2.0397
      2.1987
