      0.0000
      0.0000
      0.0000
      0.0000
      0.0000
      0.0000
      0.0000
      0.0000
      0.0000
      0.0000
      0.0000
      0.0000
      0.0000
      0.0000
      0.0000
      0.0000
      0.0000
      0.0000
      0.0000
      0.0000
      0.0000
      0.0000
      0.0000
      0.0000
      0.0000
      0.0000
      0.0000
      0.0000
      0.0000
      0.0000
      0.0000
      0.0000
      0.0000
      0.0000
      0.0000
      0.0000
      0.0000
      0.0000
      0.0000
      0.0000
      0.0000
      0.0000
      0.0000
      0.0000
      0.0000
      0.0000
      0.0000
      0.0000
      0.0000
      0.0000
      0.0000
      0.0000
      0.0000
      0.0000
      0.0000
      0.0000
      0.0000
      0.0000
      0.0000
      0.0000
      0.0000
      0.0000
      0.0000
      0.0000
      0.0000
      0.0000
      0.0000
      0.0000
      0.0000
      0.0000
      0.0000
      0.0000
      0.0000
      0.0000
      0.0000
      0.0000
      0.0000
      0.0000
      0.0000
      0.0000
      0.0000
      0.0000
      0.0000
      0.0000
      0.0000
      0.0000
      0.0000
      0.0000
      0.0002
      0.0003
      0.0001
      0.0000
      0.0000
      0.0000
      0.0000
      0.0021
      0.0010
      0.0001
      0.0000
      0.0000
      0.0000
      0.0000
      0.0000
      0.0000
      0.0000
      0.0000
      0.0004
      0.0022
      0.0032
      0.0011
      0.0001
      0.0000
      0.0000
      0.0000
      0.2773
      0.1387
      0.0173
      0.0005
      0.0000
      0.0000
      0.0000
      0.0000
      0.0000
      0.0000
      0.0000
      0.0008
      0.0055
      0.0097
      0.0043
      0.0005
      0.0000
      0.0000
      0.0000
      8.9927
      4.4964
      0.5606
      0.0173
      0.0001
      0.0000
      0.0000
      0.0000
      0.0000
      0.0000
      0.0000
      0.0004
      0.0034
      0.0074
      0.0040
      0.0005
      0.0001
      0.0006
      0.0011
     72.1322
     36.0661
      4.4964
      0.1387
      0.0010
      0.0000
      0.0000
      0.0000
      0.0000
      0.0000
      0.0000
      0.0000
      0.0005
      0.0014
      0.0011
      0.0006
      0.0092
      0.0731
      0.1463
    144.2644
     72.1322
      8.9927
      0.2773
      0.0021
      0.0000
      0.0000
      0.0000
      0.0000
      0.0000
      0.0000
      0.0000
      0.0001
      0.0011
      0.0050
      0.0152
      0.2976
      2.3718
      4.7432
     72.1322
     36.0661
      4.4964
      0.1387
      0.0010
      0.0000
      0.0001
      0.0001
      0.0001
      0.0000
      0.0000
      0.0000
      0.0004
      0.0082
      0.0483
      0.1425
      2.3968
     19.0255
     38.0465
      8.9927
      4.4964
      0.5606
      0.0173
      0.0002
      0.0007
      0.0050
      0.0094
      0.0045
      0.0005
      0.0000
      0.0000
      0.0006
      0.0172
      0.1173
      0.3427
      4.8263
     38.0551
     76.0932
      0.2773
      0.1387
      0.0173
      0.0005
      0.0005
      0.0146
      0.0981
      0.1647
      0.0691
      0.0072
      0.0002
      0.0000
      0.0003
      0.0089
      0.0712
      0.2122
      2.4401
     19.0316
     38.0469
      0.0021
      0.0010
      0.0001
      0.0001
      0.0038
      0.0818
      0.4817
      0.7136
      0.2645
      0.0244
      0.0006
      0.0000
      0.0000
      0.0012
      0.0108
      0.0337
      0.3098
      2.3736
      4.7434
      0.0000
      0.0000
      0.0000
      0.0013
      0.0127
      0.1237
      0.5940
      0.7730
      0.2530
      0.0206
      0.0004
      0.0000
      0.0000
      0.0000
      0.0004
      0.0014
      0.0099
      0.0739
      0.1475
      0.0000
      0.0000
      0.0003
      0.0056
      0.0315
      0.0805
      0.2167
      0.2601
      0.0874
      0.0080
      0.0002
      0.0000
      0.0000
      0.0000
      0.0000
      0.0003
      0.0103
      0.0823
      0.1646
      0.0000
      0.0000
      0.0003
      0.0064
      0.0319
      0.1244
      0.7807
      1.6449
      0.8807
      0.1179
      0.0039
      0.0000
      0.0000
      0.0000
      0.0001
      0.0102
      0.3305
      2.6508
      5.3017
      0.0000
      0.0000
      0.0001
      0.0020
      0.0274
      0.7109
      6.0779
     13.0767
      7.0357
      0.9441
      0.0314
      0.0003
      0.0000
      0.0000
      0.0006
      0.0817
      2.6508
     21.2628
     42.5255
      0.0000
      0.0000
      0.0000
      0.0005
      0.0412
      1.4082
     12.1519
     26.1527
     14.0712
      1.8882
      0.0627
      0.0005
      0.0000
      0.0000
      0.0012
      0.1635
      5.3017
     42.5255
     85.0511
