      0.3035
      0.3073
      0.3172
      0.3310
      0.3478
      0.3676
      0.3890
      0.4088
      0.4237
      0.4308
      0.4249
      0.3982
      0.3456
      0.2719
      0.1920
      0.1229
      0.0751
      0.0492
      0.0413
      0.3160
      0.3174
      0.3212
      0.3269
      0.3354
      0.3484
      0.3655
      0.3846
      0.4031
      0.4183
      0.4238
      0.4093
      0.3664
      0.2971
      0.2158
      0.1414
      0.0870
      0.0561
      0.0465
      0.3794
      0.3724
      0.3540
      0.3309
      0.3116
      0.3027
      0.3068
      0.3235
      0.3520
      0.3896
      0.4271
      0.4473
      0.4323
      0.3762
      0.2910
      0.2005
      0.1265
      0.0808
      0.0657
      0.5751
      0.5485
      0.4790
      0.3919
      0.3138
      0.2619
      0.2416
      0.2527
      0.2940
      0.3627
      0.4461
      0.5178
      0.5460
      0.5116
      0.4220
      0.3074
      0.2032
      0.1340
      0.1102
      1.0323
      0.9666
      0.7962
      0.5844
      0.3949
      0.2646
      0.2011
      0.1978
      0.2486
      0.3480
      0.4804
      0.6107
      0.6919
      0.6887
      0.6008
      0.4638
      0.3279
      0.2330
      0.1995
      1.8742
      1.7418
      1.3998
      0.9771
      0.6009
      0.3407
      0.2048
      0.1716
      0.2206
      0.3397
      0.5107
      0.6936
      0.8297
      0.8689
      0.8006
      0.6613
      0.5112
      0.4024
      0.3634
      3.1059
      2.8796
      2.2956
      1.5756
      0.9366
      0.4937
      0.2544
      0.1728
      0.2043
      0.3242
      0.5118
      0.7281
      0.9117
      1.0046
      0.9864
      0.8872
      0.7658
      0.6745
      0.6415
      4.5084
      4.1771
      3.3225
      2.2705
      1.3379
      0.6909
      0.3349
      0.1947
      0.1957
      0.2962
      0.4737
      0.6967
      0.9131
      1.0682
      1.1364
      1.1347
      1.1039
      1.0775
      1.0682
      5.6533
      5.2375
      4.1655
      2.8473
      1.6808
      0.8724
      0.4243
      0.2346
      0.2015
      0.2681
      0.4125
      0.6165
      0.8478
      1.0671
      1.2504
      1.3977
      1.5170
      1.6027
      1.6349
      6.0980
      5.6512
      4.5003
      3.0878
      1.8426
      0.9841
      0.5087
      0.2990
      0.2385
      0.2642
      0.3599
      0.5253
      0.7534
      1.0276
      1.3310
      1.6470
      1.9441
      2.1656
      2.2488
      5.6533
      5.2436
      4.1904
      2.9040
      1.7794
      1.0140
      0.5948
      0.4028
      0.3251
      0.3060
      0.3427
      0.4551
      0.6607
      0.9649
      1.3595
      1.8152
      2.2650
      2.6053
      2.7333
      4.5084
      4.1909
      3.3788
      2.3979
      1.5577
      1.0034
      0.7079
      0.5620
      0.4712
      0.4009
      0.3691
      0.4158
      0.5769
      0.8723
      1.2998
      1.8218
      2.3501
      2.7532
      2.9051
      3.1059
      2.9037
      2.3932
      1.7950
      1.3111
      1.0203
      0.8768
      0.7844
      0.6750
      0.5432
      0.4326
      0.4014
      0.4960
      0.7405
      1.1324
      1.6309
      2.1439
      2.5376
      2.6862
      1.8742
      1.7783
      1.5470
      1.3060
      1.1581
      1.1179
      1.1176
      1.0694
      0.9302
      0.7256
      0.5264
      0.4074
      0.4188
      0.5804
      0.8843
      1.2893
      1.7129
      2.0397
      2.1633
      1.0323
      1.0161
      0.9957
      1.0291
      1.1463
      1.3097
      1.4274
      1.4107
      1.2334
      0.9479
      0.6525
      0.4387
      0.3590
      0.4253
      0.6207
      0.9048
      1.2096
      1.4468
      1.5368
      0.5751
      0.6098
      0.7267
      0.9449
      1.2501
      1.5681
      1.7819
      1.7917
      1.5760
      1.2081
      0.8130
      0.5017
      0.3319
      0.3087
      0.4061
      0.5824
      0.7821
      0.9403
      1.0006
      0.3794
      0.4430
      0.6397
      0.9718
      1.4029
      1.8356
      2.1294
      2.1661
      1.9200
      1.4779
      0.9892
      0.5870
      0.3378
      0.2435
      0.2702
      0.3730
      0.5031
      0.6097
      0.6507
      0.3160
      0.3938
      0.6313
      1.0254
      1.5316
      2.0395
      2.3912
      2.4515
      2.1870
      1.6916
      1.1333
      0.6636
      0.3582
      0.2183
      0.2047
      0.2693
      0.3648
      0.4462
      0.4780
      0.3035
      0.3857
      0.6357
      1.0496
      1.5813
      2.1161
      2.4896
      2.5596
      2.2890
      1.7741
      1.1897
      0.6946
      0.3687
      0.2130
      0.1867
      0.2400
      0.3257
      0.4002
      0.4295
