      0.5403
      0.5475
      0.5581
      0.5494
      0.5085
      0.4451
      0.3865
      0.3598
      0.3755
      0.4215
      0.4672
      0.4794
      0.4395
      0.3538
      0.2484
      0.1521
      0.0829
      0.0441
      0.0320
      0.5301
      0.5354
      0.5414
      0.5281
      0.4848
      0.4222
      0.3668
      0.3444
      0.3652
      0.4175
      0.4718
      0.4940
      0.4629
      0.3817
      0.2751
      0.1732
      0.0971
      0.0530
      0.0390
      0.5060
      0.5060
      0.4993
      0.4732
      0.4239
      0.3642
      0.3184
      0.3084
      0.3432
      0.4134
      0.4918
      0.5425
      0.5368
      0.4687
      0.3584
      0.2400
      0.1430
      0.0828
      0.0629
      0.4911
      0.4828
      0.4564
      0.4110
      0.3530
      0.2983
      0.2668
      0.2744
      0.3286
      0.4234
      0.5363
      0.6295
      0.6632
      0.6167
      0.5022
      0.3583
      0.2282
      0.1418
      0.1121
      0.5277
      0.5076
      0.4531
      0.3792
      0.3065
      0.2544
      0.2366
      0.2611
      0.3328
      0.4508
      0.5998
      0.7415
      0.8242
      0.8091
      0.6964
      0.5269
      0.3592
      0.2415
      0.1998
      0.6623
      0.6256
      0.5303
      0.4128
      0.3117
      0.2513
      0.2383
      0.2708
      0.3496
      0.4797
      0.6547
      0.8401
      0.9753
      1.0036
      0.9094
      0.7310
      0.5378
      0.3954
      0.3438
      0.9109
      0.8521
      0.7019
      0.5222
      0.3740
      0.2886
      0.2655
      0.2913
      0.3616
      0.4856
      0.6674
      0.8808
      1.0636
      1.1472
      1.0995
      0.9481
      0.7631
      0.6188
      0.5651
      1.2247
      1.1417
      0.9304
      0.6793
      0.4726
      0.3497
      0.3037
      0.3101
      0.3578
      0.4579
      0.6243
      0.8432
      1.0613
      1.2078
      1.2377
      1.1607
      1.0326
      0.9222
      0.8795
      1.4936
      1.3916
      1.1325
      0.8251
      0.5712
      0.4161
      0.3473
      0.3308
      0.3491
      0.4131
      0.5451
      0.7470
      0.9829
      1.1911
      1.3202
      1.3579
      1.3333
      1.2931
      1.2751
      1.6001
      1.4933
      1.2229
      0.9043
      0.6440
      0.4859
      0.4114
      0.3794
      0.3677
      0.3882
      0.4714
      0.6365
      0.8696
      1.1260
      1.3540
      1.5211
      1.6231
      1.6740
      1.6890
      1.4936
      1.4011
      1.1696
      0.9041
      0.6981
      0.5829
      0.5304
      0.4940
      0.4512
      0.4191
      0.4395
      0.5494
      0.7564
      1.0341
      1.3349
      1.6111
      1.8281
      1.9653
      2.0122
      1.2247
      1.1640
      1.0180
      0.8665
      0.7735
      0.7458
      0.7398
      0.7042
      0.6218
      0.5219
      0.4629
      0.4990
      0.6551
      0.9188
      1.2480
      1.5868
      1.8790
      2.0767
      2.1467
      0.9109
      0.8923
      0.8596
      0.8597
      0.9165
      1.0028
      1.0542
      1.0145
      0.8767
      0.6903
      0.5345
      0.4805
      0.5644
      0.7820
      1.0964
      1.4498
      1.7744
      2.0036
      2.0864
      0.6623
      0.6874
      0.7726
      0.9314
      1.1458
      1.3509
      1.4577
      1.4046
      1.1970
      0.9089
      0.6440
      0.4896
      0.4900
      0.6456
      0.9245
      1.2713
      1.6114
      1.8621
      1.9546
      0.5277
      0.5908
      0.7799
      1.0804
      1.4382
      1.7532
      1.9117
      1.8429
      1.5626
      1.1680
      0.7890
      0.5316
      0.4494
      0.5488
      0.8045
      1.1635
      1.5422
      1.8340
      1.9441
      0.4911
      0.5831
      0.8518
      1.2643
      1.7410
      2.1545
      2.3671
      2.2939
      1.9526
      1.4586
      0.9685
      0.6116
      0.4571
      0.5218
      0.7887
      1.2057
      1.6716
      2.0430
      2.1855
      0.5060
      0.6169
      0.9390
      1.4304
      1.9979
      2.4967
      2.7676
      2.7069
      2.3254
      1.7498
      1.1616
      0.7169
      0.5054
      0.5584
      0.8682
      1.3806
      1.9708
      2.4496
      2.6347
      0.5301
      0.6512
      1.0030
      1.5408
      2.1672
      2.7278
      3.0482
      3.0073
      2.6058
      1.9760
      1.3178
      0.8100
      0.5612
      0.6158
      0.9733
      1.5767
      2.2797
      2.8540
      3.0767
      0.5403
      0.6645
      1.0257
      1.5789
      2.2259
      2.8096
      3.1499
      3.1186
      2.7116
      2.0626
      1.3786
      0.8476
      0.5856
      0.6424
      1.0205
      1.6615
      2.4103
      3.0230
      3.2608
