      0.0000
      0.0000
      0.0000
      0.0000
      0.0000
      0.0000
      0.0000
      0.0000
      0.0000
      0.0000
      0.0000
      0.0000
      0.0000
      0.0000
      0.0000
      0.0000
      0.0000
      0.0000
      0.0000
      0.0000
      0.0000
      0.0000
      0.0000
      0.0000
      0.0000
      0.0000
      0.0000
      0.0000
      0.0000
      0.0000
      0.0000
      0.0000
      0.0000
      0.0000
      0.0000
      0.0000
      0.0000
      0.0000
      0.0000
      0.0000
      0.0000
      0.0000
      0.0000
      0.0000
      0.0000
      0.0000
      0.0000
      0.0000
      0.0000
      0.0000
      0.0000
      0.0000
      0.0000
      0.0000
      0.0000
      0.0000
      0.0000
      0.0000
      0.0000
      0.0000
      0.0000
      0.0000
      0.0000
      0.0000
      0.0000
      0.0000
      0.0000
      0.0000
      0.0000
      0.0000
      0.0000
      0.0000
      0.0000
      0.0000
      0.0000
      0.0000
      0.0000
      0.0000
      0.0000
      0.0000
      0.0000
      0.0000
      0.0000
      0.0000
      0.0000
      0.0000
      0.0000
      0.0000
      0.0002
      0.0002
      0.0001
      0.0000
      0.0000
      0.0000
      0.0000
      0.0010
      0.0005
      0.0001
      0.0000
      0.0000
      0.0000
      0.0000
      0.0000
      0.0000
      0.0000
      0.0000
      0.0003
      0.0019
      0.0027
      0.0010
      0.0001
      0.0000
      0.0000
      0.0000
      0.1266
      0.0633
      0.0079
      0.0002
      0.0000
      0.0000
      0.0000
      0.0000
      0.0000
      0.0000
      0.0000
      0.0007
      0.0046
      0.0081
      0.0036
      0.0004
      0.0000
      0.0000
      0.0000
      4.1043
      2.0522
      0.2558
      0.0079
      0.0001
      0.0000
      0.0000
      0.0000
      0.0000
      0.0000
      0.0000
      0.0003
      0.0029
      0.0062
      0.0034
      0.0005
      0.0000
      0.0002
      0.0004
     32.9214
     16.4607
      2.0522
      0.0633
      0.0005
      0.0000
      0.0000
      0.0000
      0.0000
      0.0000
      0.0000
      0.0000
      0.0004
      0.0012
      0.0010
      0.0005
      0.0036
      0.0281
      0.0562
     65.8428
     32.9214
      4.1043
      0.1266
      0.0010
      0.0000
      0.0000
      0.0000
      0.0000
      0.0000
      0.0000
      0.0000
      0.0001
      0.0019
      0.0093
      0.0151
      0.1173
      0.9111
      1.8213
     32.9214
     16.4607
      2.0522
      0.0633
      0.0005
      0.0000
      0.0001
      0.0003
      0.0001
      0.0000
      0.0000
      0.0000
      0.0007
      0.0155
      0.0905
      0.1591
      0.9586
      7.3090
     14.6087
      4.1043
      2.0522
      0.2558
      0.0079
      0.0001
      0.0012
      0.0094
      0.0178
      0.0085
      0.0010
      0.0000
      0.0000
      0.0012
      0.0324
      0.2198
      0.4270
      1.9782
     14.6252
     29.2177
      0.1266
      0.0633
      0.0079
      0.0003
      0.0011
      0.0277
      0.1853
      0.3110
      0.1305
      0.0136
      0.0004
      0.0000
      0.0005
      0.0169
      0.1336
      0.2907
      1.0400
      7.3201
     14.6093
      0.0010
      0.0005
      0.0001
      0.0006
      0.0101
      0.1595
      0.9116
      1.3476
      0.4993
      0.0461
      0.0010
      0.0000
      0.0001
      0.0022
      0.0202
      0.0499
      0.1402
      0.9144
      1.8215
      0.0000
      0.0000
      0.0004
      0.0096
      0.0688
      0.3027
      1.1479
      1.4615
      0.4776
      0.0389
      0.0008
      0.0000
      0.0000
      0.0001
      0.0008
      0.0021
      0.0050
      0.0291
      0.0578
      0.0000
      0.0000
      0.0021
      0.0442
      0.2382
      0.3860
      0.4629
      0.4447
      0.1368
      0.0112
      0.0002
      0.0000
      0.0000
      0.0000
      0.0000
      0.0004
      0.0135
      0.1085
      0.2171
      0.0000
      0.0000
      0.0028
      0.0511
      0.2355
      0.3452
      0.7348
      1.3946
      0.7401
      0.0988
      0.0033
      0.0000
      0.0000
      0.0000
      0.0001
      0.0135
      0.4379
      3.5129
      7.0257
      0.0000
      0.0000
      0.0009
      0.0149
      0.0749
      0.6452
      5.0934
     10.9321
      5.8813
      0.7892
      0.0262
      0.0002
      0.0000
      0.0000
      0.0008
      0.1083
      3.5129
     28.1773
     56.3547
      0.0000
      0.0000
      0.0002
      0.0024
      0.0408
      1.1825
     10.1592
     21.8617
     11.7624
      1.5784
      0.0524
      0.0004
      0.0000
      0.0000
      0.0016
      0.2167
      7.0257
     56.3547
    112.7094
