      0.0000
      0.0000
      0.0000
      0.0000
      0.0000
      0.0000
      0.0000
      0.0000
      0.0000
      0.0000
      0.0000
      0.0000
      0.0000
      0.0000
      0.0000
      0.0000
      0.0000
      0.0000
      0.0000
      0.0000
      0.0000
      0.0000
      0.0000
      0.0000
      0.0000
      0.0000
      0.0000
      0.0000
      0.0000
      0.0000
      0.0000
      0.0000
      0.0000
      0.0000
      0.0000
      0.0000
      0.0000
      0.0000
      0.0000
      0.0000
      0.0000
      0.0000
      0.0000
      0.0000
      0.0000
      0.0000
      0.0000
      0.0000
      0.0000
      0.0000
      0.0000
      0.0000
      0.0000
      0.0000
      0.0000
      0.0000
      0.0000
      0.0000
      0.0000
      0.0000
      0.0000
      0.0000
      0.0000
      0.0000
      0.0000
      0.0000
      0.0000
      0.0000
      0.0000
      0.0000
      0.0000
      0.0000
      0.0000
      0.0000
      0.0000
      0.0000
      0.0000
      0.0000
      0.0000
      0.0000
      0.0000
      0.0000
      0.0000
      0.0000
      0.0000
      0.0000
      0.0000
      0.0000
      0.0000
      0.0000
      0.0000
      0.0000
      0.0000
      0.0000
      0.0000
      0.0002
      0.0001
      0.0000
      0.0000
      0.0000
      0.0000
      0.0000
      0.0000
      0.0000
      0.0000
      0.0000
      0.0000
      0.0002
      0.0003
      0.0001
      0.0000
      0.0000
      0.0000
      0.0000
      0.0301
      0.0150
      0.0019
      0.0001
      0.0000
      0.0000
      0.0000
      0.0000
      0.0000
      0.0000
      0.0000
      0.0001
      0.0005
      0.0009
      0.0004
      0.0000
      0.0000
      0.0000
      0.0000
      0.9760
      0.4880
      0.0608
      0.0019
      0.0000
      0.0000
      0.0000
      0.0000
      0.0000
      0.0000
      0.0000
      0.0000
      0.0003
      0.0007
      0.0004
      0.0001
      0.0001
      0.0005
      0.0011
      7.8289
      3.9145
      0.4880
      0.0150
      0.0001
      0.0000
      0.0000
      0.0000
      0.0000
      0.0000
      0.0000
      0.0000
      0.0001
      0.0002
      0.0004
      0.0006
      0.0090
      0.0713
      0.1426
     15.6578
      7.8289
      0.9760
      0.0301
      0.0002
      0.0000
      0.0000
      0.0000
      0.0000
      0.0000
      0.0000
      0.0000
      0.0001
      0.0021
      0.0107
      0.0222
      0.2926
      2.3130
      4.6252
      7.8289
      3.9145
      0.4880
      0.0150
      0.0001
      0.0000
      0.0001
      0.0003
      0.0002
      0.0000
      0.0000
      0.0000
      0.0008
      0.0179
      0.1044
      0.2221
      2.3676
     18.5551
     37.0999
      0.9760
      0.4880
      0.0608
      0.0019
      0.0001
      0.0014
      0.0108
      0.0205
      0.0098
      0.0012
      0.0000
      0.0000
      0.0014
      0.0373
      0.2537
      0.5696
      4.8058
     37.1188
     74.2001
      0.0301
      0.0150
      0.0019
      0.0001
      0.0012
      0.0318
      0.2134
      0.3581
      0.1503
      0.0157
      0.0004
      0.0000
      0.0006
      0.0194
      0.1541
      0.3737
      2.4615
     18.5681
     37.1006
      0.0002
      0.0001
      0.0000
      0.0005
      0.0102
      0.1813
      1.0486
      1.5515
      0.5749
      0.0531
      0.0012
      0.0000
      0.0001
      0.0025
      0.0233
      0.0623
      0.3190
      2.3170
      4.6255
      0.0000
      0.0000
      0.0003
      0.0076
      0.0579
      0.3157
      1.3089
      1.6812
      0.5497
      0.0448
      0.0009
      0.0000
      0.0000
      0.0001
      0.0009
      0.0026
      0.0106
      0.0724
      0.1443
      0.0000
      0.0000
      0.0016
      0.0349
      0.1893
      0.3296
      0.4755
      0.4653
      0.1340
      0.0098
      0.0002
      0.0000
      0.0000
      0.0000
      0.0000
      0.0005
      0.0139
      0.1112
      0.2224
      0.0000
      0.0000
      0.0022
      0.0403
      0.1845
      0.2252
      0.1620
      0.1908
      0.0918
      0.0118
      0.0004
      0.0000
      0.0000
      0.0000
      0.0001
      0.0138
      0.4473
      3.5882
      7.1763
      0.0000
      0.0000
      0.0007
      0.0117
      0.0477
      0.1123
      0.5931
      1.2528
      0.6736
      0.0904
      0.0030
      0.0000
      0.0000
      0.0000
      0.0008
      0.1107
      3.5882
     28.7813
     57.5626
      0.0000
      0.0000
      0.0001
      0.0017
      0.0095
      0.1395
      1.1642
      2.5034
      1.3469
      0.1807
      0.0060
      0.0000
      0.0000
      0.0000
      0.0017
      0.2213
      7.1763
     57.5626
    115.1251
