      0.1931
      0.2145
      0.2624
      0.3051
      0.3269
      0.3369
      0.3487
      0.3629
      0.3753
      0.3865
      0.3908
      0.3683
      0.3040
      0.2102
      0.1187
      0.0541
      0.0199
      0.0063
      0.0030
      0.1936
      0.2126
      0.2542
      0.2893
      0.3040
      0.3080
      0.3149
      0.3260
      0.3381
      0.3514
      0.3602
      0.3448
      0.2896
      0.2042
      0.1179
      0.0551
      0.0209
      0.0068
      0.0034
      0.1919
      0.2044
      0.2298
      0.2458
      0.2443
      0.2355
      0.2323
      0.2371
      0.2481
      0.2656
      0.2838
      0.2849
      0.2517
      0.1874
      0.1150
      0.0576
      0.0238
      0.0088
      0.0050
      0.1936
      0.1965
      0.1990
      0.1909
      0.1719
      0.1523
      0.1416
      0.1416
      0.1514
      0.1711
      0.1968
      0.2139
      0.2053
      0.1667
      0.1125
      0.0634
      0.0313
      0.0160
      0.0118
      0.2391
      0.2279
      0.1974
      0.1564
      0.1172
      0.0892
      0.0757
      0.0742
      0.0825
      0.1014
      0.1296
      0.1576
      0.1692
      0.1548
      0.1203
      0.0832
      0.0575
      0.0457
      0.0428
      0.4086
      0.3726
      0.2835
      0.1833
      0.1058
      0.0618
      0.0443
      0.0419
      0.0484
      0.0643
      0.0919
      0.1268
      0.1558
      0.1663
      0.1592
      0.1489
      0.1490
      0.1581
      0.1636
      0.7730
      0.6947
      0.5050
      0.2990
      0.1487
      0.0696
      0.0403
      0.0345
      0.0379
      0.0499
      0.0762
      0.1184
      0.1691
      0.2184
      0.2683
      0.3337
      0.4206
      0.5042
      0.5397
      1.2999
      1.1648
      0.8384
      0.4870
      0.2337
      0.1027
      0.0544
      0.0424
      0.0416
      0.0491
      0.0746
      0.1286
      0.2156
      0.3390
      0.5138
      0.7611
      1.0667
      1.3405
      1.4529
      1.7973
      1.6098
      1.1578
      0.6730
      0.3266
      0.1511
      0.0891
      0.0737
      0.0678
      0.0677
      0.0906
      0.1617
      0.3070
      0.5568
      0.9556
      1.5400
      2.2566
      2.8901
      3.1482
      2.0045
      1.7964
      1.2963
      0.7649
      0.3953
      0.2217
      0.1730
      0.1646
      0.1499
      0.1294
      0.1366
      0.2208
      0.4374
      0.8536
      1.5555
      2.6023
      3.8857
      5.0159
      5.4752
      1.7973
      1.6145
      1.1795
      0.7318
      0.4482
      0.3531
      0.3622
      0.3740
      0.3359
      0.2641
      0.2229
      0.2935
      0.5610
      1.1252
      2.1087
      3.5886
      5.4023
      6.9963
      7.6431
      1.2999
      1.1776
      0.8973
      0.6417
      0.5428
      0.5999
      0.7069
      0.7406
      0.6485
      0.4789
      0.3419
      0.3525
      0.6113
      1.2271
      2.3321
      4.0039
      6.0499
      7.8436
      8.5705
      0.7730
      0.7218
      0.6255
      0.6045
      0.7343
      0.9742
      1.1829
      1.2148
      1.0298
      0.7242
      0.4592
      0.3719
      0.5539
      1.0905
      2.0881
      3.6052
      5.4578
      7.0771
      7.7323
      0.4086
      0.4186
      0.4840
      0.6732
      1.0053
      1.3902
      1.6514
      1.6368
      1.3375
      0.9011
      0.5243
      0.3431
      0.4171
      0.7872
      1.5141
      2.6283
      3.9866
      5.1705
      5.6486
      0.2391
      0.2920
      0.4703
      0.8012
      1.2516
      1.6885
      1.9226
      1.8262
      1.4351
      0.9293
      0.5073
      0.2789
      0.2658
      0.4676
      0.9043
      1.5864
      2.4209
      3.1478
      3.4412
      0.1936
      0.2697
      0.5048
      0.8916
      1.3566
      1.7478
      1.8969
      1.7252
      1.3059
      0.8174
      0.4263
      0.2063
      0.1522
      0.2432
      0.4814
      0.8720
      1.3601
      1.7894
      1.9633
      0.1919
      0.2742
      0.5174
      0.8885
      1.2934
      1.5890
      1.6506
      1.4475
      1.0655
      0.6533
      0.3331
      0.1500
      0.0906
      0.1348
      0.2873
      0.5596
      0.9160
      1.2372
      1.3685
      0.1936
      0.2727
      0.4993
      0.8267
      1.1573
      1.3698
      1.3794
      1.1839
      0.8620
      0.5278
      0.2698
      0.1197
      0.0672
      0.1020
      0.2386
      0.4978
      0.8493
      1.1719
      1.3049
      0.1931
      0.2696
      0.4859
      0.7913
      1.0897
      1.2708
      1.2654
      1.0796
      0.7859
      0.4834
      0.2489
      0.1109
      0.0623
      0.0974
      0.2360
      0.5028
      0.8679
      1.2047
      1.3439
