      0.0306
      0.0406
      0.0612
      0.0725
      0.0640
      0.0462
      0.0349
      0.0363
      0.0541
      0.0932
      0.1415
      0.1630
      0.1355
      0.0801
      0.0335
      0.0099
      0.0020
      0.0003
      0.0001
      0.0327
      0.0421
      0.0607
      0.0692
      0.0591
      0.0412
      0.0300
      0.0308
      0.0463
      0.0816
      0.1274
      0.1514
      0.1305
      0.0806
      0.0355
      0.0111
      0.0025
      0.0004
      0.0001
      0.0368
      0.0437
      0.0559
      0.0579
      0.0454
      0.0290
      0.0192
      0.0188
      0.0294
      0.0560
      0.0952
      0.1246
      0.1199
      0.0838
      0.0424
      0.0155
      0.0041
      0.0008
      0.0002
      0.0580
      0.0576
      0.0542
      0.0440
      0.0291
      0.0161
      0.0094
      0.0090
      0.0156
      0.0347
      0.0699
      0.1093
      0.1268
      0.1075
      0.0663
      0.0296
      0.0095
      0.0023
      0.0008
      0.2239
      0.1928
      0.1244
      0.0620
      0.0252
      0.0095
      0.0048
      0.0051
      0.0104
      0.0283
      0.0702
      0.1337
      0.1853
      0.1847
      0.1316
      0.0670
      0.0247
      0.0072
      0.0033
      1.0069
      0.8485
      0.5080
      0.2164
      0.0664
      0.0162
      0.0060
      0.0064
      0.0117
      0.0320
      0.0880
      0.1867
      0.2853
      0.3104
      0.2404
      0.1341
      0.0573
      0.0244
      0.0171
      3.3897
      2.8513
      1.6961
      0.7124
      0.2117
      0.0469
      0.0126
      0.0098
      0.0139
      0.0336
      0.0954
      0.2156
      0.3520
      0.4103
      0.3451
      0.2201
      0.1282
      0.0958
      0.0921
      8.0764
      6.7926
      4.0385
      1.6944
      0.5017
      0.1083
      0.0239
      0.0132
      0.0141
      0.0275
      0.0781
      0.1881
      0.3322
      0.4278
      0.4180
      0.3535
      0.3345
      0.3805
      0.4138
     13.5840
     11.4246
      6.7923
      2.8498
      0.8439
      0.1825
      0.0403
      0.0212
      0.0183
      0.0221
      0.0525
      0.1362
      0.2782
      0.4359
      0.5609
      0.6892
      0.9204
      1.2254
      1.3768
     16.1514
     13.5840
      8.0765
      3.3907
      1.0115
      0.2367
      0.0821
      0.0673
      0.0571
      0.0412
      0.0464
      0.1133
      0.2839
      0.5663
      0.9284
      1.4021
      2.1007
      2.8996
      3.2780
     13.5840
     11.4251
      6.7955
      2.8645
      0.8921
      0.2959
      0.2312
      0.2500
      0.2117
      0.1321
      0.0814
      0.1300
      0.3516
      0.7961
      1.4447
      2.3223
      3.5540
      4.9104
      5.5443
      8.0764
      6.7945
      4.0514
      1.7494
      0.6707
      0.4868
      0.6351
      0.7194
      0.5925
      0.3503
      0.1682
      0.1559
      0.3847
      0.9128
      1.7272
      2.8308
      4.3216
      5.9197
      6.6599
      3.3897
      2.8572
      1.7339
      0.8585
      0.6257
      0.9163
      1.3475
      1.4895
      1.1836
      0.6718
      0.2861
      0.1635
      0.3181
      0.7664
      1.4925
      2.4748
      3.7522
      5.0819
      5.6910
      1.0069
      0.8628
      0.5919
      0.5086
      0.8163
      1.4696
      2.1052
      2.2251
      1.6994
      0.9291
      0.3691
      0.1469
      0.1935
      0.4600
      0.9213
      1.5513
      2.3461
      3.1484
      3.5112
      0.2239
      0.2187
      0.2667
      0.5111
      1.0634
      1.8476
      2.4823
      2.4945
      1.8340
      0.9722
      0.3707
      0.1172
      0.0901
      0.1996
      0.4197
      0.7473
      1.1796
      1.6178
      1.8148
      0.0580
      0.0926
      0.2378
      0.5840
      1.1792
      1.9096
      2.4350
      2.3773
      1.7285
      0.9167
      0.3504
      0.1003
      0.0406
      0.0744
      0.1929
      0.4494
      0.8828
      1.3665
      1.5889
      0.0368
      0.0790
      0.2385
      0.5824
      1.1430
      1.8381
      2.3924
      2.4298
      1.8552
      1.0370
      0.4175
      0.1210
      0.0332
      0.0500
      0.1946
      0.6157
      1.4266
      2.3728
      2.8130
      0.0327
      0.0709
      0.2121
      0.5195
      1.0616
      1.8382
      2.5997
      2.8421
      2.3031
      1.3503
      0.5651
      0.1683
      0.0438
      0.0651
      0.2870
      0.9654
      2.2954
      3.8567
      4.5843
      0.0306
      0.0654
      0.1943
      0.4828
      1.0261
      1.8675
      2.7571
      3.1070
      2.5695
      1.5277
      0.6459
      0.1937
      0.0504
      0.0756
      0.3374
      1.1409
      2.7190
      4.5726
      5.4365
