      0.1365
      0.1442
      0.1583
      0.1601
      0.1392
      0.1044
      0.0781
      0.0829
      0.1303
      0.2109
      0.2910
      0.3271
      0.2968
      0.2171
      0.1280
      0.0610
      0.0239
      0.0086
      0.0048
      0.1375
      0.1440
      0.1551
      0.1538
      0.1316
      0.0975
      0.0725
      0.0775
      0.1233
      0.2027
      0.2854
      0.3292
      0.3086
      0.2346
      0.1447
      0.0725
      0.0299
      0.0111
      0.0062
      0.1503
      0.1522
      0.1524
      0.1404
      0.1132
      0.0809
      0.0603
      0.0671
      0.1110
      0.1905
      0.2846
      0.3541
      0.3625
      0.3039
      0.2079
      0.1159
      0.0529
      0.0211
      0.0120
      0.2243
      0.2138
      0.1846
      0.1434
      0.1006
      0.0673
      0.0529
      0.0648
      0.1111
      0.1988
      0.3201
      0.4380
      0.4966
      0.4609
      0.3478
      0.2126
      0.1055
      0.0452
      0.0268
      0.4968
      0.4528
      0.3441
      0.2214
      0.1267
      0.0754
      0.0626
      0.0807
      0.1332
      0.2368
      0.3997
      0.5874
      0.7183
      0.7165
      0.5783
      0.3766
      0.1989
      0.0909
      0.0566
      1.2051
      1.0831
      0.7878
      0.4683
      0.2384
      0.1248
      0.0956
      0.1130
      0.1675
      0.2828
      0.4843
      0.7440
      0.9574
      1.0049
      0.8528
      0.5846
      0.3268
      0.1608
      0.1060
      2.5550
      2.2896
      1.6492
      0.9613
      0.4701
      0.2245
      0.1470
      0.1483
      0.1917
      0.2999
      0.5122
      0.8131
      1.0922
      1.2001
      1.0696
      0.7750
      0.4644
      0.2518
      0.1791
      4.4225
      3.9608
      2.8473
      1.6515
      0.7949
      0.3577
      0.2027
      0.1725
      0.1919
      0.2717
      0.4564
      0.7472
      1.0512
      1.2185
      1.1548
      0.9013
      0.5957
      0.3686
      0.2875
      6.1569
      5.5137
      3.9624
      2.2960
      1.0996
      0.4826
      0.2529
      0.1906
      0.1828
      0.2229
      0.3533
      0.5929
      0.8840
      1.1023
      1.1387
      0.9855
      0.7397
      0.5310
      0.4513
      6.8755
      6.1579
      4.4282
      2.5726
      1.2451
      0.5657
      0.3151
      0.2417
      0.2111
      0.2066
      0.2717
      0.4446
      0.7068
      0.9688
      1.1147
      1.0846
      0.9225
      0.7471
      0.6734
      6.1569
      5.5172
      3.9785
      2.3392
      1.1878
      0.6269
      0.4433
      0.3899
      0.3353
      0.2718
      0.2595
      0.3605
      0.5884
      0.8808
      1.1175
      1.1954
      1.1108
      0.9687
      0.9017
      4.4225
      3.9704
      2.8916
      1.7692
      1.0317
      0.7386
      0.6964
      0.6821
      0.5856
      0.4320
      0.3180
      0.3334
      0.5103
      0.7999
      1.0821
      1.2305
      1.2085
      1.1023
      1.0458
      2.5550
      2.3095
      1.7402
      1.1991
      0.9382
      0.9608
      1.0823
      1.0991
      0.9317
      0.6549
      0.4150
      0.3269
      0.4262
      0.6675
      0.9407
      1.1238
      1.1637
      1.1148
      1.0814
      1.2051
      1.1171
      0.9409
      0.8601
      0.9929
      1.2868
      1.5457
      1.5707
      1.3111
      0.8958
      0.5219
      0.3232
      0.3291
      0.4939
      0.7316
      0.9497
      1.0908
      1.1538
      1.1692
      0.4968
      0.5017
      0.5622
      0.7726
      1.1748
      1.6730
      2.0441
      2.0728
      1.7218
      1.1662
      0.6537
      0.3411
      0.2551
      0.3541
      0.5882
      0.9114
      1.2618
      1.5440
      1.6539
      0.2243
      0.2747
      0.4571
      0.8348
      1.4236
      2.1036
      2.6114
      2.6817
      2.2564
      1.5460
      0.8642
      0.4161
      0.2427
      0.3151
      0.6281
      1.1903
      1.9216
      2.5781
      2.8462
      0.1503
      0.2206
      0.4623
      0.9426
      1.6870
      2.5687
      3.2711
      3.4397
      2.9583
      2.0666
      1.1704
      0.5544
      0.2935
      0.3778
      0.8490
      1.7693
      3.0248
      4.1796
      4.6561
      0.1375
      0.2157
      0.4858
      1.0314
      1.9013
      2.9715
      3.8724
      4.1540
      3.6335
      2.5744
      1.4739
      0.7002
      0.3648
      0.4752
      1.1105
      2.3744
      4.1173
      5.7294
      6.3962
      0.1365
      0.2168
      0.4956
      1.0652
      1.9863
      3.1368
      4.1244
      4.4568
      3.9213
      2.7915
      1.6040
      0.7637
      0.3978
      0.5208
      1.2264
      2.6343
      4.5794
      6.3803
      7.1255
