      0.0015
      0.0035
      0.0087
      0.0118
      0.0087
      0.0036
      0.0011
      0.0007
      0.0011
      0.0035
      0.0083
      0.0112
      0.0081
      0.0032
      0.0007
      0.0001
      0.0000
      0.0000
      0.0000
      0.0021
      0.0045
      0.0100
      0.0124
      0.0084
      0.0032
      0.0009
      0.0005
      0.0009
      0.0029
      0.0074
      0.0106
      0.0084
      0.0036
      0.0009
      0.0001
      0.0000
      0.0000
      0.0000
      0.0027
      0.0052
      0.0099
      0.0106
      0.0062
      0.0020
      0.0005
      0.0002
      0.0004
      0.0016
      0.0047
      0.0081
      0.0079
      0.0043
      0.0013
      0.0002
      0.0000
      0.0000
      0.0000
      0.0025
      0.0038
      0.0060
      0.0055
      0.0028
      0.0008
      0.0001
      0.0001
      0.0001
      0.0007
      0.0031
      0.0081
      0.0121
      0.0104
      0.0051
      0.0014
      0.0002
      0.0000
      0.0000
      0.0139
      0.0109
      0.0057
      0.0024
      0.0008
      0.0002
      0.0000
      0.0000
      0.0001
      0.0010
      0.0065
      0.0233
      0.0456
      0.0484
      0.0279
      0.0087
      0.0015
      0.0001
      0.0000
      0.2155
      0.1585
      0.0631
      0.0136
      0.0016
      0.0001
      0.0000
      0.0000
      0.0002
      0.0019
      0.0141
      0.0571
      0.1241
      0.1456
      0.0923
      0.0316
      0.0059
      0.0008
      0.0003
      1.8895
      1.3887
      0.5507
      0.1174
      0.0134
      0.0008
      0.0001
      0.0001
      0.0002
      0.0022
      0.0176
      0.0779
      0.1857
      0.2389
      0.1662
      0.0631
      0.0153
      0.0077
      0.0087
      8.8634
      6.5142
      2.5831
      0.5507
      0.0627
      0.0038
      0.0002
      0.0001
      0.0002
      0.0013
      0.0119
      0.0576
      0.1509
      0.2140
      0.1667
      0.0805
      0.0597
      0.1064
      0.1407
     22.3523
     16.4280
      6.5142
      1.3887
      0.1582
      0.0096
      0.0005
      0.0002
      0.0002
      0.0005
      0.0044
      0.0238
      0.0714
      0.1226
      0.1349
      0.1626
      0.4003
      0.9158
      1.2307
     30.4131
     22.3523
      8.8634
      1.8895
      0.2154
      0.0138
      0.0026
      0.0032
      0.0026
      0.0012
      0.0014
      0.0086
      0.0412
      0.1268
      0.2696
      0.6081
      1.8379
      4.2833
      5.7650
     22.3523
     16.4280
      6.5142
      1.3890
      0.1605
      0.0205
      0.0287
      0.0399
      0.0303
      0.0125
      0.0034
      0.0090
      0.0636
      0.2603
      0.6591
      1.5713
      4.6709
     10.8068
     14.5327
      8.8634
      6.5142
      2.5833
      0.5533
      0.0821
      0.0871
      0.2012
      0.2657
      0.1906
      0.0739
      0.0160
      0.0115
      0.0799
      0.3547
      0.9529
      2.2619
      6.4621
     14.7424
     19.7826
      1.8895
      1.3889
      0.5530
      0.1347
      0.1084
      0.3510
      0.7711
      0.9520
      0.6433
      0.2355
      0.0468
      0.0112
      0.0560
      0.2649
      0.7516
      1.7799
      4.8631
     10.8868
     14.5600
      0.2155
      0.1598
      0.0767
      0.0909
      0.3031
      0.8623
      1.6423
      1.8582
      1.1759
      0.4059
      0.0757
      0.0098
      0.0214
      0.1069
      0.3210
      0.7626
      1.9897
      4.3514
      5.7926
      0.0139
      0.0159
      0.0548
      0.2337
      0.6668
      1.3665
      2.0654
      2.0583
      1.2081
      0.3945
      0.0700
      0.0071
      0.0046
      0.0232
      0.0743
      0.1814
      0.4613
      0.9891
      1.3105
      0.0025
      0.0146
      0.1054
      0.4265
      1.0104
      1.5919
      1.9215
      1.7365
      1.0138
      0.3447
      0.0653
      0.0068
      0.0008
      0.0030
      0.0135
      0.0611
      0.2354
      0.5691
      0.7691
      0.0027
      0.0176
      0.1200
      0.4537
      1.0259
      1.6981
      2.4770
      2.7946
      1.9603
      0.7747
      0.1671
      0.0194
      0.0013
      0.0015
      0.0214
      0.1842
      0.8606
      2.1684
      2.9500
      0.0021
      0.0124
      0.0794
      0.2989
      0.8149
      2.0973
      4.4667
      5.9749
      4.4808
      1.8287
      0.4022
      0.0473
      0.0031
      0.0033
      0.0525
      0.4609
      2.1619
      5.4519
      7.4180
      0.0015
      0.0083
      0.0514
      0.2039
      0.7147
      2.4246
      5.7966
      8.0041
      6.0547
      2.4785
      0.5459
      0.0643
      0.0042
      0.0044
      0.0714
      0.6270
      2.9414
      7.4177
     10.0927
