      0.0008
      0.0018
      0.0045
      0.0062
      0.0045
      0.0019
      0.0007
      0.0006
      0.0010
      0.0032
      0.0077
      0.0103
      0.0075
      0.0029
      0.0006
      0.0001
      0.0000
      0.0000
      0.0000
      0.0011
      0.0024
      0.0052
      0.0065
      0.0044
      0.0017
      0.0006
      0.0004
      0.0008
      0.0027
      0.0068
      0.0098
      0.0077
      0.0033
      0.0008
      0.0001
      0.0000
      0.0000
      0.0000
      0.0014
      0.0027
      0.0052
      0.0056
      0.0033
      0.0011
      0.0003
      0.0002
      0.0004
      0.0014
      0.0042
      0.0071
      0.0066
      0.0033
      0.0009
      0.0001
      0.0000
      0.0000
      0.0000
      0.0012
      0.0019
      0.0031
      0.0029
      0.0015
      0.0004
      0.0001
      0.0000
      0.0001
      0.0005
      0.0018
      0.0037
      0.0044
      0.0030
      0.0012
      0.0003
      0.0000
      0.0000
      0.0000
      0.0033
      0.0028
      0.0018
      0.0010
      0.0004
      0.0001
      0.0000
      0.0001
      0.0001
      0.0002
      0.0011
      0.0037
      0.0068
      0.0069
      0.0038
      0.0012
      0.0002
      0.0000
      0.0000
      0.0469
      0.0345
      0.0138
      0.0030
      0.0004
      0.0001
      0.0001
      0.0002
      0.0003
      0.0004
      0.0019
      0.0076
      0.0164
      0.0192
      0.0122
      0.0042
      0.0008
      0.0003
      0.0002
      0.4108
      0.3020
      0.1197
      0.0255
      0.0029
      0.0003
      0.0004
      0.0006
      0.0006
      0.0006
      0.0024
      0.0103
      0.0244
      0.0315
      0.0221
      0.0089
      0.0041
      0.0059
      0.0077
      1.9271
      1.4163
      0.5616
      0.1197
      0.0137
      0.0011
      0.0007
      0.0009
      0.0007
      0.0005
      0.0016
      0.0077
      0.0204
      0.0300
      0.0262
      0.0211
      0.0416
      0.0939
      0.1262
      4.8599
      3.5718
      1.4163
      0.3019
      0.0345
      0.0024
      0.0007
      0.0008
      0.0006
      0.0003
      0.0007
      0.0038
      0.0140
      0.0328
      0.0563
      0.1148
      0.3492
      0.8206
      1.1062
      6.6125
      4.8599
      1.9271
      0.4108
      0.0470
      0.0037
      0.0024
      0.0032
      0.0025
      0.0011
      0.0006
      0.0040
      0.0258
      0.0959
      0.2264
      0.5355
      1.6434
      3.8490
      5.1870
      4.8599
      3.5718
      1.4163
      0.3022
      0.0365
      0.0122
      0.0264
      0.0369
      0.0280
      0.0115
      0.0031
      0.0079
      0.0572
      0.2370
      0.6003
      1.4180
      4.1989
      9.7244
     13.0843
      1.9271
      1.4163
      0.5618
      0.1220
      0.0308
      0.0768
      0.1851
      0.2452
      0.1760
      0.0683
      0.0148
      0.0106
      0.0737
      0.3271
      0.8748
      2.0538
      5.8250
     13.2780
     17.8199
      0.4108
      0.3021
      0.1212
      0.0382
      0.0823
      0.3122
      0.7038
      0.8762
      0.5937
      0.2175
      0.0432
      0.0104
      0.0517
      0.2446
      0.6914
      1.6213
      4.3920
      9.8127
     13.1213
      0.0469
      0.0352
      0.0216
      0.0523
      0.2254
      0.7268
      1.4673
      1.6963
      1.0809
      0.3739
      0.0697
      0.0090
      0.0198
      0.0987
      0.2957
      0.6976
      1.8067
      3.9423
      5.2464
      0.0033
      0.0054
      0.0284
      0.1333
      0.4300
      1.0282
      1.7314
      1.8061
      1.0728
      0.3497
      0.0616
      0.0062
      0.0042
      0.0216
      0.0714
      0.1912
      0.5373
      1.1939
      1.5920
      0.0012
      0.0076
      0.0557
      0.2300
      0.5723
      0.9796
      1.2614
      1.1350
      0.6254
      0.1952
      0.0334
      0.0031
      0.0006
      0.0043
      0.0379
      0.2791
      1.2621
      3.1602
      4.2950
      0.0014
      0.0092
      0.0628
      0.2348
      0.5051
      0.7076
      0.7747
      0.6796
      0.4043
      0.1428
      0.0283
      0.0031
      0.0005
      0.0085
      0.1389
      1.2157
      5.6994
     14.3716
     19.5540
      0.0011
      0.0065
      0.0408
      0.1428
      0.3011
      0.4836
      0.7273
      0.8536
      0.6139
      0.2464
      0.0537
      0.0063
      0.0011
      0.0211
      0.3489
      3.0625
     14.3657
     36.2285
     49.2934
      0.0008
      0.0043
      0.0258
      0.0875
      0.1991
      0.4192
      0.8172
      1.0713
      0.8006
      0.3266
      0.0718
      0.0085
      0.0014
      0.0287
      0.4747
      4.1669
     19.5462
     49.2932
     67.0694
