      0.0003
      0.0008
      0.0020
      0.0027
      0.0021
      0.0010
      0.0007
      0.0008
      0.0011
      0.0029
      0.0066
      0.0088
      0.0064
      0.0025
      0.0005
      0.0001
      0.0000
      0.0000
      0.0000
      0.0005
      0.0010
      0.0023
      0.0029
      0.0020
      0.0009
      0.0005
      0.0006
      0.0009
      0.0023
      0.0058
      0.0083
      0.0066
      0.0029
      0.0007
      0.0001
      0.0000
      0.0000
      0.0000
      0.0006
      0.0012
      0.0023
      0.0025
      0.0015
      0.0005
      0.0002
      0.0002
      0.0004
      0.0013
      0.0037
      0.0064
      0.0061
      0.0033
      0.0010
      0.0002
      0.0000
      0.0000
      0.0000
      0.0006
      0.0009
      0.0014
      0.0013
      0.0007
      0.0002
      0.0001
      0.0001
      0.0001
      0.0006
      0.0024
      0.0060
      0.0089
      0.0076
      0.0037
      0.0010
      0.0001
      0.0000
      0.0000
      0.0047
      0.0036
      0.0018
      0.0006
      0.0002
      0.0000
      0.0000
      0.0000
      0.0001
      0.0007
      0.0047
      0.0167
      0.0326
      0.0346
      0.0199
      0.0062
      0.0010
      0.0001
      0.0000
      0.0751
      0.0552
      0.0219
      0.0047
      0.0006
      0.0001
      0.0001
      0.0002
      0.0003
      0.0014
      0.0101
      0.0408
      0.0886
      0.1040
      0.0660
      0.0226
      0.0043
      0.0007
      0.0004
      0.6585
      0.4840
      0.1919
      0.0409
      0.0047
      0.0004
      0.0003
      0.0005
      0.0005
      0.0017
      0.0126
      0.0557
      0.1326
      0.1706
      0.1187
      0.0453
      0.0125
      0.0095
      0.0117
      3.0889
      2.2702
      0.9002
      0.1919
      0.0219
      0.0015
      0.0005
      0.0006
      0.0005
      0.0011
      0.0085
      0.0412
      0.1078
      0.1530
      0.1196
      0.0626
      0.0685
      0.1432
      0.1926
      7.7898
      5.7252
      2.2702
      0.4840
      0.0552
      0.0035
      0.0006
      0.0006
      0.0004
      0.0005
      0.0032
      0.0171
      0.0514
      0.0891
      0.1033
      0.1651
      0.5182
      1.2473
      1.6890
     10.5990
      7.7898
      3.0889
      0.6585
      0.0752
      0.0052
      0.0020
      0.0027
      0.0021
      0.0010
      0.0010
      0.0064
      0.0312
      0.0985
      0.2302
      0.6761
      2.4166
      5.8515
      7.9229
      7.7898
      5.7252
      2.2702
      0.4842
      0.0569
      0.0119
      0.0224
      0.0314
      0.0238
      0.0098
      0.0027
      0.0070
      0.0499
      0.2071
      0.5735
      1.7516
      6.1447
     14.7776
     19.9878
      3.0889
      2.2702
      0.9003
      0.1937
      0.0361
      0.0654
      0.1570
      0.2084
      0.1497
      0.0580
      0.0126
      0.0090
      0.0629
      0.2833
      0.8283
      2.4918
      8.4620
     20.1524
     27.2149
      0.6585
      0.4840
      0.1928
      0.0500
      0.0677
      0.2595
      0.5939
      0.7433
      0.5045
      0.1849
      0.0367
      0.0088
      0.0441
      0.2117
      0.6503
      1.9280
      6.3164
     14.8599
     20.0250
      0.0751
      0.0555
      0.0260
      0.0348
      0.1636
      0.5818
      1.2234
      1.4349
      0.9189
      0.3184
      0.0594
      0.0077
      0.0169
      0.0855
      0.2763
      0.8111
      2.5595
      5.9337
      7.9740
      0.0047
      0.0049
      0.0144
      0.0703
      0.2701
      0.7656
      1.4193
      1.5427
      0.9330
      0.3075
      0.0547
      0.0055
      0.0036
      0.0187
      0.0655
      0.2048
      0.6548
      1.5146
      2.0333
      0.0006
      0.0035
      0.0255
      0.1117
      0.3234
      0.7104
      1.1600
      1.2221
      0.7509
      0.2581
      0.0488
      0.0051
      0.0007
      0.0034
      0.0284
      0.2043
      0.9181
      2.2962
      3.1202
      0.0006
      0.0041
      0.0287
      0.1166
      0.3283
      0.7928
      1.5445
      1.9426
      1.4000
      0.5559
      0.1199
      0.0139
      0.0011
      0.0060
      0.0976
      0.8542
      4.0039
     10.0959
     13.7364
      0.0005
      0.0029
      0.0196
      0.0879
      0.3534
      1.2743
      3.0740
      4.2370
      3.1972
      1.3063
      0.2874
      0.0338
      0.0026
      0.0149
      0.2450
      2.1504
     10.0871
     25.4384
     34.6121
      0.0003
      0.0020
      0.0134
      0.0714
      0.3833
      1.6143
      4.0822
      5.7020
      4.3229
      1.7703
      0.3899
      0.0459
      0.0035
      0.0202
      0.3333
      2.9258
     13.7246
     34.6118
     47.0936
