      0.2301
      0.2309
      0.2301
      0.2219
      0.2056
      0.1912
      0.1974
      0.2421
      0.3290
      0.4388
      0.5319
      0.5672
      0.5257
      0.4220
      0.2943
      0.1808
      0.1023
      0.0604
      0.0477
      0.2483
      0.2471
      0.2410
      0.2264
      0.2049
      0.1871
      0.1912
      0.2337
      0.3178
      0.4253
      0.5188
      0.5582
      0.5235
      0.4264
      0.3022
      0.1887
      0.1080
      0.0637
      0.0501
      0.3263
      0.3172
      0.2913
      0.2531
      0.2121
      0.1823
      0.1797
      0.2163
      0.2933
      0.3949
      0.4895
      0.5401
      0.5236
      0.4438
      0.3288
      0.2145
      0.1269
      0.0755
      0.0589
      0.5377
      0.5101
      0.4372
      0.3431
      0.2560
      0.1976
      0.1804
      0.2076
      0.2749
      0.3687
      0.4645
      0.5304
      0.5389
      0.4827
      0.3795
      0.2626
      0.1633
      0.1001
      0.0789
      1.0018
      0.9371
      0.7694
      0.5620
      0.3796
      0.2606
      0.2123
      0.2228
      0.2770
      0.3607
      0.4568
      0.5386
      0.5749
      0.5457
      0.4562
      0.3359
      0.2222
      0.1443
      0.1171
      1.8343
      1.7060
      1.3757
      0.9722
      0.6222
      0.3927
      0.2847
      0.2644
      0.2981
      0.3674
      0.4605
      0.5566
      0.6215
      0.6232
      0.5530
      0.4342
      0.3087
      0.2167
      0.1833
      3.0395
      2.8214
      2.2609
      1.5777
      0.9850
      0.5911
      0.3907
      0.3215
      0.3250
      0.3737
      0.4591
      0.5663
      0.6607
      0.6998
      0.6605
      0.5561
      0.4289
      0.3287
      0.2910
      4.4063
      4.0876
      3.2691
      2.2713
      1.4035
      0.8199
      0.5100
      0.3812
      0.3481
      0.3713
      0.4442
      0.5586
      0.6827
      0.7673
      0.7747
      0.7037
      0.5915
      0.4932
      0.4547
      5.5203
      5.1210
      4.0955
      2.8456
      1.7574
      1.0220
      0.6234
      0.4441
      0.3767
      0.3722
      0.4270
      0.5425
      0.6938
      0.8292
      0.8972
      0.8784
      0.7986
      0.7141
      0.6786
      5.9529
      5.5248
      4.4264
      3.0908
      1.9325
      1.1532
      0.7300
      0.5313
      0.4391
      0.4040
      0.4312
      0.5356
      0.7041
      0.8867
      1.0198
      1.0640
      1.0294
      0.9684
      0.9397
      5.5203
      5.1296
      4.1305
      2.9245
      1.8927
      1.2131
      0.8511
      0.6728
      0.5652
      0.4909
      0.4729
      0.5453
      0.7105
      0.9232
      1.1111
      1.2167
      1.2324
      1.2019
      1.1829
      4.4063
      4.1067
      3.3466
      2.4462
      1.7031
      1.2422
      1.0112
      0.8821
      0.7600
      0.6321
      0.5469
      0.5618
      0.6952
      0.9094
      1.1290
      1.2841
      1.3502
      1.3557
      1.3497
      3.0395
      2.8529
      2.3890
      1.8668
      1.4794
      1.2852
      1.2103
      1.1359
      0.9924
      0.7977
      0.6296
      0.5674
      0.6439
      0.8312
      1.0582
      1.2511
      1.3703
      1.4217
      1.4337
      1.8343
      1.7500
      1.5550
      1.3761
      1.3108
      1.3556
      1.4159
      1.3823
      1.2103
      0.9475
      0.6967
      0.5541
      0.5646
      0.7117
      0.9373
      1.1718
      1.3610
      1.4781
      1.5170
      1.0018
      0.9911
      0.9892
      1.0567
      1.2214
      1.4343
      1.5861
      1.5749
      1.3758
      1.0576
      0.7405
      0.5318
      0.4864
      0.6033
      0.8438
      1.1473
      1.4426
      1.6576
      1.7364
      0.5377
      0.5698
      0.6802
      0.8904
      1.1876
      1.4967
      1.7003
      1.7013
      1.4853
      1.1323
      0.7717
      0.5188
      0.4395
      0.5521
      0.8405
      1.2544
      1.6997
      2.0475
      2.1797
      0.3263
      0.3787
      0.5418
      0.8188
      1.1782
      1.5339
      1.7658
      1.7779
      1.5576
      1.1881
      0.8028
      0.5246
      0.4323
      0.5645
      0.9272
      1.4775
      2.0949
      2.5909
      2.7819
      0.2483
      0.3082
      0.4908
      0.7923
      1.1754
      1.5514
      1.7993
      1.8220
      1.6048
      1.2294
      0.8318
      0.5409
      0.4471
      0.6051
      1.0373
      1.7045
      2.4644
      3.0807
      3.3191
      0.2301
      0.2917
      0.4786
      0.7857
      1.1746
      1.5564
      1.8099
      1.8373
      1.6223
      1.2458
      0.8442
      0.5494
      0.4563
      0.6260
      1.0866
      1.8002
      2.6158
      3.2789
      3.5357
