      0.0000
      0.0000
      0.0000
      0.0000
      0.0000
      0.0000
      0.0000
      0.0000
      0.0000
      0.0000
      0.0000
      0.0000
      0.0000
      0.0000
      0.0000
      0.0000
      0.0000
      0.0000
      0.0000
      0.0000
      0.0000
      0.0000
      0.0000
      0.0000
      0.0000
      0.0000
      0.0000
      0.0000
      0.0000
      0.0000
      0.0000
      0.0000
      0.0000
      0.0000
      0.0000
      0.0000
      0.0000
      0.0000
      0.0000
      0.0000
      0.0000
      0.0000
      0.0000
      0.0000
      0.0000
      0.0000
      0.0000
      0.0000
      0.0000
      0.0000
      0.0000
      0.0000
      0.0000
      0.0000
      0.0000
      0.0000
      0.0000
      0.0000
      0.0000
      0.0000
      0.0000
      0.0000
      0.0000
      0.0000
      0.0000
      0.0000
      0.0000
      0.0000
      0.0000
      0.0000
      0.0000
      0.0000
      0.0000
      0.0000
      0.0000
      0.0000
      0.0000
      0.0000
      0.0000
      0.0000
      0.0000
      0.0000
      0.0000
      0.0000
      0.0000
      0.0000
      0.0000
      0.0001
      0.0005
      0.0006
      0.0002
      0.0000
      0.0000
      0.0000
      0.0000
      0.0002
      0.0001
      0.0000
      0.0000
      0.0000
      0.0000
      0.0000
      0.0000
      0.0000
      0.0000
      0.0000
      0.0009
      0.0049
      0.0070
      0.0025
      0.0002
      0.0000
      0.0000
      0.0000
      0.0295
      0.0147
      0.0018
      0.0001
      0.0000
      0.0000
      0.0000
      0.0000
      0.0000
      0.0000
      0.0001
      0.0017
      0.0121
      0.0214
      0.0094
      0.0010
      0.0000
      0.0000
      0.0000
      0.9557
      0.4778
      0.0596
      0.0018
      0.0000
      0.0000
      0.0000
      0.0000
      0.0000
      0.0000
      0.0000
      0.0009
      0.0075
      0.0163
      0.0088
      0.0012
      0.0001
      0.0002
      0.0005
      7.6657
      3.8329
      0.4778
      0.0147
      0.0001
      0.0000
      0.0000
      0.0000
      0.0000
      0.0000
      0.0000
      0.0001
      0.0012
      0.0031
      0.0022
      0.0006
      0.0039
      0.0303
      0.0606
     15.3315
      7.6657
      0.9557
      0.0295
      0.0002
      0.0000
      0.0000
      0.0000
      0.0000
      0.0000
      0.0000
      0.0000
      0.0001
      0.0015
      0.0069
      0.0123
      0.1253
      0.9835
      1.9664
      7.6657
      3.8329
      0.4778
      0.0147
      0.0001
      0.0000
      0.0001
      0.0002
      0.0001
      0.0000
      0.0000
      0.0000
      0.0005
      0.0114
      0.0662
      0.1261
      1.0182
      7.8898
     15.7729
      0.9557
      0.4778
      0.0596
      0.0018
      0.0000
      0.0009
      0.0069
      0.0130
      0.0062
      0.0007
      0.0000
      0.0000
      0.0009
      0.0237
      0.1608
      0.3317
      2.0811
     15.7849
     31.5459
      0.0295
      0.0147
      0.0018
      0.0001
      0.0008
      0.0202
      0.1355
      0.2273
      0.0954
      0.0100
      0.0003
      0.0000
      0.0004
      0.0123
      0.0977
      0.2223
      1.0777
      7.8979
     15.7733
      0.0002
      0.0001
      0.0000
      0.0004
      0.0070
      0.1161
      0.6661
      0.9850
      0.3650
      0.0337
      0.0008
      0.0000
      0.0000
      0.0016
      0.0148
      0.0377
      0.1421
      0.9860
      1.9666
      0.0000
      0.0000
      0.0002
      0.0063
      0.0454
      0.2138
      0.8365
      1.0686
      0.3494
      0.0285
      0.0006
      0.0000
      0.0000
      0.0001
      0.0006
      0.0016
      0.0049
      0.0316
      0.0630
      0.0000
      0.0000
      0.0013
      0.0286
      0.1548
      0.2608
      0.3669
      0.4039
      0.1428
      0.0140
      0.0004
      0.0000
      0.0000
      0.0000
      0.0000
      0.0006
      0.0191
      0.1531
      0.3062
      0.0000
      0.0000
      0.0018
      0.0332
      0.1569
      0.3693
      1.7301
      3.6001
      1.9297
      0.2586
      0.0086
      0.0001
      0.0000
      0.0000
      0.0001
      0.0191
      0.6180
      4.9574
      9.9148
      0.0000
      0.0000
      0.0006
      0.0099
      0.0818
      1.5811
     13.3418
     28.6947
     15.4385
      2.0717
      0.0688
      0.0006
      0.0000
      0.0000
      0.0012
      0.1529
      4.9574
     39.7642
     79.5285
      0.0000
      0.0000
      0.0001
      0.0020
      0.0931
      3.0923
     26.6658
     57.3876
     30.8768
      4.1434
      0.1376
      0.0011
      0.0000
      0.0000
      0.0023
      0.3058
      9.9148
     79.5285
    159.0570
