      0.0000
      0.0000
      0.0000
      0.0000
      0.0000
      0.0000
      0.0000
      0.0000
      0.0000
      0.0000
      0.0000
      0.0000
      0.0000
      0.0000
      0.0000
      0.0000
      0.0000
      0.0000
      0.0000
      0.0000
      0.0000
      0.0000
      0.0000
      0.0000
      0.0000
      0.0000
      0.0000
      0.0000
      0.0000
      0.0000
      0.0000
      0.0000
      0.0000
      0.0000
      0.0000
      0.0000
      0.0000
      0.0000
      0.0000
      0.0000
      0.0000
      0.0000
      0.0000
      0.0000
      0.0000
      0.0000
      0.0000
      0.0000
      0.0000
      0.0000
      0.0000
      0.0000
      0.0000
      0.0000
      0.0000
      0.0000
      0.0000
      0.0000
      0.0000
      0.0000
      0.0000
      0.0000
      0.0000
      0.0000
      0.0000
      0.0000
      0.0000
      0.0000
      0.0000
      0.0000
      0.0000
      0.0000
      0.0000
      0.0000
      0.0000
      0.0000
      0.0000
      0.0000
      0.0000
      0.0000
      0.0000
      0.0000
      0.0000
      0.0000
      0.0000
      0.0000
      0.0000
      0.0000
      0.0000
      0.0000
      0.0000
      0.0000
      0.0000
      0.0000
      0.0000
      0.0018
      0.0009
      0.0001
      0.0000
      0.0000
      0.0000
      0.0000
      0.0000
      0.0000
      0.0000
      0.0000
      0.0000
      0.0000
      0.0000
      0.0000
      0.0000
      0.0000
      0.0000
      0.0000
      0.2437
      0.1219
      0.0152
      0.0005
      0.0000
      0.0000
      0.0000
      0.0000
      0.0000
      0.0000
      0.0000
      0.0000
      0.0001
      0.0001
      0.0001
      0.0000
      0.0000
      0.0000
      0.0000
      7.9036
      3.9518
      0.4927
      0.0152
      0.0001
      0.0000
      0.0000
      0.0000
      0.0000
      0.0000
      0.0000
      0.0000
      0.0000
      0.0001
      0.0000
      0.0000
      0.0001
      0.0004
      0.0008
     63.3962
     31.6981
      3.9518
      0.1219
      0.0009
      0.0000
      0.0000
      0.0000
      0.0000
      0.0000
      0.0000
      0.0000
      0.0000
      0.0000
      0.0000
      0.0003
      0.0069
      0.0549
      0.1098
    126.7924
     63.3962
      7.9036
      0.2437
      0.0018
      0.0000
      0.0000
      0.0000
      0.0000
      0.0000
      0.0000
      0.0000
      0.0000
      0.0002
      0.0012
      0.0084
      0.2228
      1.7798
      3.5588
     63.3962
     31.6981
      3.9518
      0.1219
      0.0009
      0.0000
      0.0000
      0.0000
      0.0000
      0.0000
      0.0000
      0.0000
      0.0001
      0.0019
      0.0117
      0.0716
      1.7866
     14.2743
     28.5456
      7.9036
      3.9518
      0.4927
      0.0152
      0.0001
      0.0002
      0.0012
      0.0022
      0.0011
      0.0001
      0.0000
      0.0000
      0.0001
      0.0041
      0.0283
      0.1564
      3.5791
     28.5480
     57.0906
      0.2437
      0.1219
      0.0152
      0.0005
      0.0003
      0.0037
      0.0234
      0.0390
      0.0164
      0.0017
      0.0000
      0.0000
      0.0001
      0.0021
      0.0171
      0.0878
      1.7957
     14.2747
     28.5452
      0.0018
      0.0009
      0.0002
      0.0012
      0.0095
      0.0348
      0.1208
      0.1696
      0.0626
      0.0058
      0.0001
      0.0000
      0.0000
      0.0003
      0.0026
      0.0127
      0.2252
      1.7798
      3.5587
      0.0000
      0.0000
      0.0009
      0.0226
      0.1408
      0.2416
      0.2222
      0.1906
      0.0600
      0.0049
      0.0001
      0.0000
      0.0000
      0.0000
      0.0001
      0.0005
      0.0070
      0.0549
      0.1098
      0.0000
      0.0001
      0.0049
      0.1048
      0.5564
      0.7457
      0.2868
      0.0701
      0.0150
      0.0011
      0.0000
      0.0000
      0.0000
      0.0000
      0.0000
      0.0000
      0.0004
      0.0033
      0.0067
      0.0000
      0.0001
      0.0066
      0.1213
      0.5533
      0.6323
      0.1916
      0.0351
      0.0113
      0.0014
      0.0000
      0.0000
      0.0000
      0.0000
      0.0000
      0.0004
      0.0118
      0.0946
      0.1892
      0.0000
      0.0000
      0.0022
      0.0351
      0.1379
      0.1431
      0.1041
      0.1550
      0.0823
      0.0110
      0.0004
      0.0000
      0.0000
      0.0000
      0.0000
      0.0029
      0.0946
      0.7589
      1.5177
      0.0000
      0.0000
      0.0004
      0.0050
      0.0175
      0.0308
      0.1451
      0.3059
      0.1645
      0.0221
      0.0007
      0.0000
      0.0000
      0.0000
      0.0000
      0.0058
      0.1892
      1.5177
      3.0354
