      0.0000
      0.0000
      0.0000
      0.0000
      0.0000
      0.0000
      0.0000
      0.0000
      0.0000
      0.0000
      0.0000
      0.0000
      0.0000
      0.0000
      0.0000
      0.0000
      0.0000
      0.0000
      0.0000
      0.0000
      0.0000
      0.0000
      0.0000
      0.0000
      0.0000
      0.0000
      0.0000
      0.0000
      0.0000
      0.0000
      0.0000
      0.0000
      0.0000
      0.0000
      0.0000
      0.0000
      0.0000
      0.0000
      0.0000
      0.0000
      0.0000
      0.0000
      0.0000
      0.0000
      0.0000
      0.0000
      0.0000
      0.0000
      0.0000
      0.0000
      0.0000
      0.0000
      0.0000
      0.0000
      0.0000
      0.0000
      0.0000
      0.0000
      0.0000
      0.0000
      0.0000
      0.0000
      0.0000
      0.0000
      0.0000
      0.0000
      0.0000
      0.0000
      0.0000
      0.0000
      0.0000
      0.0000
      0.0000
      0.0000
      0.0000
      0.0000
      0.0000
      0.0000
      0.0000
      0.0000
      0.0000
      0.0000
      0.0000
      0.0000
      0.0000
      0.0000
      0.0000
      0.0001
      0.0004
      0.0005
      0.0001
      0.0000
      0.0000
      0.0000
      0.0000
      0.0018
      0.0009
      0.0001
      0.0000
      0.0000
      0.0000
      0.0000
      0.0000
      0.0000
      0.0000
      0.0000
      0.0007
      0.0042
      0.0060
      0.0022
      0.0002
      0.0000
      0.0000
      0.0000
      0.2357
      0.1179
      0.0147
      0.0005
      0.0000
      0.0000
      0.0000
      0.0000
      0.0000
      0.0000
      0.0001
      0.0015
      0.0104
      0.0183
      0.0081
      0.0009
      0.0000
      0.0000
      0.0000
      7.6442
      3.8221
      0.4765
      0.0147
      0.0001
      0.0000
      0.0000
      0.0000
      0.0000
      0.0000
      0.0000
      0.0007
      0.0064
      0.0139
      0.0075
      0.0010
      0.0001
      0.0004
      0.0008
     61.3152
     30.6576
      3.8221
      0.1179
      0.0009
      0.0000
      0.0000
      0.0000
      0.0000
      0.0000
      0.0000
      0.0001
      0.0010
      0.0027
      0.0019
      0.0006
      0.0063
      0.0504
      0.1007
    122.6304
     61.3152
      7.6442
      0.2357
      0.0018
      0.0000
      0.0000
      0.0000
      0.0000
      0.0000
      0.0000
      0.0000
      0.0001
      0.0009
      0.0039
      0.0110
      0.2051
      1.6329
      3.2656
     61.3152
     30.6576
      3.8221
      0.1179
      0.0009
      0.0000
      0.0000
      0.0001
      0.0001
      0.0000
      0.0000
      0.0000
      0.0003
      0.0064
      0.0373
      0.1039
      1.6523
     13.0988
     26.1941
      7.6442
      3.8221
      0.4765
      0.0147
      0.0001
      0.0005
      0.0038
      0.0073
      0.0035
      0.0004
      0.0000
      0.0000
      0.0005
      0.0132
      0.0905
      0.2523
      3.3297
     26.2008
     52.3883
      0.2357
      0.1179
      0.0147
      0.0005
      0.0004
      0.0113
      0.0758
      0.1272
      0.0534
      0.0056
      0.0001
      0.0000
      0.0002
      0.0069
      0.0549
      0.1577
      1.6857
     13.1035
     26.1943
      0.0018
      0.0009
      0.0001
      0.0001
      0.0033
      0.0639
      0.3722
      0.5510
      0.2042
      0.0188
      0.0004
      0.0000
      0.0000
      0.0009
      0.0083
      0.0253
      0.2145
      1.6344
      3.2657
      0.0000
      0.0000
      0.0001
      0.0019
      0.0158
      0.1048
      0.4624
      0.5975
      0.1956
      0.0160
      0.0003
      0.0000
      0.0000
      0.0000
      0.0003
      0.0010
      0.0069
      0.0513
      0.1024
      0.0000
      0.0000
      0.0004
      0.0088
      0.0485
      0.0970
      0.2036
      0.2572
      0.0974
      0.0102
      0.0003
      0.0000
      0.0000
      0.0000
      0.0000
      0.0004
      0.0139
      0.1114
      0.2228
      0.0000
      0.0000
      0.0006
      0.0102
      0.0514
      0.2202
      1.4469
      3.0705
      1.6485
      0.2210
      0.0073
      0.0001
      0.0000
      0.0000
      0.0001
      0.0138
      0.4489
      3.6007
      7.2014
      0.0000
      0.0000
      0.0002
      0.0032
      0.0494
      1.3317
     11.4026
     24.5343
     13.2003
      1.7714
      0.0588
      0.0005
      0.0000
      0.0000
      0.0008
      0.1110
      3.6007
     28.8820
     57.7641
      0.0000
      0.0000
      0.0000
      0.0010
      0.0770
      2.6418
     22.7994
     49.0679
     26.4004
      3.5427
      0.1177
      0.0010
      0.0000
      0.0000
      0.0017
      0.2221
      7.2014
     57.7641
    115.5282
