      0.0790
      0.0782
      0.0751
      0.0688
      0.0599
      0.0534
      0.0587
      0.0888
      0.1534
      0.2465
      0.3361
      0.3765
      0.3424
      0.2519
      0.1496
      0.0718
      0.0281
      0.0097
      0.0051
      0.0782
      0.0774
      0.0741
      0.0672
      0.0576
      0.0503
      0.0547
      0.0831
      0.1457
      0.2390
      0.3345
      0.3866
      0.3651
      0.2807
      0.1754
      0.0891
      0.0371
      0.0135
      0.0073
      0.0847
      0.0827
      0.0762
      0.0654
      0.0527
      0.0436
      0.0464
      0.0721
      0.1326
      0.2317
      0.3500
      0.4418
      0.4600
      0.3923
      0.2730
      0.1546
      0.0713
      0.0284
      0.0160
      0.1360
      0.1273
      0.1050
      0.0774
      0.0535
      0.0402
      0.0427
      0.0692
      0.1342
      0.2533
      0.4212
      0.5898
      0.6805
      0.6403
      0.4884
      0.3010
      0.1503
      0.0645
      0.0382
      0.3251
      0.2950
      0.2212
      0.1398
      0.0798
      0.0516
      0.0527
      0.0832
      0.1591
      0.3110
      0.5526
      0.8329
      1.0317
      1.0365
      0.8400
      0.5480
      0.2894
      0.1321
      0.0820
      0.8097
      0.7273
      0.5281
      0.3138
      0.1619
      0.0907
      0.0802
      0.1111
      0.1940
      0.3730
      0.6836
      1.0792
      1.4025
      1.4760
      1.2518
      0.8555
      0.4757
      0.2323
      0.1525
      1.7262
      1.5469
      1.1146
      0.6513
      0.3231
      0.1632
      0.1203
      0.1394
      0.2136
      0.3909
      0.7256
      1.1865
      1.6053
      1.7617
      1.5615
      1.1212
      0.6643
      0.3561
      0.2520
      2.9903
      2.6784
      1.9265
      1.1205
      0.5462
      0.2582
      0.1629
      0.1573
      0.2057
      0.3466
      0.6419
      1.0837
      1.5297
      1.7603
      1.6468
      1.2640
      0.8217
      0.5044
      0.3936
      4.1632
      3.7287
      2.6814
      1.5585
      0.7569
      0.3500
      0.2057
      0.1750
      0.1912
      0.2749
      0.4855
      0.8403
      1.2485
      1.5317
      1.5482
      1.3108
      0.9724
      0.7045
      0.6063
      4.6490
      4.1645
      2.9977
      1.7501
      0.8657
      0.4249
      0.2739
      0.2361
      0.2233
      0.2429
      0.3537
      0.5983
      0.9421
      1.2621
      1.4182
      1.3600
      1.1658
      0.9760
      0.9002
      4.1632
      3.7318
      2.6967
      1.6023
      0.8510
      0.5105
      0.4241
      0.4071
      0.3645
      0.3082
      0.3127
      0.4496
      0.7290
      1.0720
      1.3431
      1.4417
      1.3790
      1.2625
      1.2080
      2.9903
      2.6866
      1.9666
      1.2339
      0.7879
      0.6652
      0.7095
      0.7332
      0.6455
      0.4852
      0.3658
      0.3915
      0.5989
      0.9327
      1.2631
      1.4614
      1.4925
      1.4338
      1.3973
      1.7262
      1.5629
      1.1923
      0.8693
      0.7817
      0.9255
      1.1303
      1.1951
      1.0371
      0.7408
      0.4751
      0.3762
      0.4888
      0.7643
      1.0849
      1.3222
      1.4180
      1.4154
      1.4006
      0.8097
      0.7532
      0.6530
      0.6611
      0.8855
      1.2814
      1.6448
      1.7427
      1.4963
      1.0428
      0.6149
      0.3791
      0.3772
      0.5588
      0.8271
      1.0794
      1.2517
      1.3377
      1.3617
      0.3251
      0.3318
      0.3984
      0.6313
      1.1023
      1.7343
      2.2695
      2.4146
      2.0751
      1.4400
      0.8194
      0.4246
      0.2987
      0.3881
      0.6219
      0.9378
      1.2688
      1.5288
      1.6287
      0.1360
      0.1758
      0.3394
      0.7335
      1.4335
      2.3407
      3.1185
      3.3646
      2.9299
      2.0560
      1.1669
      0.5589
      0.2960
      0.3228
      0.5938
      1.0882
      1.7243
      2.2906
      2.5210
      0.0847
      0.1434
      0.3729
      0.9080
      1.8564
      3.1059
      4.2164
      4.6257
      4.0907
      2.9107
      1.6667
      0.7842
      0.3696
      0.3660
      0.7477
      1.5291
      2.5975
      3.5789
      3.9835
      0.0782
      0.1485
      0.4248
      1.0760
      2.2474
      3.8195
      5.2525
      5.8271
      5.2042
      3.7351
      2.1533
      1.0131
      0.4653
      0.4512
      0.9566
      2.0204
      3.4957
      4.8609
      5.4255
      0.0790
      0.1536
      0.4481
      1.1465
      2.4111
      4.1195
      5.6899
      6.3355
      5.6760
      4.0848
      2.3600
      1.1114
      0.5088
      0.4925
      1.0521
      2.2352
      3.8801
      5.4041
      6.0348
