      0.0017
      0.0040
      0.0099
      0.0135
      0.0099
      0.0040
      0.0011
      0.0005
      0.0011
      0.0040
      0.0098
      0.0131
      0.0095
      0.0037
      0.0008
      0.0001
      0.0000
      0.0000
      0.0000
      0.0024
      0.0052
      0.0114
      0.0142
      0.0096
      0.0036
      0.0009
      0.0004
      0.0009
      0.0033
      0.0086
      0.0125
      0.0099
      0.0043
      0.0010
      0.0001
      0.0000
      0.0000
      0.0000
      0.0031
      0.0060
      0.0114
      0.0122
      0.0071
      0.0023
      0.0005
      0.0002
      0.0004
      0.0018
      0.0055
      0.0094
      0.0089
      0.0047
      0.0014
      0.0002
      0.0000
      0.0000
      0.0000
      0.0026
      0.0042
      0.0067
      0.0063
      0.0032
      0.0009
      0.0001
      0.0000
      0.0001
      0.0007
      0.0031
      0.0075
      0.0106
      0.0087
      0.0041
      0.0011
      0.0002
      0.0000
      0.0000
      0.0089
      0.0073
      0.0044
      0.0023
      0.0008
      0.0002
      0.0000
      0.0000
      0.0001
      0.0008
      0.0050
      0.0178
      0.0346
      0.0365
      0.0210
      0.0065
      0.0011
      0.0001
      0.0000
      0.1307
      0.0962
      0.0384
      0.0084
      0.0010
      0.0001
      0.0001
      0.0001
      0.0002
      0.0015
      0.0106
      0.0428
      0.0930
      0.1091
      0.0692
      0.0237
      0.0044
      0.0006
      0.0002
      1.1452
      0.8417
      0.3338
      0.0712
      0.0081
      0.0005
      0.0002
      0.0003
      0.0004
      0.0017
      0.0132
      0.0584
      0.1391
      0.1790
      0.1246
      0.0474
      0.0114
      0.0052
      0.0056
      5.3720
      3.9482
      1.5656
      0.3338
      0.0380
      0.0024
      0.0004
      0.0004
      0.0004
      0.0011
      0.0089
      0.0432
      0.1133
      0.1613
      0.1268
      0.0618
      0.0422
      0.0695
      0.0908
     13.5476
      9.9569
      3.9482
      0.8417
      0.0959
      0.0059
      0.0006
      0.0005
      0.0004
      0.0005
      0.0033
      0.0182
      0.0559
      0.1007
      0.1179
      0.1341
      0.2757
      0.5951
      0.7925
     18.4331
     13.5476
      5.3720
      1.1452
      0.1307
      0.0089
      0.0029
      0.0039
      0.0031
      0.0014
      0.0013
      0.0080
      0.0418
      0.1367
      0.2851
      0.5188
      1.2644
      2.7798
      3.7090
     13.5476
      9.9569
      3.9482
      0.8420
      0.0986
      0.0187
      0.0337
      0.0470
      0.0357
      0.0147
      0.0040
      0.0103
      0.0739
      0.3014
      0.7189
      1.3655
      3.2352
      7.0176
      9.3476
      5.3720
      3.9482
      1.5659
      0.3369
      0.0607
      0.1002
      0.2367
      0.3127
      0.2242
      0.0869
      0.0189
      0.0135
      0.0939
      0.4128
      1.0463
      2.0056
      4.5289
      9.5944
     12.7300
      1.1452
      0.8419
      0.3364
      0.0912
      0.1192
      0.4117
      0.9066
      1.1199
      0.7568
      0.2770
      0.0550
      0.0132
      0.0658
      0.3084
      0.8295
      1.6126
      3.4629
      7.1130
      9.3809
      0.1307
      0.0977
      0.0541
      0.0975
      0.3514
      1.0087
      1.9276
      2.1837
      1.3822
      0.4772
      0.0889
      0.0115
      0.0251
      0.1245
      0.3560
      0.7069
      1.4478
      2.8671
      3.7506
      0.0089
      0.0131
      0.0608
      0.2677
      0.7683
      1.5834
      2.4014
      2.3937
      1.4024
      0.4567
      0.0807
      0.0081
      0.0054
      0.0271
      0.0838
      0.1811
      0.3914
      0.7818
      1.0224
      0.0026
      0.0166
      0.1205
      0.4874
      1.1495
      1.7842
      2.0914
      1.8253
      1.0311
      0.3396
      0.0623
      0.0063
      0.0009
      0.0040
      0.0238
      0.1411
      0.6019
      1.4892
      2.0201
      0.0031
      0.0201
      0.1370
      0.5136
      1.1237
      1.6979
      2.1917
      2.2905
      1.5520
      0.6027
      0.1286
      0.0148
      0.0011
      0.0041
      0.0647
      0.5632
      2.6377
      6.6499
      9.0475
      0.0024
      0.0141
      0.0901
      0.3277
      0.8024
      1.7691
      3.4667
      4.5247
      3.3712
      1.3730
      0.3017
      0.0355
      0.0025
      0.0098
      0.1614
      1.4167
      6.6454
     16.7589
     22.8026
      0.0017
      0.0095
      0.0576
      0.2138
      0.6406
      1.9151
      4.3935
      6.0108
      4.5379
      1.8567
      0.4089
      0.0482
      0.0034
      0.0134
      0.2196
      1.9276
      9.0418
     22.8024
     31.0255
