      0.2121
      0.2293
      0.2629
      0.2764
      0.2489
      0.1929
      0.1412
      0.1223
      0.1464
      0.2030
      0.2619
      0.2859
      0.2559
      0.1856
      0.1088
      0.0516
      0.0202
      0.0074
      0.0042
      0.2130
      0.2278
      0.2557
      0.2634
      0.2332
      0.1783
      0.1294
      0.1123
      0.1364
      0.1927
      0.2541
      0.2847
      0.2628
      0.1978
      0.1209
      0.0602
      0.0247
      0.0092
      0.0053
      0.2228
      0.2302
      0.2405
      0.2313
      0.1938
      0.1423
      0.1015
      0.0901
      0.1155
      0.1733
      0.2442
      0.2954
      0.2973
      0.2460
      0.1665
      0.0920
      0.0417
      0.0167
      0.0096
      0.2881
      0.2798
      0.2534
      0.2090
      0.1546
      0.1052
      0.0752
      0.0729
      0.1029
      0.1676
      0.2587
      0.3464
      0.3875
      0.3562
      0.2669
      0.1625
      0.0808
      0.0351
      0.0212
      0.5514
      0.5067
      0.3945
      0.2638
      0.1572
      0.0927
      0.0679
      0.0742
      0.1106
      0.1867
      0.3071
      0.4455
      0.5410
      0.5376
      0.4337
      0.2837
      0.1523
      0.0728
      0.0476
      1.2632
      1.1373
      0.8315
      0.4982
      0.2542
      0.1279
      0.0878
      0.0943
      0.1324
      0.2158
      0.3628
      0.5528
      0.7098
      0.7462
      0.6376
      0.4448
      0.2598
      0.1411
      0.1021
      2.6404
      2.3667
      1.7056
      0.9935
      0.4814
      0.2198
      0.1304
      0.1214
      0.1500
      0.2270
      0.3806
      0.6009
      0.8086
      0.8958
      0.8135
      0.6145
      0.4039
      0.2609
      0.2124
      4.5567
      4.0809
      2.9328
      1.6979
      0.8094
      0.3505
      0.1818
      0.1426
      0.1515
      0.2067
      0.3402
      0.5554
      0.7879
      0.9315
      0.9189
      0.7779
      0.6011
      0.4716
      0.4262
      6.3398
      5.6772
      4.0784
      2.3588
      1.1202
      0.4759
      0.2309
      0.1613
      0.1479
      0.1734
      0.2681
      0.4502
      0.6837
      0.8853
      0.9807
      0.9618
      0.8844
      0.8144
      0.7882
      7.0791
      6.3400
      4.5575
      2.6430
      1.2686
      0.5588
      0.2913
      0.2108
      0.1784
      0.1689
      0.2153
      0.3522
      0.5764
      0.8346
      1.0533
      1.1884
      1.2481
      1.2672
      1.2711
      6.3398
      5.6811
      4.0960
      2.4044
      1.2095
      0.6170
      0.4123
      0.3487
      0.2939
      0.2339
      0.2177
      0.3012
      0.5073
      0.8068
      1.1278
      1.3981
      1.5841
      1.6886
      1.7222
      4.5567
      4.0923
      2.9833
      1.8259
      1.0546
      0.7281
      0.6554
      0.6217
      0.5235
      0.3808
      0.2762
      0.2888
      0.4550
      0.7556
      1.1203
      1.4625
      1.7225
      1.8799
      1.9324
      2.6404
      2.3916
      1.8145
      1.2624
      0.9807
      0.9652
      1.0381
      1.0175
      0.8415
      0.5814
      0.3638
      0.2862
      0.3837
      0.6342
      0.9719
      1.3129
      1.5902
      1.7675
      1.8284
      1.2632
      1.1816
      1.0222
      0.9572
      1.0817
      1.3257
      1.5061
      1.4642
      1.1830
      0.7897
      0.4530
      0.2800
      0.2937
      0.4642
      0.7371
      1.0487
      1.3361
      1.5417
      1.6170
      0.5514
      0.5717
      0.6715
      0.9193
      1.3151
      1.7358
      1.9815
      1.9037
      1.5184
      0.9986
      0.5486
      0.2850
      0.2204
      0.3215
      0.5560
      0.8932
      1.2745
      1.5903
      1.7149
      0.2881
      0.3599
      0.5940
      1.0130
      1.5728
      2.1212
      2.4375
      2.3574
      1.8979
      1.2602
      0.6897
      0.3294
      0.1976
      0.2686
      0.5427
      1.0311
      1.6657
      2.2353
      2.4680
      0.2228
      0.3156
      0.6068
      1.1088
      1.7738
      2.4458
      2.8789
      2.8580
      2.3621
      1.6069
      0.8946
      0.4207
      0.2279
      0.3070
      0.6970
      1.4525
      2.4815
      3.4275
      3.8178
      0.2130
      0.3115
      0.6201
      1.1575
      1.8921
      2.6779
      3.2430
      3.3089
      2.8021
      1.9455
      1.1002
      0.5205
      0.2777
      0.3798
      0.8983
      1.9225
      3.3333
      4.6380
      5.1776
      0.2121
      0.3111
      0.6223
      1.1694
      1.9303
      2.7652
      3.3903
      3.4980
      2.9896
      2.0909
      1.1891
      0.5645
      0.3014
      0.4150
      0.9895
      2.1279
      3.6990
      5.1536
      5.7554
