      0.0742
      0.0994
      0.1511
      0.1783
      0.1536
      0.1010
      0.0596
      0.0411
      0.0372
      0.0429
      0.0539
      0.0583
      0.0476
      0.0280
      0.0116
      0.0034
      0.0007
      0.0001
      0.0000
      0.0791
      0.1026
      0.1491
      0.1696
      0.1414
      0.0902
      0.0516
      0.0349
      0.0317
      0.0374
      0.0483
      0.0539
      0.0455
      0.0278
      0.0121
      0.0037
      0.0008
      0.0001
      0.0000
      0.0827
      0.1007
      0.1330
      0.1391
      0.1075
      0.0635
      0.0336
      0.0216
      0.0200
      0.0251
      0.0350
      0.0422
      0.0387
      0.0259
      0.0125
      0.0043
      0.0011
      0.0002
      0.0001
      0.0743
      0.0837
      0.0973
      0.0915
      0.0643
      0.0348
      0.0173
      0.0115
      0.0114
      0.0150
      0.0219
      0.0290
      0.0300
      0.0230
      0.0128
      0.0052
      0.0016
      0.0004
      0.0002
      0.0864
      0.0832
      0.0722
      0.0530
      0.0316
      0.0163
      0.0105
      0.0105
      0.0117
      0.0127
      0.0158
      0.0218
      0.0260
      0.0238
      0.0161
      0.0082
      0.0037
      0.0021
      0.0018
      0.2378
      0.2036
      0.1288
      0.0617
      0.0246
      0.0128
      0.0144
      0.0192
      0.0202
      0.0174
      0.0165
      0.0218
      0.0294
      0.0315
      0.0259
      0.0183
      0.0147
      0.0152
      0.0162
      0.7516
      0.6330
      0.3783
      0.1614
      0.0529
      0.0229
      0.0254
      0.0321
      0.0306
      0.0227
      0.0180
      0.0232
      0.0348
      0.0440
      0.0479
      0.0543
      0.0721
      0.0961
      0.1078
      1.7801
      1.4974
      0.8909
      0.3759
      0.1179
      0.0414
      0.0353
      0.0394
      0.0340
      0.0225
      0.0161
      0.0220
      0.0400
      0.0668
      0.1072
      0.1818
      0.3068
      0.4461
      0.5100
      2.9925
      2.5169
      1.4969
      0.6305
      0.1943
      0.0589
      0.0382
      0.0373
      0.0295
      0.0179
      0.0127
      0.0224
      0.0551
      0.1236
      0.2603
      0.5311
      0.9799
      1.4754
      1.7017
      3.5579
      2.9925
      1.7799
      0.7500
      0.2315
      0.0698
      0.0440
      0.0421
      0.0332
      0.0201
      0.0145
      0.0304
      0.0899
      0.2327
      0.5428
      1.1820
      2.2596
      3.4594
      4.0095
      2.9925
      2.5173
      1.4991
      0.6380
      0.2133
      0.0959
      0.0937
      0.0998
      0.0814
      0.0492
      0.0285
      0.0442
      0.1316
      0.3566
      0.8607
      1.9193
      3.7259
      5.7531
      6.6858
      1.7801
      1.4995
      0.9030
      0.4147
      0.2091
      0.2062
      0.2641
      0.2794
      0.2201
      0.1271
      0.0601
      0.0557
      0.1474
      0.4063
      0.9972
      2.2452
      4.3846
      6.7945
      7.9056
      0.7516
      0.6418
      0.4249
      0.2991
      0.3458
      0.4994
      0.6266
      0.6143
      0.4539
      0.2474
      0.1031
      0.0587
      0.1211
      0.3351
      0.8343
      1.8884
      3.6920
      5.7243
      6.6620
      0.2378
      0.2292
      0.2579
      0.4182
      0.7138
      1.0145
      1.1429
      1.0094
      0.6858
      0.3498
      0.1337
      0.0524
      0.0734
      0.2008
      0.5133
      1.1806
      2.3233
      3.6103
      4.2040
      0.0864
      0.1355
      0.3296
      0.7280
      1.2391
      1.6016
      1.6013
      1.2571
      0.7726
      0.3643
      0.1293
      0.0398
      0.0352
      0.0995
      0.2916
      0.7514
      1.5779
      2.5221
      2.9592
      0.0743
      0.1594
      0.4633
      1.0169
      1.6273
      1.9284
      1.7362
      1.2193
      0.6771
      0.2949
      0.0985
      0.0269
      0.0201
      0.0813
      0.3372
      1.0722
      2.4903
      4.1472
      4.9183
      0.0827
      0.1788
      0.5062
      1.0599
      1.6019
      1.7763
      1.4851
      0.9690
      0.5078
      0.2145
      0.0715
      0.0202
      0.0242
      0.1402
      0.6663
      2.2445
      5.3373
      8.9684
     10.6607
      0.0791
      0.1645
      0.4435
      0.8851
      1.2747
      1.3517
      1.0945
      0.7116
      0.3866
      0.1749
      0.0632
      0.0204
      0.0361
      0.2278
      1.1003
      3.7289
      8.8888
     14.9502
     17.7755
      0.0742
      0.1509
      0.3961
      0.7704
      1.0833
      1.1287
      0.9126
      0.6089
      0.3484
      0.1673
      0.0636
      0.0218
      0.0424
      0.2701
      1.3063
      4.4293
     10.5605
     17.7631
     21.1205
