      0.0974
      0.1043
      0.1201
      0.1354
      0.1468
      0.1582
      0.1725
      0.1866
      0.1977
      0.2072
      0.2133
      0.2053
      0.1736
      0.1236
      0.0723
      0.0346
      0.0139
      0.0053
      0.0032
      0.0987
      0.1045
      0.1175
      0.1293
      0.1371
      0.1452
      0.1568
      0.1697
      0.1820
      0.1954
      0.2079
      0.2077
      0.1830
      0.1362
      0.0838
      0.0424
      0.0179
      0.0070
      0.0041
      0.1113
      0.1133
      0.1164
      0.1164
      0.1139
      0.1140
      0.1201
      0.1315
      0.1481
      0.1728
      0.2039
      0.2271
      0.2230
      0.1852
      0.1272
      0.0717
      0.0333
      0.0138
      0.0082
      0.1802
      0.1712
      0.1478
      0.1193
      0.0959
      0.0846
      0.0864
      0.0992
      0.1235
      0.1651
      0.2253
      0.2872
      0.3180
      0.2940
      0.2227
      0.1375
      0.0699
      0.0319
      0.0203
      0.4271
      0.3884
      0.2940
      0.1905
      0.1154
      0.0804
      0.0771
      0.0932
      0.1258
      0.1848
      0.2793
      0.3915
      0.4712
      0.4688
      0.3803
      0.2520
      0.1403
      0.0737
      0.0529
      1.0621
      0.9542
      0.6933
      0.4131
      0.2146
      0.1204
      0.0997
      0.1144
      0.1492
      0.2172
      0.3385
      0.4995
      0.6346
      0.6661
      0.5726
      0.4097
      0.2589
      0.1671
      0.1382
      2.2672
      2.0316
      1.4635
      0.8546
      0.4225
      0.2099
      0.1457
      0.1459
      0.1708
      0.2318
      0.3589
      0.5470
      0.7271
      0.8049
      0.7427
      0.5955
      0.4562
      0.3767
      0.3539
      3.9313
      3.5210
      2.5318
      1.4706
      0.7127
      0.3290
      0.1950
      0.1668
      0.1719
      0.2117
      0.3197
      0.5018
      0.7026
      0.8354
      0.8599
      0.8225
      0.8012
      0.8189
      0.8347
      5.4756
      4.9037
      3.5246
      2.0437
      0.9814
      0.4345
      0.2307
      0.1728
      0.1570
      0.1711
      0.2449
      0.3955
      0.5953
      0.7906
      0.9601
      1.1422
      1.3743
      1.6032
      1.7024
      6.1153
      5.4769
      3.9376
      2.2852
      1.1000
      0.4889
      0.2585
      0.1879
      0.1577
      0.1468
      0.1821
      0.2923
      0.4828
      0.7455
      1.0937
      1.5661
      2.1461
      2.6699
      2.8864
      5.4756
      4.9056
      3.5331
      2.0654
      1.0234
      0.5000
      0.3142
      0.2573
      0.2163
      0.1743
      0.1652
      0.2324
      0.4093
      0.7266
      1.2315
      1.9669
      2.8681
      3.6666
      3.9925
      3.9313
      3.5266
      2.5571
      1.5356
      0.8389
      0.5257
      0.4437
      0.4177
      0.3569
      0.2650
      0.1966
      0.2120
      0.3598
      0.6889
      1.2623
      2.1225
      3.1772
      4.1056
      4.4828
      2.2672
      2.0438
      1.5184
      0.9949
      0.6923
      0.6257
      0.6651
      0.6657
      0.5653
      0.4003
      0.2558
      0.2069
      0.3023
      0.5857
      1.1139
      1.9215
      2.9132
      3.7838
      4.1368
      1.0621
      0.9758
      0.7895
      0.6549
      0.6723
      0.8149
      0.9559
      0.9659
      0.8077
      0.5548
      0.3252
      0.2054
      0.2342
      0.4375
      0.8563
      1.5170
      2.3373
      3.0596
      3.3527
      0.4271
      0.4203
      0.4349
      0.5414
      0.7733
      1.0711
      1.2942
      1.3075
      1.0863
      0.7376
      0.4149
      0.2200
      0.1842
      0.3199
      0.6633
      1.2453
      1.9938
      2.6636
      2.9371
      0.1802
      0.2117
      0.3270
      0.5680
      0.9437
      1.3754
      1.6948
      1.7343
      1.4577
      0.9992
      0.5598
      0.2740
      0.1813
      0.2969
      0.6761
      1.3766
      2.3167
      3.1758
      3.5294
      0.1113
      0.1591
      0.3218
      0.6414
      1.1310
      1.7052
      2.1578
      2.2608
      1.9409
      1.3552
      0.7686
      0.3710
      0.2264
      0.3684
      0.8933
      1.9022
      3.2834
      4.5580
      5.0847
      0.0987
      0.1526
      0.3369
      0.7040
      1.2819
      1.9857
      2.5726
      2.7498
      2.4004
      1.6992
      0.9740
      0.4719
      0.2854
      0.4694
      1.1620
      2.5062
      4.3565
      6.0687
      6.7770
      0.0974
      0.1529
      0.3437
      0.7278
      1.3409
      2.0994
      2.7447
      2.9554
      2.5950
      1.8456
      1.0618
      0.5157
      0.3123
      0.5159
      1.2822
      2.7720
      4.8246
      6.7249
      7.5112
