      0.0000
      0.0000
      0.0000
      0.0000
      0.0000
      0.0000
      0.0000
      0.0000
      0.0000
      0.0000
      0.0000
      0.0000
      0.0000
      0.0000
      0.0000
      0.0000
      0.0000
      0.0000
      0.0000
      0.0000
      0.0000
      0.0000
      0.0000
      0.0000
      0.0000
      0.0000
      0.0000
      0.0000
      0.0000
      0.0000
      0.0000
      0.0000
      0.0000
      0.0000
      0.0000
      0.0000
      0.0000
      0.0000
      0.0000
      0.0000
      0.0000
      0.0000
      0.0000
      0.0000
      0.0000
      0.0000
      0.0000
      0.0000
      0.0000
      0.0000
      0.0000
      0.0000
      0.0000
      0.0000
      0.0000
      0.0000
      0.0000
      0.0000
      0.0000
      0.0000
      0.0000
      0.0000
      0.0000
      0.0000
      0.0000
      0.0000
      0.0000
      0.0000
      0.0000
      0.0000
      0.0000
      0.0000
      0.0000
      0.0000
      0.0000
      0.0000
      0.0000
      0.0000
      0.0000
      0.0000
      0.0000
      0.0000
      0.0000
      0.0000
      0.0000
      0.0000
      0.0000
      0.0001
      0.0006
      0.0007
      0.0002
      0.0000
      0.0000
      0.0000
      0.0000
      0.0014
      0.0007
      0.0001
      0.0000
      0.0000
      0.0000
      0.0000
      0.0000
      0.0000
      0.0000
      0.0000
      0.0010
      0.0060
      0.0086
      0.0031
      0.0003
      0.0000
      0.0000
      0.0000
      0.1854
      0.0927
      0.0116
      0.0004
      0.0000
      0.0000
      0.0000
      0.0000
      0.0000
      0.0000
      0.0001
      0.0021
      0.0149
      0.0262
      0.0115
      0.0013
      0.0000
      0.0000
      0.0000
      6.0118
      3.0059
      0.3747
      0.0116
      0.0001
      0.0000
      0.0000
      0.0000
      0.0000
      0.0000
      0.0000
      0.0011
      0.0092
      0.0199
      0.0108
      0.0015
      0.0001
      0.0001
      0.0002
     48.2221
     24.1110
      3.0059
      0.0927
      0.0007
      0.0000
      0.0000
      0.0000
      0.0000
      0.0000
      0.0000
      0.0001
      0.0014
      0.0038
      0.0027
      0.0007
      0.0021
      0.0162
      0.0323
     96.4442
     48.2221
      6.0118
      0.1854
      0.0014
      0.0000
      0.0000
      0.0000
      0.0000
      0.0000
      0.0000
      0.0000
      0.0001
      0.0015
      0.0066
      0.0101
      0.0679
      0.5243
      1.0481
     48.2221
     24.1110
      3.0059
      0.0927
      0.0007
      0.0000
      0.0001
      0.0002
      0.0001
      0.0000
      0.0000
      0.0000
      0.0005
      0.0108
      0.0628
      0.1072
      0.5572
      4.2065
      8.4069
      6.0118
      3.0059
      0.3747
      0.0116
      0.0001
      0.0009
      0.0065
      0.0124
      0.0059
      0.0007
      0.0000
      0.0000
      0.0008
      0.0225
      0.1527
      0.2901
      1.1571
      8.4183
     16.8139
      0.1854
      0.0927
      0.0116
      0.0004
      0.0007
      0.0192
      0.1288
      0.2162
      0.0907
      0.0095
      0.0002
      0.0000
      0.0004
      0.0117
      0.0928
      0.1987
      0.6139
      4.2144
      8.4073
      0.0014
      0.0007
      0.0001
      0.0003
      0.0059
      0.1090
      0.6328
      0.9366
      0.3471
      0.0320
      0.0007
      0.0000
      0.0000
      0.0015
      0.0141
      0.0343
      0.0839
      0.5267
      1.0482
      0.0000
      0.0000
      0.0002
      0.0039
      0.0306
      0.1839
      0.7880
      1.0157
      0.3323
      0.0271
      0.0005
      0.0000
      0.0000
      0.0000
      0.0005
      0.0015
      0.0031
      0.0171
      0.0340
      0.0000
      0.0000
      0.0008
      0.0178
      0.0971
      0.1831
      0.3408
      0.4124
      0.1520
      0.0154
      0.0004
      0.0000
      0.0000
      0.0000
      0.0000
      0.0004
      0.0135
      0.1082
      0.2165
      0.0000
      0.0000
      0.0011
      0.0206
      0.1007
      0.3469
      2.0834
      4.4001
      2.3611
      0.3165
      0.0105
      0.0001
      0.0000
      0.0000
      0.0001
      0.0135
      0.4371
      3.5060
      7.0121
      0.0000
      0.0000
      0.0004
      0.0063
      0.0775
      1.9134
     16.3285
     35.1296
     18.9009
      2.5363
      0.0842
      0.0007
      0.0000
      0.0000
      0.0008
      0.1081
      3.5060
     28.1226
     56.2452
      0.0000
      0.0000
      0.0001
      0.0016
      0.1111
      3.7834
     32.6456
     70.2580
     37.8016
      5.0726
      0.1685
      0.0014
      0.0000
      0.0000
      0.0016
      0.2162
      7.0121
     56.2452
    112.4904
