      0.0464
      0.0618
      0.0936
      0.1110
      0.0984
      0.0716
      0.0533
      0.0479
      0.0503
      0.0617
      0.0796
      0.0870
      0.0714
      0.0421
      0.0176
      0.0052
      0.0011
      0.0002
      0.0000
      0.0493
      0.0637
      0.0924
      0.1056
      0.0906
      0.0637
      0.0459
      0.0405
      0.0428
      0.0540
      0.0719
      0.0816
      0.0698
      0.0432
      0.0192
      0.0061
      0.0014
      0.0002
      0.0001
      0.0517
      0.0628
      0.0827
      0.0869
      0.0688
      0.0444
      0.0293
      0.0248
      0.0271
      0.0374
      0.0557
      0.0710
      0.0691
      0.0496
      0.0260
      0.0099
      0.0027
      0.0006
      0.0002
      0.0493
      0.0547
      0.0622
      0.0579
      0.0413
      0.0240
      0.0146
      0.0124
      0.0152
      0.0254
      0.0468
      0.0736
      0.0881
      0.0774
      0.0494
      0.0227
      0.0075
      0.0019
      0.0007
      0.0752
      0.0699
      0.0558
      0.0378
      0.0216
      0.0115
      0.0083
      0.0093
      0.0134
      0.0258
      0.0570
      0.1073
      0.1505
      0.1520
      0.1096
      0.0565
      0.0214
      0.0070
      0.0038
      0.2511
      0.2135
      0.1319
      0.0602
      0.0221
      0.0102
      0.0109
      0.0150
      0.0198
      0.0342
      0.0782
      0.1600
      0.2436
      0.2656
      0.2068
      0.1174
      0.0541
      0.0288
      0.0239
      0.8167
      0.6875
      0.4100
      0.1738
      0.0551
      0.0201
      0.0192
      0.0242
      0.0272
      0.0390
      0.0868
      0.1869
      0.3027
      0.3527
      0.2997
      0.2022
      0.1421
      0.1354
      0.1419
      1.9396
      1.6314
      0.9704
      0.4086
      0.1257
      0.0385
      0.0273
      0.0297
      0.0286
      0.0337
      0.0711
      0.1610
      0.2804
      0.3602
      0.3640
      0.3568
      0.4338
      0.5791
      0.6558
      3.2613
      2.7430
      1.6312
      0.6862
      0.2089
      0.0578
      0.0319
      0.0303
      0.0258
      0.0241
      0.0450
      0.1091
      0.2163
      0.3392
      0.4809
      0.7489
      1.2658
      1.8923
      2.1892
      3.8776
      3.2613
      1.9396
      0.8167
      0.2509
      0.0743
      0.0469
      0.0467
      0.0389
      0.0275
      0.0316
      0.0761
      0.1871
      0.3920
      0.7691
      1.5372
      2.8937
      4.4588
      5.1880
      3.2613
      2.7433
      1.6333
      0.6948
      0.2342
      0.1139
      0.1230
      0.1376
      0.1154
      0.0718
      0.0451
      0.0742
      0.2063
      0.5151
      1.1596
      2.4954
      4.8185
      7.4736
      8.7067
      1.9396
      1.6331
      0.9807
      0.4463
      0.2282
      0.2491
      0.3494
      0.3901
      0.3172
      0.1865
      0.0896
      0.0842
      0.2172
      0.5753
      1.3532
      2.9630
      5.7364
      8.8918
     10.3554
      0.8167
      0.6938
      0.4455
      0.2910
      0.3411
      0.5553
      0.7793
      0.8269
      0.6420
      0.3603
      0.1527
      0.0875
      0.1777
      0.4776
      1.1478
      2.5246
      4.8703
      7.5243
      8.7531
      0.2511
      0.2307
      0.2230
      0.3338
      0.6187
      1.0106
      1.3082
      1.2927
      0.9499
      0.5090
      0.2003
      0.0793
      0.1080
      0.2865
      0.7048
      1.5651
      3.0175
      4.6508
      5.4052
      0.0752
      0.1039
      0.2290
      0.5216
      0.9792
      1.4574
      1.7148
      1.5723
      1.0953
      0.5651
      0.2131
      0.0668
      0.0520
      0.1325
      0.3558
      0.8535
      1.7194
      2.6993
      3.1520
      0.0493
      0.1033
      0.3037
      0.7036
      1.2454
      1.7292
      1.9237
      1.7082
      1.1796
      0.6133
      0.2343
      0.0675
      0.0298
      0.0782
      0.2898
      0.8759
      1.9901
      3.2856
      3.8878
      0.0517
      0.1132
      0.3316
      0.7467
      1.2971
      1.8170
      2.1066
      1.9919
      1.4729
      0.8169
      0.3303
      0.0974
      0.0359
      0.1085
      0.4961
      1.6589
      3.9338
      6.6030
      7.8467
      0.0493
      0.1048
      0.2981
      0.6676
      1.2030
      1.8337
      2.3682
      2.4682
      1.9617
      1.1440
      0.4791
      0.1446
      0.0537
      0.1709
      0.8052
      2.7259
      6.4961
     10.9248
     12.9890
      0.0464
      0.0968
      0.2718
      0.6125
      1.1416
      1.8401
      2.5121
      2.7246
      2.2190
      1.3129
      0.5548
      0.1684
      0.0630
      0.2020
      0.9546
      3.2350
      7.7125
     12.9724
     15.4242
