      0.0813
      0.1085
      0.1644
      0.1937
      0.1666
      0.1089
      0.0629
      0.0405
      0.0302
      0.0246
      0.0228
      0.0216
      0.0171
      0.0101
      0.0043
      0.0013
      0.0003
      0.0001
      0.0000
      0.0866
      0.1120
      0.1622
      0.1841
      0.1533
      0.0972
      0.0545
      0.0344
      0.0257
      0.0216
      0.0213
      0.0216
      0.0184
      0.0118
      0.0056
      0.0019
      0.0005
      0.0001
      0.0000
      0.0923
      0.1115
      0.1455
      0.1514
      0.1165
      0.0684
      0.0355
      0.0211
      0.0162
      0.0158
      0.0197
      0.0253
      0.0267
      0.0212
      0.0124
      0.0052
      0.0016
      0.0004
      0.0001
      0.1046
      0.1109
      0.1174
      0.1039
      0.0708
      0.0373
      0.0175
      0.0100
      0.0090
      0.0133
      0.0254
      0.0435
      0.0566
      0.0533
      0.0360
      0.0174
      0.0060
      0.0016
      0.0006
      0.2609
      0.2307
      0.1616
      0.0922
      0.0439
      0.0181
      0.0078
      0.0055
      0.0076
      0.0174
      0.0431
      0.0856
      0.1236
      0.1273
      0.0932
      0.0487
      0.0186
      0.0061
      0.0033
      1.0688
      0.9029
      0.5450
      0.2364
      0.0751
      0.0194
      0.0071
      0.0067
      0.0103
      0.0244
      0.0650
      0.1381
      0.2126
      0.2330
      0.1822
      0.1041
      0.0481
      0.0249
      0.0201
      3.5661
      3.0001
      1.7856
      0.7509
      0.2237
      0.0499
      0.0136
      0.0104
      0.0131
      0.0271
      0.0730
      0.1635
      0.2663
      0.3107
      0.2648
      0.1795
      0.1245
      0.1141
      0.1173
      8.4902
      7.1407
      4.2456
      1.7815
      0.5274
      0.1137
      0.0247
      0.0130
      0.0129
      0.0221
      0.0589
      0.1390
      0.2415
      0.3081
      0.3106
      0.3046
      0.3647
      0.4754
      0.5332
     14.2792
     12.0094
      7.1398
      2.9953
      0.8857
      0.1882
      0.0356
      0.0134
      0.0103
      0.0136
      0.0346
      0.0868
      0.1667
      0.2539
      0.3634
      0.5911
      1.0207
      1.5235
      1.7572
     16.9780
     14.2791
      8.4894
      3.5618
      1.0540
      0.2249
      0.0434
      0.0165
      0.0114
      0.0097
      0.0171
      0.0447
      0.1043
      0.2219
      0.4937
      1.1268
      2.2566
      3.5323
      4.1178
     14.2792
     12.0097
      7.1417
      3.0009
      0.8979
      0.2084
      0.0618
      0.0397
      0.0293
      0.0181
      0.0134
      0.0264
      0.0780
      0.2298
      0.6630
      1.7304
      3.6556
      5.8369
      6.8396
      8.4902
      7.1428
      4.2565
      1.8129
      0.5912
      0.2109
      0.1392
      0.1179
      0.0845
      0.0466
      0.0221
      0.0225
      0.0672
      0.2273
      0.7193
      1.9670
      4.2489
      6.8528
      8.0537
      3.5661
      3.0090
      1.8305
      0.8738
      0.4558
      0.3728
      0.3563
      0.2932
      0.1916
      0.0967
      0.0386
      0.0218
      0.0509
      0.1776
      0.5797
      1.6151
      3.5256
      5.7178
      6.7313
      1.0688
      0.9294
      0.6759
      0.5805
      0.6878
      0.8083
      0.7698
      0.5763
      0.3405
      0.1577
      0.0569
      0.0210
      0.0302
      0.1028
      0.3415
      0.9614
      2.1111
      3.4348
      4.0478
      0.2609
      0.2862
      0.4312
      0.7808
      1.2208
      1.4568
      1.3188
      0.9284
      0.5200
      0.2321
      0.0810
      0.0235
      0.0156
      0.0470
      0.1627
      0.4712
      1.0490
      1.7170
      2.0268
      0.1046
      0.1925
      0.5102
      1.0908
      1.7235
      2.0265
      1.8318
      1.3251
      0.7850
      0.3759
      0.1399
      0.0396
      0.0132
      0.0292
      0.1185
      0.3778
      0.8786
      1.4636
      1.7358
      0.0923
      0.1969
      0.5566
      1.1830
      1.8605
      2.2488
      2.2003
      1.8046
      1.2252
      0.6559
      0.2635
      0.0774
      0.0219
      0.0428
      0.1928
      0.6480
      1.5403
      2.5877
      3.0758
      0.0866
      0.1811
      0.4983
      1.0441
      1.6757
      2.1873
      2.4390
      2.3050
      1.7450
      0.9987
      0.4162
      0.1246
      0.0351
      0.0680
      0.3111
      1.0530
      2.5099
      4.2214
      5.0191
      0.0813
      0.1670
      0.4514
      0.9417
      1.5418
      2.1195
      2.5320
      2.5370
      1.9918
      1.1619
      0.4888
      0.1470
      0.0415
      0.0805
      0.3687
      1.2486
      2.9768
      5.0070
      5.9533
