      0.0940
      0.1025
      0.1218
      0.1398
      0.1510
      0.1604
      0.1750
      0.1974
      0.2285
      0.2668
      0.2991
      0.3010
      0.2578
      0.1822
      0.1046
      0.0486
      0.0184
      0.0063
      0.0034
      0.0957
      0.1032
      0.1196
      0.1338
      0.1414
      0.1475
      0.1592
      0.1794
      0.2091
      0.2473
      0.2818
      0.2892
      0.2534
      0.1839
      0.1090
      0.0525
      0.0207
      0.0073
      0.0039
      0.1060
      0.1097
      0.1167
      0.1198
      0.1177
      0.1166
      0.1227
      0.1387
      0.1658
      0.2039
      0.2441
      0.2655
      0.2488
      0.1950
      0.1258
      0.0665
      0.0290
      0.0112
      0.0064
      0.1539
      0.1487
      0.1342
      0.1143
      0.0960
      0.0868
      0.0900
      0.1048
      0.1305
      0.1686
      0.2158
      0.2557
      0.2645
      0.2303
      0.1657
      0.0980
      0.0483
      0.0218
      0.0140
      0.3256
      0.2983
      0.2313
      0.1570
      0.1032
      0.0802
      0.0830
      0.1003
      0.1257
      0.1624
      0.2158
      0.2758
      0.3131
      0.3002
      0.2380
      0.1563
      0.0886
      0.0495
      0.0375
      0.7722
      0.6952
      0.5091
      0.3100
      0.1720
      0.1129
      0.1089
      0.1269
      0.1485
      0.1788
      0.2338
      0.3119
      0.3791
      0.3921
      0.3386
      0.2497
      0.1699
      0.1233
      0.1092
      1.6260
      1.4580
      1.0536
      0.6228
      0.3233
      0.1864
      0.1567
      0.1653
      0.1753
      0.1920
      0.2412
      0.3305
      0.4263
      0.4759
      0.4559
      0.3942
      0.3394
      0.3140
      0.3088
      2.8092
      2.5170
      1.8135
      1.0631
      0.5359
      0.2816
      0.2048
      0.1922
      0.1847
      0.1840
      0.2215
      0.3137
      0.4362
      0.5405
      0.6003
      0.6367
      0.6861
      0.7464
      0.7752
      3.9089
      3.5018
      2.5216
      1.4744
      0.7337
      0.3663
      0.2409
      0.2058
      0.1819
      0.1652
      0.1889
      0.2794
      0.4313
      0.6151
      0.8134
      1.0398
      1.3011
      1.5367
      1.6348
      4.3647
      3.9106
      2.8180
      1.6521
      0.8297
      0.4236
      0.2851
      0.2431
      0.2077
      0.1729
      0.1769
      0.2611
      0.4453
      0.7281
      1.1083
      1.5931
      2.1477
      2.6275
      2.8222
      3.9089
      3.5046
      2.5347
      1.5093
      0.8043
      0.4811
      0.3927
      0.3683
      0.3187
      0.2474
      0.2105
      0.2717
      0.4759
      0.8457
      1.3946
      2.1228
      2.9543
      3.6635
      3.9486
      2.8092
      2.5249
      1.8503
      1.1608
      0.7324
      0.5977
      0.6163
      0.6242
      0.5425
      0.4001
      0.2873
      0.2943
      0.4812
      0.8806
      1.5098
      2.3606
      3.3296
      4.1496
      4.4776
      1.6260
      1.4744
      1.1289
      0.8204
      0.7142
      0.8037
      0.9448
      0.9762
      0.8358
      0.5919
      0.3771
      0.3028
      0.4283
      0.7790
      1.3667
      2.1763
      3.1000
      3.8787
      4.1892
      0.7722
      0.7224
      0.6320
      0.6257
      0.7818
      1.0536
      1.2835
      1.3115
      1.0980
      0.7524
      0.4420
      0.2864
      0.3314
      0.5876
      1.0636
      1.7496
      2.5495
      3.2297
      3.5016
      0.3256
      0.3354
      0.3962
      0.5716
      0.8848
      1.2582
      1.5242
      1.5289
      1.2553
      0.8408
      0.4698
      0.2588
      0.2401
      0.4208
      0.8270
      1.4760
      2.2818
      2.9898
      3.2766
      0.1539
      0.1912
      0.3215
      0.5785
      0.9579
      1.3683
      1.6420
      1.6328
      1.3330
      0.8886
      0.4878
      0.2461
      0.1976
      0.3699
      0.8397
      1.6782
      2.7894
      3.7991
      4.2137
      0.1060
      0.1523
      0.3044
      0.5845
      0.9817
      1.4072
      1.6984
      1.7061
      1.4118
      0.9552
      0.5298
      0.2638
      0.2107
      0.4399
      1.1044
      2.3479
      4.0414
      5.6017
      6.2461
      0.0957
      0.1432
      0.2968
      0.5774
      0.9783
      1.4206
      1.7446
      1.7875
      1.5098
      1.0420
      0.5883
      0.2977
      0.2483
      0.5521
      1.4339
      3.1029
      5.3919
      7.5085
      8.3840
      0.0940
      0.1410
      0.2932
      0.5719
      0.9740
      1.4255
      1.7672
      1.8282
      1.5585
      1.0846
      0.6170
      0.3148
      0.2676
      0.6049
      1.5816
      3.4336
      5.9767
      8.3299
      9.3035
