      0.2379
      0.2518
      0.2915
      0.3525
      0.4295
      0.5144
      0.5945
      0.6547
      0.6851
      0.6827
      0.6472
      0.5776
      0.4758
      0.3545
      0.2357
      0.1399
      0.0767
      0.0437
      0.0339
      0.2485
      0.2599
      0.2930
      0.3443
      0.4100
      0.4838
      0.5546
      0.6093
      0.6389
      0.6406
      0.6131
      0.5535
      0.4621
      0.3494
      0.2361
      0.1426
      0.0795
      0.0459
      0.0358
      0.2940
      0.2978
      0.3095
      0.3309
      0.3637
      0.4063
      0.4524
      0.4926
      0.5203
      0.5323
      0.5250
      0.4916
      0.4275
      0.3379
      0.2396
      0.1528
      0.0905
      0.0556
      0.0446
      0.4205
      0.4088
      0.3793
      0.3461
      0.3235
      0.3188
      0.3302
      0.3510
      0.3754
      0.3993
      0.4164
      0.4161
      0.3878
      0.3298
      0.2536
      0.1781
      0.1194
      0.0844
      0.0730
      0.7050
      0.6659
      0.5649
      0.4412
      0.3335
      0.2632
      0.2318
      0.2303
      0.2493
      0.2820
      0.3204
      0.3515
      0.3602
      0.3383
      0.2915
      0.2363
      0.1899
      0.1613
      0.1521
      1.2246
      1.1417
      0.9278
      0.6640
      0.4303
      0.2694
      0.1839
      0.1556
      0.1654
      0.2013
      0.2543
      0.3116
      0.3566
      0.3774
      0.3746
      0.3604
      0.3485
      0.3437
      0.3430
      1.9858
      1.8432
      1.4753
      1.0223
      0.6209
      0.3431
      0.1908
      0.1300
      0.1263
      0.1597
      0.2205
      0.2994
      0.3837
      0.4619
      0.5317
      0.5987
      0.6643
      0.7168
      0.7375
      2.8551
      2.6467
      2.1096
      1.4495
      0.8664
      0.4639
      0.2420
      0.1478
      0.1281
      0.1539
      0.2165
      0.3148
      0.4454
      0.6043
      0.7896
      0.9964
      1.2023
      1.3611
      1.4216
      3.5664
      3.3059
      2.6352
      1.8135
      1.0914
      0.5971
      0.3266
      0.2090
      0.1744
      0.1874
      0.2445
      0.3580
      0.5411
      0.8035
      1.1470
      1.5531
      1.9632
      2.2784
      2.3978
      3.8431
      3.5649
      2.8505
      1.9803
      1.2242
      0.7161
      0.4449
      0.3257
      0.2792
      0.2708
      0.3090
      0.4255
      0.6556
      1.0261
      1.5446
      2.1766
      2.8210
      3.3163
      3.5037
      3.5664
      3.3146
      2.6715
      1.8980
      1.2425
      0.8210
      0.6087
      0.5130
      0.4547
      0.4100
      0.4073
      0.5026
      0.7536
      1.2034
      1.8634
      2.6838
      3.5255
      4.1729
      4.4178
      2.8551
      2.6656
      2.1876
      1.6302
      1.1863
      0.9327
      0.8252
      0.7677
      0.6906
      0.5903
      0.5214
      0.5639
      0.7928
      1.2598
      1.9756
      2.8796
      3.8114
      4.5286
      4.7998
      1.9858
      1.8736
      1.6003
      1.3088
      1.1213
      1.0650
      1.0733
      1.0502
      0.9421
      0.7715
      0.6196
      0.5846
      0.7482
      1.1595
      1.8235
      2.6758
      3.5580
      4.2374
      4.4943
      1.2246
      1.1831
      1.0964
      1.0459
      1.0870
      1.1999
      1.2984
      1.2906
      1.1428
      0.9027
      0.6718
      0.5557
      0.6305
      0.9337
      1.4614
      2.1527
      2.8723
      3.4271
      3.6369
      0.7050
      0.7145
      0.7615
      0.8806
      1.0766
      1.2950
      1.4391
      1.4258
      1.2409
      0.9511
      0.6665
      0.4886
      0.4797
      0.6617
      1.0222
      1.5096
      2.0217
      2.4175
      2.5673
      0.4205
      0.4590
      0.5808
      0.7901
      1.0602
      1.3185
      1.4679
      1.4385
      1.2316
      0.9224
      0.6183
      0.4091
      0.3411
      0.4231
      0.6378
      0.9445
      1.2724
      1.5275
      1.6243
      0.2940
      0.3449
      0.4966
      0.7368
      1.0233
      1.2784
      1.4125
      1.3688
      1.1580
      0.8548
      0.5573
      0.3417
      0.2425
      0.2603
      0.3770
      0.5613
      0.7647
      0.9250
      0.9862
      0.2485
      0.3026
      0.4607
      0.7028
      0.9812
      1.2198
      1.3373
      1.2864
      1.0818
      0.7937
      0.5109
      0.3000
      0.1888
      0.1748
      0.2409
      0.3618
      0.5011
      0.6130
      0.6560
      0.2379
      0.2924
      0.4505
      0.6901
      0.9625
      1.1931
      1.3040
      1.2514
      1.0507
      0.7699
      0.4941
      0.2863
      0.1724
      0.1493
      0.2007
      0.3030
      0.4237
      0.5216
      0.5594
