      0.0000
      0.0000
      0.0000
      0.0000
      0.0000
      0.0000
      0.0000
      0.0000
      0.0000
      0.0000
      0.0000
      0.0000
      0.0000
      0.0000
      0.0000
      0.0000
      0.0000
      0.0000
      0.0000
      0.0000
      0.0000
      0.0000
      0.0000
      0.0000
      0.0000
      0.0000
      0.0000
      0.0000
      0.0000
      0.0000
      0.0000
      0.0000
      0.0000
      0.0000
      0.0000
      0.0000
      0.0000
      0.0000
      0.0000
      0.0000
      0.0000
      0.0000
      0.0000
      0.0000
      0.0000
      0.0000
      0.0000
      0.0000
      0.0000
      0.0000
      0.0000
      0.0000
      0.0000
      0.0000
      0.0000
      0.0000
      0.0000
      0.0000
      0.0000
      0.0000
      0.0000
      0.0000
      0.0000
      0.0000
      0.0000
      0.0000
      0.0000
      0.0000
      0.0000
      0.0000
      0.0000
      0.0000
      0.0000
      0.0000
      0.0000
      0.0000
      0.0000
      0.0000
      0.0000
      0.0000
      0.0000
      0.0000
      0.0000
      0.0000
      0.0000
      0.0000
      0.0000
      0.0000
      0.0002
      0.0003
      0.0001
      0.0000
      0.0000
      0.0000
      0.0000
      0.0011
      0.0006
      0.0001
      0.0000
      0.0000
      0.0000
      0.0000
      0.0000
      0.0000
      0.0000
      0.0000
      0.0004
      0.0022
      0.0032
      0.0012
      0.0001
      0.0000
      0.0000
      0.0000
      0.1507
      0.0753
      0.0094
      0.0003
      0.0000
      0.0000
      0.0000
      0.0000
      0.0000
      0.0000
      0.0000
      0.0008
      0.0055
      0.0098
      0.0043
      0.0005
      0.0000
      0.0000
      0.0000
      4.8862
      2.4431
      0.3046
      0.0094
      0.0001
      0.0000
      0.0000
      0.0000
      0.0000
      0.0000
      0.0000
      0.0004
      0.0034
      0.0074
      0.0040
      0.0005
      0.0001
      0.0003
      0.0007
     39.1930
     19.5965
      2.4431
      0.0753
      0.0006
      0.0000
      0.0000
      0.0000
      0.0000
      0.0000
      0.0000
      0.0001
      0.0005
      0.0015
      0.0011
      0.0005
      0.0058
      0.0457
      0.0913
     78.3860
     39.1930
      4.8862
      0.1507
      0.0011
      0.0000
      0.0000
      0.0000
      0.0000
      0.0000
      0.0000
      0.0000
      0.0001
      0.0014
      0.0068
      0.0141
      0.1873
      1.4806
      2.9605
     39.1930
     19.5965
      2.4431
      0.0753
      0.0006
      0.0000
      0.0001
      0.0002
      0.0001
      0.0000
      0.0000
      0.0000
      0.0005
      0.0113
      0.0660
      0.1409
      1.5152
     11.8768
     23.7469
      4.8862
      2.4431
      0.3046
      0.0094
      0.0001
      0.0009
      0.0068
      0.0130
      0.0062
      0.0007
      0.0000
      0.0000
      0.0009
      0.0236
      0.1602
      0.3610
      3.0747
     23.7589
     47.4939
      0.1507
      0.0753
      0.0094
      0.0003
      0.0008
      0.0201
      0.1348
      0.2262
      0.0949
      0.0099
      0.0003
      0.0000
      0.0004
      0.0123
      0.0973
      0.2366
      1.5743
     11.8849
     23.7473
      0.0011
      0.0006
      0.0001
      0.0005
      0.0078
      0.1169
      0.6633
      0.9800
      0.3631
      0.0335
      0.0008
      0.0000
      0.0000
      0.0016
      0.0147
      0.0395
      0.2039
      1.4830
      2.9607
      0.0000
      0.0000
      0.0003
      0.0083
      0.0579
      0.2323
      0.8395
      1.0634
      0.3474
      0.0283
      0.0006
      0.0000
      0.0000
      0.0001
      0.0006
      0.0017
      0.0068
      0.0466
      0.0928
      0.0000
      0.0000
      0.0018
      0.0380
      0.2046
      0.3234
      0.3596
      0.3443
      0.1102
      0.0096
      0.0002
      0.0000
      0.0000
      0.0000
      0.0000
      0.0004
      0.0125
      0.1006
      0.2011
      0.0000
      0.0000
      0.0024
      0.0440
      0.2035
      0.3213
      0.8434
      1.6582
      0.8843
      0.1183
      0.0039
      0.0000
      0.0000
      0.0000
      0.0001
      0.0125
      0.4051
      3.2494
      6.4988
      0.0000
      0.0000
      0.0008
      0.0129
      0.0702
      0.7545
      6.1034
     13.1102
      7.0533
      0.9465
      0.0314
      0.0003
      0.0000
      0.0000
      0.0008
      0.1002
      3.2494
     26.0639
     52.1277
      0.0000
      0.0000
      0.0001
      0.0021
      0.0466
      1.4162
     12.1833
     26.2183
     14.1065
      1.8930
      0.0629
      0.0005
      0.0000
      0.0000
      0.0015
      0.2004
      6.4988
     52.1277
    104.2554
