      0.6066
      0.6128
      0.6195
      0.6026
      0.5499
      0.4761
      0.4174
      0.4100
      0.4679
      0.5705
      0.6687
      0.7084
      0.6599
      0.5344
      0.3745
      0.2269
      0.1202
      0.0602
      0.0415
      0.5915
      0.5960
      0.5987
      0.5778
      0.5231
      0.4498
      0.3931
      0.3883
      0.4493
      0.5576
      0.6657
      0.7189
      0.6837
      0.5665
      0.4071
      0.2536
      0.1386
      0.0721
      0.0509
      0.5484
      0.5485
      0.5409
      0.5099
      0.4507
      0.3800
      0.3301
      0.3330
      0.4038
      0.5289
      0.6662
      0.7588
      0.7622
      0.6684
      0.5097
      0.3381
      0.1978
      0.1111
      0.0823
      0.4869
      0.4813
      0.4604
      0.4173
      0.3546
      0.2899
      0.2513
      0.2667
      0.3529
      0.5047
      0.6871
      0.8403
      0.9031
      0.8460
      0.6887
      0.4881
      0.3066
      0.1862
      0.1449
      0.4288
      0.4171
      0.3822
      0.3272
      0.2625
      0.2059
      0.1803
      0.2095
      0.3129
      0.4948
      0.7291
      0.9540
      1.0902
      1.0823
      0.9327
      0.7013
      0.4709
      0.3089
      0.2515
      0.4024
      0.3841
      0.3342
      0.2662
      0.1977
      0.1470
      0.1315
      0.1705
      0.2853
      0.4893
      0.7671
      1.0588
      1.2716
      1.3255
      1.2017
      0.9565
      0.6886
      0.4902
      0.4181
      0.4256
      0.4002
      0.3334
      0.2488
      0.1721
      0.1218
      0.1102
      0.1508
      0.2643
      0.4710
      0.7676
      1.1031
      1.3824
      1.5088
      1.4412
      1.2220
      0.9526
      0.7416
      0.6629
      0.4895
      0.4569
      0.3732
      0.2715
      0.1848
      0.1324
      0.1207
      0.1554
      0.2530
      0.4377
      0.7188
      1.0631
      1.3873
      1.5912
      1.6141
      1.4737
      1.2567
      1.0714
      0.9997
      0.5570
      0.5202
      0.4270
      0.3179
      0.2311
      0.1847
      0.1772
      0.2038
      0.2740
      0.4133
      0.6454
      0.9617
      1.3034
      1.5800
      1.7171
      1.7014
      1.5883
      1.4680
      1.4180
      0.5858
      0.5513
      0.4666
      0.3748
      0.3142
      0.2964
      0.3078
      0.3300
      0.3640
      0.4383
      0.5936
      0.8498
      1.1797
      1.5108
      1.7616
      1.8881
      1.9058
      1.8743
      1.8553
      0.5570
      0.5344
      0.4845
      0.4472
      0.4522
      0.4965
      0.5472
      0.5690
      0.5563
      0.5458
      0.5996
      0.7680
      1.0543
      1.4060
      1.7401
      1.9874
      2.1263
      2.1816
      2.1938
      0.4895
      0.4889
      0.5020
      0.5585
      0.6706
      0.8099
      0.9164
      0.9356
      0.8598
      0.7415
      0.6702
      0.7250
      0.9337
      1.2599
      1.6223
      1.9369
      2.1546
      2.2713
      2.3064
      0.4256
      0.4549
      0.5526
      0.7330
      0.9820
      1.2371
      1.4048
      1.4114
      1.2525
      1.0050
      0.7888
      0.7086
      0.8087
      1.0620
      1.3910
      1.7074
      1.9481
      2.0898
      2.1353
      0.4024
      0.4649
      0.6564
      0.9728
      1.3693
      1.7449
      1.9704
      1.9538
      1.6985
      1.3092
      0.9378
      0.7110
      0.6824
      0.8287
      1.0770
      1.3423
      1.5590
      1.6938
      1.7387
      0.4288
      0.5230
      0.8038
      1.2497
      1.7870
      2.2780
      2.5594
      2.5207
      2.1714
      1.6421
      1.1162
      0.7412
      0.5782
      0.6053
      0.7530
      0.9427
      1.1117
      1.2230
      1.2613
      0.4869
      0.6071
      0.9619
      1.5172
      2.1781
      2.7780
      3.1224
      3.0790
      2.6550
      2.0007
      1.3291
      0.8121
      0.5215
      0.4371
      0.4911
      0.6089
      0.7309
      0.8180
      0.8492
      0.5484
      0.6868
      1.0945
      1.7320
      2.4929
      3.1918
      3.6075
      3.5820
      3.1111
      2.3563
      1.5581
      0.9155
      0.5154
      0.3413
      0.3245
      0.3907
      0.4805
      0.5517
      0.5784
      0.5915
      0.7403
      1.1790
      1.8674
      2.6960
      3.4692
      3.9468
      3.9480
      3.4548
      2.6335
      1.7450
      1.0118
      0.5353
      0.3026
      0.2434
      0.2813
      0.3552
      0.4195
      0.4445
      0.6066
      0.7587
      1.2075
      1.9132
      2.7662
      3.5675
      4.0702
      4.0840
      3.5848
      2.7400
      1.8183
      1.0515
      0.5472
      0.2940
      0.2208
      0.2501
      0.3195
      0.3823
      0.4070
