      0.0008
      0.0020
      0.0050
      0.0068
      0.0050
      0.0021
      0.0008
      0.0006
      0.0014
      0.0049
      0.0117
      0.0157
      0.0114
      0.0045
      0.0009
      0.0001
      0.0000
      0.0000
      0.0000
      0.0012
      0.0026
      0.0057
      0.0071
      0.0048
      0.0019
      0.0006
      0.0005
      0.0011
      0.0040
      0.0103
      0.0150
      0.0118
      0.0051
      0.0012
      0.0002
      0.0000
      0.0000
      0.0000
      0.0016
      0.0030
      0.0057
      0.0061
      0.0036
      0.0012
      0.0003
      0.0002
      0.0005
      0.0022
      0.0065
      0.0111
      0.0105
      0.0055
      0.0016
      0.0003
      0.0000
      0.0000
      0.0000
      0.0014
      0.0022
      0.0034
      0.0032
      0.0016
      0.0005
      0.0001
      0.0000
      0.0001
      0.0009
      0.0035
      0.0084
      0.0117
      0.0094
      0.0044
      0.0011
      0.0002
      0.0000
      0.0000
      0.0061
      0.0049
      0.0027
      0.0012
      0.0004
      0.0001
      0.0000
      0.0000
      0.0001
      0.0008
      0.0053
      0.0187
      0.0363
      0.0383
      0.0220
      0.0068
      0.0011
      0.0001
      0.0000
      0.0933
      0.0686
      0.0273
      0.0059
      0.0007
      0.0001
      0.0001
      0.0001
      0.0002
      0.0015
      0.0111
      0.0447
      0.0972
      0.1140
      0.0723
      0.0247
      0.0046
      0.0006
      0.0003
      0.8176
      0.6009
      0.2383
      0.0508
      0.0058
      0.0004
      0.0002
      0.0003
      0.0004
      0.0018
      0.0138
      0.0610
      0.1454
      0.1871
      0.1302
      0.0495
      0.0123
      0.0068
      0.0079
      3.8353
      2.8188
      1.1177
      0.2383
      0.0272
      0.0018
      0.0004
      0.0005
      0.0004
      0.0012
      0.0093
      0.0452
      0.1185
      0.1689
      0.1330
      0.0662
      0.0528
      0.0967
      0.1283
      9.6722
      7.1087
      2.8188
      0.6009
      0.0685
      0.0043
      0.0005
      0.0005
      0.0004
      0.0005
      0.0035
      0.0192
      0.0595
      0.1086
      0.1303
      0.1603
      0.3712
      0.8369
      1.1237
     13.1603
      9.6722
      3.8353
      0.8176
      0.0934
      0.0068
      0.0033
      0.0047
      0.0037
      0.0017
      0.0014
      0.0090
      0.0483
      0.1601
      0.3390
      0.6549
      1.7321
      3.9264
      5.2699
      9.6722
      7.1087
      2.8188
      0.6013
      0.0717
      0.0195
      0.0402
      0.0563
      0.0428
      0.0176
      0.0047
      0.0123
      0.0883
      0.3606
      0.8691
      1.7447
      4.4558
      9.9349
     13.2998
      3.8353
      2.8188
      1.1180
      0.2415
      0.0530
      0.1170
      0.2820
      0.3741
      0.2686
      0.1042
      0.0226
      0.0162
      0.1125
      0.4953
      1.2699
      2.5668
      6.2400
     13.5953
     18.1268
      0.8176
      0.6011
      0.2401
      0.0684
      0.1223
      0.4701
      1.0693
      1.3353
      0.9056
      0.3319
      0.0659
      0.0159
      0.0788
      0.3704
      1.0077
      2.0587
      4.7582
     10.0768
     13.3616
      0.0933
      0.0694
      0.0365
      0.0687
      0.3143
      1.0709
      2.2135
      2.5804
      1.6490
      0.5710
      0.1065
      0.0137
      0.0301
      0.1496
      0.4323
      0.8984
      1.9785
      4.0535
      5.3364
      0.0061
      0.0079
      0.0327
      0.1580
      0.5554
      1.4537
      2.5842
      2.7604
      1.6566
      0.5434
      0.0962
      0.0097
      0.0065
      0.0326
      0.1015
      0.2267
      0.5146
      1.0522
      1.3821
      0.0014
      0.0084
      0.0619
      0.2624
      0.7000
      1.3587
      1.9985
      1.9767
      1.1654
      0.3868
      0.0707
      0.0071
      0.0011
      0.0047
      0.0272
      0.1577
      0.6678
      1.6496
      2.2371
      0.0016
      0.0101
      0.0697
      0.2701
      0.6574
      1.2479
      2.0286
      2.3528
      1.6370
      0.6377
      0.1358
      0.0156
      0.0011
      0.0045
      0.0707
      0.6155
      2.8821
      7.2657
      9.8854
      0.0012
      0.0071
      0.0462
      0.1807
      0.5448
      1.5632
      3.4780
      4.6940
      3.5215
      1.4358
      0.3155
      0.0371
      0.0027
      0.0107
      0.1763
      1.5476
      7.2595
     18.3075
     24.9096
      0.0008
      0.0048
      0.0302
      0.1278
      0.5057
      1.8506
      4.5178
      6.2636
      4.7409
      1.9406
      0.4274
      0.0503
      0.0036
      0.0146
      0.2399
      2.1057
      9.8773
     24.9094
     33.8923
