      0.0004
      0.0009
      0.0023
      0.0031
      0.0023
      0.0010
      0.0005
      0.0005
      0.0009
      0.0027
      0.0065
      0.0087
      0.0063
      0.0025
      0.0005
      0.0001
      0.0000
      0.0000
      0.0000
      0.0006
      0.0012
      0.0027
      0.0033
      0.0022
      0.0009
      0.0004
      0.0004
      0.0007
      0.0023
      0.0057
      0.0083
      0.0066
      0.0029
      0.0007
      0.0001
      0.0000
      0.0000
      0.0000
      0.0007
      0.0014
      0.0026
      0.0028
      0.0017
      0.0006
      0.0002
      0.0001
      0.0003
      0.0013
      0.0038
      0.0069
      0.0070
      0.0041
      0.0014
      0.0003
      0.0000
      0.0000
      0.0000
      0.0010
      0.0013
      0.0017
      0.0015
      0.0007
      0.0002
      0.0001
      0.0000
      0.0001
      0.0008
      0.0037
      0.0107
      0.0174
      0.0159
      0.0081
      0.0022
      0.0003
      0.0000
      0.0000
      0.0151
      0.0113
      0.0048
      0.0013
      0.0003
      0.0001
      0.0000
      0.0000
      0.0002
      0.0016
      0.0107
      0.0389
      0.0767
      0.0819
      0.0473
      0.0147
      0.0025
      0.0002
      0.0000
      0.2461
      0.1809
      0.0718
      0.0154
      0.0018
      0.0001
      0.0001
      0.0001
      0.0003
      0.0033
      0.0240
      0.0971
      0.2111
      0.2478
      0.1571
      0.0537
      0.0099
      0.0011
      0.0003
      2.1596
      1.5872
      0.6294
      0.1342
      0.0153
      0.0010
      0.0002
      0.0003
      0.0005
      0.0037
      0.0300
      0.1326
      0.3160
      0.4065
      0.2825
      0.1064
      0.0233
      0.0071
      0.0068
     10.1304
      7.4454
      2.9523
      0.6294
      0.0717
      0.0044
      0.0004
      0.0004
      0.0004
      0.0023
      0.0202
      0.0980
      0.2562
      0.3619
      0.2780
      0.1226
      0.0584
      0.0830
      0.1085
     25.5477
     18.7765
      7.4454
      1.5872
      0.1809
      0.0111
      0.0007
      0.0004
      0.0003
      0.0008
      0.0074
      0.0397
      0.1161
      0.1886
      0.1812
      0.1567
      0.3118
      0.7047
      0.9491
     34.7608
     25.5477
     10.1304
      2.1596
      0.2462
      0.0155
      0.0023
      0.0026
      0.0021
      0.0010
      0.0018
      0.0112
      0.0463
      0.1222
      0.2282
      0.4715
      1.4082
      3.3007
      4.4513
     25.5477
     18.7765
      7.4454
      1.5874
      0.1826
      0.0194
      0.0225
      0.0312
      0.0237
      0.0097
      0.0027
      0.0075
      0.0514
      0.2056
      0.5124
      1.2070
      3.5927
      8.3426
     11.2320
     10.1304
      7.4454
      2.9525
      0.6312
      0.0859
      0.0680
      0.1560
      0.2069
      0.1486
      0.0576
      0.0125
      0.0090
      0.0625
      0.2766
      0.7400
      1.7469
      4.9872
     11.3954
     15.3007
      2.1596
      1.5873
      0.6303
      0.1435
      0.0786
      0.2593
      0.5906
      0.7385
      0.5011
      0.1837
      0.0365
      0.0088
      0.0437
      0.2066
      0.5849
      1.3795
      3.7613
      8.4229
     11.2677
      0.2461
      0.1813
      0.0762
      0.0472
      0.1684
      0.5846
      1.2214
      1.4297
      0.9152
      0.3172
      0.0592
      0.0076
      0.0167
      0.0834
      0.2501
      0.5928
      1.5438
      3.3757
      4.4942
      0.0151
      0.0126
      0.0190
      0.0777
      0.2871
      0.7944
      1.4615
      1.5921
      0.9697
      0.3228
      0.0581
      0.0059
      0.0036
      0.0182
      0.0591
      0.1509
      0.4040
      0.8829
      1.1739
      0.0010
      0.0042
      0.0291
      0.1277
      0.3777
      0.8722
      1.5212
      1.7113
      1.1198
      0.4092
      0.0821
      0.0090
      0.0009
      0.0029
      0.0204
      0.1341
      0.5890
      1.4663
      1.9911
      0.0007
      0.0047
      0.0333
      0.1448
      0.4846
      1.4468
      3.1903
      4.2385
      3.1406
      1.2689
      0.2770
      0.0324
      0.0022
      0.0040
      0.0629
      0.5493
      2.5741
      6.4901
      8.8302
      0.0006
      0.0034
      0.0242
      0.1322
      0.6944
      2.8678
      7.1949
     10.0207
      7.5874
      3.1049
      0.6836
      0.0805
      0.0053
      0.0097
      0.1575
      1.3825
      6.4850
     16.3543
     22.2521
      0.0004
      0.0023
      0.0178
      0.1252
      0.8349
      3.7699
      9.6824
     13.5697
     10.2961
      4.2175
      0.9291
      0.1094
      0.0072
      0.0132
      0.2143
      1.8810
      8.8235
     22.2519
     30.2764
