      0.0007
      0.0016
      0.0040
      0.0054
      0.0040
      0.0018
      0.0008
      0.0008
      0.0010
      0.0023
      0.0053
      0.0070
      0.0051
      0.0020
      0.0004
      0.0000
      0.0000
      0.0000
      0.0000
      0.0010
      0.0021
      0.0046
      0.0057
      0.0039
      0.0016
      0.0007
      0.0006
      0.0008
      0.0019
      0.0047
      0.0067
      0.0054
      0.0024
      0.0006
      0.0001
      0.0000
      0.0000
      0.0000
      0.0013
      0.0024
      0.0046
      0.0049
      0.0029
      0.0010
      0.0003
      0.0002
      0.0003
      0.0011
      0.0033
      0.0061
      0.0066
      0.0042
      0.0015
      0.0003
      0.0000
      0.0000
      0.0000
      0.0013
      0.0019
      0.0028
      0.0026
      0.0013
      0.0004
      0.0001
      0.0001
      0.0001
      0.0009
      0.0046
      0.0140
      0.0238
      0.0224
      0.0115
      0.0032
      0.0005
      0.0000
      0.0000
      0.0117
      0.0089
      0.0042
      0.0014
      0.0004
      0.0001
      0.0000
      0.0000
      0.0002
      0.0023
      0.0155
      0.0567
      0.1122
      0.1200
      0.0694
      0.0216
      0.0036
      0.0003
      0.0000
      0.1879
      0.1382
      0.0549
      0.0118
      0.0014
      0.0001
      0.0000
      0.0000
      0.0003
      0.0047
      0.0353
      0.1426
      0.3101
      0.3641
      0.2309
      0.0790
      0.0146
      0.0017
      0.0005
      1.6489
      1.2119
      0.4806
      0.1025
      0.0117
      0.0007
      0.0000
      0.0000
      0.0004
      0.0053
      0.0440
      0.1949
      0.4644
      0.5972
      0.4150
      0.1563
      0.0347
      0.0117
      0.0116
      7.7348
      5.6848
      2.2542
      0.4806
      0.0548
      0.0033
      0.0001
      0.0000
      0.0002
      0.0033
      0.0296
      0.1440
      0.3761
      0.5306
      0.4067
      0.1800
      0.0927
      0.1413
      0.1859
     19.5063
     14.3363
      5.6848
      1.2119
      0.1381
      0.0084
      0.0003
      0.0001
      0.0001
      0.0011
      0.0108
      0.0579
      0.1677
      0.2668
      0.2482
      0.2248
      0.5154
      1.2036
      1.6264
     26.5408
     19.5063
      7.7348
      1.6489
      0.1880
      0.0118
      0.0017
      0.0020
      0.0016
      0.0009
      0.0024
      0.0146
      0.0548
      0.1300
      0.2412
      0.6493
      2.3224
      5.6315
      7.6250
     19.5063
     14.3363
      5.6848
      1.2121
      0.1395
      0.0152
      0.0181
      0.0251
      0.0191
      0.0079
      0.0023
      0.0067
      0.0437
      0.1745
      0.4912
      1.6141
      5.8721
     14.2083
     19.2289
      7.7348
      5.6848
      2.2543
      0.4821
      0.0666
      0.0553
      0.1263
      0.1670
      0.1198
      0.0465
      0.0101
      0.0073
      0.0507
      0.2293
      0.6961
      2.2728
      8.0608
     19.3607
     26.1725
      1.6489
      1.2120
      0.4817
      0.1120
      0.0679
      0.2162
      0.4815
      0.5976
      0.4045
      0.1481
      0.0294
      0.0071
      0.0353
      0.1709
      0.5438
      1.7453
      5.9981
     14.2641
     19.2505
      0.1879
      0.1388
      0.0615
      0.0512
      0.1692
      0.5153
      1.0173
      1.1676
      0.7430
      0.2572
      0.0480
      0.0062
      0.0135
      0.0689
      0.2301
      0.7280
      2.4171
      5.6774
      7.6446
      0.0117
      0.0113
      0.0273
      0.1138
      0.3491
      0.7959
      1.3137
      1.3789
      0.8360
      0.2806
      0.0513
      0.0053
      0.0030
      0.0150
      0.0526
      0.1656
      0.5319
      1.2317
      1.6538
      0.0013
      0.0069
      0.0494
      0.2068
      0.5467
      1.0945
      1.7699
      1.9864
      1.3354
      0.5044
      0.1046
      0.0118
      0.0010
      0.0018
      0.0077
      0.0314
      0.1152
      0.2752
      0.3712
      0.0013
      0.0082
      0.0573
      0.2404
      0.7490
      2.1051
      4.5638
      6.0767
      4.5279
      1.8387
      0.4029
      0.0473
      0.0030
      0.0006
      0.0065
      0.0551
      0.2562
      0.6450
      0.8774
      0.0010
      0.0059
      0.0411
      0.2125
      1.0504
      4.2328
     10.5635
     14.7043
     11.1369
      4.5590
      1.0040
      0.1182
      0.0074
      0.0012
      0.0155
      0.1357
      0.6366
      1.6055
      2.1845
      0.0007
      0.0040
      0.0296
      0.1951
      1.2452
      5.5549
     14.2324
     19.9388
     15.1285
      6.1971
      1.3653
      0.1608
      0.0101
      0.0016
      0.0210
      0.1846
      0.8661
      2.1841
      2.9718
