      0.0501
      0.0486
      0.0468
      0.0514
      0.0691
      0.1011
      0.1425
      0.1869
      0.2346
      0.2873
      0.3330
      0.3442
      0.3021
      0.2189
      0.1293
      0.0621
      0.0246
      0.0089
      0.0050
      0.0512
      0.0496
      0.0474
      0.0507
      0.0653
      0.0928
      0.1291
      0.1697
      0.2163
      0.2723
      0.3266
      0.3505
      0.3205
      0.2432
      0.1512
      0.0768
      0.0322
      0.0121
      0.0068
      0.0672
      0.0640
      0.0571
      0.0529
      0.0574
      0.0728
      0.0970
      0.1292
      0.1756
      0.2439
      0.3266
      0.3912
      0.3989
      0.3376
      0.2343
      0.1326
      0.0615
      0.0249
      0.0144
      0.1525
      0.1400
      0.1098
      0.0782
      0.0583
      0.0543
      0.0642
      0.0893
      0.1406
      0.2344
      0.3702
      0.5090
      0.5837
      0.5481
      0.4181
      0.2583
      0.1301
      0.0573
      0.0351
      0.4415
      0.3978
      0.2920
      0.1775
      0.0949
      0.0540
      0.0461
      0.0661
      0.1274
      0.2568
      0.4655
      0.7081
      0.8804
      0.8860
      0.7197
      0.4729
      0.2554
      0.1243
      0.0829
      1.1620
      1.0418
      0.7511
      0.4369
      0.2086
      0.0892
      0.0490
      0.0604
      0.1284
      0.2879
      0.5643
      0.9124
      1.1954
      1.2633
      1.0784
      0.7510
      0.4421
      0.2487
      0.1866
      2.5109
      2.2486
      1.6147
      0.9305
      0.4333
      0.1706
      0.0721
      0.0641
      0.1262
      0.2904
      0.5935
      1.0017
      1.3701
      1.5153
      1.3656
      1.0283
      0.6917
      0.4787
      0.4106
      4.3644
      3.9075
      2.8038
      1.6128
      0.7477
      0.2890
      0.1107
      0.0731
      0.1149
      0.2515
      0.5230
      0.9164
      1.3121
      1.5348
      1.4950
      1.2747
      1.0445
      0.9110
      0.8735
      6.0813
      5.4446
      3.9069
      2.2487
      1.0461
      0.4104
      0.1624
      0.0980
      0.1129
      0.2000
      0.3970
      0.7151
      1.0850
      1.3790
      1.5178
      1.5485
      1.5821
      1.6534
      1.6941
      6.7921
      6.0817
      4.3671
      2.5222
      1.1925
      0.5013
      0.2411
      0.1713
      0.1608
      0.1890
      0.2954
      0.5173
      0.8414
      1.2041
      1.5555
      1.9142
      2.3111
      2.6716
      2.8234
      6.0813
      5.4473
      3.9207
      2.2894
      1.1369
      0.5700
      0.3853
      0.3416
      0.3053
      0.2631
      0.2721
      0.3994
      0.6769
      1.0941
      1.6312
      2.2861
      3.0172
      3.6456
      3.9006
      4.3644
      3.9142
      2.8379
      1.7129
      0.9679
      0.6708
      0.6366
      0.6419
      0.5681
      0.4318
      0.3283
      0.3564
      0.5744
      0.9978
      1.6214
      2.4273
      3.3279
      4.0876
      4.3918
      2.5109
      2.2612
      1.6779
      1.1139
      0.8319
      0.8514
      0.9961
      1.0524
      0.9213
      0.6645
      0.4298
      0.3455
      0.4750
      0.8314
      1.4059
      2.1688
      3.0187
      3.7276
      4.0093
      1.1620
      1.0614
      0.8490
      0.7194
      0.8167
      1.1168
      1.4290
      1.5271
      1.3235
      0.9299
      0.5522
      0.3450
      0.3619
      0.5949
      1.0197
      1.5997
      2.2463
      2.7816
      2.9932
      0.4415
      0.4251
      0.4278
      0.5688
      0.9355
      1.4721
      1.9494
      2.0963
      1.8158
      1.2671
      0.7239
      0.3767
      0.2702
      0.3676
      0.6239
      0.9991
      1.4260
      1.7811
      1.9216
      0.1525
      0.1759
      0.2894
      0.5978
      1.1823
      1.9670
      2.6578
      2.8938
      2.5339
      1.7836
      1.0134
      0.4821
      0.2405
      0.2227
      0.3581
      0.6018
      0.9000
      1.1566
      1.2595
      0.0672
      0.1101
      0.2880
      0.7257
      1.5284
      2.6077
      3.5819
      3.9559
      3.5110
      2.5024
      1.4323
      0.6653
      0.2766
      0.1716
      0.2498
      0.4561
      0.7364
      0.9893
      1.0927
      0.0512
      0.1050
      0.3253
      0.8649
      1.8596
      3.2132
      4.4597
      4.9721
      4.4518
      3.1986
      1.8425
      0.8541
      0.3373
      0.1743
      0.2373
      0.4593
      0.7782
      1.0730
      1.1947
      0.0501
      0.1079
      0.3444
      0.9252
      1.9998
      3.4692
      4.8315
      5.4032
      4.8513
      3.4945
      2.0172
      0.9356
      0.3664
      0.1822
      0.2440
      0.4794
      0.8217
      1.1401
      1.2717
