      0.0011
      0.0026
      0.0065
      0.0088
      0.0065
      0.0027
      0.0010
      0.0007
      0.0008
      0.0017
      0.0038
      0.0051
      0.0037
      0.0014
      0.0003
      0.0000
      0.0000
      0.0000
      0.0000
      0.0015
      0.0034
      0.0074
      0.0092
      0.0062
      0.0024
      0.0008
      0.0005
      0.0006
      0.0014
      0.0034
      0.0049
      0.0039
      0.0017
      0.0004
      0.0001
      0.0000
      0.0000
      0.0000
      0.0020
      0.0039
      0.0074
      0.0079
      0.0046
      0.0015
      0.0004
      0.0002
      0.0003
      0.0008
      0.0023
      0.0041
      0.0043
      0.0025
      0.0009
      0.0002
      0.0000
      0.0000
      0.0000
      0.0016
      0.0027
      0.0044
      0.0041
      0.0021
      0.0006
      0.0001
      0.0001
      0.0001
      0.0005
      0.0025
      0.0073
      0.0120
      0.0111
      0.0057
      0.0016
      0.0002
      0.0000
      0.0000
      0.0035
      0.0031
      0.0022
      0.0013
      0.0005
      0.0001
      0.0000
      0.0000
      0.0001
      0.0011
      0.0075
      0.0275
      0.0543
      0.0580
      0.0335
      0.0104
      0.0017
      0.0002
      0.0000
      0.0473
      0.0348
      0.0140
      0.0031
      0.0004
      0.0001
      0.0001
      0.0002
      0.0003
      0.0024
      0.0171
      0.0689
      0.1497
      0.1758
      0.1115
      0.0381
      0.0071
      0.0009
      0.0004
      0.4139
      0.3042
      0.1206
      0.0257
      0.0029
      0.0003
      0.0003
      0.0005
      0.0006
      0.0028
      0.0213
      0.0941
      0.2242
      0.2884
      0.2005
      0.0759
      0.0181
      0.0088
      0.0099
      1.9414
      1.4268
      0.5658
      0.1206
      0.0138
      0.0010
      0.0005
      0.0007
      0.0006
      0.0018
      0.0144
      0.0695
      0.1817
      0.2567
      0.1979
      0.0929
      0.0668
      0.1207
      0.1603
      4.8959
      3.5983
      1.4268
      0.3042
      0.0347
      0.0023
      0.0005
      0.0006
      0.0004
      0.0007
      0.0053
      0.0281
      0.0819
      0.1325
      0.1318
      0.1574
      0.4379
      1.0386
      1.4030
      6.6614
      4.8959
      1.9414
      0.4139
      0.0473
      0.0033
      0.0013
      0.0017
      0.0013
      0.0006
      0.0013
      0.0076
      0.0304
      0.0794
      0.1709
      0.5373
      1.9985
      4.8570
      6.5739
      4.8959
      3.5983
      1.4268
      0.3043
      0.0357
      0.0072
      0.0131
      0.0183
      0.0138
      0.0057
      0.0016
      0.0045
      0.0306
      0.1260
      0.3761
      1.3436
      5.0398
     12.2414
     16.5695
      1.9414
      1.4268
      0.5659
      0.1220
      0.0231
      0.0396
      0.0923
      0.1214
      0.0870
      0.0337
      0.0073
      0.0053
      0.0367
      0.1679
      0.5320
      1.8771
      6.8963
     16.6653
     22.5428
      0.4139
      0.3043
      0.1222
      0.0359
      0.0523
      0.1683
      0.3579
      0.4367
      0.2939
      0.1075
      0.0213
      0.0051
      0.0257
      0.1251
      0.4136
      1.4309
      5.1164
     12.2683
     16.5746
      0.0473
      0.0358
      0.0237
      0.0544
      0.1766
      0.4439
      0.7857
      0.8631
      0.5409
      0.1862
      0.0347
      0.0045
      0.0098
      0.0505
      0.1744
      0.5939
      2.0612
      4.8928
      6.5984
      0.0035
      0.0068
      0.0383
      0.1656
      0.4388
      0.7951
      1.0769
      1.0180
      0.5901
      0.1938
      0.0349
      0.0036
      0.0021
      0.0111
      0.0420
      0.1540
      0.5445
      1.2936
      1.7440
      0.0016
      0.0107
      0.0780
      0.3133
      0.7263
      1.1046
      1.3104
      1.2197
      0.7546
      0.2738
      0.0553
      0.0061
      0.0006
      0.0026
      0.0259
      0.2012
      0.9205
      2.3102
      3.1409
      0.0020
      0.0131
      0.0896
      0.3424
      0.8106
      1.5096
      2.5187
      3.0644
      2.2259
      0.8966
      0.1958
      0.0229
      0.0016
      0.0061
      0.0993
      0.8696
      4.0777
     10.2827
     13.9907
      0.0015
      0.0092
      0.0601
      0.2390
      0.7568
      2.2929
      5.2384
      7.1443
      5.3866
      2.2026
      0.4849
      0.0571
      0.0040
      0.0152
      0.2496
      2.1906
     10.2755
     25.9136
     35.2587
      0.0011
      0.0062
      0.0396
      0.1746
      0.7393
      2.8105
      6.9367
      9.6448
      7.3070
      2.9923
      0.6592
      0.0777
      0.0055
      0.0207
      0.3396
      2.9805
     13.9810
     35.2584
     47.9734
