      0.0000
      0.0000
      0.0000
      0.0000
      0.0000
      0.0000
      0.0000
      0.0000
      0.0000
      0.0000
      0.0000
      0.0000
      0.0000
      0.0000
      0.0000
      0.0000
      0.0000
      0.0000
      0.0000
      0.0000
      0.0000
      0.0000
      0.0000
      0.0000
      0.0000
      0.0000
      0.0000
      0.0000
      0.0000
      0.0000
      0.0000
      0.0000
      0.0000
      0.0000
      0.0000
      0.0000
      0.0000
      0.0000
      0.0000
      0.0000
      0.0000
      0.0000
      0.0000
      0.0000
      0.0000
      0.0000
      0.0000
      0.0000
      0.0000
      0.0000
      0.0000
      0.0000
      0.0000
      0.0000
      0.0000
      0.0000
      0.0000
      0.0000
      0.0000
      0.0000
      0.0000
      0.0000
      0.0000
      0.0000
      0.0000
      0.0000
      0.0000
      0.0000
      0.0000
      0.0000
      0.0000
      0.0000
      0.0000
      0.0000
      0.0000
      0.0000
      0.0000
      0.0000
      0.0000
      0.0000
      0.0000
      0.0000
      0.0000
      0.0000
      0.0000
      0.0000
      0.0000
      0.0001
      0.0003
      0.0004
      0.0001
      0.0000
      0.0000
      0.0000
      0.0000
      0.0019
      0.0010
      0.0001
      0.0000
      0.0000
      0.0000
      0.0000
      0.0000
      0.0000
      0.0000
      0.0000
      0.0006
      0.0033
      0.0048
      0.0017
      0.0002
      0.0000
      0.0000
      0.0000
      0.2533
      0.1267
      0.0158
      0.0005
      0.0000
      0.0000
      0.0000
      0.0000
      0.0000
      0.0000
      0.0000
      0.0012
      0.0082
      0.0145
      0.0064
      0.0007
      0.0000
      0.0000
      0.0000
      8.2152
      4.1076
      0.5121
      0.0158
      0.0001
      0.0000
      0.0000
      0.0000
      0.0000
      0.0000
      0.0000
      0.0006
      0.0051
      0.0110
      0.0060
      0.0008
      0.0001
      0.0002
      0.0004
     65.8959
     32.9479
      4.1076
      0.1267
      0.0010
      0.0000
      0.0000
      0.0000
      0.0000
      0.0000
      0.0000
      0.0001
      0.0008
      0.0021
      0.0015
      0.0005
      0.0035
      0.0275
      0.0550
    131.7917
     65.8959
      8.2152
      0.2533
      0.0019
      0.0000
      0.0000
      0.0000
      0.0000
      0.0000
      0.0000
      0.0000
      0.0001
      0.0011
      0.0051
      0.0097
      0.1133
      0.8927
      1.7849
     65.8959
     32.9479
      4.1076
      0.1267
      0.0010
      0.0000
      0.0001
      0.0001
      0.0001
      0.0000
      0.0000
      0.0000
      0.0004
      0.0084
      0.0491
      0.0986
      0.9185
      7.1611
     14.3172
      8.2152
      4.1076
      0.5121
      0.0158
      0.0001
      0.0007
      0.0051
      0.0097
      0.0046
      0.0005
      0.0000
      0.0000
      0.0006
      0.0176
      0.1194
      0.2561
      1.8700
     14.3261
     28.6344
      0.2533
      0.1267
      0.0158
      0.0005
      0.0006
      0.0150
      0.1005
      0.1686
      0.0708
      0.0074
      0.0002
      0.0000
      0.0003
      0.0092
      0.0725
      0.1699
      0.9626
      7.1671
     14.3175
      0.0019
      0.0010
      0.0001
      0.0004
      0.0057
      0.0870
      0.4945
      0.7307
      0.2708
      0.0250
      0.0006
      0.0000
      0.0000
      0.0012
      0.0110
      0.0286
      0.1257
      0.8945
      1.7850
      0.0000
      0.0000
      0.0002
      0.0059
      0.0416
      0.1708
      0.6252
      0.7931
      0.2592
      0.0211
      0.0004
      0.0000
      0.0000
      0.0000
      0.0004
      0.0012
      0.0043
      0.0285
      0.0567
      0.0000
      0.0000
      0.0013
      0.0272
      0.1463
      0.2347
      0.2826
      0.2936
      0.1021
      0.0098
      0.0003
      0.0000
      0.0000
      0.0000
      0.0000
      0.0004
      0.0136
      0.1089
      0.2177
      0.0000
      0.0000
      0.0017
      0.0314
      0.1473
      0.2971
      1.1855
      2.4387
      1.3063
      0.1750
      0.0058
      0.0000
      0.0000
      0.0000
      0.0001
      0.0135
      0.4392
      3.5231
      7.0462
      0.0000
      0.0000
      0.0006
      0.0093
      0.0656
      1.0801
      9.0320
     19.4202
     10.4485
      1.4021
      0.0466
      0.0004
      0.0000
      0.0000
      0.0008
      0.1086
      3.5231
     28.2593
     56.5186
      0.0000
      0.0000
      0.0001
      0.0017
      0.0643
      2.0939
     18.0471
     38.8388
     20.8968
      2.8042
      0.0931
      0.0008
      0.0000
      0.0000
      0.0016
      0.2173
      7.0462
     56.5186
    113.0373
