      0.4133
      0.4214
      0.4390
      0.4523
      0.4521
      0.4398
      0.4232
      0.4092
      0.3995
      0.3912
      0.3772
      0.3483
      0.2991
      0.2331
      0.1627
      0.1024
      0.0604
      0.0376
      0.0306
      0.4148
      0.4206
      0.4323
      0.4385
      0.4324
      0.4166
      0.3996
      0.3880
      0.3836
      0.3832
      0.3788
      0.3597
      0.3180
      0.2552
      0.1834
      0.1183
      0.0709
      0.0439
      0.0354
      0.4354
      0.4338
      0.4268
      0.4106
      0.3861
      0.3601
      0.3417
      0.3367
      0.3464
      0.3672
      0.3892
      0.3974
      0.3771
      0.3239
      0.2481
      0.1693
      0.1054
      0.0661
      0.0530
      0.5275
      0.5115
      0.4676
      0.4080
      0.3484
      0.3030
      0.2806
      0.2837
      0.3114
      0.3596
      0.4175
      0.4648
      0.4771
      0.4400
      0.3599
      0.2612
      0.1726
      0.1139
      0.0938
      0.7776
      0.7356
      0.6262
      0.4889
      0.3658
      0.2831
      0.2475
      0.2538
      0.2955
      0.3679
      0.4610
      0.5510
      0.6033
      0.5908
      0.5127
      0.3969
      0.2833
      0.2043
      0.1765
      1.2714
      1.1875
      0.9711
      0.7061
      0.4758
      0.3254
      0.2578
      0.2541
      0.2978
      0.3821
      0.4997
      0.6267
      0.7215
      0.7448
      0.6862
      0.5727
      0.4511
      0.3630
      0.3314
      2.0198
      1.8775
      1.5121
      1.0670
      0.6819
      0.4285
      0.3048
      0.2737
      0.3034
      0.3826
      0.5073
      0.6580
      0.7923
      0.8644
      0.8546
      0.7827
      0.6924
      0.6239
      0.5991
      2.8873
      2.6801
      2.1478
      1.4997
      0.9375
      0.5619
      0.3672
      0.2961
      0.2994
      0.3584
      0.4722
      0.6294
      0.7956
      0.9279
      1.0014
      1.0236
      1.0211
      1.0154
      1.0134
      3.6019
      3.3423
      2.6758
      1.8638
      1.1573
      0.6805
      0.4242
      0.3151
      0.2887
      0.3195
      0.4086
      0.5559
      0.7429
      0.9396
      1.1233
      1.2866
      1.4260
      1.5262
      1.5636
      3.8805
      3.6023
      2.8882
      2.0190
      1.2632
      0.7520
      0.4725
      0.3434
      0.2929
      0.2926
      0.3479
      0.4713
      0.6646
      0.9175
      1.2151
      1.5366
      1.8428
      2.0710
      2.1564
      3.6019
      3.3485
      2.6996
      1.9137
      1.2358
      0.7817
      0.5327
      0.4081
      0.3402
      0.3057
      0.3182
      0.4044
      0.5853
      0.8703
      1.2541
      1.7062
      2.1561
      2.4969
      2.6251
      2.8873
      2.6949
      2.2055
      1.6217
      1.1310
      0.8131
      0.6395
      0.5366
      0.4504
      0.3725
      0.3308
      0.3656
      0.5123
      0.7932
      1.2099
      1.7270
      2.2551
      2.6596
      2.8123
      2.0198
      1.9049
      1.6188
      1.2938
      1.0435
      0.9004
      0.8211
      0.7410
      0.6262
      0.4908
      0.3814
      0.3515
      0.4438
      0.6850
      1.0785
      1.5879
      2.1185
      2.5289
      2.6843
      1.2714
      1.2303
      1.1386
      1.0628
      1.0463
      1.0731
      1.0818
      1.0143
      0.8573
      0.6505
      0.4625
      0.3587
      0.3852
      0.5668
      0.9051
      1.3645
      1.8537
      2.2362
      2.3817
      0.7776
      0.7942
      0.8554
      0.9787
      1.1525
      1.3200
      1.4003
      1.3361
      1.1297
      0.8447
      0.5721
      0.3913
      0.3520
      0.4770
      0.7661
      1.1841
      1.6421
      2.0053
      2.1444
      0.5275
      0.5827
      0.7476
      1.0096
      1.3217
      1.5975
      1.7374
      1.6770
      1.4258
      1.0652
      0.7086
      0.4531
      0.3569
      0.4456
      0.7198
      1.1432
      1.6210
      2.0055
      2.1537
      0.4354
      0.5131
      0.7398
      1.0882
      1.4931
      1.8500
      2.0422
      1.9933
      1.7106
      1.2868
      0.8555
      0.5340
      0.3944
      0.4701
      0.7653
      1.2412
      1.7886
      2.2337
      2.4060
      0.4148
      0.5035
      0.7616
      1.1563
      1.6157
      2.0259
      2.2583
      2.2242
      1.9249
      1.4588
      0.9742
      0.6054
      0.4384
      0.5147
      0.8432
      1.3822
      2.0073
      2.5177
      2.7157
      0.4133
      0.5053
      0.7727
      1.1820
      1.6596
      2.0889
      2.3369
      2.3097
      2.0056
      1.5245
      1.0203
      0.6342
      0.4576
      0.5361
      0.8801
      1.4469
      2.1056
      2.6440
      2.8530
