      0.0007
      0.0016
      0.0039
      0.0053
      0.0039
      0.0017
      0.0006
      0.0005
      0.0009
      0.0028
      0.0065
      0.0088
      0.0064
      0.0025
      0.0005
      0.0001
      0.0000
      0.0000
      0.0000
      0.0009
      0.0020
      0.0045
      0.0056
      0.0038
      0.0015
      0.0005
      0.0004
      0.0007
      0.0023
      0.0058
      0.0084
      0.0067
      0.0029
      0.0007
      0.0001
      0.0000
      0.0000
      0.0000
      0.0012
      0.0024
      0.0045
      0.0048
      0.0028
      0.0009
      0.0002
      0.0002
      0.0003
      0.0013
      0.0041
      0.0075
      0.0080
      0.0050
      0.0018
      0.0004
      0.0000
      0.0000
      0.0000
      0.0014
      0.0019
      0.0028
      0.0025
      0.0013
      0.0004
      0.0001
      0.0000
      0.0001
      0.0010
      0.0054
      0.0163
      0.0275
      0.0257
      0.0132
      0.0037
      0.0006
      0.0000
      0.0000
      0.0154
      0.0116
      0.0052
      0.0016
      0.0004
      0.0001
      0.0000
      0.0000
      0.0002
      0.0026
      0.0177
      0.0650
      0.1285
      0.1374
      0.0794
      0.0247
      0.0041
      0.0004
      0.0000
      0.2484
      0.1826
      0.0725
      0.0155
      0.0018
      0.0001
      0.0000
      0.0000
      0.0004
      0.0054
      0.0404
      0.1632
      0.3549
      0.4167
      0.2642
      0.0904
      0.0167
      0.0018
      0.0004
      2.1798
      1.6021
      0.6353
      0.1354
      0.0154
      0.0009
      0.0001
      0.0001
      0.0004
      0.0061
      0.0503
      0.2230
      0.5314
      0.6835
      0.4750
      0.1785
      0.0380
      0.0089
      0.0072
     10.2252
      7.5151
      2.9800
      0.6353
      0.0724
      0.0044
      0.0002
      0.0001
      0.0003
      0.0038
      0.0339
      0.1648
      0.4305
      0.6074
      0.4649
      0.1999
      0.0768
      0.0877
      0.1122
     25.7867
     18.9521
      7.5151
      1.6021
      0.1825
      0.0111
      0.0005
      0.0002
      0.0002
      0.0013
      0.0124
      0.0663
      0.1923
      0.3062
      0.2800
      0.2043
      0.3332
      0.7287
      0.9787
     35.0860
     25.7867
     10.2252
      2.1798
      0.2485
      0.0156
      0.0022
      0.0025
      0.0020
      0.0011
      0.0028
      0.0169
      0.0643
      0.1532
      0.2591
      0.4984
      1.4574
      3.4039
      4.5873
     25.7867
     18.9521
      7.5151
      1.6023
      0.1843
      0.0196
      0.0226
      0.0313
      0.0238
      0.0098
      0.0028
      0.0082
      0.0539
      0.2113
      0.5230
      1.2382
      3.7015
      8.5960
     11.5708
     10.2252
      7.5151
      2.9801
      0.6372
      0.0870
      0.0689
      0.1573
      0.2083
      0.1495
      0.0580
      0.0126
      0.0091
      0.0630
      0.2788
      0.7482
      1.7835
      5.1291
     11.7352
     15.7577
      2.1798
      1.6022
      0.6365
      0.1463
      0.0830
      0.2662
      0.5981
      0.7445
      0.5044
      0.1848
      0.0367
      0.0088
      0.0439
      0.2079
      0.5905
      1.4054
      3.8635
      8.6701
     11.6013
      0.2484
      0.1832
      0.0792
      0.0578
      0.1942
      0.6209
      1.2535
      1.4502
      0.9251
      0.3205
      0.0599
      0.0077
      0.0168
      0.0839
      0.2523
      0.6024
      1.5809
      3.4654
      4.6153
      0.0154
      0.0139
      0.0281
      0.1162
      0.3768
      0.9189
      1.5829
      1.6897
      1.0289
      0.3453
      0.0629
      0.0065
      0.0037
      0.0182
      0.0583
      0.1421
      0.3609
      0.7735
      1.0249
      0.0014
      0.0068
      0.0485
      0.2063
      0.5679
      1.2094
      2.0431
      2.3261
      1.5648
      0.5892
      0.1217
      0.0136
      0.0012
      0.0023
      0.0095
      0.0378
      0.1372
      0.3268
      0.4405
      0.0012
      0.0080
      0.0563
      0.2417
      0.7938
      2.3495
      5.2030
      6.9625
      5.1911
      2.1074
      0.4616
      0.0542
      0.0034
      0.0009
      0.0113
      0.0966
      0.4501
      1.1337
      1.5422
      0.0009
      0.0057
      0.0410
      0.2228
      1.1653
      4.8093
     12.0733
     16.8261
     12.7465
      5.2180
      1.1492
      0.1353
      0.0085
      0.0019
      0.0274
      0.2406
      1.1285
      2.8458
      3.8721
      0.0007
      0.0040
      0.0301
      0.2112
      1.4044
      6.3384
     16.2794
     22.8170
     17.3138
      7.0924
      1.5625
      0.1840
      0.0116
      0.0026
      0.0373
      0.3273
      1.5353
      3.8718
      5.2681
