      0.0007
      0.0017
      0.0041
      0.0056
      0.0041
      0.0018
      0.0007
      0.0006
      0.0010
      0.0028
      0.0067
      0.0090
      0.0065
      0.0025
      0.0005
      0.0001
      0.0000
      0.0000
      0.0000
      0.0010
      0.0021
      0.0047
      0.0059
      0.0040
      0.0016
      0.0006
      0.0005
      0.0008
      0.0023
      0.0059
      0.0086
      0.0068
      0.0030
      0.0007
      0.0001
      0.0000
      0.0000
      0.0000
      0.0013
      0.0025
      0.0047
      0.0050
      0.0029
      0.0010
      0.0003
      0.0002
      0.0003
      0.0013
      0.0040
      0.0071
      0.0073
      0.0043
      0.0015
      0.0003
      0.0000
      0.0000
      0.0000
      0.0011
      0.0017
      0.0028
      0.0026
      0.0013
      0.0004
      0.0001
      0.0000
      0.0001
      0.0008
      0.0041
      0.0117
      0.0192
      0.0177
      0.0090
      0.0025
      0.0004
      0.0000
      0.0000
      0.0039
      0.0032
      0.0019
      0.0009
      0.0004
      0.0001
      0.0000
      0.0000
      0.0002
      0.0018
      0.0119
      0.0435
      0.0857
      0.0916
      0.0529
      0.0165
      0.0028
      0.0002
      0.0000
      0.0573
      0.0422
      0.0168
      0.0037
      0.0005
      0.0001
      0.0001
      0.0002
      0.0004
      0.0036
      0.0269
      0.1086
      0.2361
      0.2772
      0.1758
      0.0601
      0.0111
      0.0013
      0.0004
      0.5022
      0.3691
      0.1464
      0.0312
      0.0036
      0.0003
      0.0002
      0.0004
      0.0006
      0.0042
      0.0335
      0.1483
      0.3535
      0.4547
      0.3160
      0.1191
      0.0264
      0.0088
      0.0087
      2.3557
      1.7313
      0.6865
      0.1464
      0.0167
      0.0011
      0.0004
      0.0005
      0.0005
      0.0026
      0.0226
      0.1096
      0.2865
      0.4047
      0.3109
      0.1383
      0.0707
      0.1058
      0.1388
      5.9408
      4.3662
      1.7313
      0.3691
      0.0421
      0.0027
      0.0005
      0.0005
      0.0004
      0.0010
      0.0083
      0.0444
      0.1295
      0.2097
      0.2017
      0.1835
      0.3937
      0.9009
      1.2142
      8.0831
      5.9408
      2.3557
      0.5022
      0.0574
      0.0042
      0.0020
      0.0027
      0.0022
      0.0011
      0.0020
      0.0123
      0.0500
      0.1305
      0.2477
      0.5602
      1.7794
      4.2165
      5.6923
      5.9408
      4.3662
      1.7313
      0.3693
      0.0439
      0.0113
      0.0229
      0.0321
      0.0243
      0.0100
      0.0028
      0.0078
      0.0532
      0.2135
      0.5491
      1.4215
      4.5210
     10.6464
     14.3575
      2.3557
      1.7313
      0.6867
      0.1483
      0.0316
      0.0670
      0.1608
      0.2130
      0.1529
      0.0593
      0.0129
      0.0093
      0.0643
      0.2863
      0.7892
      2.0374
      6.2466
     14.5257
     19.5495
      0.5022
      0.3692
      0.1476
      0.0424
      0.0729
      0.2718
      0.6118
      0.7613
      0.5158
      0.1889
      0.0375
      0.0090
      0.0450
      0.2137
      0.6217
      1.5941
      4.6869
     10.7222
     14.3889
      0.0573
      0.0428
      0.0238
      0.0475
      0.1986
      0.6360
      1.2808
      1.4801
      0.9436
      0.3266
      0.0610
      0.0079
      0.0172
      0.0863
      0.2652
      0.6791
      1.9126
      4.2901
      5.7351
      0.0039
      0.0056
      0.0259
      0.1201
      0.3874
      0.9306
      1.5820
      1.6718
      1.0087
      0.3352
      0.0604
      0.0062
      0.0037
      0.0188
      0.0628
      0.1733
      0.5003
      1.1219
      1.4983
      0.0011
      0.0069
      0.0506
      0.2126
      0.5623
      1.1099
      1.7362
      1.8748
      1.2162
      0.4451
      0.0897
      0.0099
      0.0010
      0.0032
      0.0246
      0.1693
      0.7530
      1.8795
      2.5531
      0.0013
      0.0084
      0.0582
      0.2376
      0.6880
      1.7649
      3.6373
      4.7471
      3.5057
      1.4163
      0.3093
      0.0362
      0.0024
      0.0050
      0.0806
      0.7045
      3.3018
      8.3253
     11.3273
      0.0010
      0.0059
      0.0406
      0.1938
      0.8601
      3.2886
      8.0887
     11.2185
      8.4876
      3.4729
      0.7647
      0.0900
      0.0060
      0.0124
      0.2021
      1.7735
      8.3189
     20.9792
     28.5448
      0.0007
      0.0040
      0.0284
      0.1672
      0.9804
      4.2600
     10.8520
     15.1847
     11.5182
      4.7178
      1.0393
      0.1224
      0.0082
      0.0168
      0.2749
      2.4130
     11.3187
     28.5445
     38.8383
