      0.2565
      0.2784
      0.3228
      0.3471
      0.3274
      0.2758
      0.2197
      0.1732
      0.1345
      0.1008
      0.0743
      0.0563
      0.0436
      0.0320
      0.0206
      0.0113
      0.0055
      0.0028
      0.0021
      0.2550
      0.2739
      0.3113
      0.3283
      0.3046
      0.2532
      0.1999
      0.1579
      0.1255
      0.1000
      0.0828
      0.0731
      0.0649
      0.0526
      0.0364
      0.0209
      0.0102
      0.0047
      0.0031
      0.2546
      0.2652
      0.2826
      0.2800
      0.2468
      0.1973
      0.1529
      0.1234
      0.1079
      0.1050
      0.1151
      0.1316
      0.1396
      0.1266
      0.0947
      0.0576
      0.0287
      0.0126
      0.0078
      0.2937
      0.2887
      0.2701
      0.2335
      0.1842
      0.1375
      0.1063
      0.0942
      0.1009
      0.1295
      0.1821
      0.2453
      0.2867
      0.2776
      0.2186
      0.1393
      0.0727
      0.0338
      0.0217
      0.4952
      0.4582
      0.3647
      0.2540
      0.1623
      0.1064
      0.0849
      0.0889
      0.1157
      0.1753
      0.2772
      0.4032
      0.4981
      0.5051
      0.4158
      0.2787
      0.1560
      0.0813
      0.0576
      1.0762
      0.9706
      0.7139
      0.4341
      0.2301
      0.1270
      0.0979
      0.1079
      0.1442
      0.2224
      0.3635
      0.5508
      0.7092
      0.7501
      0.6479
      0.4637
      0.2896
      0.1810
      0.1462
      2.2229
      1.9932
      1.4387
      0.8424
      0.4164
      0.2034
      0.1362
      0.1352
      0.1651
      0.2405
      0.3928
      0.6129
      0.8209
      0.9098
      0.8370
      0.6632
      0.4927
      0.3891
      0.3573
      3.8285
      3.4292
      2.4661
      1.4317
      0.6907
      0.3127
      0.1781
      0.1499
      0.1605
      0.2143
      0.3446
      0.5530
      0.7749
      0.9142
      0.9275
      0.8648
      0.8118
      0.8020
      0.8067
      5.3255
      4.7692
      3.4271
      1.9843
      0.9461
      0.4067
      0.2012
      0.1418
      0.1308
      0.1569
      0.2456
      0.4067
      0.6058
      0.7876
      0.9355
      1.0929
      1.2974
      1.5004
      1.5883
      5.9465
      5.3255
      3.8272
      2.2153
      1.0518
      0.4403
      0.1984
      0.1200
      0.0947
      0.0984
      0.1454
      0.2491
      0.4072
      0.6190
      0.9171
      1.3530
      1.9069
      2.4096
      2.6167
      5.3255
      4.7712
      3.4346
      1.9981
      0.9614
      0.4139
      0.1913
      0.1118
      0.0781
      0.0651
      0.0794
      0.1351
      0.2525
      0.4765
      0.8890
      1.5614
      2.4293
      3.2106
      3.5302
      3.8285
      3.4365
      2.4943
      1.4890
      0.7712
      0.3936
      0.2313
      0.1562
      0.1066
      0.0709
      0.0562
      0.0757
      0.1577
      0.3676
      0.8136
      1.5813
      2.5893
      3.5006
      3.8738
      2.2229
      2.0121
      1.5137
      1.0011
      0.6561
      0.4808
      0.3849
      0.2985
      0.2070
      0.1259
      0.0721
      0.0576
      0.1051
      0.2745
      0.6682
      1.3692
      2.3029
      3.1524
      3.5012
      1.0762
      1.0090
      0.8676
      0.7642
      0.7431
      0.7508
      0.7082
      0.5867
      0.4176
      0.2538
      0.1333
      0.0718
      0.0812
      0.2000
      0.5062
      1.0671
      1.8238
      2.5169
      2.8023
      0.4952
      0.5204
      0.6157
      0.8007
      1.0321
      1.2049
      1.2233
      1.0665
      0.7935
      0.4999
      0.2653
      0.1260
      0.0886
      0.1721
      0.4336
      0.9291
      1.6058
      2.2296
      2.4872
      0.2937
      0.3709
      0.6062
      0.9820
      1.4161
      1.7678
      1.9007
      1.7531
      1.3749
      0.9053
      0.4954
      0.2324
      0.1349
      0.2149
      0.5298
      1.1426
      1.9864
      2.7671
      3.0900
      0.2546
      0.3570
      0.6655
      1.1610
      1.7634
      2.3188
      2.6344
      2.5621
      2.1021
      1.4330
      0.8034
      0.3807
      0.2127
      0.3179
      0.7753
      1.6745
      2.9154
      4.0647
      4.5404
      0.2550
      0.3663
      0.7049
      1.2654
      1.9893
      2.7251
      3.2281
      3.2562
      2.7485
      1.9121
      1.0867
      0.5190
      0.2890
      0.4270
      1.0392
      2.2447
      3.9092
      5.4510
      6.0891
      0.2565
      0.3695
      0.7152
      1.2960
      2.0655
      2.8757
      3.4598
      3.5350
      3.0122
      2.1091
      1.2038
      0.5765
      0.3212
      0.4740
      1.1531
      2.4908
      4.3379
      6.0490
      6.7571
