      0.0000
      0.0000
      0.0000
      0.0000
      0.0000
      0.0000
      0.0000
      0.0000
      0.0000
      0.0000
      0.0000
      0.0000
      0.0000
      0.0000
      0.0000
      0.0000
      0.0000
      0.0000
      0.0000
      0.0000
      0.0000
      0.0000
      0.0000
      0.0000
      0.0000
      0.0000
      0.0000
      0.0000
      0.0000
      0.0000
      0.0000
      0.0000
      0.0000
      0.0000
      0.0000
      0.0000
      0.0000
      0.0000
      0.0000
      0.0000
      0.0000
      0.0000
      0.0000
      0.0000
      0.0000
      0.0000
      0.0000
      0.0000
      0.0000
      0.0000
      0.0000
      0.0000
      0.0000
      0.0000
      0.0000
      0.0000
      0.0000
      0.0000
      0.0000
      0.0000
      0.0000
      0.0000
      0.0000
      0.0000
      0.0000
      0.0000
      0.0000
      0.0000
      0.0000
      0.0000
      0.0000
      0.0000
      0.0000
      0.0000
      0.0000
      0.0000
      0.0000
      0.0000
      0.0000
      0.0000
      0.0000
      0.0000
      0.0000
      0.0000
      0.0000
      0.0000
      0.0000
      0.0001
      0.0006
      0.0007
      0.0002
      0.0000
      0.0000
      0.0000
      0.0000
      0.0005
      0.0002
      0.0000
      0.0000
      0.0000
      0.0000
      0.0000
      0.0000
      0.0000
      0.0000
      0.0000
      0.0011
      0.0062
      0.0090
      0.0032
      0.0003
      0.0000
      0.0000
      0.0000
      0.0627
      0.0313
      0.0039
      0.0001
      0.0000
      0.0000
      0.0000
      0.0000
      0.0000
      0.0000
      0.0001
      0.0022
      0.0155
      0.0273
      0.0120
      0.0013
      0.0000
      0.0000
      0.0000
      2.0326
      1.0163
      0.1267
      0.0039
      0.0000
      0.0000
      0.0000
      0.0000
      0.0000
      0.0000
      0.0000
      0.0011
      0.0096
      0.0208
      0.0112
      0.0015
      0.0001
      0.0002
      0.0004
     16.3040
      8.1520
      1.0163
      0.0313
      0.0002
      0.0000
      0.0000
      0.0000
      0.0000
      0.0000
      0.0000
      0.0001
      0.0015
      0.0040
      0.0028
      0.0008
      0.0032
      0.0249
      0.0497
     32.6081
     16.3040
      2.0326
      0.0627
      0.0005
      0.0000
      0.0000
      0.0000
      0.0000
      0.0000
      0.0000
      0.0000
      0.0001
      0.0019
      0.0088
      0.0139
      0.1040
      0.8068
      1.6129
     16.3040
      8.1520
      1.0163
      0.0313
      0.0002
      0.0000
      0.0001
      0.0002
      0.0001
      0.0000
      0.0000
      0.0000
      0.0006
      0.0144
      0.0841
      0.1466
      0.8509
      6.4728
     12.9373
      2.0326
      1.0163
      0.1267
      0.0039
      0.0001
      0.0011
      0.0087
      0.0166
      0.0079
      0.0009
      0.0000
      0.0000
      0.0011
      0.0301
      0.2044
      0.3946
      1.7588
     12.9526
     25.8748
      0.0627
      0.0313
      0.0039
      0.0001
      0.0010
      0.0257
      0.1723
      0.2892
      0.1213
      0.0127
      0.0003
      0.0000
      0.0005
      0.0157
      0.1242
      0.2690
      0.9267
      6.4833
     12.9379
      0.0005
      0.0002
      0.0000
      0.0004
      0.0085
      0.1468
      0.8470
      1.2529
      0.4643
      0.0428
      0.0010
      0.0000
      0.0001
      0.0020
      0.0188
      0.0463
      0.1253
      0.8100
      1.6131
      0.0000
      0.0000
      0.0003
      0.0068
      0.0504
      0.2606
      1.0597
      1.3589
      0.4444
      0.0362
      0.0007
      0.0000
      0.0000
      0.0001
      0.0007
      0.0020
      0.0044
      0.0257
      0.0511
      0.0000
      0.0000
      0.0014
      0.0309
      0.1677
      0.2929
      0.4540
      0.5132
      0.1818
      0.0178
      0.0005
      0.0000
      0.0000
      0.0000
      0.0000
      0.0004
      0.0109
      0.0874
      0.1749
      0.0000
      0.0000
      0.0019
      0.0358
      0.1704
      0.4372
      2.1973
      4.5915
      2.4615
      0.3299
      0.0109
      0.0001
      0.0000
      0.0000
      0.0001
      0.0109
      0.3527
      2.8291
      5.6581
      0.0000
      0.0000
      0.0007
      0.0107
      0.0970
      2.0096
     17.0170
     36.6027
     19.6933
      2.6427
      0.0878
      0.0007
      0.0000
      0.0000
      0.0007
      0.0872
      2.8291
     22.6924
     45.3847
      0.0000
      0.0000
      0.0001
      0.0023
      0.1178
      3.9437
     34.0146
     73.2034
     39.3863
      5.2853
      0.1755
      0.0014
      0.0000
      0.0000
      0.0013
      0.1745
      5.6581
     45.3847
     90.7695
