      0.1917
      0.1981
      0.2135
      0.2302
      0.2432
      0.2535
      0.2657
      0.2835
      0.3056
      0.3251
      0.3306
      0.3118
      0.2662
      0.2028
      0.1378
      0.0858
      0.0527
      0.0365
      0.0320
      0.2114
      0.2153
      0.2243
      0.2332
      0.2396
      0.2458
      0.2564
      0.2738
      0.2959
      0.3150
      0.3204
      0.3024
      0.2589
      0.1982
      0.1357
      0.0850
      0.0524
      0.0360
      0.0313
      0.2944
      0.2894
      0.2757
      0.2575
      0.2413
      0.2339
      0.2393
      0.2559
      0.2771
      0.2939
      0.2968
      0.2790
      0.2397
      0.1859
      0.1299
      0.0834
      0.0521
      0.0357
      0.0307
      0.5169
      0.4920
      0.4277
      0.3493
      0.2837
      0.2472
      0.2412
      0.2545
      0.2720
      0.2811
      0.2753
      0.2528
      0.2159
      0.1700
      0.1233
      0.0837
      0.0559
      0.0406
      0.0358
      1.0031
      0.9394
      0.7764
      0.5803
      0.4171
      0.3211
      0.2882
      0.2904
      0.2970
      0.2902
      0.2670
      0.2333
      0.1956
      0.1578
      0.1231
      0.0944
      0.0742
      0.0627
      0.0591
      1.8731
      1.7438
      1.4133
      1.0162
      0.6830
      0.4778
      0.3890
      0.3630
      0.3475
      0.3164
      0.2706
      0.2235
      0.1858
      0.1597
      0.1427
      0.1324
      0.1271
      0.1252
      0.1249
      3.1312
      2.9093
      2.3418
      1.6578
      1.0774
      0.7062
      0.5247
      0.4487
      0.3995
      0.3406
      0.2750
      0.2211
      0.1919
      0.1874
      0.2000
      0.2214
      0.2443
      0.2620
      0.2687
      4.5566
      4.2309
      3.3969
      2.3878
      1.5225
      0.9535
      0.6556
      0.5151
      0.4278
      0.3459
      0.2714
      0.2243
      0.2180
      0.2504
      0.3103
      0.3830
      0.4532
      0.5048
      0.5238
      5.7178
      5.3081
      4.2577
      2.9829
      1.8814
      1.1440
      0.7431
      0.5448
      0.4269
      0.3330
      0.2625
      0.2352
      0.2644
      0.3482
      0.4727
      0.6171
      0.7548
      0.8555
      0.8926
      6.1686
      5.7272
      4.5950
      3.2192
      2.0261
      1.2205
      0.7746
      0.5490
      0.4174
      0.3216
      0.2607
      0.2558
      0.3228
      0.4619
      0.6584
      0.8850
      1.1017
      1.2603
      1.3189
      5.7178
      5.3118
      4.2713
      3.0089
      1.9166
      1.1805
      0.7719
      0.5606
      0.4314
      0.3350
      0.2766
      0.2829
      0.3749
      0.5573
      0.8155
      1.1160
      1.4057
      1.6188
      1.6976
      4.5566
      4.2402
      3.4319
      2.4583
      1.6264
      1.0755
      0.7727
      0.6068
      0.4865
      0.3809
      0.3088
      0.3061
      0.4009
      0.6025
      0.8977
      1.2490
      1.5925
      1.8473
      1.9419
      3.1312
      2.9263
      2.4074
      1.7945
      1.2887
      0.9702
      0.7983
      0.6849
      0.5683
      0.4423
      0.3423
      0.3144
      0.3933
      0.5931
      0.9048
      1.2900
      1.6765
      1.9677
      2.0767
      1.8731
      1.7689
      1.5114
      1.2237
      1.0104
      0.8966
      0.8347
      0.7588
      0.6368
      0.4865
      0.3576
      0.3037
      0.3648
      0.5629
      0.8983
      1.3359
      1.7921
      2.1443
      2.2776
      1.0031
      0.9704
      0.8976
      0.8375
      0.8239
      0.8429
      0.8448
      0.7840
      0.6530
      0.4870
      0.3437
      0.2799
      0.3420
      0.5664
      0.9713
      1.5275
      2.1298
      2.6062
      2.7886
      0.5169
      0.5246
      0.5549
      0.6176
      0.7047
      0.7816
      0.8029
      0.7410
      0.6058
      0.4411
      0.3050
      0.2548
      0.3468
      0.6406
      1.1807
      1.9451
      2.7924
      3.4728
      3.7351
      0.2944
      0.3198
      0.3932
      0.5027
      0.6201
      0.7046
      0.7192
      0.6510
      0.5201
      0.3710
      0.2578
      0.2376
      0.3800
      0.7727
      1.4906
      2.5178
      3.6679
      4.5976
      4.9572
      0.2114
      0.2421
      0.3273
      0.4455
      0.5614
      0.6348
      0.6368
      0.5640
      0.4411
      0.3103
      0.2207
      0.2300
      0.4197
      0.9012
      1.7747
      3.0279
      4.4361
      5.5772
      6.0190
      0.1917
      0.2232
      0.3098
      0.4274
      0.5393
      0.6062
      0.6026
      0.5285
      0.4095
      0.2866
      0.2069
      0.2283
      0.4372
      0.9546
      1.8902
      3.2331
      4.7434
      5.9679
      6.4423
