      0.0466
      0.0624
      0.0951
      0.1130
      0.0997
      0.0712
      0.0514
      0.0464
      0.0534
      0.0740
      0.1023
      0.1143
      0.0941
      0.0553
      0.0230
      0.0067
      0.0014
      0.0002
      0.0000
      0.0498
      0.0646
      0.0940
      0.1076
      0.0918
      0.0634
      0.0443
      0.0393
      0.0454
      0.0644
      0.0913
      0.1049
      0.0891
      0.0543
      0.0235
      0.0072
      0.0016
      0.0002
      0.0001
      0.0536
      0.0648
      0.0849
      0.0888
      0.0699
      0.0443
      0.0284
      0.0240
      0.0283
      0.0425
      0.0644
      0.0793
      0.0726
      0.0480
      0.0226
      0.0076
      0.0018
      0.0003
      0.0001
      0.0609
      0.0648
      0.0689
      0.0614
      0.0427
      0.0242
      0.0141
      0.0116
      0.0141
      0.0222
      0.0358
      0.0479
      0.0480
      0.0349
      0.0182
      0.0068
      0.0018
      0.0004
      0.0002
      0.1503
      0.1332
      0.0939
      0.0542
      0.0265
      0.0123
      0.0076
      0.0078
      0.0093
      0.0120
      0.0174
      0.0240
      0.0264
      0.0216
      0.0130
      0.0060
      0.0027
      0.0019
      0.0019
      0.6120
      0.5172
      0.3125
      0.1361
      0.0443
      0.0141
      0.0099
      0.0120
      0.0126
      0.0111
      0.0105
      0.0128
      0.0157
      0.0159
      0.0132
      0.0112
      0.0125
      0.0161
      0.0180
      2.0394
      1.7159
      1.0214
      0.4302
      0.1301
      0.0342
      0.0184
      0.0198
      0.0185
      0.0133
      0.0092
      0.0102
      0.0155
      0.0225
      0.0309
      0.0464
      0.0745
      0.1079
      0.1236
      4.8547
      4.0831
      2.4279
      1.0197
      0.3051
      0.0735
      0.0287
      0.0251
      0.0211
      0.0136
      0.0091
      0.0131
      0.0287
      0.0578
      0.1065
      0.1955
      0.3450
      0.5146
      0.5934
      8.1645
      6.8667
      4.0827
      1.7141
      0.5113
      0.1187
      0.0385
      0.0286
      0.0224
      0.0140
      0.0112
      0.0250
      0.0696
      0.1611
      0.3264
      0.6342
      1.1484
      1.7310
      2.0013
      9.7076
      8.1645
      4.8546
      2.0395
      0.6124
      0.1516
      0.0633
      0.0554
      0.0456
      0.0291
      0.0225
      0.0503
      0.1485
      0.3610
      0.7555
      1.4923
      2.7207
      4.1125
      4.7585
      8.1645
      6.8671
      4.0854
      1.7253
      0.5455
      0.1961
      0.1659
      0.1798
      0.1510
      0.0930
      0.0544
      0.0831
      0.2376
      0.5934
      1.2663
      2.5162
      4.5828
      6.9177
      8.0012
      4.8547
      4.0850
      2.4399
      1.0658
      0.4355
      0.3495
      0.4593
      0.5131
      0.4188
      0.2465
      0.1176
      0.1082
      0.2748
      0.6998
      1.5203
      3.0294
      5.4907
      8.2542
      9.5346
      2.0394
      1.7227
      1.0613
      0.5669
      0.4780
      0.7084
      1.0006
      1.0747
      0.8405
      0.4732
      0.2007
      0.1148
      0.2292
      0.5886
      1.3025
      2.6030
      4.6872
      7.0055
      8.0763
      0.6120
      0.5354
      0.4113
      0.4418
      0.7363
      1.2179
      1.6174
      1.6271
      1.2070
      0.6491
      0.2556
      0.1020
      0.1393
      0.3535
      0.8015
      1.6186
      2.9098
      4.3313
      4.9852
      0.1503
      0.1687
      0.2761
      0.5716
      1.0733
      1.6290
      1.9485
      1.7992
      1.2499
      0.6381
      0.2372
      0.0750
      0.0641
      0.1589
      0.3898
      0.8508
      1.6078
      2.4477
      2.8339
      0.0609
      0.1144
      0.3154
      0.7173
      1.2486
      1.6819
      1.7809
      1.4810
      0.9485
      0.4554
      0.1605
      0.0444
      0.0268
      0.0788
      0.2694
      0.7714
      1.7078
      2.7900
      3.2922
      0.0536
      0.1150
      0.3284
      0.7074
      1.1257
      1.3554
      1.2696
      0.9411
      0.5496
      0.2470
      0.0831
      0.0221
      0.0182
      0.0911
      0.4174
      1.3855
      3.2748
      5.4898
      6.5216
      0.0498
      0.1039
      0.2820
      0.5700
      0.8389
      0.9186
      0.7730
      0.5168
      0.2792
      0.1203
      0.0402
      0.0120
      0.0219
      0.1388
      0.6683
      2.2619
      5.3887
      9.0612
     10.7729
      0.0466
      0.0949
      0.2499
      0.4884
      0.6907
      0.7212
      0.5754
      0.3666
      0.1926
      0.0831
      0.0286
      0.0097
      0.0249
      0.1636
      0.7914
      2.6827
      6.3956
     10.7573
     12.7903
