      0.0000
      0.0000
      0.0000
      0.0000
      0.0000
      0.0000
      0.0000
      0.0000
      0.0000
      0.0000
      0.0000
      0.0000
      0.0000
      0.0000
      0.0000
      0.0000
      0.0000
      0.0000
      0.0000
      0.0000
      0.0000
      0.0000
      0.0000
      0.0000
      0.0000
      0.0000
      0.0000
      0.0000
      0.0000
      0.0000
      0.0000
      0.0000
      0.0000
      0.0000
      0.0000
      0.0000
      0.0000
      0.0000
      0.0000
      0.0000
      0.0000
      0.0000
      0.0000
      0.0000
      0.0000
      0.0000
      0.0000
      0.0000
      0.0000
      0.0000
      0.0000
      0.0000
      0.0000
      0.0000
      0.0000
      0.0000
      0.0000
      0.0000
      0.0000
      0.0000
      0.0000
      0.0000
      0.0000
      0.0000
      0.0000
      0.0000
      0.0000
      0.0000
      0.0000
      0.0000
      0.0000
      0.0000
      0.0000
      0.0000
      0.0000
      0.0000
      0.0000
      0.0000
      0.0000
      0.0000
      0.0000
      0.0000
      0.0000
      0.0000
      0.0000
      0.0000
      0.0000
      0.0001
      0.0006
      0.0007
      0.0002
      0.0000
      0.0000
      0.0000
      0.0000
      0.0013
      0.0006
      0.0001
      0.0000
      0.0000
      0.0000
      0.0000
      0.0000
      0.0000
      0.0000
      0.0000
      0.0010
      0.0057
      0.0081
      0.0029
      0.0003
      0.0000
      0.0000
      0.0000
      0.1723
      0.0862
      0.0107
      0.0003
      0.0000
      0.0000
      0.0000
      0.0000
      0.0000
      0.0000
      0.0001
      0.0020
      0.0141
      0.0248
      0.0109
      0.0012
      0.0000
      0.0000
      0.0000
      5.5883
      2.7942
      0.3483
      0.0107
      0.0001
      0.0000
      0.0000
      0.0000
      0.0000
      0.0000
      0.0000
      0.0010
      0.0087
      0.0189
      0.0102
      0.0014
      0.0001
      0.0007
      0.0014
     44.8251
     22.4125
      2.7942
      0.0862
      0.0006
      0.0000
      0.0000
      0.0000
      0.0000
      0.0000
      0.0000
      0.0001
      0.0014
      0.0036
      0.0024
      0.0008
      0.0117
      0.0933
      0.1866
     89.6501
     44.8251
      5.5883
      0.1723
      0.0013
      0.0000
      0.0000
      0.0000
      0.0000
      0.0000
      0.0000
      0.0000
      0.0001
      0.0006
      0.0024
      0.0143
      0.3780
      3.0252
      6.0502
     44.8251
     22.4125
      2.7942
      0.0862
      0.0006
      0.0000
      0.0000
      0.0001
      0.0000
      0.0000
      0.0000
      0.0000
      0.0002
      0.0036
      0.0215
      0.1235
      3.0362
     24.2659
     48.5298
      5.5883
      2.7942
      0.3483
      0.0107
      0.0001
      0.0003
      0.0022
      0.0041
      0.0020
      0.0002
      0.0000
      0.0000
      0.0003
      0.0075
      0.0521
      0.2722
      6.0864
     48.5336
     97.0596
      0.1723
      0.0862
      0.0107
      0.0003
      0.0002
      0.0064
      0.0428
      0.0718
      0.0301
      0.0032
      0.0001
      0.0000
      0.0001
      0.0039
      0.0315
      0.1539
      3.0550
     24.2685
     48.5299
      0.0013
      0.0006
      0.0001
      0.0001
      0.0022
      0.0367
      0.2104
      0.3111
      0.1153
      0.0106
      0.0002
      0.0000
      0.0000
      0.0005
      0.0048
      0.0223
      0.3833
      3.0260
      6.0503
      0.0000
      0.0000
      0.0001
      0.0020
      0.0146
      0.0679
      0.2647
      0.3382
      0.1107
      0.0090
      0.0002
      0.0000
      0.0000
      0.0000
      0.0002
      0.0008
      0.0120
      0.0937
      0.1872
      0.0000
      0.0000
      0.0004
      0.0092
      0.0500
      0.0886
      0.1595
      0.2207
      0.0952
      0.0111
      0.0003
      0.0000
      0.0000
      0.0000
      0.0000
      0.0002
      0.0056
      0.0446
      0.0892
      0.0000
      0.0000
      0.0006
      0.0107
      0.0551
      0.2802
      1.9499
      4.1568
      2.2342
      0.2997
      0.0100
      0.0001
      0.0000
      0.0000
      0.0000
      0.0055
      0.1774
      1.4231
      2.8463
      0.0000
      0.0000
      0.0002
      0.0034
      0.0634
      1.8031
     15.4686
     33.2849
     17.9085
      2.4032
      0.0798
      0.0006
      0.0000
      0.0000
      0.0003
      0.0439
      1.4231
     11.4153
     22.8306
      0.0000
      0.0000
      0.0000
      0.0012
      0.1041
      3.5838
     30.9314
     66.5693
     35.8169
      4.8063
      0.1596
      0.0013
      0.0000
      0.0000
      0.0007
      0.0878
      2.8463
     22.8306
     45.6613
