      0.0013
      0.0032
      0.0078
      0.0105
      0.0077
      0.0031
      0.0008
      0.0003
      0.0008
      0.0029
      0.0072
      0.0097
      0.0070
      0.0028
      0.0006
      0.0001
      0.0000
      0.0000
      0.0000
      0.0019
      0.0040
      0.0089
      0.0111
      0.0075
      0.0028
      0.0007
      0.0003
      0.0006
      0.0024
      0.0064
      0.0093
      0.0074
      0.0032
      0.0008
      0.0001
      0.0000
      0.0000
      0.0000
      0.0025
      0.0047
      0.0089
      0.0095
      0.0055
      0.0018
      0.0003
      0.0001
      0.0003
      0.0014
      0.0044
      0.0081
      0.0085
      0.0052
      0.0019
      0.0004
      0.0000
      0.0000
      0.0000
      0.0024
      0.0035
      0.0054
      0.0049
      0.0025
      0.0007
      0.0001
      0.0000
      0.0001
      0.0010
      0.0054
      0.0160
      0.0268
      0.0249
      0.0128
      0.0036
      0.0005
      0.0000
      0.0000
      0.0178
      0.0137
      0.0066
      0.0024
      0.0007
      0.0002
      0.0000
      0.0000
      0.0002
      0.0025
      0.0171
      0.0625
      0.1236
      0.1321
      0.0763
      0.0238
      0.0040
      0.0004
      0.0000
      0.2823
      0.2076
      0.0825
      0.0177
      0.0021
      0.0001
      0.0000
      0.0000
      0.0004
      0.0052
      0.0388
      0.1568
      0.3410
      0.4003
      0.2539
      0.0868
      0.0160
      0.0016
      0.0003
      2.4767
      1.8203
      0.7218
      0.1539
      0.0175
      0.0011
      0.0001
      0.0001
      0.0004
      0.0059
      0.0484
      0.2143
      0.5106
      0.6567
      0.4564
      0.1714
      0.0356
      0.0062
      0.0037
     11.6177
      8.5385
      3.3858
      0.7218
      0.0822
      0.0050
      0.0002
      0.0001
      0.0003
      0.0036
      0.0326
      0.1583
      0.4137
      0.5839
      0.4471
      0.1900
      0.0593
      0.0451
      0.0537
     29.2983
     21.5330
      8.5385
      1.8203
      0.2074
      0.0126
      0.0005
      0.0002
      0.0002
      0.0012
      0.0119
      0.0638
      0.1854
      0.2966
      0.2715
      0.1751
      0.1889
      0.3533
      0.4645
     39.8640
     29.2983
     11.6177
      2.4767
      0.2823
      0.0177
      0.0024
      0.0028
      0.0022
      0.0012
      0.0028
      0.0167
      0.0646
      0.1576
      0.2584
      0.3738
      0.7758
      1.6364
      2.1705
     29.2983
     21.5330
      8.5385
      1.8205
      0.2094
      0.0220
      0.0250
      0.0345
      0.0262
      0.0108
      0.0031
      0.0088
      0.0586
      0.2290
      0.5271
      0.9225
      1.9727
      4.1283
      5.4677
     11.6177
      8.5385
      3.3860
      0.7241
      0.0990
      0.0771
      0.1742
      0.2300
      0.1649
      0.0639
      0.0139
      0.0100
      0.0693
      0.3033
      0.7568
      1.3573
      2.7742
      5.6492
      7.4467
      2.4767
      1.8204
      0.7238
      0.1691
      0.1004
      0.3050
      0.6680
      0.8242
      0.5568
      0.2038
      0.0405
      0.0097
      0.0483
      0.2262
      0.6001
      1.0987
      2.1368
      4.1962
      5.4904
      0.2823
      0.2088
      0.0947
      0.0864
      0.2674
      0.7532
      1.4292
      1.6156
      1.0225
      0.3532
      0.0659
      0.0085
      0.0185
      0.0913
      0.2578
      0.4847
      0.8997
      1.6922
      2.1917
      0.0178
      0.0182
      0.0506
      0.2094
      0.5968
      1.2281
      1.8736
      1.8910
      1.1266
      0.3745
      0.0679
      0.0070
      0.0040
      0.0198
      0.0599
      0.1176
      0.2148
      0.3908
      0.5013
      0.0024
      0.0132
      0.0947
      0.3870
      0.9523
      1.6610
      2.3437
      2.4409
      1.5863
      0.5884
      0.1204
      0.0134
      0.0012
      0.0024
      0.0093
      0.0313
      0.1024
      0.2371
      0.3182
      0.0025
      0.0158
      0.1090
      0.4327
      1.1595
      2.6906
      5.2708
      6.7975
      5.0186
      2.0313
      0.4444
      0.0521
      0.0033
      0.0008
      0.0092
      0.0779
      0.3622
      0.9118
      1.2403
      0.0019
      0.0112
      0.0751
      0.3349
      1.3407
      4.8408
     11.7208
     16.2044
     12.2542
      5.0144
      1.1042
      0.1300
      0.0082
      0.0016
      0.0221
      0.1938
      0.9092
      2.2928
      3.1196
      0.0013
      0.0076
      0.0513
      0.2742
      1.4717
      6.2035
     15.6981
     21.9376
     16.6368
      6.8143
      1.5012
      0.1768
      0.0111
      0.0022
      0.0300
      0.2637
      1.2370
      3.1195
      4.2444
