      0.4144
      0.4241
      0.4442
      0.4560
      0.4477
      0.4244
      0.4037
      0.4027
      0.4267
      0.4646
      0.4926
      0.4850
      0.4298
      0.3366
      0.2313
      0.1402
      0.0774
      0.0436
      0.0334
      0.4168
      0.4241
      0.4381
      0.4428
      0.4291
      0.4031
      0.3820
      0.3818
      0.4075
      0.4483
      0.4809
      0.4800
      0.4319
      0.3443
      0.2413
      0.1492
      0.0839
      0.0478
      0.0367
      0.4361
      0.4360
      0.4315
      0.4148
      0.3848
      0.3509
      0.3289
      0.3316
      0.3618
      0.4098
      0.4546
      0.4713
      0.4426
      0.3701
      0.2732
      0.1784
      0.1057
      0.0627
      0.0488
      0.5140
      0.5003
      0.4616
      0.4058
      0.3461
      0.2979
      0.2740
      0.2804
      0.3161
      0.3723
      0.4321
      0.4720
      0.4703
      0.4194
      0.3316
      0.2330
      0.1492
      0.0958
      0.0778
      0.7226
      0.6859
      0.5893
      0.4666
      0.3548
      0.2790
      0.2467
      0.2537
      0.2915
      0.3523
      0.4245
      0.4878
      0.5163
      0.4923
      0.4187
      0.3196
      0.2261
      0.1623
      0.1400
      1.1363
      1.0633
      0.8751
      0.6448
      0.4455
      0.3171
      0.2614
      0.2589
      0.2908
      0.3484
      0.4264
      0.5095
      0.5698
      0.5800
      0.5326
      0.4463
      0.3546
      0.2881
      0.2642
      1.7674
      1.6448
      1.3302
      0.9489
      0.6222
      0.4114
      0.3117
      0.2857
      0.3010
      0.3463
      0.4222
      0.5203
      0.6141
      0.6701
      0.6702
      0.6239
      0.5602
      0.5096
      0.4907
      2.5027
      2.3251
      1.8699
      1.3187
      0.8457
      0.5358
      0.3788
      0.3193
      0.3103
      0.3366
      0.4037
      0.5119
      0.6408
      0.7562
      0.8316
      0.8628
      0.8655
      0.8591
      0.8557
      3.1102
      2.8888
      2.3216
      1.6349
      1.0446
      0.6541
      0.4487
      0.3583
      0.3244
      0.3283
      0.3806
      0.4925
      0.6548
      0.8390
      1.0132
      1.1575
      1.2647
      1.3320
      1.3552
      3.3475
      3.1114
      2.5079
      1.7794
      1.1563
      0.7458
      0.5276
      0.4231
      0.3684
      0.3460
      0.3744
      0.4784
      0.6640
      0.9129
      1.1916
      1.4639
      1.6951
      1.8525
      1.9086
      3.1102
      2.8977
      2.3568
      1.7112
      1.1698
      0.8234
      0.6424
      0.5455
      0.4720
      0.4134
      0.4018
      0.4782
      0.6650
      0.9553
      1.3160
      1.6972
      2.0392
      2.2791
      2.3658
      2.5027
      2.3456
      1.9511
      1.4948
      1.1341
      0.9245
      0.8214
      0.7448
      0.6461
      0.5345
      0.4614
      0.4856
      0.6432
      0.9358
      1.3318
      1.7732
      2.1827
      2.4754
      2.5821
      1.7674
      1.6805
      1.4716
      1.2546
      1.1208
      1.0793
      1.0667
      1.0068
      0.8691
      0.6873
      0.5355
      0.4876
      0.5885
      0.8443
      1.2257
      1.6726
      2.1002
      2.4115
      2.5259
      1.1363
      1.1160
      1.0827
      1.0921
      1.1709
      1.2821
      1.3438
      1.2851
      1.0966
      0.8377
      0.6032
      0.4783
      0.5111
      0.7100
      1.0499
      1.4747
      1.8976
      2.2133
      2.3306
      0.7226
      0.7531
      0.8539
      1.0349
      1.2720
      1.4918
      1.5984
      1.5274
      1.2881
      0.9609
      0.6560
      0.4652
      0.4387
      0.5889
      0.8985
      1.3184
      1.7584
      2.0976
      2.2257
      0.5140
      0.5765
      0.7609
      1.0475
      1.3796
      1.6612
      1.7891
      1.7044
      1.4282
      1.0534
      0.6991
      0.4623
      0.3980
      0.5274
      0.8457
      1.3104
      1.8207
      2.2255
      2.3805
      0.4361
      0.5147
      0.7411
      1.0794
      1.4567
      1.7673
      1.9060
      1.8163
      1.5229
      1.1227
      0.7393
      0.4753
      0.3947
      0.5317
      0.8960
      1.4497
      2.0743
      2.5780
      2.7725
      0.4168
      0.5017
      0.7439
      1.1012
      1.4948
      1.8171
      1.9633
      1.8766
      1.5804
      1.1705
      0.7726
      0.4950
      0.4109
      0.5667
      0.9840
      1.6271
      2.3606
      2.9562
      3.1868
      0.4144
      0.5008
      0.7465
      1.1079
      1.5050
      1.8305
      1.9798
      1.8958
      1.6003
      1.1883
      0.7861
      0.5044
      0.4203
      0.5855
      1.0258
      1.7066
      2.4849
      3.1181
      3.3635
