      0.3922
      0.3942
      0.3942
      0.3799
      0.3460
      0.3017
      0.2672
      0.2620
      0.2928
      0.3476
      0.3994
      0.4184
      0.3884
      0.3158
      0.2246
      0.1411
      0.0815
      0.0486
      0.0384
      0.3959
      0.3960
      0.3912
      0.3717
      0.3344
      0.2894
      0.2565
      0.2540
      0.2882
      0.3479
      0.4065
      0.4339
      0.4113
      0.3422
      0.2493
      0.1604
      0.0941
      0.0561
      0.0441
      0.4251
      0.4187
      0.3975
      0.3599
      0.3102
      0.2618
      0.2326
      0.2377
      0.2817
      0.3550
      0.4333
      0.4846
      0.4833
      0.4246
      0.3270
      0.2214
      0.1349
      0.0814
      0.0636
      0.5373
      0.5167
      0.4601
      0.3825
      0.3038
      0.2433
      0.2161
      0.2303
      0.2874
      0.3797
      0.4866
      0.5740
      0.6063
      0.5648
      0.4609
      0.3296
      0.2106
      0.1316
      0.1044
      0.8260
      0.7783
      0.6539
      0.4975
      0.3571
      0.2637
      0.2275
      0.2454
      0.3121
      0.4217
      0.5583
      0.6875
      0.7621
      0.7463
      0.6402
      0.4816
      0.3248
      0.2147
      0.1757
      1.3827
      1.2898
      1.0507
      0.7583
      0.5056
      0.3434
      0.2754
      0.2822
      0.3467
      0.4625
      0.6200
      0.7867
      0.9065
      0.9266
      0.8323
      0.6595
      0.4737
      0.3370
      0.2874
      2.2169
      2.0604
      1.6589
      1.1711
      0.7516
      0.4791
      0.3512
      0.3266
      0.3718
      0.4767
      0.6374
      0.8272
      0.9875
      1.0530
      0.9936
      0.8361
      0.6484
      0.5030
      0.4490
      3.1785
      2.9508
      2.3667
      1.6572
      1.0446
      0.6395
      0.4336
      0.3631
      0.3752
      0.4528
      0.5967
      0.7892
      0.9777
      1.0937
      1.0943
      0.9906
      0.8404
      0.7150
      0.6670
      3.9685
      3.6835
      2.9524
      2.0636
      1.2938
      0.7782
      0.5042
      0.3897
      0.3650
      0.4061
      0.5170
      0.6920
      0.8923
      1.0560
      1.1331
      1.1159
      1.0407
      0.9642
      0.9329
      4.2762
      3.9708
      3.1880
      2.2376
      1.4151
      0.8630
      0.5638
      0.4256
      0.3705
      0.3719
      0.4389
      0.5796
      0.7736
      0.9729
      1.1263
      1.2077
      1.2270
      1.2168
      1.2091
      3.9685
      3.6905
      2.9800
      2.1225
      1.3881
      0.9015
      0.6376
      0.5041
      0.4268
      0.3850
      0.3982
      0.4899
      0.6590
      0.8728
      1.0831
      1.2502
      1.3583
      1.4137
      1.4301
      3.1785
      2.9676
      2.4325
      1.7984
      1.2725
      0.9398
      0.7628
      0.6550
      0.5561
      0.4620
      0.4091
      0.4375
      0.5625
      0.7647
      1.0008
      1.2231
      1.3967
      1.5041
      1.5401
      2.2169
      2.0907
      1.7781
      1.4285
      1.1695
      1.0340
      0.9670
      0.8890
      0.7598
      0.5995
      0.4666
      0.4188
      0.4836
      0.6517
      0.8855
      1.1351
      1.3524
      1.4990
      1.5508
      1.3827
      1.3365
      1.2352
      1.1583
      1.1582
      1.2159
      1.2547
      1.1987
      1.0272
      0.7873
      0.5630
      0.4296
      0.4261
      0.5509
      0.7738
      1.0461
      1.3085
      1.4991
      1.5690
      0.8260
      0.8418
      0.9057
      1.0460
      1.2581
      1.4790
      1.6087
      1.5675
      1.3477
      1.0209
      0.6978
      0.4748
      0.4038
      0.4938
      0.7236
      1.0465
      1.3874
      1.6503
      1.7496
      0.5373
      0.5945
      0.7704
      1.0633
      1.4331
      1.7849
      1.9949
      1.9705
      1.7068
      1.2942
      0.8706
      0.5581
      0.4277
      0.5028
      0.7737
      1.1936
      1.6634
      2.0388
      2.1829
      0.4251
      0.5066
      0.7504
      1.1413
      1.6217
      2.0765
      2.3595
      2.3589
      2.0636
      1.5757
      1.0596
      0.6657
      0.4880
      0.5674
      0.9059
      1.4545
      2.0844
      2.5956
      2.7933
      0.3959
      0.4897
      0.7690
      1.2149
      1.7635
      2.2888
      2.6278
      2.6512
      2.3382
      1.7977
      1.2135
      0.7599
      0.5509
      0.6422
      1.0449
      1.7067
      2.4739
      3.1000
      3.3428
      0.3922
      0.4897
      0.7799
      1.2438
      1.8159
      2.3669
      2.7276
      2.7612
      2.4428
      1.8831
      1.2736
      0.7978
      0.5776
      0.6748
      1.1039
      1.8111
      2.6328
      3.3042
      3.5648
