      0.0020
      0.0047
      0.0116
      0.0157
      0.0116
      0.0047
      0.0013
      0.0006
      0.0006
      0.0013
      0.0028
      0.0037
      0.0027
      0.0011
      0.0002
      0.0000
      0.0000
      0.0000
      0.0000
      0.0028
      0.0060
      0.0134
      0.0165
      0.0112
      0.0042
      0.0011
      0.0005
      0.0005
      0.0010
      0.0025
      0.0036
      0.0028
      0.0012
      0.0003
      0.0000
      0.0000
      0.0000
      0.0000
      0.0037
      0.0070
      0.0133
      0.0142
      0.0083
      0.0027
      0.0006
      0.0002
      0.0002
      0.0006
      0.0017
      0.0032
      0.0034
      0.0021
      0.0008
      0.0002
      0.0000
      0.0000
      0.0000
      0.0030
      0.0049
      0.0079
      0.0073
      0.0037
      0.0010
      0.0002
      0.0001
      0.0001
      0.0004
      0.0023
      0.0067
      0.0114
      0.0106
      0.0055
      0.0015
      0.0002
      0.0000
      0.0000
      0.0084
      0.0070
      0.0046
      0.0025
      0.0010
      0.0002
      0.0000
      0.0000
      0.0001
      0.0011
      0.0073
      0.0268
      0.0530
      0.0567
      0.0328
      0.0102
      0.0017
      0.0002
      0.0000
      0.1198
      0.0882
      0.0353
      0.0077
      0.0010
      0.0001
      0.0001
      0.0001
      0.0003
      0.0023
      0.0167
      0.0673
      0.1464
      0.1719
      0.1090
      0.0373
      0.0069
      0.0009
      0.0003
      1.0495
      0.7714
      0.3059
      0.0652
      0.0074
      0.0005
      0.0002
      0.0003
      0.0004
      0.0026
      0.0208
      0.0920
      0.2193
      0.2821
      0.1961
      0.0743
      0.0175
      0.0078
      0.0084
      4.9229
      3.6182
      1.4347
      0.3059
      0.0349
      0.0022
      0.0004
      0.0004
      0.0004
      0.0017
      0.0140
      0.0680
      0.1777
      0.2509
      0.1934
      0.0903
      0.0604
      0.1033
      0.1361
     12.4151
      9.1246
      3.6182
      0.7713
      0.0879
      0.0054
      0.0005
      0.0004
      0.0003
      0.0006
      0.0051
      0.0274
      0.0795
      0.1276
      0.1252
      0.1433
      0.3790
      0.8832
      1.1884
     16.8923
     12.4151
      4.9229
      1.0495
      0.1196
      0.0076
      0.0011
      0.0012
      0.0009
      0.0005
      0.0012
      0.0070
      0.0269
      0.0671
      0.1429
      0.4596
      1.7046
      4.1160
      5.5597
     12.4151
      9.1246
      3.6182
      0.7714
      0.0887
      0.0091
      0.0097
      0.0133
      0.0101
      0.0041
      0.0012
      0.0035
      0.0230
      0.0948
      0.2956
      1.1209
      4.2655
     10.3502
     13.9972
      4.9229
      3.6182
      1.4349
      0.3074
      0.0430
      0.0324
      0.0689
      0.0891
      0.0635
      0.0246
      0.0053
      0.0039
      0.0269
      0.1241
      0.4104
      1.5444
      5.8069
     14.0673
     19.0264
      1.0495
      0.7716
      0.3083
      0.0791
      0.0600
      0.1459
      0.2779
      0.3250
      0.2156
      0.0784
      0.0155
      0.0037
      0.0187
      0.0921
      0.3162
      1.1662
      4.2917
     10.3423
     13.9791
      0.1198
      0.0899
      0.0520
      0.0891
      0.2354
      0.4611
      0.6691
      0.6659
      0.4020
      0.1367
      0.0254
      0.0033
      0.0072
      0.0371
      0.1326
      0.4804
      1.7224
      4.1177
      5.5583
      0.0084
      0.0137
      0.0682
      0.2832
      0.6846
      1.0248
      1.0850
      0.8602
      0.4619
      0.1484
      0.0267
      0.0027
      0.0016
      0.0081
      0.0316
      0.1211
      0.4383
      1.0470
      1.4127
      0.0030
      0.0193
      0.1392
      0.5497
      1.2103
      1.6076
      1.5271
      1.1915
      0.6902
      0.2484
      0.0506
      0.0057
      0.0005
      0.0018
      0.0179
      0.1380
      0.6303
      1.5814
      2.1499
      0.0037
      0.0234
      0.1597
      0.5967
      1.3026
      2.0032
      2.7402
      3.0577
      2.1736
      0.8727
      0.1907
      0.0224
      0.0015
      0.0041
      0.0671
      0.5880
      2.7572
      6.9526
      9.4597
      0.0028
      0.0165
      0.1057
      0.3923
      1.0288
      2.5247
      5.2699
      7.0260
      5.2726
      2.1542
      0.4742
      0.0558
      0.0038
      0.0103
      0.1687
      1.4809
      6.9466
     17.5184
     23.8360
      0.0020
      0.0111
      0.0682
      0.2646
      0.8838
      2.8974
      6.8586
      9.4532
      7.1498
      2.9270
      0.6448
      0.0759
      0.0052
      0.0140
      0.2296
      2.0149
      9.4516
     23.8357
     32.4314
