      0.0019
      0.0046
      0.0113
      0.0153
      0.0112
      0.0045
      0.0011
      0.0005
      0.0011
      0.0042
      0.0103
      0.0138
      0.0100
      0.0039
      0.0008
      0.0001
      0.0000
      0.0000
      0.0000
      0.0027
      0.0059
      0.0130
      0.0161
      0.0109
      0.0040
      0.0009
      0.0003
      0.0008
      0.0035
      0.0091
      0.0131
      0.0104
      0.0045
      0.0010
      0.0001
      0.0000
      0.0000
      0.0000
      0.0036
      0.0068
      0.0129
      0.0138
      0.0081
      0.0026
      0.0005
      0.0001
      0.0004
      0.0019
      0.0057
      0.0097
      0.0090
      0.0047
      0.0013
      0.0002
      0.0000
      0.0000
      0.0000
      0.0030
      0.0048
      0.0077
      0.0071
      0.0036
      0.0010
      0.0002
      0.0000
      0.0001
      0.0007
      0.0028
      0.0063
      0.0083
      0.0063
      0.0028
      0.0007
      0.0001
      0.0000
      0.0000
      0.0093
      0.0077
      0.0048
      0.0025
      0.0010
      0.0002
      0.0000
      0.0000
      0.0001
      0.0005
      0.0032
      0.0113
      0.0216
      0.0226
      0.0129
      0.0040
      0.0007
      0.0001
      0.0000
      0.1360
      0.1001
      0.0400
      0.0087
      0.0011
      0.0001
      0.0001
      0.0001
      0.0002
      0.0009
      0.0065
      0.0262
      0.0568
      0.0666
      0.0422
      0.0145
      0.0027
      0.0004
      0.0002
      1.1920
      0.8761
      0.3474
      0.0741
      0.0085
      0.0006
      0.0002
      0.0003
      0.0004
      0.0011
      0.0081
      0.0356
      0.0849
      0.1092
      0.0762
      0.0292
      0.0073
      0.0037
      0.0041
      5.5913
      4.1094
      1.6295
      0.3474
      0.0396
      0.0025
      0.0004
      0.0005
      0.0004
      0.0008
      0.0055
      0.0264
      0.0695
      0.0997
      0.0800
      0.0415
      0.0311
      0.0509
      0.0659
     14.1005
     10.3633
      4.1093
      0.8760
      0.0998
      0.0062
      0.0006
      0.0005
      0.0004
      0.0004
      0.0021
      0.0116
      0.0371
      0.0724
      0.0946
      0.1132
      0.2123
      0.4353
      0.5740
     19.1855
     14.1005
      5.5913
      1.1920
      0.1360
      0.0092
      0.0031
      0.0041
      0.0033
      0.0015
      0.0010
      0.0068
      0.0389
      0.1347
      0.2840
      0.4680
      0.9764
      2.0295
      2.6827
     14.1005
     10.3633
      4.1094
      0.8764
      0.1027
      0.0196
      0.0354
      0.0494
      0.0375
      0.0154
      0.0041
      0.0107
      0.0770
      0.3144
      0.7337
      1.2468
      2.5102
      5.1231
      6.7569
      5.5913
      4.1094
      1.6298
      0.3507
      0.0636
      0.1056
      0.2490
      0.3288
      0.2357
      0.0914
      0.0198
      0.0142
      0.0986
      0.4321
      1.0707
      1.8505
      3.5460
      7.0164
      9.2035
      1.1920
      0.8763
      0.3503
      0.0959
      0.1272
      0.4355
      0.9550
      1.1780
      0.7957
      0.2912
      0.0578
      0.0139
      0.0691
      0.3229
      0.8504
      1.5049
      2.7461
      5.2201
      6.7893
      0.1360
      0.1018
      0.0577
      0.1079
      0.3824
      1.0768
      2.0371
      2.2986
      1.4529
      0.5013
      0.0934
      0.0120
      0.0264
      0.1304
      0.3656
      0.6676
      1.1675
      2.1196
      2.7255
      0.0093
      0.0143
      0.0686
      0.3012
      0.8512
      1.7134
      2.5464
      2.5099
      1.4623
      0.4744
      0.0836
      0.0084
      0.0056
      0.0284
      0.0864
      0.1757
      0.3425
      0.6480
      0.8382
      0.0030
      0.0188
      0.1367
      0.5507
      1.2818
      1.9245
      2.1393
      1.7741
      0.9631
      0.3065
      0.0543
      0.0053
      0.0009
      0.0042
      0.0263
      0.1592
      0.6836
      1.6938
      2.2982
      0.0036
      0.0228
      0.1553
      0.5773
      1.2207
      1.6629
      1.8084
      1.6564
      1.0518
      0.3953
      0.0826
      0.0094
      0.0007
      0.0047
      0.0747
      0.6515
      3.0515
      7.6933
     10.4672
      0.0027
      0.0160
      0.1015
      0.3579
      0.7810
      1.3775
      2.2929
      2.8296
      2.0766
      0.8418
      0.1846
      0.0217
      0.0017
      0.0113
      0.1868
      1.6394
      7.6900
     19.3931
     26.3867
      0.0019
      0.0107
      0.0643
      0.2234
      0.5510
      1.3187
      2.7587
      3.6907
      2.7730
      1.1333
      0.2495
      0.0294
      0.0023
      0.0154
      0.2541
      2.2305
     10.4630
     26.3865
     35.9022
