      0.0493
      0.0648
      0.0967
      0.1130
      0.0959
      0.0602
      0.0327
      0.0283
      0.0538
      0.1126
      0.1831
      0.2152
      0.1802
      0.1069
      0.0449
      0.0133
      0.0028
      0.0004
      0.0001
      0.0522
      0.0668
      0.0956
      0.1078
      0.0886
      0.0540
      0.0285
      0.0241
      0.0464
      0.0995
      0.1665
      0.2027
      0.1771
      0.1107
      0.0495
      0.0158
      0.0036
      0.0006
      0.0001
      0.0547
      0.0661
      0.0862
      0.0894
      0.0682
      0.0386
      0.0188
      0.0152
      0.0308
      0.0719
      0.1328
      0.1818
      0.1820
      0.1330
      0.0708
      0.0274
      0.0077
      0.0016
      0.0005
      0.0548
      0.0599
      0.0667
      0.0609
      0.0418
      0.0215
      0.0096
      0.0079
      0.0191
      0.0539
      0.1216
      0.2046
      0.2521
      0.2257
      0.1460
      0.0678
      0.0225
      0.0054
      0.0018
      0.0978
      0.0893
      0.0683
      0.0438
      0.0231
      0.0101
      0.0046
      0.0053
      0.0169
      0.0590
      0.1613
      0.3211
      0.4579
      0.4655
      0.3367
      0.1729
      0.0631
      0.0169
      0.0063
      0.3523
      0.2989
      0.1831
      0.0819
      0.0276
      0.0081
      0.0041
      0.0064
      0.0203
      0.0756
      0.2264
      0.4905
      0.7550
      0.8239
      0.6376
      0.3506
      0.1384
      0.0425
      0.0193
      1.1563
      0.9732
      0.5799
      0.2446
      0.0736
      0.0176
      0.0069
      0.0085
      0.0218
      0.0796
      0.2506
      0.5756
      0.9395
      1.0882
      0.8978
      0.5334
      0.2388
      0.0973
      0.0620
      2.7481
      2.3113
      1.3744
      0.5770
      0.1717
      0.0391
      0.0121
      0.0107
      0.0191
      0.0624
      0.2028
      0.4937
      0.8598
      1.0726
      0.9713
      0.6635
      0.3850
      0.2468
      0.2133
      4.6209
      3.8864
      2.3107
      0.9701
      0.2895
      0.0680
      0.0241
      0.0208
      0.0228
      0.0426
      0.1256
      0.3261
      0.6305
      0.9008
      0.9783
      0.8657
      0.7204
      0.6565
      0.6493
      5.4941
      4.6208
      2.7480
      1.1567
      0.3555
      0.1084
      0.0764
      0.0830
      0.0740
      0.0591
      0.0836
      0.2109
      0.4882
      0.8733
      1.2106
      1.3747
      1.4237
      1.4769
      1.5138
      4.6209
      3.8870
      2.3151
      0.9902
      0.3547
      0.2208
      0.2805
      0.3269
      0.2787
      0.1753
      0.1135
      0.1892
      0.4935
      1.0470
      1.6762
      2.1224
      2.3487
      2.4971
      2.5690
      2.7481
      2.3140
      1.3925
      0.6524
      0.4006
      0.5475
      0.8290
      0.9512
      0.7828
      0.4623
      0.2227
      0.2086
      0.5068
      1.1488
      1.9519
      2.5733
      2.8924
      3.0607
      3.1321
      1.1563
      0.9818
      0.6340
      0.4487
      0.6409
      1.1930
      1.7969
      1.9822
      1.5706
      0.8897
      0.3783
      0.2157
      0.4132
      0.9554
      1.6830
      2.2764
      2.5757
      2.6983
      2.7408
      0.3523
      0.3203
      0.3064
      0.5013
      1.0796
      2.0118
      2.8661
      3.0119
      2.2934
      1.2524
      0.4972
      0.1963
      0.2513
      0.5721
      1.0411
      1.4481
      1.6609
      1.7362
      1.7561
      0.0978
      0.1290
      0.2839
      0.7131
      1.5443
      2.6688
      3.5653
      3.5814
      2.6438
      1.4113
      0.5426
      0.1703
      0.1199
      0.2467
      0.4687
      0.6947
      0.8596
      0.9608
      0.9982
      0.0548
      0.1149
      0.3551
      0.9105
      1.8666
      3.0749
      4.0113
      4.0215
      3.0075
      1.6414
      0.6453
      0.1869
      0.0632
      0.0865
      0.1899
      0.3728
      0.6392
      0.9185
      1.0446
      0.0547
      0.1234
      0.3875
      0.9860
      2.0503
      3.5282
      4.8913
      5.2272
      4.1504
      2.3919
      0.9869
      0.2903
      0.0682
      0.0478
      0.1494
      0.4469
      1.0107
      1.6646
      1.9682
      0.0522
      0.1158
      0.3634
      0.9638
      2.1795
      4.1389
      6.2430
      7.0960
      5.8841
      3.4994
      1.4787
      0.4417
      0.0989
      0.0567
      0.2050
      0.6822
      1.6181
      2.7161
      3.2277
      0.0493
      0.1083
      0.3425
      0.9400
      2.2382
      4.4582
      6.9507
      8.0619
      6.7678
      4.0569
      1.7236
      0.5168
      0.1154
      0.0651
      0.2392
      0.8042
      1.9156
      3.2209
      3.8293
