      0.1504
      0.1600
      0.1792
      0.1886
      0.1782
      0.1548
      0.1315
      0.1151
      0.1051
      0.1002
      0.0986
      0.0949
      0.0830
      0.0623
      0.0390
      0.0204
      0.0093
      0.0045
      0.0033
      0.1514
      0.1594
      0.1745
      0.1796
      0.1665
      0.1425
      0.1202
      0.1060
      0.0999
      0.1012
      0.1080
      0.1130
      0.1067
      0.0861
      0.0577
      0.0320
      0.0150
      0.0068
      0.0045
      0.1680
      0.1700
      0.1708
      0.1611
      0.1391
      0.1133
      0.0942
      0.0867
      0.0920
      0.1120
      0.1451
      0.1789
      0.1926
      0.1731
      0.1275
      0.0763
      0.0374
      0.0163
      0.0100
      0.2688
      0.2544
      0.2163
      0.1669
      0.1203
      0.0873
      0.0722
      0.0748
      0.0971
      0.1463
      0.2247
      0.3124
      0.3675
      0.3548
      0.2777
      0.1756
      0.0903
      0.0407
      0.0253
      0.6394
      0.5805
      0.4362
      0.2759
      0.1552
      0.0909
      0.0721
      0.0834
      0.1227
      0.2043
      0.3395
      0.5031
      0.6245
      0.6325
      0.5180
      0.3431
      0.1866
      0.0911
      0.0607
      1.5980
      1.4347
      1.0395
      0.6127
      0.3050
      0.1497
      0.1026
      0.1118
      0.1585
      0.2613
      0.4445
      0.6839
      0.8835
      0.9317
      0.7965
      0.5556
      0.3265
      0.1816
      0.1347
      3.4192
      3.0630
      2.2033
      1.2784
      0.6141
      0.2748
      0.1579
      0.1451
      0.1821
      0.2821
      0.4800
      0.7603
      1.0195
      1.1204
      1.0068
      0.7548
      0.5016
      0.3388
      0.2860
      5.9343
      5.3140
      3.8170
      2.2062
      1.0456
      0.4431
      0.2184
      0.1648
      0.1770
      0.2508
      0.4216
      0.6864
      0.9583
      1.1074
      1.0678
      0.8982
      0.7207
      0.6136
      0.5817
      8.2680
      7.4032
      5.3158
      3.0682
      1.4438
      0.5910
      0.2593
      0.1624
      0.1473
      0.1855
      0.3031
      0.5071
      0.7445
      0.9246
      0.9978
      1.0029
      1.0157
      1.0572
      1.0818
      9.2345
      8.2687
      5.9375
      3.4264
      1.6089
      0.6494
      0.2690
      0.1496
      0.1164
      0.1239
      0.1862
      0.3166
      0.4979
      0.6923
      0.8863
      1.1095
      1.3807
      1.6337
      1.7405
      8.2680
      7.4045
      5.3211
      3.0788
      1.4584
      0.6049
      0.2660
      0.1554
      0.1140
      0.0973
      0.1142
      0.1825
      0.3110
      0.5062
      0.7916
      1.1992
      1.7021
      2.1513
      2.3353
      5.9343
      5.3187
      3.8360
      2.2481
      1.1124
      0.5257
      0.2974
      0.2148
      0.1637
      0.1186
      0.0950
      0.1154
      0.2010
      0.3799
      0.6974
      1.1893
      1.8056
      2.3534
      2.5767
      3.4192
      3.0748
      2.2521
      1.3893
      0.7995
      0.5206
      0.4205
      0.3622
      0.2841
      0.1924
      0.1199
      0.0956
      0.1409
      0.2847
      0.5731
      1.0401
      1.6331
      2.1617
      2.3771
      1.5980
      1.4582
      1.1378
      0.8384
      0.6900
      0.6756
      0.6905
      0.6427
      0.5114
      0.3405
      0.1929
      0.1105
      0.1108
      0.2114
      0.4479
      0.8496
      1.3695
      1.8364
      2.0273
      0.6394
      0.6191
      0.5987
      0.6555
      0.8184
      1.0268
      1.1634
      1.1311
      0.9220
      0.6219
      0.3468
      0.1711
      0.1146
      0.1837
      0.4080
      0.8186
      1.3666
      1.8659
      2.0711
      0.2688
      0.3077
      0.4448
      0.7164
      1.1182
      1.5602
      1.8738
      1.8972
      1.5954
      1.1016
      0.6213
      0.2958
      0.1634
      0.2274
      0.5262
      1.1070
      1.9013
      2.6334
      2.9357
      0.1680
      0.2340
      0.4526
      0.8659
      1.4797
      2.1880
      2.7457
      2.8764
      2.4823
      1.7470
      0.9977
      0.4745
      0.2503
      0.3335
      0.7851
      1.6819
      2.9191
      4.0639
      4.5375
      0.1514
      0.2290
      0.4890
      0.9941
      1.7755
      2.7215
      3.5138
      3.7608
      3.2958
      2.3446
      1.3488
      0.6436
      0.3374
      0.4466
      1.0566
      2.2737
      3.9561
      5.5145
      6.1594
      0.1504
      0.2313
      0.5044
      1.0429
      1.8905
      2.9344
      3.8261
      4.1242
      3.6321
      2.5926
      1.4948
      0.7143
      0.3743
      0.4954
      1.1731
      2.5264
      4.3978
      6.1316
      6.8491
