      0.0000
      0.0000
      0.0000
      0.0000
      0.0000
      0.0000
      0.0000
      0.0000
      0.0000
      0.0000
      0.0000
      0.0000
      0.0000
      0.0000
      0.0000
      0.0000
      0.0000
      0.0000
      0.0000
      0.0000
      0.0000
      0.0000
      0.0000
      0.0000
      0.0000
      0.0000
      0.0000
      0.0000
      0.0000
      0.0000
      0.0000
      0.0000
      0.0000
      0.0000
      0.0000
      0.0000
      0.0000
      0.0000
      0.0000
      0.0000
      0.0000
      0.0000
      0.0000
      0.0000
      0.0000
      0.0000
      0.0000
      0.0000
      0.0000
      0.0000
      0.0000
      0.0000
      0.0000
      0.0000
      0.0000
      0.0000
      0.0000
      0.0000
      0.0000
      0.0000
      0.0000
      0.0000
      0.0000
      0.0000
      0.0000
      0.0000
      0.0000
      0.0000
      0.0000
      0.0000
      0.0000
      0.0000
      0.0000
      0.0000
      0.0000
      0.0000
      0.0000
      0.0000
      0.0000
      0.0000
      0.0000
      0.0000
      0.0000
      0.0000
      0.0000
      0.0000
      0.0000
      0.0000
      0.0001
      0.0001
      0.0000
      0.0000
      0.0000
      0.0000
      0.0000
      0.0013
      0.0006
      0.0001
      0.0000
      0.0000
      0.0000
      0.0000
      0.0000
      0.0000
      0.0000
      0.0000
      0.0001
      0.0006
      0.0009
      0.0003
      0.0000
      0.0000
      0.0000
      0.0000
      0.1695
      0.0847
      0.0106
      0.0003
      0.0000
      0.0000
      0.0000
      0.0000
      0.0000
      0.0000
      0.0000
      0.0002
      0.0016
      0.0028
      0.0012
      0.0001
      0.0000
      0.0000
      0.0000
      5.4953
      2.7476
      0.3425
      0.0106
      0.0001
      0.0000
      0.0000
      0.0000
      0.0000
      0.0000
      0.0000
      0.0001
      0.0010
      0.0021
      0.0011
      0.0002
      0.0001
      0.0005
      0.0010
     44.0785
     22.0392
      2.7476
      0.0847
      0.0006
      0.0000
      0.0000
      0.0000
      0.0000
      0.0000
      0.0000
      0.0000
      0.0002
      0.0005
      0.0005
      0.0006
      0.0081
      0.0645
      0.1290
     88.1569
     44.0785
      5.4953
      0.1695
      0.0013
      0.0000
      0.0000
      0.0000
      0.0000
      0.0000
      0.0000
      0.0000
      0.0001
      0.0022
      0.0109
      0.0215
      0.2649
      2.0918
      4.1830
     44.0785
     22.0392
      2.7476
      0.0847
      0.0006
      0.0000
      0.0001
      0.0003
      0.0002
      0.0000
      0.0000
      0.0000
      0.0008
      0.0181
      0.1059
      0.2174
      2.1470
     16.7814
     33.5529
      5.4953
      2.7476
      0.3425
      0.0106
      0.0001
      0.0014
      0.0110
      0.0208
      0.0099
      0.0012
      0.0000
      0.0000
      0.0014
      0.0378
      0.2573
      0.5622
      4.3661
     33.5720
     67.1064
      0.1695
      0.0847
      0.0106
      0.0003
      0.0012
      0.0322
      0.2165
      0.3634
      0.1525
      0.0159
      0.0004
      0.0000
      0.0006
      0.0197
      0.1563
      0.3713
      2.2426
     16.7949
     33.5538
      0.0013
      0.0006
      0.0001
      0.0001
      0.0079
      0.1795
      1.0620
      1.5741
      0.5834
      0.0538
      0.0012
      0.0000
      0.0001
      0.0026
      0.0237
      0.0623
      0.2919
      2.0960
      4.1833
      0.0000
      0.0000
      0.0000
      0.0012
      0.0184
      0.2582
      1.3044
      1.7038
      0.5577
      0.0454
      0.0009
      0.0000
      0.0000
      0.0001
      0.0009
      0.0026
      0.0097
      0.0656
      0.1307
      0.0000
      0.0000
      0.0002
      0.0051
      0.0314
      0.1222
      0.4164
      0.4757
      0.1408
      0.0106
      0.0002
      0.0000
      0.0000
      0.0000
      0.0000
      0.0005
      0.0141
      0.1130
      0.2259
      0.0000
      0.0000
      0.0003
      0.0059
      0.0278
      0.0626
      0.2527
      0.4915
      0.2554
      0.0337
      0.0011
      0.0000
      0.0000
      0.0000
      0.0001
      0.0140
      0.4547
      3.6472
      7.2944
      0.0000
      0.0000
      0.0001
      0.0017
      0.0123
      0.2052
      1.7164
      3.6899
      1.9851
      0.2664
      0.0088
      0.0001
      0.0000
      0.0000
      0.0008
      0.1125
      3.6472
     29.2550
     58.5101
      0.0000
      0.0000
      0.0000
      0.0003
      0.0122
      0.3978
      3.4286
      7.3786
      3.9700
      0.5327
      0.0177
      0.0001
      0.0000
      0.0000
      0.0017
      0.2249
      7.2944
     58.5101
    117.0202
