      0.0638
      0.0851
      0.1286
      0.1509
      0.1276
      0.0785
      0.0378
      0.0188
      0.0159
      0.0225
      0.0325
      0.0371
      0.0309
      0.0184
      0.0078
      0.0023
      0.0005
      0.0001
      0.0000
      0.0679
      0.0878
      0.1269
      0.1435
      0.1176
      0.0703
      0.0330
      0.0161
      0.0138
      0.0201
      0.0301
      0.0359
      0.0316
      0.0200
      0.0092
      0.0030
      0.0007
      0.0001
      0.0000
      0.0722
      0.0872
      0.1138
      0.1181
      0.0897
      0.0500
      0.0221
      0.0105
      0.0097
      0.0157
      0.0267
      0.0368
      0.0381
      0.0291
      0.0163
      0.0066
      0.0019
      0.0004
      0.0001
      0.0791
      0.0845
      0.0906
      0.0807
      0.0547
      0.0280
      0.0123
      0.0073
      0.0086
      0.0158
      0.0315
      0.0529
      0.0670
      0.0618
      0.0411
      0.0195
      0.0066
      0.0016
      0.0006
      0.1836
      0.1634
      0.1164
      0.0680
      0.0335
      0.0153
      0.0097
      0.0108
      0.0146
      0.0246
      0.0512
      0.0962
      0.1367
      0.1399
      0.1019
      0.0528
      0.0196
      0.0056
      0.0023
      0.7363
      0.6223
      0.3766
      0.1645
      0.0545
      0.0194
      0.0170
      0.0226
      0.0273
      0.0384
      0.0769
      0.1526
      0.2317
      0.2529
      0.1967
      0.1098
      0.0456
      0.0167
      0.0098
      2.4505
      2.0617
      1.2275
      0.5175
      0.1584
      0.0465
      0.0323
      0.0380
      0.0398
      0.0465
      0.0873
      0.1801
      0.2894
      0.3357
      0.2806
      0.1746
      0.0911
      0.0531
      0.0443
      5.8328
      4.9058
      2.9172
      1.2260
      0.3697
      0.0960
      0.0477
      0.0466
      0.0424
      0.0413
      0.0715
      0.1535
      0.2629
      0.3300
      0.3102
      0.2408
      0.1898
      0.1782
      0.1804
      9.8096
      8.2504
      4.9056
      2.0604
      0.6170
      0.1483
      0.0545
      0.0428
      0.0342
      0.0278
      0.0432
      0.0975
      0.1842
      0.2665
      0.3159
      0.3551
      0.4273
      0.5215
      0.5673
     11.6636
      9.8096
      5.8327
      2.4497
      0.7324
      0.1719
      0.0559
      0.0392
      0.0294
      0.0199
      0.0234
      0.0543
      0.1226
      0.2274
      0.3688
      0.5720
      0.8607
      1.1621
      1.2972
      9.8096
      8.2507
      4.9072
      2.0654
      0.6282
      0.1677
      0.0807
      0.0703
      0.0550
      0.0333
      0.0220
      0.0382
      0.1020
      0.2355
      0.4625
      0.8237
      1.3421
      1.8807
      2.1219
      5.8328
      4.9075
      2.9267
      1.2551
      0.4339
      0.2040
      0.1880
      0.1853
      0.1425
      0.0812
      0.0386
      0.0371
      0.0945
      0.2370
      0.4961
      0.9200
      1.5373
      2.1855
      2.4776
      2.4505
      2.0690
      1.2654
      0.6265
      0.3808
      0.3899
      0.4425
      0.4155
      0.2989
      0.1602
      0.0660
      0.0372
      0.0741
      0.1888
      0.4054
      0.7641
      1.2899
      1.8459
      2.0976
      0.7363
      0.6437
      0.4838
      0.4561
      0.6039
      0.7901
      0.8502
      0.7243
      0.4795
      0.2408
      0.0912
      0.0347
      0.0450
      0.1137
      0.2573
      0.5134
      0.9067
      1.3310
      1.5244
      0.1836
      0.2076
      0.3334
      0.6346
      1.0400
      1.3263
      1.3176
      1.0361
      0.6446
      0.3107
      0.1133
      0.0343
      0.0245
      0.0654
      0.1944
      0.5079
      1.0742
      1.7220
      2.0218
      0.0791
      0.1491
      0.4042
      0.8814
      1.4369
      1.7791
      1.7334
      1.3677
      0.8737
      0.4387
      0.1668
      0.0484
      0.0232
      0.0801
      0.3479
      1.1341
      2.6620
      4.4511
      5.2842
      0.0722
      0.1548
      0.4420
      0.9562
      1.5546
      1.9863
      2.0903
      1.8386
      1.3099
      0.7187
      0.2915
      0.0874
      0.0409
      0.1615
      0.7636
      2.5791
      6.1402
     10.3223
     12.2715
      0.0679
      0.1428
      0.3975
      0.8535
      1.4344
      2.0048
      2.4022
      2.3928
      1.8641
      1.0804
      0.4526
      0.1383
      0.0660
      0.2672
      1.2745
      4.3193
     10.2973
     17.3199
     20.5932
      0.0638
      0.1318
      0.3615
      0.7771
      1.3438
      1.9886
      2.5423
      2.6599
      2.1334
      1.2558
      0.5303
      0.1628
      0.0781
      0.3173
      1.5145
      5.1339
     12.2406
     20.5894
     24.4810
