      0.2801
      0.3089
      0.3685
      0.4048
      0.3873
      0.3320
      0.2790
      0.2573
      0.2747
      0.3206
      0.3663
      0.3731
      0.3205
      0.2258
      0.1286
      0.0589
      0.0217
      0.0069
      0.0033
      0.2797
      0.3051
      0.3564
      0.3839
      0.3612
      0.3051
      0.2533
      0.2325
      0.2491
      0.2937
      0.3399
      0.3515
      0.3072
      0.2207
      0.1287
      0.0605
      0.0230
      0.0075
      0.0037
      0.2730
      0.2896
      0.3197
      0.3261
      0.2926
      0.2373
      0.1910
      0.1734
      0.1884
      0.2288
      0.2750
      0.2970
      0.2727
      0.2072
      0.1287
      0.0650
      0.0269
      0.0098
      0.0053
      0.2621
      0.2666
      0.2690
      0.2505
      0.2083
      0.1593
      0.1244
      0.1135
      0.1271
      0.1608
      0.2037
      0.2349
      0.2329
      0.1928
      0.1318
      0.0743
      0.0356
      0.0162
      0.0108
      0.2904
      0.2788
      0.2452
      0.1957
      0.1431
      0.1023
      0.0813
      0.0791
      0.0914
      0.1168
      0.1532
      0.1895
      0.2064
      0.1904
      0.1474
      0.0976
      0.0592
      0.0384
      0.0323
      0.4462
      0.4087
      0.3154
      0.2092
      0.1272
      0.0833
      0.0708
      0.0745
      0.0841
      0.1002
      0.1289
      0.1685
      0.2024
      0.2114
      0.1914
      0.1574
      0.1288
      0.1139
      0.1099
      0.8079
      0.7272
      0.5319
      0.3214
      0.1723
      0.1017
      0.0845
      0.0872
      0.0909
      0.0972
      0.1194
      0.1640
      0.2197
      0.2653
      0.2902
      0.3025
      0.3169
      0.3345
      0.3430
      1.3430
      1.2042
      0.8700
      0.5133
      0.2631
      0.1436
      0.1090
      0.1040
      0.0993
      0.0966
      0.1150
      0.1702
      0.2609
      0.3714
      0.4892
      0.6141
      0.7447
      0.8544
      0.8986
      1.8521
      1.6598
      1.1973
      0.7049
      0.3604
      0.1952
      0.1442
      0.1318
      0.1185
      0.1064
      0.1217
      0.1935
      0.3375
      0.5528
      0.8309
      1.1624
      1.5150
      1.8046
      1.9192
      2.0647
      1.8514
      1.3400
      0.8002
      0.4311
      0.2650
      0.2231
      0.2135
      0.1891
      0.1567
      0.1573
      0.2412
      0.4477
      0.7956
      1.2851
      1.8965
      2.5564
      3.0977
      3.3112
      1.8521
      1.6653
      1.2223
      0.7702
      0.4898
      0.4020
      0.4146
      0.4206
      0.3695
      0.2845
      0.2363
      0.3045
      0.5519
      1.0134
      1.6955
      2.5683
      3.5180
      4.2974
      4.6046
      1.3430
      1.2201
      0.9407
      0.6925
      0.6072
      0.6765
      0.7842
      0.8041
      0.6900
      0.5005
      0.3527
      0.3577
      0.5897
      1.0856
      1.8498
      2.8430
      3.9276
      4.8173
      5.1675
      0.8079
      0.7617
      0.6823
      0.6903
      0.8533
      1.1140
      1.3178
      1.3198
      1.0947
      0.7557
      0.4719
      0.3751
      0.5304
      0.9581
      1.6522
      2.5688
      3.5734
      4.3965
      4.7202
      0.4462
      0.4693
      0.5739
      0.8223
      1.2134
      1.6280
      1.8723
      1.8027
      1.4376
      0.9492
      0.5432
      0.3481
      0.4017
      0.6988
      1.2238
      1.9390
      2.7340
      3.3890
      3.6470
      0.2904
      0.3654
      0.6076
      1.0294
      1.5633
      2.0349
      2.2359
      2.0573
      1.5744
      0.9982
      0.5359
      0.2896
      0.2662
      0.4438
      0.8124
      1.3556
      1.9908
      2.5293
      2.7440
      0.2621
      0.3676
      0.6855
      1.1858
      1.7494
      2.1756
      2.2794
      2.0085
      1.4813
      0.9092
      0.4680
      0.2261
      0.1734
      0.2939
      0.6061
      1.1306
      1.7986
      2.3927
      2.6344
      0.2730
      0.3880
      0.7215
      1.2128
      1.7183
      2.0475
      2.0627
      1.7605
      1.2691
      0.7676
      0.3896
      0.1811
      0.1348
      0.2611
      0.6247
      1.2906
      2.1858
      3.0049
      3.3422
      0.2797
      0.3914
      0.7069
      1.1501
      1.5759
      1.8212
      1.7915
      1.5079
      1.0838
      0.6598
      0.3390
      0.1605
      0.1307
      0.2892
      0.7439
      1.5986
      2.7667
      3.8449
      4.2906
      0.2801
      0.3886
      0.6917
      1.1093
      1.4996
      1.7135
      1.6733
      1.4057
      1.0140
      0.6223
      0.3233
      0.1558
      0.1335
      0.3086
      0.8070
      1.7476
      3.0371
      4.2294
      4.7225
