      0.3604
      0.3927
      0.4564
      0.4826
      0.4310
      0.3220
      0.2120
      0.1460
      0.1362
      0.1674
      0.2083
      0.2254
      0.2015
      0.1465
      0.0862
      0.0412
      0.0166
      0.0065
      0.0041
      0.3607
      0.3888
      0.4420
      0.4581
      0.4025
      0.2967
      0.1933
      0.1328
      0.1258
      0.1588
      0.2034
      0.2269
      0.2101
      0.1589
      0.0979
      0.0492
      0.0207
      0.0082
      0.0050
      0.3676
      0.3830
      0.4066
      0.3950
      0.3294
      0.2329
      0.1472
      0.1013
      0.1022
      0.1416
      0.1984
      0.2423
      0.2465
      0.2061
      0.1408
      0.0786
      0.0362
      0.0149
      0.0088
      0.4365
      0.4284
      0.3978
      0.3359
      0.2493
      0.1613
      0.0965
      0.0685
      0.0809
      0.1325
      0.2126
      0.2926
      0.3327
      0.3091
      0.2334
      0.1432
      0.0720
      0.0320
      0.0198
      0.7520
      0.6950
      0.5499
      0.3750
      0.2229
      0.1186
      0.0629
      0.0479
      0.0714
      0.1394
      0.2521
      0.3819
      0.4727
      0.4744
      0.3855
      0.2546
      0.1390
      0.0687
      0.0463
      1.6426
      1.4807
      1.0858
      0.6501
      0.3213
      0.1360
      0.0578
      0.0422
      0.0709
      0.1520
      0.2949
      0.4758
      0.6243
      0.6636
      0.5731
      0.4068
      0.2454
      0.1410
      0.1064
      3.3927
      3.0411
      2.1899
      1.2672
      0.5914
      0.2276
      0.0819
      0.0470
      0.0705
      0.1519
      0.3063
      0.5174
      0.7138
      0.8025
      0.7423
      0.5787
      0.4015
      0.2792
      0.2374
      5.8407
      5.2299
      3.7537
      2.1588
      0.9969
      0.3760
      0.1275
      0.0587
      0.0669
      0.1328
      0.2713
      0.4782
      0.6981
      0.8429
      0.8574
      0.7628
      0.6324
      0.5336
      0.4984
      8.1228
      7.2722
      5.2176
      2.9998
      1.3869
      0.5275
      0.1836
      0.0822
      0.0712
      0.1104
      0.2119
      0.3863
      0.6064
      0.8088
      0.9360
      0.9772
      0.9660
      0.9438
      0.9343
      9.0694
      8.1207
      5.8301
      3.3614
      1.5725
      0.6270
      0.2536
      0.1399
      0.1100
      0.1146
      0.1685
      0.2979
      0.5060
      0.7609
      1.0120
      1.2203
      1.3708
      1.4623
      1.4934
      8.1228
      7.2772
      5.2394
      3.0538
      1.4882
      0.6811
      0.3747
      0.2747
      0.2196
      0.1745
      0.1694
      0.2475
      0.4341
      0.7209
      1.0662
      1.4131
      1.7083
      1.9081
      1.9793
      5.8407
      5.2449
      3.8180
      2.3133
      1.2757
      0.7819
      0.6128
      0.5320
      0.4264
      0.3012
      0.2163
      0.2305
      0.3770
      0.6548
      1.0273
      1.4316
      1.7966
      2.0535
      2.1467
      3.3927
      3.0757
      2.3353
      1.6053
      1.1773
      1.0431
      1.0143
      0.9218
      0.7216
      0.4786
      0.2906
      0.2257
      0.3089
      0.5310
      0.8551
      1.2228
      1.5650
      1.8108
      1.9009
      1.6426
      1.5452
      1.3526
      1.2553
      1.3359
      1.4954
      1.5532
      1.3983
      1.0622
      0.6761
      0.3732
      0.2228
      0.2301
      0.3686
      0.5988
      0.8723
      1.1342
      1.3260
      1.3970
      0.7520
      0.7927
      0.9507
      1.2702
      1.6939
      2.0455
      2.1363
      1.8961
      1.4174
      0.8870
      0.4689
      0.2328
      0.1657
      0.2225
      0.3600
      0.5414
      0.7268
      0.8690
      0.9229
      0.4365
      0.5499
      0.8953
      1.4446
      2.0668
      2.5419
      2.6692
      2.3862
      1.8051
      1.1454
      0.6064
      0.2768
      0.1387
      0.1332
      0.2122
      0.3462
      0.5039
      0.6362
      0.6886
      0.3676
      0.5103
      0.9320
      1.5792
      2.3044
      2.8828
      3.1006
      2.8585
      2.2371
      1.4665
      0.7957
      0.3586
      0.1503
      0.1028
      0.1608
      0.2970
      0.4796
      0.6440
      0.7112
      0.3607
      0.5095
      0.9462
      1.6176
      2.3910
      3.0594
      3.3944
      3.2399
      2.6210
      1.7676
      0.9800
      0.4451
      0.1779
      0.1050
      0.1633
      0.3243
      0.5514
      0.7611
      0.8476
      0.3604
      0.5087
      0.9439
      1.6163
      2.4041
      3.1109
      3.5016
      3.3921
      2.7802
      1.8947
      1.0587
      0.4829
      0.1917
      0.1098
      0.1709
      0.3452
      0.5937
      0.8242
      0.9195
