      0.1307
      0.1398
      0.1587
      0.1706
      0.1670
      0.1553
      0.1513
      0.1680
      0.2119
      0.2774
      0.3391
      0.3592
      0.3167
      0.2280
      0.1328
      0.0625
      0.0239
      0.0080
      0.0041
      0.1306
      0.1386
      0.1546
      0.1630
      0.1566
      0.1433
      0.1381
      0.1534
      0.1957
      0.2609
      0.3260
      0.3543
      0.3219
      0.2400
      0.1457
      0.0718
      0.0289
      0.0102
      0.0053
      0.1337
      0.1381
      0.1451
      0.1436
      0.1303
      0.1139
      0.1072
      0.1205
      0.1604
      0.2270
      0.3040
      0.3571
      0.3536
      0.2895
      0.1943
      0.1065
      0.0478
      0.0186
      0.0104
      0.1630
      0.1594
      0.1476
      0.1270
      0.1027
      0.0836
      0.0784
      0.0930
      0.1339
      0.2076
      0.3082
      0.4037
      0.4462
      0.4071
      0.3034
      0.1839
      0.0912
      0.0397
      0.0241
      0.2882
      0.2664
      0.2117
      0.1480
      0.0977
      0.0716
      0.0697
      0.0890
      0.1342
      0.2199
      0.3535
      0.5063
      0.6107
      0.6046
      0.4864
      0.3180
      0.1718
      0.0842
      0.0566
      0.6329
      0.5711
      0.4211
      0.2589
      0.1440
      0.0919
      0.0868
      0.1085
      0.1550
      0.2483
      0.4111
      0.6218
      0.7953
      0.8343
      0.7125
      0.4995
      0.2982
      0.1716
      0.1307
      1.3046
      1.1703
      0.8467
      0.5009
      0.2589
      0.1463
      0.1217
      0.1362
      0.1739
      0.2597
      0.4297
      0.6742
      0.9048
      1.0016
      0.9125
      0.7005
      0.4841
      0.3440
      0.2986
      2.2423
      2.0091
      1.4477
      0.8481
      0.4259
      0.2212
      0.1598
      0.1565
      0.1755
      0.2373
      0.3851
      0.6248
      0.8849
      1.0485
      1.0470
      0.9208
      0.7743
      0.6817
      0.6535
      3.1161
      2.7916
      2.0103
      1.1758
      0.5859
      0.2944
      0.1971
      0.1753
      0.1730
      0.2021
      0.3071
      0.5118
      0.7781
      1.0172
      1.1587
      1.2108
      1.2358
      1.2681
      1.2860
      3.4786
      3.1171
      2.2478
      1.3223
      0.6739
      0.3605
      0.2607
      0.2351
      0.2136
      0.2033
      0.2539
      0.4107
      0.6749
      0.9960
      1.3119
      1.5985
      1.8609
      2.0714
      2.1559
      3.1161
      2.7953
      2.0276
      1.2226
      0.6827
      0.4546
      0.4113
      0.4041
      0.3580
      0.2889
      0.2668
      0.3645
      0.6170
      1.0055
      1.4763
      1.9781
      2.4625
      2.8408
      2.9881
      2.2423
      2.0192
      1.4946
      0.9741
      0.6819
      0.6371
      0.7050
      0.7286
      0.6361
      0.4716
      0.3448
      0.3597
      0.5710
      0.9740
      1.5185
      2.1351
      2.7403
      3.2083
      3.3885
      1.3046
      1.1911
      0.9420
      0.7515
      0.7563
      0.9352
      1.1328
      1.1767
      1.0065
      0.7114
      0.4525
      0.3602
      0.4902
      0.8346
      1.3437
      1.9450
      2.5438
      3.0061
      3.1833
      0.6329
      0.6058
      0.5784
      0.6636
      0.9274
      1.3047
      1.6081
      1.6476
      1.3803
      0.9456
      0.5533
      0.3492
      0.3767
      0.6158
      1.0225
      1.5390
      2.0776
      2.5036
      2.6683
      0.2882
      0.3153
      0.4301
      0.7005
      1.1482
      1.6715
      2.0505
      2.0770
      1.7206
      1.1619
      0.6508
      0.3455
      0.2778
      0.4211
      0.7498
      1.2377
      1.8065
      2.2876
      2.4793
      0.1630
      0.2185
      0.4111
      0.7916
      1.3643
      2.0078
      2.4724
      2.5169
      2.0997
      1.4272
      0.7932
      0.3846
      0.2391
      0.3371
      0.6877
      1.3100
      2.1191
      2.8458
      3.1428
      0.1337
      0.2020
      0.4324
      0.8784
      1.5509
      2.3262
      2.9217
      3.0363
      2.5857
      1.7916
      1.0083
      0.4787
      0.2659
      0.3700
      0.8448
      1.7596
      3.0042
      4.1481
      4.6200
      0.1306
      0.2034
      0.4502
      0.9354
      1.6881
      2.5908
      3.3286
      3.5322
      3.0645
      2.1579
      1.2301
      0.5859
      0.3194
      0.4507
      1.0731
      2.2972
      3.9823
      5.5403
      6.1847
      0.1307
      0.2044
      0.4558
      0.9551
      1.7407
      2.6991
      3.5007
      3.7454
      3.2720
      2.3173
      1.3271
      0.6338
      0.3455
      0.4908
      1.1788
      2.5362
      4.4087
      6.1420
      6.8591
