      0.0046
      0.0060
      0.0090
      0.0108
      0.0102
      0.0089
      0.0101
      0.0180
      0.0409
      0.0859
      0.1389
      0.1627
      0.1357
      0.0802
      0.0334
      0.0098
      0.0020
      0.0003
      0.0001
      0.0052
      0.0065
      0.0093
      0.0106
      0.0096
      0.0080
      0.0087
      0.0153
      0.0351
      0.0752
      0.1245
      0.1499
      0.1292
      0.0793
      0.0346
      0.0107
      0.0023
      0.0004
      0.0001
      0.0083
      0.0090
      0.0102
      0.0100
      0.0080
      0.0059
      0.0058
      0.0098
      0.0229
      0.0512
      0.0901
      0.1172
      0.1103
      0.0748
      0.0364
      0.0127
      0.0032
      0.0006
      0.0002
      0.0332
      0.0295
      0.0212
      0.0129
      0.0070
      0.0042
      0.0040
      0.0066
      0.0139
      0.0305
      0.0576
      0.0843
      0.0916
      0.0727
      0.0419
      0.0175
      0.0053
      0.0012
      0.0004
      0.1991
      0.1685
      0.1023
      0.0451
      0.0155
      0.0062
      0.0066
      0.0101
      0.0148
      0.0239
      0.0443
      0.0744
      0.0968
      0.0923
      0.0635
      0.0314
      0.0112
      0.0031
      0.0013
      0.9488
      0.7984
      0.4756
      0.2008
      0.0619
      0.0194
      0.0162
      0.0217
      0.0249
      0.0292
      0.0478
      0.0872
      0.1282
      0.1376
      0.1058
      0.0586
      0.0244
      0.0095
      0.0061
      3.2108
      2.7006
      1.6060
      0.6751
      0.2041
      0.0553
      0.0329
      0.0370
      0.0367
      0.0350
      0.0511
      0.0970
      0.1546
      0.1809
      0.1535
      0.0978
      0.0536
      0.0349
      0.0313
      7.6536
      6.4371
      3.8274
      1.6076
      0.4820
      0.1190
      0.0508
      0.0465
      0.0407
      0.0331
      0.0437
      0.0879
      0.1559
      0.2084
      0.2111
      0.1749
      0.1429
      0.1371
      0.1406
     12.8735
     10.8271
      6.4375
      2.7031
      0.8074
      0.1901
      0.0652
      0.0501
      0.0398
      0.0283
      0.0336
      0.0763
      0.1651
      0.2775
      0.3620
      0.3939
      0.4118
      0.4507
      0.4758
     15.3066
     12.8736
      7.6545
      3.2155
      0.9650
      0.2379
      0.0980
      0.0849
      0.0695
      0.0453
      0.0393
      0.0878
      0.2299
      0.4656
      0.7120
      0.8772
      0.9853
      1.0985
      1.1591
     12.8735
     10.8275
      6.4401
      2.7155
      0.8494
      0.2907
      0.2366
      0.2572
      0.2169
      0.1341
      0.0797
      0.1223
      0.3296
      0.7238
      1.1841
      1.5277
      1.7420
      1.9230
      2.0134
      7.6536
      6.4383
      3.8370
      1.6531
      0.6319
      0.4673
      0.6245
      0.7157
      0.5926
      0.3510
      0.1681
      0.1543
      0.3749
      0.8536
      1.4540
      1.9292
      2.2103
      2.4050
      2.4950
      3.2108
      2.7038
      1.6304
      0.7859
      0.5555
      0.8449
      1.2913
      1.4585
      1.1720
      0.6689
      0.2855
      0.1631
      0.3128
      0.7237
      1.2773
      1.7428
      2.0157
      2.1747
      2.2405
      0.9488
      0.8044
      0.5196
      0.3907
      0.6377
      1.2647
      1.9345
      2.1210
      1.6514
      0.9114
      0.3636
      0.1455
      0.1910
      0.4390
      0.8109
      1.1691
      1.4320
      1.6124
      1.6861
      0.1991
      0.1770
      0.1605
      0.2817
      0.6959
      1.4163
      2.1029
      2.2339
      1.6884
      0.9051
      0.3460
      0.1105
      0.0898
      0.2043
      0.4390
      0.8080
      1.3210
      1.8543
      2.0958
      0.0332
      0.0386
      0.0800
      0.2365
      0.6161
      1.2166
      1.7554
      1.8256
      1.3584
      0.7198
      0.2714
      0.0779
      0.0426
      0.1202
      0.4172
      1.2088
      2.6922
      4.4092
      5.2065
      0.0083
      0.0168
      0.0584
      0.1853
      0.4724
      0.9223
      1.3393
      1.4196
      1.0864
      0.5962
      0.2337
      0.0680
      0.0386
      0.1655
      0.7620
      2.5401
      6.0148
     10.0903
     11.9891
      0.0052
      0.0124
      0.0457
      0.1453
      0.3786
      0.7724
      1.1845
      1.3304
      1.0788
      0.6263
      0.2590
      0.0794
      0.0529
      0.2603
      1.2462
      4.2189
     10.0527
     16.9051
     20.0990
      0.0046
      0.0111
      0.0408
      0.1315
      0.3533
      0.7462
      1.1820
      1.3654
      1.1339
      0.6718
      0.2827
      0.0882
      0.0613
      0.3077
      1.4783
      5.0109
     11.9462
     20.0935
     23.8911
