      0.3576
      0.3931
      0.4651
      0.5038
      0.4687
      0.3785
      0.2805
      0.2049
      0.1535
      0.1177
      0.0920
      0.0723
      0.0543
      0.0366
      0.0211
      0.0104
      0.0048
      0.0027
      0.0022
      0.3580
      0.3888
      0.4495
      0.4770
      0.4363
      0.3475
      0.2549
      0.1854
      0.1399
      0.1099
      0.0895
      0.0743
      0.0592
      0.0422
      0.0257
      0.0133
      0.0062
      0.0032
      0.0024
      0.3627
      0.3803
      0.4099
      0.4074
      0.3536
      0.2702
      0.1925
      0.1393
      0.1087
      0.0928
      0.0860
      0.0827
      0.0757
      0.0612
      0.0418
      0.0239
      0.0117
      0.0056
      0.0038
      0.4198
      0.4143
      0.3904
      0.3379
      0.2621
      0.1847
      0.1266
      0.0936
      0.0802
      0.0799
      0.0893
      0.1020
      0.1077
      0.0978
      0.0741
      0.0467
      0.0253
      0.0134
      0.0098
      0.6977
      0.6467
      0.5165
      0.3596
      0.2241
      0.1336
      0.0867
      0.0697
      0.0691
      0.0799
      0.1026
      0.1322
      0.1541
      0.1528
      0.1267
      0.0891
      0.0568
      0.0378
      0.0319
      1.4984
      1.3517
      0.9943
      0.6013
      0.3080
      0.1482
      0.0858
      0.0715
      0.0748
      0.0888
      0.1185
      0.1623
      0.2028
      0.2174
      0.1993
      0.1631
      0.1303
      0.1117
      0.1063
      3.0825
      2.7637
      1.9926
      1.1594
      0.5546
      0.2376
      0.1181
      0.0880
      0.0851
      0.0944
      0.1235
      0.1755
      0.2346
      0.2767
      0.2923
      0.2941
      0.3001
      0.3126
      0.3194
      5.3034
      4.7494
      3.4116
      1.9696
      0.9257
      0.3771
      0.1648
      0.1032
      0.0871
      0.0873
      0.1103
      0.1634
      0.2393
      0.3243
      0.4160
      0.5254
      0.6525
      0.7643
      0.8100
      7.3752
      6.6037
      4.7407
      2.7325
      1.2773
      0.5078
      0.2031
      0.1083
      0.0790
      0.0706
      0.0853
      0.1343
      0.2250
      0.3674
      0.5828
      0.8875
      1.2488
      1.5594
      1.6839
      8.2348
      7.3738
      5.2951
      3.0549
      1.4309
      0.5694
      0.2236
      0.1114
      0.0733
      0.0576
      0.0632
      0.1049
      0.2067
      0.4101
      0.7734
      1.3300
      2.0095
      2.5984
      2.8349
      7.3752
      6.6071
      4.7545
      2.7620
      1.3220
      0.5597
      0.2500
      0.1407
      0.0931
      0.0645
      0.0561
      0.0859
      0.1894
      0.4342
      0.9147
      1.6883
      2.6565
      3.5061
      3.8491
      5.3034
      4.7610
      3.4582
      2.0696
      1.0806
      0.5628
      0.3415
      0.2368
      0.1623
      0.1025
      0.0679
      0.0771
      0.1665
      0.4113
      0.9224
      1.7735
      2.8602
      3.8247
      4.2162
      3.0825
      2.7927
      2.1086
      1.4081
      0.9392
      0.7000
      0.5624
      0.4315
      0.2927
      0.1724
      0.0947
      0.0738
      0.1338
      0.3355
      0.7791
      1.5372
      2.5205
      3.4017
      3.7610
      1.4984
      1.4086
      1.2207
      1.0832
      1.0459
      1.0264
      0.9221
      0.7157
      0.4714
      0.2639
      0.1301
      0.0740
      0.0985
      0.2385
      0.5665
      1.1408
      1.8966
      2.5797
      2.8594
      0.6977
      0.7351
      0.8677
      1.1018
      1.3496
      1.4583
      1.3354
      1.0261
      0.6632
      0.3627
      0.1708
      0.0803
      0.0753
      0.1685
      0.4104
      0.8478
      1.4331
      1.9673
      2.1869
      0.4198
      0.5246
      0.8280
      1.2599
      1.6538
      1.8159
      1.6627
      1.2778
      0.8312
      0.4605
      0.2190
      0.0976
      0.0743
      0.1565
      0.3948
      0.8400
      1.4459
      2.0038
      2.2342
      0.3627
      0.4937
      0.8605
      1.3588
      1.7945
      1.9707
      1.8170
      1.4240
      0.9574
      0.5535
      0.2749
      0.1258
      0.0936
      0.1977
      0.5101
      1.1027
      1.9154
      2.6669
      2.9777
      0.3580
      0.4924
      0.8631
      1.3559
      1.7808
      1.9598
      1.8342
      1.4806
      1.0371
      0.6272
      0.3250
      0.1541
      0.1182
      0.2540
      0.6607
      1.4346
      2.4981
      3.4825
      3.8898
      0.3576
      0.4904
      0.8548
      1.3357
      1.7494
      1.9293
      1.8212
      1.4921
      1.0649
      0.6564
      0.3458
      0.1663
      0.1293
      0.2796
      0.7287
      1.5835
      2.7587
      3.8465
      4.2967
