      0.4726
      0.4862
      0.5143
      0.5296
      0.5140
      0.4726
      0.4280
      0.4032
      0.4070
      0.4291
      0.4457
      0.4322
      0.3779
      0.2923
      0.1987
      0.1201
      0.0674
      0.0400
      0.0319
      0.4779
      0.4884
      0.5085
      0.5148
      0.4927
      0.4486
      0.4044
      0.3811
      0.3863
      0.4096
      0.4283
      0.4187
      0.3697
      0.2893
      0.1994
      0.1222
      0.0695
      0.0414
      0.0329
      0.5090
      0.5098
      0.5056
      0.4845
      0.4425
      0.3903
      0.3468
      0.3276
      0.3360
      0.3616
      0.3847
      0.3842
      0.3487
      0.2822
      0.2025
      0.1297
      0.0769
      0.0471
      0.0378
      0.6176
      0.6005
      0.5518
      0.4804
      0.4012
      0.3322
      0.2874
      0.2725
      0.2834
      0.3091
      0.3344
      0.3431
      0.3239
      0.2763
      0.2115
      0.1464
      0.0951
      0.0640
      0.0538
      0.8940
      0.8471
      0.7237
      0.5660
      0.4197
      0.3149
      0.2591
      0.2432
      0.2520
      0.2725
      0.2948
      0.3092
      0.3060
      0.2799
      0.2350
      0.1831
      0.1377
      0.1080
      0.0979
      1.4326
      1.3390
      1.0974
      0.8003
      0.5399
      0.3660
      0.2787
      0.2494
      0.2478
      0.2568
      0.2715
      0.2892
      0.3030
      0.3037
      0.2877
      0.2600
      0.2309
      0.2101
      0.2026
      2.2482
      2.0907
      1.6860
      1.1933
      0.7669
      0.4847
      0.3398
      0.2812
      0.2602
      0.2536
      0.2601
      0.2835
      0.3203
      0.3590
      0.3885
      0.4051
      0.4119
      0.4140
      0.4144
      3.1955
      2.9670
      2.3806
      1.6676
      1.0506
      0.6388
      0.4201
      0.3218
      0.2767
      0.2544
      0.2559
      0.2911
      0.3608
      0.4535
      0.5520
      0.6415
      0.7125
      0.7585
      0.7745
      3.9771
      3.6918
      2.9600
      2.0703
      1.2992
      0.7812
      0.5000
      0.3663
      0.2991
      0.2632
      0.2623
      0.3130
      0.4228
      0.5830
      0.7719
      0.9625
      1.1270
      1.2392
      1.2792
      4.2821
      3.9773
      3.1963
      2.2488
      1.4299
      0.8807
      0.5802
      0.4311
      0.3479
      0.2970
      0.2885
      0.3486
      0.4941
      0.7215
      1.0068
      1.3103
      1.5830
      1.7739
      1.8427
      3.9771
      3.7011
      2.9964
      2.1479
      1.4239
      0.9461
      0.6856
      0.5460
      0.4492
      0.3728
      0.3402
      0.3904
      0.5508
      0.8242
      1.1852
      1.5838
      1.9516
      2.2134
      2.3086
      3.1955
      2.9887
      2.4653
      1.8480
      1.3395
      1.0193
      0.8455
      0.7293
      0.6112
      0.4906
      0.4105
      0.4239
      0.5677
      0.8486
      1.2414
      1.6900
      2.1131
      2.4186
      2.5303
      2.2482
      2.1286
      1.8339
      1.5071
      1.2667
      1.1377
      1.0616
      0.9625
      0.8077
      0.6249
      0.4789
      0.4350
      0.5341
      0.7847
      1.1625
      1.6114
      2.0455
      2.3638
      2.4812
      1.4326
      1.3946
      1.3134
      1.2558
      1.2590
      1.2950
      1.2912
      1.1883
      0.9838
      0.7340
      0.5218
      0.4182
      0.4637
      0.6666
      1.0069
      1.4334
      1.8609
      2.1816
      2.3011
      0.8940
      0.9169
      0.9935
      1.1309
      1.3024
      1.4401
      1.4656
      1.3389
      1.0856
      0.7841
      0.5259
      0.3810
      0.3869
      0.5545
      0.8729
      1.2994
      1.7468
      2.0926
      2.2234
      0.6176
      0.6766
      0.8452
      1.0901
      1.3438
      1.5171
      1.5354
      1.3789
      1.0941
      0.7696
      0.4963
      0.3385
      0.3323
      0.4968
      0.8358
      1.3158
      1.8400
      2.2559
      2.4152
      0.5090
      0.5843
      0.7917
      1.0753
      1.3472
      1.5126
      1.5076
      1.3294
      1.0359
      0.7159
      0.4527
      0.3045
      0.3098
      0.5009
      0.8988
      1.4778
      2.1245
      2.6450
      2.8458
      0.4779
      0.5578
      0.7743
      1.0610
      1.3230
      1.4678
      1.4422
      1.2546
      0.9664
      0.6619
      0.4167
      0.2849
      0.3090
      0.5339
      0.9951
      1.6715
      2.4338
      3.0510
      3.2898
      0.4726
      0.5530
      0.7697
      1.0536
      1.3083
      1.4434
      1.4102
      1.2205
      0.9365
      0.6400
      0.4031
      0.2788
      0.3116
      0.5515
      1.0398
      1.7569
      2.5667
      3.2233
      3.4776
