      0.0014
      0.0032
      0.0080
      0.0108
      0.0080
      0.0033
      0.0010
      0.0006
      0.0013
      0.0043
      0.0104
      0.0140
      0.0102
      0.0040
      0.0008
      0.0001
      0.0000
      0.0000
      0.0000
      0.0019
      0.0041
      0.0092
      0.0114
      0.0077
      0.0029
      0.0008
      0.0005
      0.0010
      0.0036
      0.0092
      0.0133
      0.0106
      0.0046
      0.0011
      0.0001
      0.0000
      0.0000
      0.0000
      0.0025
      0.0048
      0.0091
      0.0098
      0.0057
      0.0019
      0.0004
      0.0002
      0.0004
      0.0019
      0.0059
      0.0103
      0.0100
      0.0055
      0.0017
      0.0003
      0.0000
      0.0000
      0.0000
      0.0024
      0.0036
      0.0055
      0.0051
      0.0026
      0.0007
      0.0001
      0.0000
      0.0001
      0.0009
      0.0041
      0.0108
      0.0164
      0.0142
      0.0070
      0.0019
      0.0003
      0.0000
      0.0000
      0.0150
      0.0116
      0.0059
      0.0023
      0.0007
      0.0002
      0.0000
      0.0000
      0.0001
      0.0013
      0.0089
      0.0322
      0.0632
      0.0672
      0.0387
      0.0120
      0.0020
      0.0002
      0.0000
      0.2351
      0.1729
      0.0688
      0.0148
      0.0017
      0.0001
      0.0000
      0.0000
      0.0002
      0.0026
      0.0196
      0.0792
      0.1722
      0.2022
      0.1282
      0.0439
      0.0081
      0.0010
      0.0003
      2.0622
      1.5156
      0.6010
      0.1281
      0.0146
      0.0009
      0.0000
      0.0000
      0.0002
      0.0030
      0.0244
      0.1082
      0.2578
      0.3316
      0.2306
      0.0872
      0.0198
      0.0074
      0.0075
      9.6733
      7.1095
      2.8191
      0.6010
      0.0685
      0.0041
      0.0001
      0.0000
      0.0001
      0.0018
      0.0165
      0.0800
      0.2094
      0.2967
      0.2300
      0.1057
      0.0599
      0.0925
      0.1209
     24.3949
     17.9292
      7.1095
      1.5156
      0.1727
      0.0105
      0.0004
      0.0002
      0.0002
      0.0007
      0.0061
      0.0329
      0.0983
      0.1669
      0.1759
      0.1759
      0.3577
      0.7892
      1.0567
     33.1922
     24.3949
      9.6733
      2.0622
      0.2351
      0.0152
      0.0031
      0.0040
      0.0032
      0.0015
      0.0018
      0.0114
      0.0536
      0.1610
      0.3227
      0.6154
      1.6313
      3.6919
      4.9507
     24.3949
     17.9292
      7.1095
      1.5159
      0.1755
      0.0241
      0.0359
      0.0500
      0.0380
      0.0156
      0.0043
      0.0113
      0.0799
      0.3238
      0.7832
      1.6045
      4.1709
      9.3267
     12.4848
      9.6733
      7.1095
      2.8194
      0.6041
      0.0921
      0.1077
      0.2515
      0.3328
      0.2388
      0.0926
      0.0201
      0.0144
      0.1001
      0.4411
      1.1374
      2.3448
      5.8193
     12.7476
     17.0057
      2.0622
      1.5158
      0.6033
      0.1470
      0.1267
      0.4302
      0.9593
      1.1904
      0.8057
      0.2951
      0.0586
      0.0141
      0.0701
      0.3295
      0.9010
      1.8732
      4.4241
      9.4384
     12.5281
      0.2351
      0.1741
      0.0818
      0.0932
      0.3351
      1.0232
      2.0184
      2.3144
      1.4711
      0.5086
      0.0949
      0.0122
      0.0268
      0.1330
      0.3861
      0.8143
      1.8309
      3.7835
      4.9882
      0.0150
      0.0163
      0.0518
      0.2246
      0.6830
      1.5294
      2.4729
      2.5447
      1.5119
      0.4961
      0.0882
      0.0089
      0.0058
      0.0289
      0.0892
      0.1924
      0.4144
      0.8265
      1.0805
      0.0024
      0.0135
      0.0975
      0.4001
      0.9872
      1.6929
      2.2597
      2.1786
      1.3100
      0.4517
      0.0864
      0.0091
      0.0011
      0.0034
      0.0117
      0.0301
      0.0772
      0.1639
      0.2165
      0.0025
      0.0162
      0.1109
      0.4263
      1.0205
      1.9141
      3.1560
      3.7631
      2.6861
      1.0677
      0.2309
      0.0269
      0.0017
      0.0004
      0.0038
      0.0289
      0.1310
      0.3282
      0.4460
      0.0019
      0.0114
      0.0741
      0.2923
      0.9068
      2.6876
      6.0770
      8.2549
      6.2123
      2.5375
      0.5583
      0.0657
      0.0041
      0.0006
      0.0079
      0.0688
      0.3224
      0.8129
      1.1061
      0.0014
      0.0077
      0.0486
      0.2107
      0.8680
      3.2506
      7.9892
     11.0961
      8.4035
      3.4407
      0.7579
      0.0893
      0.0056
      0.0008
      0.0107
      0.0935
      0.4385
      1.1058
      1.5046
