      0.0260
      0.0345
      0.0523
      0.0624
      0.0568
      0.0448
      0.0391
      0.0432
      0.0590
      0.0931
      0.1361
      0.1550
      0.1284
      0.0758
      0.0316
      0.0093
      0.0019
      0.0003
      0.0001
      0.0279
      0.0359
      0.0518
      0.0596
      0.0524
      0.0398
      0.0336
      0.0365
      0.0504
      0.0813
      0.1222
      0.1435
      0.1232
      0.0758
      0.0332
      0.0104
      0.0023
      0.0004
      0.0001
      0.0320
      0.0378
      0.0482
      0.0500
      0.0401
      0.0277
      0.0212
      0.0221
      0.0316
      0.0551
      0.0900
      0.1159
      0.1104
      0.0763
      0.0382
      0.0138
      0.0036
      0.0007
      0.0002
      0.0558
      0.0546
      0.0495
      0.0392
      0.0259
      0.0152
      0.0101
      0.0101
      0.0158
      0.0323
      0.0624
      0.0952
      0.1083
      0.0902
      0.0546
      0.0240
      0.0076
      0.0018
      0.0007
      0.2350
      0.2016
      0.1283
      0.0624
      0.0245
      0.0090
      0.0045
      0.0047
      0.0089
      0.0233
      0.0566
      0.1063
      0.1458
      0.1440
      0.1019
      0.0517
      0.0192
      0.0061
      0.0032
      1.0720
      0.9030
      0.5399
      0.2294
      0.0698
      0.0163
      0.0049
      0.0045
      0.0085
      0.0242
      0.0672
      0.1425
      0.2173
      0.2362
      0.1832
      0.1034
      0.0470
      0.0242
      0.0197
      3.6138
      3.0397
      1.8079
      0.7591
      0.2250
      0.0485
      0.0108
      0.0067
      0.0097
      0.0248
      0.0720
      0.1633
      0.2671
      0.3125
      0.2663
      0.1788
      0.1222
      0.1127
      0.1170
      8.6112
      7.2424
      4.3059
      1.8064
      0.5340
      0.1134
      0.0218
      0.0094
      0.0098
      0.0204
      0.0592
      0.1436
      0.2559
      0.3354
      0.3433
      0.3284
      0.3760
      0.4834
      0.5425
     14.4838
     12.1814
      7.2421
      3.0382
      0.8986
      0.1919
      0.0387
      0.0177
      0.0148
      0.0176
      0.0413
      0.1085
      0.2273
      0.3717
      0.5189
      0.7315
      1.1162
      1.5919
      1.8210
     17.2212
     14.4837
      8.6113
      3.6147
      1.0764
      0.2476
      0.0797
      0.0625
      0.0529
      0.0377
      0.0407
      0.0989
      0.2547
      0.5293
      0.9325
      1.5695
      2.5983
      3.7844
      4.3426
     14.4838
     12.1818
      7.2451
      3.0521
      0.9444
      0.3001
      0.2212
      0.2367
      0.2005
      0.1251
      0.0764
      0.1211
      0.3318
      0.7729
      1.4880
      2.6278
      4.4029
      6.4035
      7.3380
      8.6112
      7.2441
      4.3178
      1.8577
      0.6931
      0.4716
      0.6022
      0.6817
      0.5621
      0.3327
      0.1597
      0.1479
      0.3680
      0.8945
      1.7867
      3.1983
      5.3319
      7.6950
      8.7924
      3.6138
      3.0450
      1.8422
      0.8938
      0.6111
      0.8658
      1.2720
      1.4093
      1.1219
      0.6376
      0.2718
      0.1555
      0.3052
      0.7526
      1.5425
      2.7811
      4.5972
      6.5697
      7.4793
      1.0720
      0.9156
      0.6149
      0.4948
      0.7608
      1.3704
      1.9748
      2.0958
      1.6045
      0.8785
      0.3493
      0.1393
      0.1857
      0.4516
      0.9486
      1.7259
      2.8335
      4.0107
      4.5489
      0.2350
      0.2241
      0.2535
      0.4631
      0.9647
      1.6942
      2.2949
      2.3166
      1.7062
      0.9045
      0.3446
      0.1092
      0.0858
      0.1945
      0.4236
      0.7955
      1.3259
      1.8831
      2.1359
      0.0558
      0.0847
      0.2088
      0.5114
      1.0407
      1.6976
      2.1717
      2.1182
      1.5339
      0.8086
      0.3069
      0.0875
      0.0366
      0.0677
      0.1701
      0.3830
      0.7343
      1.1229
      1.3010
      0.0320
      0.0680
      0.2041
      0.4976
      0.9729
      1.5530
      2.0005
      2.0087
      1.5167
      0.8391
      0.3347
      0.0963
      0.0262
      0.0364
      0.1334
      0.4108
      0.9403
      1.5562
      1.8425
      0.0279
      0.0602
      0.1790
      0.4331
      0.8692
      1.4752
      2.0519
      2.2168
      1.7820
      1.0388
      0.4330
      0.1284
      0.0324
      0.0425
      0.1833
      0.6142
      1.4583
      2.4490
      2.9106
      0.0260
      0.0554
      0.1628
      0.3975
      0.8249
      1.4683
      2.1345
      2.3833
      1.9605
      1.1617
      0.4901
      0.1467
      0.0369
      0.0487
      0.2139
      0.7228
      1.7220
      2.8956
      3.4426
