      0.2153
      0.2248
      0.2496
      0.2817
      0.3158
      0.3536
      0.4009
      0.4627
      0.5370
      0.6093
      0.6528
      0.6399
      0.5608
      0.4330
      0.2934
      0.1767
      0.0993
      0.0594
      0.0477
      0.2399
      0.2465
      0.2632
      0.2846
      0.3080
      0.3364
      0.3758
      0.4312
      0.5003
      0.5695
      0.6133
      0.6051
      0.5342
      0.4160
      0.2846
      0.1731
      0.0981
      0.0588
      0.0471
      0.3389
      0.3347
      0.3234
      0.3086
      0.2969
      0.2962
      0.3132
      0.3508
      0.4059
      0.4662
      0.5096
      0.5122
      0.4622
      0.3691
      0.2599
      0.1631
      0.0953
      0.0584
      0.0471
      0.5928
      0.5651
      0.4926
      0.4012
      0.3188
      0.2642
      0.2439
      0.2554
      0.2908
      0.3375
      0.3775
      0.3911
      0.3660
      0.3053
      0.2267
      0.1522
      0.0969
      0.0653
      0.0554
      1.1352
      1.0623
      0.8732
      0.6380
      0.4268
      0.2799
      0.2024
      0.1795
      0.1919
      0.2225
      0.2558
      0.2769
      0.2746
      0.2470
      0.2028
      0.1565
      0.1201
      0.0985
      0.0916
      2.0968
      1.9485
      1.5653
      1.0917
      0.6698
      0.3754
      0.2120
      0.1437
      0.1305
      0.1450
      0.1711
      0.1980
      0.2172
      0.2235
      0.2186
      0.2089
      0.2007
      0.1966
      0.1955
      3.4829
      3.2294
      2.5751
      1.7692
      1.0540
      0.5564
      0.2775
      0.1522
      0.1115
      0.1119
      0.1340
      0.1708
      0.2169
      0.2659
      0.3130
      0.3558
      0.3924
      0.4184
      0.4280
      5.0522
      4.6817
      3.7263
      2.5514
      1.5118
      0.7907
      0.3868
      0.2019
      0.1346
      0.1233
      0.1461
      0.2004
      0.2857
      0.3955
      0.5181
      0.6402
      0.7471
      0.8217
      0.8488
      6.3306
      5.8665
      4.6712
      3.2042
      1.9110
      1.0193
      0.5230
      0.2949
      0.2062
      0.1831
      0.2060
      0.2818
      0.4178
      0.6082
      0.8334
      1.0654
      1.2710
      1.4149
      1.4670
      6.8269
      6.3298
      5.0513
      3.4887
      2.1214
      1.1902
      0.6798
      0.4443
      0.3419
      0.2997
      0.3105
      0.3983
      0.5827
      0.8598
      1.2008
      1.5596
      1.8805
      2.1054
      2.1866
      6.3306
      5.8772
      4.7156
      3.3079
      2.0959
      1.2924
      0.8658
      0.6648
      0.5529
      0.4744
      0.4476
      0.5204
      0.7284
      1.0705
      1.5087
      1.9784
      2.4017
      2.6985
      2.8057
      5.0522
      4.7044
      3.8205
      2.7696
      1.8976
      1.3548
      1.0868
      0.9473
      0.8215
      0.6853
      0.5903
      0.6122
      0.8011
      1.1589
      1.6399
      2.1663
      2.6442
      2.9799
      3.1011
      3.4829
      3.2651
      2.7223
      2.1068
      1.6439
      1.4067
      1.3160
      1.2373
      1.0873
      0.8795
      0.6991
      0.6437
      0.7725
      1.0877
      1.5404
      2.0484
      2.5143
      2.8427
      2.9613
      2.0968
      1.9955
      1.7571
      1.5272
      1.4200
      1.4388
      1.4858
      1.4440
      1.2634
      0.9913
      0.7362
      0.6044
      0.6548
      0.8873
      1.2549
      1.6817
      2.0790
      2.3609
      2.4629
      1.1352
      1.1149
      1.0868
      1.1171
      1.2392
      1.4091
      1.5234
      1.4880
      1.2833
      0.9780
      0.6862
      0.5078
      0.4920
      0.6355
      0.8981
      1.2182
      1.5236
      1.7433
      1.8233
      0.5928
      0.6162
      0.6980
      0.8555
      1.0744
      1.2892
      1.4060
      1.3573
      1.1469
      0.8496
      0.5685
      0.3848
      0.3338
      0.4105
      0.5847
      0.8120
      1.0378
      1.2045
      1.2661
      0.3389
      0.3787
      0.4984
      0.6891
      0.9145
      1.1068
      1.1908
      1.1247
      0.9273
      0.6679
      0.4293
      0.2704
      0.2139
      0.2550
      0.3746
      0.5436
      0.7205
      0.8560
      0.9069
      0.2399
      0.2827
      0.4057
      0.5885
      0.7875
      0.9404
      0.9897
      0.9121
      0.7336
      0.5150
      0.3206
      0.1919
      0.1435
      0.1723
      0.2677
      0.4104
      0.5666
      0.6898
      0.7368
      0.2153
      0.2578
      0.3784
      0.5535
      0.7381
      0.8733
      0.9085
      0.8272
      0.6574
      0.4560
      0.2799
      0.1643
      0.1208
      0.1475
      0.2368
      0.3729
      0.5244
      0.6451
      0.6915
