      0.4065
      0.4185
      0.4485
      0.4835
      0.5128
      0.5313
      0.5349
      0.5177
      0.4766
      0.4163
      0.3473
      0.2790
      0.2153
      0.1571
      0.1064
      0.0663
      0.0392
      0.0244
      0.0198
      0.4015
      0.4114
      0.4360
      0.4641
      0.4870
      0.5010
      0.5034
      0.4892
      0.4555
      0.4061
      0.3494
      0.2921
      0.2356
      0.1797
      0.1266
      0.0817
      0.0492
      0.0307
      0.0247
      0.3962
      0.4001
      0.4090
      0.4173
      0.4225
      0.4252
      0.4253
      0.4196
      0.4056
      0.3850
      0.3611
      0.3339
      0.2979
      0.2489
      0.1897
      0.1306
      0.0828
      0.0531
      0.0432
      0.4233
      0.4168
      0.3990
      0.3753
      0.3538
      0.3412
      0.3395
      0.3457
      0.3568
      0.3723
      0.3911
      0.4053
      0.4001
      0.3638
      0.2983
      0.2199
      0.1498
      0.1035
      0.0876
      0.5378
      0.5149
      0.4556
      0.3833
      0.3227
      0.2890
      0.2836
      0.2998
      0.3317
      0.3781
      0.4366
      0.4939
      0.5260
      0.5112
      0.4473
      0.3553
      0.2663
      0.2051
      0.1837
      0.7960
      0.7483
      0.6265
      0.4806
      0.3605
      0.2921
      0.2739
      0.2905
      0.3304
      0.3924
      0.4769
      0.5703
      0.6423
      0.6621
      0.6211
      0.5406
      0.4563
      0.3971
      0.3764
      1.2094
      1.1282
      0.9213
      0.6742
      0.4694
      0.3468
      0.3003
      0.3026
      0.3340
      0.3931
      0.4852
      0.6014
      0.7123
      0.7835
      0.8012
      0.7814
      0.7527
      0.7339
      0.7282
      1.7008
      1.5826
      1.2809
      0.9193
      0.6156
      0.4250
      0.3374
      0.3132
      0.3236
      0.3654
      0.4486
      0.5729
      0.7182
      0.8573
      0.9773
      1.0840
      1.1832
      1.2615
      1.2922
      2.1103
      1.9622
      1.5839
      1.1288
      0.7419
      0.4911
      0.3636
      0.3111
      0.2972
      0.3157
      0.3796
      0.4990
      0.6712
      0.8877
      1.1452
      1.4382
      1.7350
      1.9667
      2.0555
      2.2707
      2.1121
      1.7067
      1.2180
      0.8004
      0.5250
      0.3779
      0.3076
      0.2743
      0.2696
      0.3086
      0.4123
      0.5995
      0.8877
      1.2897
      1.7906
      2.3153
      2.7271
      2.8846
      2.1103
      1.9665
      1.5998
      1.1596
      0.7852
      0.5389
      0.4043
      0.3321
      0.2849
      0.2561
      0.2645
      0.3419
      0.5264
      0.8598
      1.3721
      2.0425
      2.7590
      3.3247
      3.5415
      1.7008
      1.5938
      1.3231
      1.0041
      0.7408
      0.5735
      0.4803
      0.4168
      0.3539
      0.2933
      0.2614
      0.2996
      0.4590
      0.7957
      1.3501
      2.0991
      2.9110
      3.5557
      3.8031
      1.2094
      1.1504
      1.0059
      0.8479
      0.7345
      0.6749
      0.6369
      0.5810
      0.4912
      0.3839
      0.2983
      0.2844
      0.3975
      0.6956
      1.2195
      1.9461
      2.7426
      3.3782
      3.6226
      0.7960
      0.7847
      0.7666
      0.7721
      0.8132
      0.8652
      0.8812
      0.8241
      0.6925
      0.5224
      0.3700
      0.2939
      0.3486
      0.5855
      1.0384
      1.6841
      2.3999
      2.9741
      3.1953
      0.5378
      0.5662
      0.6542
      0.7998
      0.9767
      1.1291
      1.1924
      1.1277
      0.9455
      0.7022
      0.4740
      0.3310
      0.3281
      0.5094
      0.9012
      1.4786
      2.1271
      2.6503
      2.8524
      0.4233
      0.4804
      0.6462
      0.8979
      1.1827
      1.4201
      1.5276
      1.4585
      1.2288
      0.9122
      0.6063
      0.3974
      0.3473
      0.4996
      0.8774
      1.4525
      2.1065
      2.6372
      2.8426
      0.3962
      0.4714
      0.6876
      1.0110
      1.3743
      1.6807
      1.8312
      1.7671
      1.5030
      1.1241
      0.7482
      0.4812
      0.3982
      0.5498
      0.9617
      1.6014
      2.3345
      2.9314
      3.1629
      0.4015
      0.4862
      0.7296
      1.0940
      1.5059
      1.8598
      2.0449
      1.9913
      1.7085
      1.2879
      0.8620
      0.5538
      0.4518
      0.6161
      1.0769
      1.7982
      2.6274
      3.3037
      3.5661
      0.4065
      0.4942
      0.7461
      1.1236
      1.5522
      1.9234
      2.1222
      2.0739
      1.7856
      1.3503
      0.9061
      0.5827
      0.4746
      0.6458
      1.1292
      1.8869
      2.7586
      3.4699
      3.7459
