      0.5513
      0.5688
      0.6059
      0.6302
      0.6185
      0.5719
      0.5093
      0.4495
      0.4008
      0.3611
      0.3227
      0.2783
      0.2247
      0.1656
      0.1094
      0.0646
      0.0351
      0.0196
      0.0149
      0.5419
      0.5566
      0.5869
      0.6040
      0.5879
      0.5412
      0.4822
      0.4280
      0.3854
      0.3514
      0.3182
      0.2783
      0.2282
      0.1712
      0.1155
      0.0699
      0.0389
      0.0222
      0.0171
      0.5177
      0.5250
      0.5375
      0.5359
      0.5096
      0.4647
      0.4169
      0.3785
      0.3518
      0.3316
      0.3102
      0.2807
      0.2395
      0.1883
      0.1343
      0.0867
      0.0521
      0.0321
      0.0258
      0.4967
      0.4938
      0.4819
      0.4563
      0.4191
      0.3805
      0.3513
      0.3350
      0.3271
      0.3205
      0.3095
      0.2902
      0.2595
      0.2169
      0.1672
      0.1190
      0.0809
      0.0574
      0.0496
      0.5164
      0.5013
      0.4605
      0.4073
      0.3588
      0.3291
      0.3211
      0.3262
      0.3318
      0.3301
      0.3212
      0.3071
      0.2868
      0.2571
      0.2182
      0.1763
      0.1404
      0.1171
      0.1092
      0.6224
      0.5921
      0.5152
      0.4258
      0.3589
      0.3321
      0.3384
      0.3555
      0.3625
      0.3537
      0.3374
      0.3245
      0.3170
      0.3090
      0.2952
      0.2766
      0.2589
      0.2472
      0.2433
      0.8334
      0.7841
      0.6610
      0.5218
      0.4215
      0.3818
      0.3864
      0.3997
      0.3950
      0.3701
      0.3428
      0.3324
      0.3453
      0.3747
      0.4100
      0.4448
      0.4758
      0.4984
      0.5069
      1.1079
      1.0380
      0.8632
      0.6648
      0.5173
      0.4478
      0.4328
      0.4282
      0.4039
      0.3619
      0.3271
      0.3261
      0.3705
      0.4562
      0.5712
      0.7000
      0.8225
      0.9127
      0.9462
      1.3463
      1.2598
      1.0431
      0.7943
      0.6022
      0.4981
      0.4558
      0.4277
      0.3844
      0.3308
      0.2957
      0.3104
      0.3939
      0.5502
      0.7705
      1.0308
      1.2869
      1.4786
      1.5501
      1.4412
      1.3499
      1.1206
      0.8557
      0.6465
      0.5244
      0.4631
      0.4169
      0.3598
      0.2993
      0.2660
      0.2951
      0.4143
      0.6398
      0.9704
      1.3756
      1.7842
      2.0941
      2.2104
      1.3463
      1.2663
      1.0667
      0.8380
      0.6588
      0.5525
      0.4920
      0.4368
      0.3675
      0.2962
      0.2561
      0.2866
      0.4240
      0.6964
      1.1116
      1.6355
      2.1742
      2.5874
      2.7433
      1.1079
      1.0548
      0.9251
      0.7844
      0.6836
      0.6282
      0.5866
      0.5251
      0.4349
      0.3375
      0.2725
      0.2839
      0.4135
      0.6966
      1.1477
      1.7321
      2.3432
      2.8166
      2.9961
      0.8334
      0.8165
      0.7821
      0.7620
      0.7698
      0.7842
      0.7658
      0.6885
      0.5595
      0.4160
      0.3076
      0.2824
      0.3828
      0.6454
      1.0877
      1.6770
      2.3039
      2.7944
      2.9812
      0.6224
      0.6432
      0.7079
      0.8128
      0.9304
      1.0100
      1.0030
      0.8935
      0.7092
      0.5067
      0.3469
      0.2801
      0.3470
      0.5831
      1.0081
      1.5932
      2.2276
      2.7298
      2.9221
      0.5164
      0.5693
      0.7175
      0.9253
      1.1283
      1.2499
      1.2359
      1.0831
      0.8403
      0.5820
      0.3782
      0.2808
      0.3301
      0.5657
      1.0150
      1.6524
      2.3571
      2.9215
      3.1388
      0.4967
      0.5716
      0.7762
      1.0496
      1.3006
      1.4362
      1.4026
      1.2097
      0.9225
      0.6269
      0.3979
      0.2896
      0.3485
      0.6280
      1.1716
      1.9569
      2.8364
      3.5464
      3.8208
      0.5177
      0.6043
      0.8369
      1.1392
      1.4046
      1.5346
      1.4804
      1.2624
      0.9537
      0.6440
      0.4090
      0.3068
      0.3967
      0.7536
      1.4433
      2.4454
      3.5741
      4.4889
      4.8430
      0.5419
      0.6325
      0.8739
      1.1819
      1.4442
      1.5630
      1.4953
      1.2676
      0.9551
      0.6459
      0.4149
      0.3248
      0.4476
      0.8787
      1.7038
      2.9036
      4.2576
      5.3564
      5.7822
      0.5513
      0.6427
      0.8852
      1.1925
      1.4513
      1.5649
      1.4930
      1.2635
      0.9518
      0.6449
      0.4170
      0.3326
      0.4692
      0.9309
      1.8112
      3.0913
      4.5364
      5.7095
      6.1641
