      0.0894
      0.1188
      0.1790
      0.2095
      0.1769
      0.1082
      0.0509
      0.0219
      0.0109
      0.0066
      0.0049
      0.0044
      0.0039
      0.0027
      0.0014
      0.0005
      0.0002
      0.0000
      0.0000
      0.0950
      0.1224
      0.1764
      0.1992
      0.1630
      0.0970
      0.0445
      0.0187
      0.0095
      0.0067
      0.0069
      0.0086
      0.0093
      0.0076
      0.0045
      0.0019
      0.0006
      0.0001
      0.0001
      0.1010
      0.1217
      0.1582
      0.1637
      0.1241
      0.0689
      0.0295
      0.0120
      0.0072
      0.0091
      0.0174
      0.0297
      0.0380
      0.0349
      0.0228
      0.0106
      0.0035
      0.0008
      0.0003
      0.1156
      0.1221
      0.1283
      0.1128
      0.0757
      0.0380
      0.0151
      0.0066
      0.0074
      0.0189
      0.0484
      0.0934
      0.1292
      0.1269
      0.0883
      0.0435
      0.0151
      0.0038
      0.0013
      0.2967
      0.2618
      0.1821
      0.1027
      0.0479
      0.0189
      0.0074
      0.0054
      0.0117
      0.0380
      0.1063
      0.2186
      0.3204
      0.3327
      0.2447
      0.1274
      0.0471
      0.0129
      0.0050
      1.2259
      1.0353
      0.6244
      0.2703
      0.0854
      0.0216
      0.0076
      0.0081
      0.0180
      0.0579
      0.1691
      0.3666
      0.5665
      0.6204
      0.4819
      0.2665
      0.1071
      0.0349
      0.0175
      4.0938
      3.4441
      2.0497
      0.8618
      0.2565
      0.0569
      0.0151
      0.0122
      0.0214
      0.0635
      0.1914
      0.4365
      0.7110
      0.8221
      0.6782
      0.4066
      0.1905
      0.0891
      0.0645
      9.7477
      8.1983
      4.8744
      2.0452
      0.6053
      0.1301
      0.0276
      0.0147
      0.0190
      0.0498
      0.1536
      0.3686
      0.6341
      0.7795
      0.6979
      0.4855
      0.3149
      0.2469
      0.2357
     16.3943
     13.7882
      8.1974
      3.4388
      1.0165
      0.2151
      0.0393
      0.0138
      0.0127
      0.0279
      0.0874
      0.2211
      0.4050
      0.5419
      0.5642
      0.5351
      0.5655
      0.6581
      0.7100
     19.4928
     16.3942
      9.7468
      4.0890
      1.2086
      0.2546
      0.0435
      0.0113
      0.0071
      0.0116
      0.0354
      0.0951
      0.1904
      0.2986
      0.4235
      0.6397
      1.0057
      1.4091
      1.5913
     16.3943
     13.7886
      8.1991
      3.4434
      1.0244
      0.2241
      0.0453
      0.0147
      0.0074
      0.0055
      0.0111
      0.0306
      0.0723
      0.1557
      0.3466
      0.7675
      1.4715
      2.2277
      2.5659
      9.7477
      8.2005
      4.8852
      2.0741
      0.6570
      0.1941
      0.0824
      0.0457
      0.0227
      0.0094
      0.0051
      0.0089
      0.0273
      0.0901
      0.2862
      0.7695
      1.6115
      2.5345
      2.9511
      4.0938
      3.4535
      2.0960
      0.9835
      0.4700
      0.3190
      0.2440
      0.1545
      0.0751
      0.0285
      0.0090
      0.0045
      0.0121
      0.0528
      0.1994
      0.5856
      1.2842
      2.0667
      2.4235
      1.2259
      1.0636
      0.7628
      0.6267
      0.6965
      0.7588
      0.6508
      0.4236
      0.2138
      0.0861
      0.0280
      0.0080
      0.0066
      0.0270
      0.1101
      0.3398
      0.7680
      1.2564
      1.4809
      0.2967
      0.3217
      0.4725
      0.8403
      1.2985
      1.5325
      1.3757
      0.9712
      0.5571
      0.2603
      0.0960
      0.0270
      0.0079
      0.0155
      0.0652
      0.2113
      0.4921
      0.8181
      0.9693
      0.1156
      0.2112
      0.5595
      1.2086
      1.9612
      2.4355
      2.4190
      1.9887
      1.3453
      0.7181
      0.2885
      0.0845
      0.0204
      0.0223
      0.0944
      0.3171
      0.7535
      1.2656
      1.5041
      0.1010
      0.2166
      0.6226
      1.3748
      2.3362
      3.2205
      3.7406
      3.6145
      2.7615
      1.5857
      0.6618
      0.1974
      0.0471
      0.0472
      0.2001
      0.6762
      1.6118
      2.7109
      3.2231
      0.0950
      0.2015
      0.5746
      1.2987
      2.3909
      3.7676
      5.0421
      5.4100
      4.3909
      2.5988
      1.1000
      0.3302
      0.0790
      0.0786
      0.3331
      1.1261
      2.6848
      4.5159
      5.3695
      0.0894
      0.1872
      0.5306
      1.2216
      2.3621
      3.9748
      5.6206
      6.2363
      5.1483
      3.0711
      1.3044
      0.3921
      0.0938
      0.0934
      0.3957
      1.3379
      3.1898
      5.3654
      6.3795
