      0.0000
      0.0000
      0.0000
      0.0000
      0.0000
      0.0000
      0.0000
      0.0000
      0.0000
      0.0000
      0.0000
      0.0000
      0.0000
      0.0000
      0.0000
      0.0000
      0.0000
      0.0000
      0.0000
      0.0000
      0.0000
      0.0000
      0.0000
      0.0000
      0.0000
      0.0000
      0.0000
      0.0000
      0.0000
      0.0000
      0.0000
      0.0000
      0.0000
      0.0000
      0.0000
      0.0000
      0.0000
      0.0000
      0.0000
      0.0000
      0.0000
      0.0000
      0.0000
      0.0000
      0.0000
      0.0000
      0.0000
      0.0000
      0.0000
      0.0000
      0.0000
      0.0000
      0.0000
      0.0000
      0.0000
      0.0000
      0.0000
      0.0000
      0.0000
      0.0000
      0.0000
      0.0000
      0.0000
      0.0000
      0.0000
      0.0000
      0.0000
      0.0000
      0.0000
      0.0000
      0.0000
      0.0000
      0.0000
      0.0000
      0.0000
      0.0000
      0.0000
      0.0000
      0.0000
      0.0000
      0.0000
      0.0000
      0.0000
      0.0000
      0.0000
      0.0000
      0.0000
      0.0002
      0.0008
      0.0009
      0.0003
      0.0000
      0.0000
      0.0000
      0.0000
      0.0005
      0.0003
      0.0000
      0.0000
      0.0000
      0.0000
      0.0000
      0.0000
      0.0000
      0.0000
      0.0001
      0.0014
      0.0079
      0.0114
      0.0041
      0.0004
      0.0000
      0.0000
      0.0000
      0.0705
      0.0353
      0.0044
      0.0001
      0.0000
      0.0000
      0.0000
      0.0000
      0.0000
      0.0000
      0.0001
      0.0028
      0.0197
      0.0347
      0.0153
      0.0017
      0.0000
      0.0000
      0.0000
      2.2864
      1.1432
      0.1425
      0.0044
      0.0000
      0.0000
      0.0000
      0.0000
      0.0000
      0.0000
      0.0000
      0.0014
      0.0122
      0.0264
      0.0143
      0.0019
      0.0001
      0.0005
      0.0009
     18.3397
      9.1699
      1.1432
      0.0353
      0.0003
      0.0000
      0.0000
      0.0000
      0.0000
      0.0000
      0.0000
      0.0002
      0.0019
      0.0050
      0.0034
      0.0009
      0.0077
      0.0615
      0.1229
     36.6794
     18.3397
      2.2864
      0.0705
      0.0005
      0.0000
      0.0000
      0.0000
      0.0000
      0.0000
      0.0000
      0.0000
      0.0001
      0.0008
      0.0030
      0.0111
      0.2496
      1.9926
      3.9849
     18.3397
      9.1699
      1.1432
      0.0353
      0.0003
      0.0000
      0.0000
      0.0001
      0.0000
      0.0000
      0.0000
      0.0000
      0.0002
      0.0045
      0.0269
      0.0998
      2.0068
     15.9833
     31.9634
      2.2864
      1.1432
      0.1425
      0.0044
      0.0000
      0.0004
      0.0027
      0.0052
      0.0025
      0.0003
      0.0000
      0.0000
      0.0003
      0.0095
      0.0651
      0.2314
      4.0309
     31.9683
     63.9267
      0.0705
      0.0353
      0.0044
      0.0001
      0.0003
      0.0082
      0.0542
      0.0909
      0.0382
      0.0040
      0.0001
      0.0000
      0.0002
      0.0049
      0.0394
      0.1382
      2.0303
     15.9863
     31.9634
      0.0005
      0.0003
      0.0000
      0.0005
      0.0052
      0.0506
      0.2683
      0.3942
      0.1460
      0.0135
      0.0003
      0.0000
      0.0000
      0.0006
      0.0060
      0.0212
      0.2562
      1.9935
      3.9849
      0.0000
      0.0000
      0.0003
      0.0086
      0.0558
      0.1435
      0.3573
      0.4306
      0.1403
      0.0115
      0.0002
      0.0000
      0.0000
      0.0000
      0.0002
      0.0008
      0.0081
      0.0617
      0.1233
      0.0000
      0.0000
      0.0019
      0.0397
      0.2119
      0.3099
      0.2750
      0.3017
      0.1297
      0.0153
      0.0005
      0.0000
      0.0000
      0.0000
      0.0000
      0.0001
      0.0037
      0.0296
      0.0592
      0.0000
      0.0000
      0.0025
      0.0460
      0.2185
      0.5525
      2.7697
      5.8108
      3.1218
      0.4188
      0.0139
      0.0001
      0.0000
      0.0000
      0.0000
      0.0036
      0.1178
      0.9450
      1.8900
      0.0000
      0.0000
      0.0008
      0.0138
      0.1238
      2.5540
     21.6228
     46.5098
     25.0237
      3.3580
      0.1115
      0.0009
      0.0000
      0.0000
      0.0002
      0.0291
      0.9450
      7.5800
     15.1600
      0.0000
      0.0000
      0.0001
      0.0029
      0.1498
      5.0113
     43.2215
     93.0179
     50.0473
      6.7159
      0.2230
      0.0018
      0.0000
      0.0000
      0.0004
      0.0583
      1.8900
     15.1600
     30.3199
