      0.0709
      0.0938
      0.1407
      0.1644
      0.1389
      0.0854
      0.0413
      0.0215
      0.0213
      0.0342
      0.0520
      0.0605
      0.0508
      0.0305
      0.0131
      0.0040
      0.0009
      0.0001
      0.0000
      0.0751
      0.0965
      0.1387
      0.1564
      0.1281
      0.0765
      0.0361
      0.0185
      0.0186
      0.0311
      0.0495
      0.0607
      0.0547
      0.0358
      0.0170
      0.0058
      0.0015
      0.0003
      0.0001
      0.0791
      0.0954
      0.1243
      0.1287
      0.0977
      0.0544
      0.0240
      0.0119
      0.0133
      0.0264
      0.0500
      0.0739
      0.0814
      0.0658
      0.0388
      0.0166
      0.0051
      0.0011
      0.0004
      0.0846
      0.0908
      0.0979
      0.0876
      0.0594
      0.0302
      0.0126
      0.0071
      0.0115
      0.0311
      0.0749
      0.1365
      0.1807
      0.1718
      0.1167
      0.0564
      0.0193
      0.0048
      0.0016
      0.1870
      0.1670
      0.1203
      0.0714
      0.0352
      0.0149
      0.0071
      0.0072
      0.0163
      0.0504
      0.1374
      0.2788
      0.4049
      0.4179
      0.3058
      0.1585
      0.0583
      0.0157
      0.0059
      0.7376
      0.6238
      0.3780
      0.1654
      0.0539
      0.0158
      0.0090
      0.0121
      0.0248
      0.0739
      0.2111
      0.4553
      0.7021
      0.7679
      0.5954
      0.3280
      0.1301
      0.0405
      0.0189
      2.4507
      2.0619
      1.2276
      0.5169
      0.1555
      0.0383
      0.0168
      0.0187
      0.0302
      0.0811
      0.2378
      0.5400
      0.8790
      1.0159
      0.8360
      0.4961
      0.2237
      0.0942
      0.0622
      5.8322
      4.9053
      2.9167
      1.2245
      0.3647
      0.0839
      0.0270
      0.0223
      0.0280
      0.0644
      0.1915
      0.4579
      0.7890
      0.9713
      0.8654
      0.5845
      0.3457
      0.2367
      0.2131
      9.8085
      8.2494
      4.9046
      2.0584
      0.6115
      0.1363
      0.0358
      0.0227
      0.0220
      0.0387
      0.1117
      0.2823
      0.5238
      0.7100
      0.7329
      0.6441
      0.5860
      0.6069
      0.6323
     11.6622
      9.8084
      5.8318
      2.4483
      0.7292
      0.1664
      0.0492
      0.0341
      0.0283
      0.0272
      0.0540
      0.1397
      0.2947
      0.4810
      0.6479
      0.8122
      1.0406
      1.3019
      1.4253
      9.8085
      8.2497
      4.9068
      2.0664
      0.6327
      0.1796
      0.1025
      0.0983
      0.0804
      0.0514
      0.0398
      0.0766
      0.1909
      0.3970
      0.6867
      1.0697
      1.5744
      2.0944
      2.3290
      5.8322
      4.9073
      2.9283
      1.2627
      0.4572
      0.2561
      0.2722
      0.2829
      0.2233
      0.1294
      0.0630
      0.0626
      0.1552
      0.3676
      0.7070
      1.1810
      1.8043
      2.4399
      2.7258
      2.4507
      2.0702
      1.2717
      0.6491
      0.4426
      0.5170
      0.6356
      0.6287
      0.4681
      0.2562
      0.1070
      0.0606
      0.1181
      0.2887
      0.5767
      0.9833
      1.5133
      2.0507
      2.2922
      0.7376
      0.6477
      0.4998
      0.5064
      0.7284
      1.0283
      1.1940
      1.0906
      0.7624
      0.3977
      0.1542
      0.0585
      0.0715
      0.1704
      0.3518
      0.6175
      0.9688
      1.3255
      1.4858
      0.1870
      0.2161
      0.3648
      0.7272
      1.2588
      1.7343
      1.9029
      1.6634
      1.1359
      0.5880
      0.2254
      0.0686
      0.0388
      0.0800
      0.1873
      0.3910
      0.7127
      1.0637
      1.2243
      0.0846
      0.1629
      0.4544
      1.0333
      1.8129
      2.5236
      2.8654
      2.6446
      1.9195
      1.0526
      0.4231
      0.1241
      0.0362
      0.0525
      0.1818
      0.5424
      1.2253
      2.0181
      2.3865
      0.0791
      0.1725
      0.5103
      1.1846
      2.1849
      3.3480
      4.2902
      4.4235
      3.4876
      2.0242
      0.8455
      0.2519
      0.0634
      0.0793
      0.3369
      1.1246
      2.6665
      4.4756
      5.3186
      0.0751
      0.1619
      0.4790
      1.1580
      2.3514
      4.0967
      5.8876
      6.5602
      5.4118
      3.2216
      1.3655
      0.4102
      0.1022
      0.1265
      0.5521
      1.8659
      4.4465
      7.4779
      8.8908
      0.0709
      0.1511
      0.4479
      1.1153
      2.3938
      4.4242
      6.6346
      7.5746
      6.3275
      3.7908
      1.6121
      0.4852
      0.1209
      0.1498
      0.6551
      2.2161
      5.2832
      8.8864
     10.5659
