      0.4498
      0.4544
      0.4603
      0.4510
      0.4176
      0.3680
      0.3228
      0.3020
      0.3133
      0.3470
      0.3804
      0.3879
      0.3552
      0.2871
      0.2039
      0.1285
      0.0748
      0.0452
      0.0361
      0.4513
      0.4537
      0.4541
      0.4387
      0.4013
      0.3508
      0.3074
      0.2901
      0.3059
      0.3457
      0.3870
      0.4034
      0.3780
      0.3133
      0.2283
      0.1474
      0.0871
      0.0525
      0.0416
      0.4733
      0.4685
      0.4508
      0.4154
      0.3643
      0.3100
      0.2711
      0.2630
      0.2914
      0.3480
      0.4115
      0.4532
      0.4494
      0.3945
      0.3045
      0.2071
      0.1271
      0.0775
      0.0610
      0.5721
      0.5525
      0.4979
      0.4210
      0.3398
      0.2735
      0.2375
      0.2408
      0.2855
      0.3650
      0.4603
      0.5399
      0.5699
      0.5319
      0.4355
      0.3131
      0.2020
      0.1280
      0.1025
      0.8404
      0.7938
      0.6712
      0.5157
      0.3732
      0.2747
      0.2308
      0.2399
      0.2974
      0.3978
      0.5260
      0.6489
      0.7214
      0.7090
      0.6113
      0.4636
      0.3172
      0.2144
      0.1779
      1.3702
      1.2791
      1.0438
      0.7547
      0.5022
      0.3363
      0.2623
      0.2623
      0.3203
      0.4302
      0.5819
      0.7436
      0.8615
      0.8856
      0.8018
      0.6440
      0.4735
      0.3479
      0.3025
      2.1731
      2.0198
      1.6258
      1.1457
      0.7303
      0.4570
      0.3250
      0.2959
      0.3375
      0.4393
      0.5964
      0.7822
      0.9411
      1.0120
      0.9672
      0.8316
      0.6676
      0.5404
      0.4932
      3.1038
      2.8810
      2.3089
      1.6125
      1.0086
      0.6061
      0.3988
      0.3263
      0.3374
      0.4146
      0.5566
      0.7461
      0.9342
      1.0583
      1.0800
      1.0091
      0.8957
      0.7994
      0.7624
      3.8705
      3.5918
      2.8764
      2.0052
      1.2480
      0.7381
      0.4651
      0.3507
      0.3273
      0.3700
      0.4806
      0.6536
      0.8548
      1.0304
      1.1373
      1.1672
      1.1464
      1.1138
      1.0995
      4.1694
      3.8710
      3.1054
      2.1744
      1.3662
      0.8208
      0.5234
      0.3862
      0.3337
      0.3380
      0.4060
      0.5458
      0.7423
      0.9574
      1.1493
      1.2929
      1.3853
      1.4351
      1.4507
      3.8705
      3.5991
      2.9048
      2.0653
      1.3434
      0.8616
      0.5977
      0.4641
      0.3890
      0.3510
      0.3667
      0.4590
      0.6318
      0.8639
      1.1183
      1.3578
      1.5525
      1.6799
      1.7244
      3.1038
      2.8985
      2.3770
      1.7572
      1.2396
      0.9070
      0.7254
      0.6137
      0.5153
      0.4254
      0.3767
      0.4075
      0.5372
      0.7573
      1.0367
      1.3315
      1.5931
      1.7745
      1.8396
      2.1731
      2.0516
      1.7502
      1.4112
      1.1555
      1.0140
      0.9357
      0.8481
      0.7160
      0.5593
      0.4323
      0.3889
      0.4588
      0.6412
      0.9097
      1.2189
      1.5100
      1.7195
      1.7960
      1.3702
      1.3285
      1.2375
      1.1692
      1.1687
      1.2142
      1.2339
      1.1610
      0.9818
      0.7441
      0.5268
      0.3998
      0.4007
      0.5332
      0.7752
      1.0825
      1.3899
      1.6196
      1.7051
      0.8404
      0.8611
      0.9361
      1.0849
      1.2939
      1.4970
      1.5997
      1.5339
      1.3011
      0.9746
      0.6594
      0.4441
      0.3760
      0.4647
      0.6930
      1.0180
      1.3651
      1.6349
      1.7372
      0.5721
      0.6348
      0.8230
      1.1249
      1.4893
      1.8178
      1.9934
      1.9374
      1.6563
      1.2428
      0.8282
      0.5247
      0.3950
      0.4584
      0.7046
      1.0902
      1.5233
      1.8700
      2.0032
      0.4733
      0.5607
      0.8175
      1.2168
      1.6890
      2.1152
      2.3576
      2.3203
      2.0050
      1.5165
      1.0113
      0.6277
      0.4482
      0.5057
      0.7976
      1.2778
      1.8311
      2.2805
      2.4544
      0.4513
      0.5511
      0.8433
      1.2965
      1.8341
      2.3266
      2.6208
      2.6044
      2.2707
      1.7307
      1.1595
      0.7174
      0.5048
      0.5663
      0.9063
      1.4749
      2.1365
      2.6771
      2.8868
      0.4498
      0.5533
      0.8563
      1.3268
      1.8866
      2.4033
      2.7176
      2.7105
      2.3713
      1.8128
      1.2172
      0.7533
      0.5289
      0.5934
      0.9538
      1.5586
      2.2641
      2.8412
      3.0653
