      0.0708
      0.0734
      0.0805
      0.0919
      0.1097
      0.1363
      0.1688
      0.2003
      0.2285
      0.2561
      0.2779
      0.2765
      0.2380
      0.1709
      0.1005
      0.0483
      0.0195
      0.0075
      0.0046
      0.0736
      0.0755
      0.0807
      0.0891
      0.1029
      0.1248
      0.1527
      0.1812
      0.2094
      0.2407
      0.2704
      0.2794
      0.2507
      0.1883
      0.1165
      0.0591
      0.0250
      0.0098
      0.0059
      0.0978
      0.0959
      0.0914
      0.0873
      0.0882
      0.0973
      0.1139
      0.1359
      0.1656
      0.2093
      0.2632
      0.3050
      0.3059
      0.2566
      0.1772
      0.1001
      0.0466
      0.0193
      0.0114
      0.2144
      0.1983
      0.1590
      0.1156
      0.0845
      0.0714
      0.0739
      0.0898
      0.1249
      0.1905
      0.2869
      0.3859
      0.4381
      0.4094
      0.3115
      0.1924
      0.0974
      0.0438
      0.0275
      0.6070
      0.5475
      0.4031
      0.2459
      0.1305
      0.0700
      0.0512
      0.0614
      0.1044
      0.1980
      0.3500
      0.5269
      0.6523
      0.6555
      0.5328
      0.3517
      0.1930
      0.0978
      0.0679
      1.5892
      1.4248
      1.0273
      0.5971
      0.2833
      0.1166
      0.0547
      0.0528
      0.1000
      0.2160
      0.4182
      0.6734
      0.8814
      0.9324
      0.7998
      0.5648
      0.3451
      0.2096
      0.1666
      3.4323
      3.0736
      2.2067
      1.2703
      0.5887
      0.2258
      0.0844
      0.0568
      0.0970
      0.2160
      0.4379
      0.7379
      1.0104
      1.1228
      1.0250
      0.7976
      0.5765
      0.4433
      0.4028
      5.9669
      5.3421
      3.8324
      2.2024
      1.0163
      0.3842
      0.1332
      0.0680
      0.0893
      0.1873
      0.3862
      0.6766
      0.9731
      1.1522
      1.1559
      1.0495
      0.9521
      0.9184
      0.9171
      8.3155
      7.4445
      5.3406
      3.0698
      1.4192
      0.5409
      0.1916
      0.0920
      0.0899
      0.1508
      0.2953
      0.5325
      0.8168
      1.0657
      1.2377
      1.3801
      1.5612
      1.7546
      1.8422
      9.2878
      8.3155
      5.9680
      3.4376
      1.6047
      0.6387
      0.2618
      0.1525
      0.1299
      0.1465
      0.2242
      0.3927
      0.6517
      0.9736
      1.3516
      1.8223
      2.3863
      2.8979
      3.1106
      8.3155
      7.4469
      5.3526
      3.1044
      1.4944
      0.6711
      0.3717
      0.2883
      0.2467
      0.2091
      0.2129
      0.3120
      0.5429
      0.9245
      1.4839
      2.2522
      3.1691
      3.9756
      4.3046
      5.9669
      5.3484
      3.8632
      2.2894
      1.2022
      0.6997
      0.5619
      0.5288
      0.4590
      0.3465
      0.2619
      0.2848
      0.4722
      0.8649
      1.5052
      2.4169
      3.5025
      4.4465
      4.8286
      3.4323
      3.0860
      2.2662
      1.4351
      0.9329
      0.7971
      0.8447
      0.8613
      0.7443
      0.5339
      0.3443
      0.2782
      0.3942
      0.7271
      1.3111
      2.1572
      3.1614
      4.0283
      4.3776
      1.5892
      1.4451
      1.1233
      0.8583
      0.8183
      0.9877
      1.1944
      1.2441
      1.0639
      0.7418
      0.4388
      0.2757
      0.2994
      0.5201
      0.9482
      1.5800
      2.3290
      2.9722
      3.2304
      0.6070
      0.5763
      0.5384
      0.6105
      0.8704
      1.2649
      1.6055
      1.6842
      1.4365
      0.9925
      0.5637
      0.2943
      0.2192
      0.3187
      0.5750
      0.9721
      1.4476
      1.8564
      2.0203
      0.2144
      0.2353
      0.3330
      0.5868
      1.0467
      1.6383
      2.1327
      2.2679
      1.9557
      1.3629
      0.7695
      0.3659
      0.1878
      0.1883
      0.3229
      0.5652
      0.8690
      1.1349
      1.2423
      0.0978
      0.1402
      0.3019
      0.6664
      1.2929
      2.0972
      2.7918
      3.0239
      2.6512
      1.8750
      1.0680
      0.4953
      0.2089
      0.1392
      0.2166
      0.4047
      0.6598
      0.8909
      0.9855
      0.0736
      0.1252
      0.3200
      0.7583
      1.5203
      2.5182
      3.4075
      3.7417
      3.3197
      2.3720
      1.3618
      0.6305
      0.2512
      0.1377
      0.1999
      0.3925
      0.6668
      0.9205
      1.0252
      0.0708
      0.1253
      0.3312
      0.7977
      1.6149
      2.6943
      3.6669
      4.0458
      3.6038
      2.5837
      1.4873
      0.6892
      0.2720
      0.1430
      0.2039
      0.4058
      0.6968
      0.9672
      1.0790
