      0.2463
      0.2649
      0.3010
      0.3141
      0.2810
      0.2168
      0.1608
      0.1490
      0.1962
      0.2887
      0.3826
      0.4226
      0.3802
      0.2764
      0.1620
      0.0764
      0.0292
      0.0096
      0.0047
      0.2441
      0.2605
      0.2911
      0.2987
      0.2632
      0.2004
      0.1471
      0.1364
      0.1822
      0.2735
      0.3707
      0.4205
      0.3903
      0.2945
      0.1801
      0.0893
      0.0360
      0.0125
      0.0064
      0.2365
      0.2467
      0.2627
      0.2564
      0.2162
      0.1586
      0.1139
      0.1074
      0.1518
      0.2434
      0.3545
      0.4353
      0.4413
      0.3665
      0.2484
      0.1371
      0.0617
      0.0240
      0.0133
      0.2362
      0.2365
      0.2300
      0.2042
      0.1591
      0.1105
      0.0789
      0.0806
      0.1282
      0.2295
      0.3722
      0.5100
      0.5766
      0.5325
      0.3997
      0.2432
      0.1204
      0.0516
      0.0307
      0.2989
      0.2826
      0.2383
      0.1787
      0.1201
      0.0769
      0.0579
      0.0695
      0.1252
      0.2460
      0.4378
      0.6566
      0.8075
      0.8062
      0.6508
      0.4247
      0.2263
      0.1061
      0.0680
      0.5280
      0.4801
      0.3621
      0.2294
      0.1277
      0.0724
      0.0569
      0.0741
      0.1355
      0.2738
      0.5131
      0.8156
      1.0619
      1.1202
      0.9557
      0.6622
      0.3801
      0.1988
      0.1392
      1.0139
      0.9108
      0.6613
      0.3916
      0.1974
      0.0998
      0.0719
      0.0852
      0.1416
      0.2786
      0.5350
      0.8868
      1.2101
      1.3422
      1.2117
      0.9009
      0.5720
      0.3476
      0.2712
      1.7121
      1.5342
      1.1051
      0.6445
      0.3158
      0.1506
      0.0968
      0.0973
      0.1368
      0.2475
      0.4761
      0.8195
      1.1766
      1.3866
      1.3492
      1.1088
      0.8112
      0.5912
      0.5132
      2.3696
      2.1227
      1.5278
      0.8911
      0.4390
      0.2132
      0.1374
      0.1256
      0.1421
      0.2089
      0.3754
      0.6635
      1.0154
      1.3021
      1.4079
      1.3218
      1.1380
      0.9771
      0.9158
      2.6433
      2.3690
      1.7100
      1.0102
      0.5237
      0.2948
      0.2293
      0.2180
      0.2090
      0.2189
      0.3054
      0.5186
      0.8491
      1.2093
      1.4781
      1.5857
      1.5597
      1.4899
      1.4567
      2.3696
      2.1281
      1.5531
      0.9592
      0.5783
      0.4420
      0.4414
      0.4482
      0.4017
      0.3297
      0.3159
      0.4438
      0.7427
      1.1568
      1.5618
      1.8402
      1.9598
      1.9774
      1.9720
      1.7121
      1.5493
      1.1741
      0.8255
      0.6754
      0.7246
      0.8394
      0.8690
      0.7532
      0.5549
      0.4064
      0.4262
      0.6646
      1.0793
      1.5451
      1.9184
      2.1282
      2.2041
      2.2179
      1.0139
      0.9428
      0.8044
      0.7552
      0.8949
      1.1748
      1.4197
      1.4506
      1.2213
      0.8521
      0.5367
      0.4228
      0.5599
      0.9031
      1.3330
      1.7084
      1.9444
      2.0479
      2.0729
      0.5280
      0.5357
      0.6059
      0.8317
      1.2463
      1.7413
      2.0894
      2.0867
      1.7133
      1.1561
      0.6679
      0.4132
      0.4255
      0.6483
      0.9771
      1.2969
      1.5289
      1.6546
      1.6924
      0.2989
      0.3631
      0.5872
      1.0248
      1.6587
      2.3266
      2.7522
      2.7086
      2.1977
      1.4628
      0.8099
      0.4194
      0.3094
      0.4116
      0.6410
      0.9198
      1.1812
      1.3683
      1.4366
      0.2362
      0.3355
      0.6582
      1.2408
      2.0429
      2.8710
      3.4049
      3.3728
      2.7631
      1.8570
      1.0234
      0.4838
      0.2592
      0.2744
      0.4614
      0.7766
      1.1566
      1.4818
      1.6119
      0.2365
      0.3535
      0.7289
      1.4035
      2.3462
      3.3595
      4.0764
      4.1391
      3.4747
      2.3879
      1.3357
      0.6178
      0.2805
      0.2455
      0.4547
      0.8884
      1.4729
      2.0045
      2.2227
      0.2441
      0.3670
      0.7639
      1.4911
      2.5442
      3.7368
      4.6561
      4.8462
      4.1571
      2.9090
      1.6498
      0.7646
      0.3323
      0.2724
      0.5303
      1.0989
      1.8886
      2.6180
      2.9194
      0.2463
      0.3701
      0.7721
      1.5170
      2.6145
      3.8849
      4.8953
      5.1450
      4.4489
      3.1331
      1.7855
      0.8294
      0.3582
      0.2908
      0.5726
      1.2007
      2.0776
      2.8898
      3.2258
