      0.0013
      0.0031
      0.0077
      0.0105
      0.0077
      0.0031
      0.0009
      0.0004
      0.0007
      0.0024
      0.0057
      0.0076
      0.0055
      0.0022
      0.0005
      0.0001
      0.0000
      0.0000
      0.0000
      0.0019
      0.0040
      0.0089
      0.0110
      0.0075
      0.0028
      0.0007
      0.0003
      0.0006
      0.0020
      0.0050
      0.0073
      0.0058
      0.0025
      0.0006
      0.0001
      0.0000
      0.0000
      0.0000
      0.0025
      0.0047
      0.0089
      0.0095
      0.0055
      0.0018
      0.0004
      0.0001
      0.0003
      0.0011
      0.0034
      0.0062
      0.0064
      0.0038
      0.0013
      0.0003
      0.0000
      0.0000
      0.0000
      0.0023
      0.0035
      0.0053
      0.0049
      0.0025
      0.0007
      0.0001
      0.0000
      0.0001
      0.0007
      0.0037
      0.0109
      0.0180
      0.0166
      0.0085
      0.0024
      0.0004
      0.0000
      0.0000
      0.0164
      0.0126
      0.0062
      0.0023
      0.0007
      0.0002
      0.0000
      0.0000
      0.0002
      0.0017
      0.0113
      0.0412
      0.0814
      0.0870
      0.0502
      0.0156
      0.0026
      0.0002
      0.0000
      0.2587
      0.1903
      0.0756
      0.0163
      0.0019
      0.0001
      0.0000
      0.0001
      0.0003
      0.0034
      0.0255
      0.1032
      0.2243
      0.2634
      0.1670
      0.0571
      0.0105
      0.0011
      0.0003
      2.2696
      1.6680
      0.6614
      0.1410
      0.0161
      0.0010
      0.0001
      0.0002
      0.0004
      0.0039
      0.0318
      0.1410
      0.3359
      0.4320
      0.3003
      0.1130
      0.0243
      0.0061
      0.0051
     10.6460
      7.8244
      3.1026
      0.6614
      0.0754
      0.0046
      0.0003
      0.0003
      0.0004
      0.0024
      0.0215
      0.1042
      0.2722
      0.3844
      0.2951
      0.1288
      0.0529
      0.0627
      0.0799
     26.8479
     19.7321
      7.8244
      1.6680
      0.1901
      0.0116
      0.0006
      0.0003
      0.0003
      0.0009
      0.0079
      0.0421
      0.1226
      0.1978
      0.1868
      0.1466
      0.2438
      0.5214
      0.6958
     36.5299
     26.8479
     10.6460
      2.2695
      0.2587
      0.0162
      0.0020
      0.0023
      0.0018
      0.0009
      0.0019
      0.0114
      0.0455
      0.1160
      0.2079
      0.3908
      1.0662
      2.4276
      3.2553
     26.8479
     19.7321
      7.8244
      1.6682
      0.1916
      0.0190
      0.0199
      0.0273
      0.0208
      0.0085
      0.0024
      0.0068
      0.0457
      0.1816
      0.4445
      0.9747
      2.6972
      6.1178
      8.2008
     10.6460
      7.8244
      3.1028
      0.6634
      0.0889
      0.0621
      0.1382
      0.1820
      0.1304
      0.0505
      0.0110
      0.0079
      0.0548
      0.2421
      0.6366
      1.4041
      3.7355
      8.3444
     11.1600
      2.2696
      1.6682
      0.6633
      0.1545
      0.0854
      0.2466
      0.5321
      0.6532
      0.4405
      0.1612
      0.0320
      0.0077
      0.0383
      0.1806
      0.5022
      1.1106
      2.8203
      6.1654
      8.2140
      0.2587
      0.1914
      0.0875
      0.0807
      0.2362
      0.6271
      1.1515
      1.2846
      0.8092
      0.2791
      0.0520
      0.0067
      0.0146
      0.0729
      0.2148
      0.4793
      1.1613
      2.4718
      3.2752
      0.0164
      0.0171
      0.0497
      0.2032
      0.5552
      1.0678
      1.5337
      1.4982
      0.8796
      0.2901
      0.0523
      0.0054
      0.0032
      0.0159
      0.0505
      0.1209
      0.3007
      0.6388
      0.8450
      0.0023
      0.0131
      0.0939
      0.3793
      0.8990
      1.4409
      1.8328
      1.7849
      1.1234
      0.4096
      0.0829
      0.0092
      0.0009
      0.0024
      0.0151
      0.0933
      0.4028
      0.9991
      1.3558
      0.0025
      0.0157
      0.1078
      0.4165
      1.0252
      2.0614
      3.6590
      4.5560
      3.3292
      1.3428
      0.2933
      0.0344
      0.0022
      0.0027
      0.0428
      0.3727
      1.7457
      4.4011
      5.9880
      0.0019
      0.0111
      0.0728
      0.2997
      1.0274
      3.3303
      7.7925
     10.6878
      8.0679
      3.2999
      0.7265
      0.0855
      0.0055
      0.0066
      0.1068
      0.9375
      4.3974
     11.0896
     15.0888
      0.0013
      0.0075
      0.0485
      0.2272
      1.0486
      4.1560
     10.3653
     14.4427
     10.9465
      4.4830
      0.9876
      0.1163
      0.0075
      0.0090
      0.1453
      1.2755
      5.9831
     15.0887
     20.5300
