      0.0248
      0.0316
      0.0457
      0.0533
      0.0474
      0.0357
      0.0283
      0.0263
      0.0265
      0.0300
      0.0370
      0.0404
      0.0338
      0.0207
      0.0091
      0.0029
      0.0007
      0.0001
      0.0000
      0.0258
      0.0322
      0.0450
      0.0506
      0.0436
      0.0317
      0.0243
      0.0223
      0.0230
      0.0277
      0.0370
      0.0443
      0.0411
      0.0283
      0.0143
      0.0053
      0.0014
      0.0003
      0.0001
      0.0272
      0.0320
      0.0405
      0.0418
      0.0331
      0.0220
      0.0156
      0.0141
      0.0165
      0.0262
      0.0471
      0.0725
      0.0850
      0.0730
      0.0453
      0.0202
      0.0064
      0.0015
      0.0005
      0.0368
      0.0372
      0.0362
      0.0303
      0.0206
      0.0122
      0.0082
      0.0085
      0.0149
      0.0380
      0.0926
      0.1733
      0.2352
      0.2280
      0.1571
      0.0768
      0.0265
      0.0066
      0.0022
      0.1258
      0.1089
      0.0715
      0.0369
      0.0161
      0.0075
      0.0061
      0.0094
      0.0223
      0.0688
      0.1883
      0.3845
      0.5614
      0.5815
      0.4267
      0.2215
      0.0815
      0.0222
      0.0086
      0.5554
      0.4682
      0.2807
      0.1202
      0.0382
      0.0125
      0.0106
      0.0165
      0.0345
      0.1034
      0.2961
      0.6393
      0.9866
      1.0791
      0.8360
      0.4597
      0.1824
      0.0584
      0.0292
      1.8670
      1.5705
      0.9344
      0.3932
      0.1192
      0.0328
      0.0203
      0.0255
      0.0421
      0.1139
      0.3349
      0.7605
      1.2368
      1.4264
      1.1686
      0.6892
      0.3139
      0.1456
      0.1077
      4.4481
      3.7411
      2.2244
      0.9344
      0.2804
      0.0696
      0.0305
      0.0299
      0.0386
      0.0902
      0.2693
      0.6429
      1.1031
      1.3469
      1.1838
      0.7925
      0.4982
      0.4086
      0.4073
      7.4814
      6.2922
      3.7411
      1.5709
      0.4690
      0.1096
      0.0363
      0.0276
      0.0280
      0.0524
      0.1548
      0.3890
      0.7103
      0.9371
      0.9375
      0.8426
      0.9059
      1.1426
      1.2807
      8.8954
      7.4814
      4.4483
      1.8678
      0.5575
      0.1295
      0.0411
      0.0295
      0.0249
      0.0285
      0.0679
      0.1768
      0.3553
      0.5461
      0.7277
      1.0542
      1.7286
      2.5788
      2.9873
      7.4814
      6.2923
      3.7420
      1.5742
      0.4784
      0.1297
      0.0682
      0.0642
      0.0530
      0.0359
      0.0349
      0.0748
      0.1766
      0.3593
      0.6992
      1.4234
      2.7395
      4.2748
      4.9925
      4.4481
      3.7418
      2.2290
      0.9508
      0.3239
      0.1569
      0.1616
      0.1730
      0.1401
      0.0829
      0.0424
      0.0457
      0.1152
      0.2953
      0.7052
      1.6093
      3.2193
      5.0699
      5.9301
      1.8670
      1.5735
      0.9508
      0.4469
      0.2491
      0.2733
      0.3589
      0.3783
      0.2942
      0.1657
      0.0707
      0.0406
      0.0822
      0.2268
      0.5779
      1.3548
      2.7249
      4.2906
      5.0168
      0.5554
      0.4764
      0.3243
      0.2524
      0.3311
      0.5141
      0.6759
      0.6843
      0.5151
      0.2826
      0.1132
      0.0425
      0.0502
      0.1351
      0.3564
      0.8502
      1.7173
      2.7041
      3.1611
      0.1258
      0.1257
      0.1589
      0.2935
      0.5669
      0.9330
      1.2325
      1.2599
      0.9648
      0.5402
      0.2183
      0.0669
      0.0319
      0.0686
      0.2030
      0.5353
      1.1399
      1.8339
      2.1557
      0.0368
      0.0627
      0.1713
      0.4410
      0.9562
      1.7119
      2.4466
      2.6743
      2.1605
      1.2626
      0.5270
      0.1573
      0.0430
      0.0601
      0.2339
      0.7459
      1.7358
      2.8929
      3.4316
      0.0272
      0.0619
      0.2095
      0.6112
      1.5056
      3.0288
      4.7165
      5.4505
      4.5607
      2.7274
      1.1568
      0.3474
      0.0869
      0.1071
      0.4615
      1.5519
      3.6907
      6.2019
      7.3723
      0.0258
      0.0621
      0.2293
      0.7519
      2.0767
      4.5306
      7.3980
      8.7714
      7.4422
      4.4862
      1.9124
      0.5760
      0.1432
      0.1747
      0.7619
      2.5765
      6.1416
     10.3296
     12.2817
      0.0248
      0.0607
      0.2336
      0.8088
      2.3342
      5.2291
      8.6568
     10.3340
      8.7981
      5.3132
      2.2673
      0.6834
      0.1698
      0.2072
      0.9046
      3.0603
      7.2961
     12.2723
     14.5919
