      0.0000
      0.0000
      0.0000
      0.0000
      0.0000
      0.0000
      0.0000
      0.0000
      0.0000
      0.0000
      0.0000
      0.0000
      0.0000
      0.0000
      0.0000
      0.0000
      0.0000
      0.0000
      0.0000
      0.0000
      0.0000
      0.0000
      0.0000
      0.0000
      0.0000
      0.0000
      0.0000
      0.0000
      0.0000
      0.0000
      0.0000
      0.0000
      0.0000
      0.0000
      0.0000
      0.0000
      0.0000
      0.0000
      0.0000
      0.0000
      0.0000
      0.0000
      0.0000
      0.0000
      0.0000
      0.0000
      0.0000
      0.0000
      0.0000
      0.0000
      0.0000
      0.0000
      0.0000
      0.0000
      0.0000
      0.0000
      0.0000
      0.0000
      0.0000
      0.0000
      0.0000
      0.0000
      0.0000
      0.0000
      0.0000
      0.0000
      0.0000
      0.0000
      0.0000
      0.0000
      0.0000
      0.0000
      0.0000
      0.0000
      0.0000
      0.0000
      0.0000
      0.0000
      0.0000
      0.0000
      0.0000
      0.0000
      0.0000
      0.0000
      0.0000
      0.0000
      0.0000
      0.0001
      0.0005
      0.0006
      0.0002
      0.0000
      0.0000
      0.0000
      0.0000
      0.0024
      0.0012
      0.0002
      0.0000
      0.0000
      0.0000
      0.0000
      0.0000
      0.0000
      0.0000
      0.0000
      0.0009
      0.0053
      0.0076
      0.0027
      0.0002
      0.0000
      0.0000
      0.0000
      0.3230
      0.1615
      0.0201
      0.0006
      0.0000
      0.0000
      0.0000
      0.0000
      0.0000
      0.0000
      0.0001
      0.0019
      0.0132
      0.0233
      0.0103
      0.0011
      0.0000
      0.0000
      0.0000
     10.4734
      5.2367
      0.6529
      0.0201
      0.0002
      0.0000
      0.0000
      0.0000
      0.0000
      0.0000
      0.0000
      0.0009
      0.0082
      0.0177
      0.0096
      0.0013
      0.0001
      0.0004
      0.0007
     84.0094
     42.0047
      5.2367
      0.1615
      0.0012
      0.0000
      0.0000
      0.0000
      0.0000
      0.0000
      0.0000
      0.0001
      0.0013
      0.0034
      0.0023
      0.0006
      0.0059
      0.0467
      0.0934
    168.0187
     84.0094
     10.4734
      0.3230
      0.0024
      0.0000
      0.0000
      0.0000
      0.0000
      0.0000
      0.0000
      0.0000
      0.0001
      0.0008
      0.0033
      0.0098
      0.1902
      1.5151
      3.0298
     84.0094
     42.0047
      5.2367
      0.1615
      0.0012
      0.0000
      0.0000
      0.0001
      0.0000
      0.0000
      0.0000
      0.0000
      0.0002
      0.0052
      0.0307
      0.0909
      1.5311
     12.1530
     24.3028
     10.4734
      5.2367
      0.6529
      0.0201
      0.0002
      0.0004
      0.0032
      0.0060
      0.0029
      0.0003
      0.0000
      0.0000
      0.0004
      0.0109
      0.0746
      0.2184
      3.0827
     24.3084
     48.6057
      0.3230
      0.1615
      0.0201
      0.0006
      0.0004
      0.0093
      0.0624
      0.1048
      0.0440
      0.0046
      0.0001
      0.0000
      0.0002
      0.0057
      0.0453
      0.1352
      1.5585
     12.1567
     24.3030
      0.0024
      0.0012
      0.0002
      0.0002
      0.0036
      0.0541
      0.3072
      0.4539
      0.1682
      0.0155
      0.0004
      0.0000
      0.0000
      0.0007
      0.0069
      0.0215
      0.1978
      1.5162
      3.0299
      0.0000
      0.0000
      0.0001
      0.0038
      0.0264
      0.1069
      0.3889
      0.4933
      0.1613
      0.0132
      0.0003
      0.0000
      0.0000
      0.0000
      0.0003
      0.0009
      0.0063
      0.0471
      0.0940
      0.0000
      0.0000
      0.0008
      0.0173
      0.0930
      0.1525
      0.2107
      0.2562
      0.1031
      0.0114
      0.0003
      0.0000
      0.0000
      0.0000
      0.0000
      0.0002
      0.0048
      0.0383
      0.0767
      0.0000
      0.0000
      0.0011
      0.0200
      0.0972
      0.3155
      1.8478
      3.9054
      2.0976
      0.2813
      0.0093
      0.0001
      0.0000
      0.0000
      0.0000
      0.0047
      0.1535
      1.2314
      2.4628
      0.0000
      0.0000
      0.0004
      0.0061
      0.0708
      1.7033
     14.5199
     31.2379
     16.8070
      2.2553
      0.0749
      0.0006
      0.0000
      0.0000
      0.0003
      0.0380
      1.2314
      9.8772
     19.7544
      0.0000
      0.0000
      0.0001
      0.0015
      0.0991
      3.3645
     29.0292
     62.4749
     33.6139
      4.5107
      0.1498
      0.0012
      0.0000
      0.0000
      0.0006
      0.0759
      2.4628
     19.7544
     39.5089
