      0.2602
      0.2840
      0.3318
      0.3558
      0.3285
      0.2653
      0.2057
      0.1819
      0.2044
      0.2614
      0.3202
      0.3398
      0.2991
      0.2143
      0.1240
      0.0579
      0.0221
      0.0076
      0.0041
      0.2606
      0.2813
      0.3218
      0.3382
      0.3071
      0.2444
      0.1874
      0.1652
      0.1872
      0.2433
      0.3038
      0.3295
      0.2975
      0.2195
      0.1315
      0.0639
      0.0255
      0.0090
      0.0049
      0.2634
      0.2755
      0.2954
      0.2919
      0.2517
      0.1921
      0.1430
      0.1260
      0.1478
      0.2025
      0.2687
      0.3118
      0.3034
      0.2433
      0.1597
      0.0856
      0.0377
      0.0146
      0.0083
      0.2985
      0.2954
      0.2799
      0.2433
      0.1889
      0.1337
      0.0964
      0.0878
      0.1115
      0.1674
      0.2448
      0.3150
      0.3412
      0.3050
      0.2231
      0.1333
      0.0656
      0.0288
      0.0178
      0.4737
      0.4407
      0.3557
      0.2515
      0.1597
      0.0981
      0.0692
      0.0688
      0.0957
      0.1558
      0.2498
      0.3549
      0.4237
      0.4158
      0.3330
      0.2182
      0.1198
      0.0613
      0.0429
      0.9842
      0.8892
      0.6572
      0.4013
      0.2100
      0.1069
      0.0704
      0.0716
      0.0989
      0.1612
      0.2704
      0.4105
      0.5258
      0.5537
      0.4780
      0.3433
      0.2153
      0.1342
      0.1079
      1.9999
      1.7938
      1.2953
      0.7570
      0.3677
      0.1665
      0.0956
      0.0864
      0.1066
      0.1629
      0.2754
      0.4376
      0.5943
      0.6696
      0.6291
      0.5092
      0.3816
      0.2974
      0.2697
      3.4278
      3.0702
      2.2071
      1.2781
      0.6088
      0.2621
      0.1337
      0.1034
      0.1095
      0.1501
      0.2492
      0.4129
      0.5998
      0.7375
      0.7788
      0.7398
      0.6780
      0.6365
      0.6239
      4.7617
      4.2641
      3.0638
      1.7730
      0.8441
      0.3623
      0.1807
      0.1300
      0.1198
      0.1377
      0.2103
      0.3595
      0.5693
      0.7870
      0.9612
      1.0802
      1.1657
      1.2290
      1.2545
      5.3154
      4.7610
      3.4248
      1.9924
      0.9692
      0.4482
      0.2589
      0.2042
      0.1771
      0.1627
      0.1968
      0.3214
      0.5512
      0.8596
      1.1968
      1.5225
      1.8116
      2.0254
      2.1068
      4.7617
      4.2691
      3.0864
      1.8322
      0.9616
      0.5505
      0.4262
      0.3894
      0.3353
      0.2641
      0.2356
      0.3186
      0.5538
      0.9349
      1.4141
      1.9272
      2.4064
      2.7635
      2.8985
      3.4278
      3.0845
      2.2709
      1.4403
      0.9210
      0.7463
      0.7467
      0.7340
      0.6236
      0.4530
      0.3244
      0.3347
      0.5375
      0.9330
      1.4719
      2.0764
      2.6528
      3.0839
      3.2465
      1.9999
      1.8249
      1.4313
      1.0917
      0.9880
      1.0918
      1.2248
      1.2109
      1.0016
      0.6909
      0.4316
      0.3408
      0.4670
      0.8011
      1.2919
      1.8615
      2.4129
      2.8269
      2.9829
      0.9842
      0.9442
      0.8929
      0.9639
      1.2146
      1.5479
      1.7643
      1.7039
      1.3658
      0.9058
      0.5183
      0.3250
      0.3542
      0.5801
      0.9539
      1.4122
      1.8722
      2.2246
      2.3587
      0.4737
      0.5205
      0.6923
      1.0359
      1.5194
      1.9874
      2.2240
      2.0914
      1.6354
      1.0574
      0.5745
      0.3019
      0.2468
      0.3715
      0.6390
      1.0125
      1.4259
      1.7638
      1.8962
      0.2985
      0.3912
      0.6809
      1.1666
      1.7657
      2.2924
      2.5287
      2.3527
      1.8303
      1.1807
      0.6320
      0.3003
      0.1865
      0.2542
      0.4891
      0.8876
      1.3899
      1.8331
      2.0127
      0.2634
      0.3734
      0.7059
      1.2395
      1.8779
      2.4378
      2.7068
      2.5533
      2.0242
      1.3329
      0.7241
      0.3353
      0.1803
      0.2359
      0.5168
      1.0532
      1.7765
      2.4379
      2.7102
      0.2606
      0.3726
      0.7078
      1.2417
      1.8874
      2.4803
      2.8111
      2.7200
      2.2142
      1.4947
      0.8287
      0.3862
      0.2017
      0.2669
      0.6217
      1.3219
      2.2844
      3.1733
      3.5407
      0.2602
      0.3712
      0.7024
      1.2306
      1.8766
      2.4858
      2.8492
      2.7912
      2.2991
      1.5680
      0.8766
      0.4106
      0.2145
      0.2862
      0.6757
      1.4487
      2.5149
      3.5014
      3.9095
