      0.0000
      0.0000
      0.0000
      0.0000
      0.0000
      0.0000
      0.0000
      0.0000
      0.0000
      0.0000
      0.0000
      0.0000
      0.0000
      0.0000
      0.0000
      0.0000
      0.0000
      0.0000
      0.0000
      0.0000
      0.0000
      0.0000
      0.0000
      0.0000
      0.0000
      0.0000
      0.0000
      0.0000
      0.0000
      0.0000
      0.0000
      0.0000
      0.0000
      0.0000
      0.0000
      0.0000
      0.0000
      0.0000
      0.0000
      0.0000
      0.0000
      0.0000
      0.0000
      0.0000
      0.0000
      0.0000
      0.0000
      0.0000
      0.0000
      0.0000
      0.0000
      0.0000
      0.0000
      0.0000
      0.0000
      0.0000
      0.0000
      0.0000
      0.0000
      0.0000
      0.0000
      0.0000
      0.0000
      0.0000
      0.0000
      0.0000
      0.0000
      0.0000
      0.0000
      0.0000
      0.0000
      0.0000
      0.0000
      0.0000
      0.0000
      0.0000
      0.0000
      0.0000
      0.0000
      0.0000
      0.0000
      0.0000
      0.0000
      0.0000
      0.0000
      0.0000
      0.0000
      0.0000
      0.0001
      0.0002
      0.0000
      0.0000
      0.0000
      0.0000
      0.0000
      0.0001
      0.0000
      0.0000
      0.0000
      0.0000
      0.0000
      0.0000
      0.0000
      0.0000
      0.0000
      0.0000
      0.0002
      0.0014
      0.0020
      0.0007
      0.0001
      0.0000
      0.0000
      0.0000
      0.0100
      0.0050
      0.0006
      0.0000
      0.0000
      0.0000
      0.0000
      0.0000
      0.0000
      0.0000
      0.0000
      0.0005
      0.0034
      0.0061
      0.0027
      0.0003
      0.0000
      0.0000
      0.0000
      0.3251
      0.1625
      0.0203
      0.0006
      0.0000
      0.0000
      0.0000
      0.0000
      0.0000
      0.0000
      0.0000
      0.0002
      0.0021
      0.0046
      0.0025
      0.0003
      0.0001
      0.0004
      0.0008
      2.6075
      1.3038
      0.1625
      0.0050
      0.0000
      0.0000
      0.0000
      0.0000
      0.0000
      0.0000
      0.0000
      0.0000
      0.0003
      0.0009
      0.0007
      0.0005
      0.0071
      0.0562
      0.1124
      5.2150
      2.6075
      0.3251
      0.0100
      0.0001
      0.0000
      0.0000
      0.0000
      0.0000
      0.0000
      0.0000
      0.0000
      0.0001
      0.0013
      0.0066
      0.0152
      0.2300
      1.8231
      3.6455
      2.6075
      1.3038
      0.1625
      0.0050
      0.0000
      0.0000
      0.0001
      0.0002
      0.0001
      0.0000
      0.0000
      0.0000
      0.0005
      0.0109
      0.0639
      0.1484
      1.8567
     14.6241
     29.2413
      0.3251
      0.1625
      0.0203
      0.0006
      0.0000
      0.0009
      0.0066
      0.0125
      0.0060
      0.0007
      0.0000
      0.0000
      0.0008
      0.0228
      0.1551
      0.3732
      3.7560
     29.2530
     58.4827
      0.0100
      0.0050
      0.0006
      0.0000
      0.0008
      0.0195
      0.1303
      0.2187
      0.0918
      0.0096
      0.0002
      0.0000
      0.0004
      0.0119
      0.0942
      0.2409
      1.9137
     14.6317
     29.2416
      0.0001
      0.0000
      0.0000
      0.0007
      0.0089
      0.1155
      0.6424
      0.9476
      0.3511
      0.0324
      0.0007
      0.0000
      0.0000
      0.0015
      0.0143
      0.0397
      0.2460
      1.8254
      3.6457
      0.0000
      0.0000
      0.0005
      0.0115
      0.0778
      0.2582
      0.8246
      1.0293
      0.3358
      0.0274
      0.0005
      0.0000
      0.0000
      0.0000
      0.0005
      0.0017
      0.0081
      0.0574
      0.1145
      0.0000
      0.0000
      0.0025
      0.0532
      0.2847
      0.4268
      0.3777
      0.3186
      0.0971
      0.0080
      0.0002
      0.0000
      0.0000
      0.0000
      0.0000
      0.0005
      0.0171
      0.1368
      0.2736
      0.0000
      0.0000
      0.0033
      0.0615
      0.2824
      0.3786
      0.5797
      1.0374
      0.5495
      0.0734
      0.0024
      0.0000
      0.0000
      0.0000
      0.0001
      0.0170
      0.5512
      4.4217
      8.8433
      0.0000
      0.0000
      0.0011
      0.0179
      0.0823
      0.5055
      3.7900
      8.1213
      4.3690
      0.5863
      0.0195
      0.0002
      0.0000
      0.0000
      0.0010
      0.1364
      4.4217
     35.4669
     70.9339
      0.0000
      0.0000
      0.0002
      0.0027
      0.0336
      0.8812
      7.5474
     16.2401
      8.7378
      1.1725
      0.0389
      0.0003
      0.0000
      0.0000
      0.0021
      0.2727
      8.8433
     70.9339
    141.8678
