      0.0295
      0.0390
      0.0583
      0.0682
      0.0579
      0.0365
      0.0205
      0.0201
      0.0420
      0.0902
      0.1474
      0.1734
      0.1450
      0.0859
      0.0360
      0.0106
      0.0022
      0.0003
      0.0001
      0.0315
      0.0403
      0.0578
      0.0652
      0.0536
      0.0328
      0.0179
      0.0171
      0.0362
      0.0794
      0.1332
      0.1618
      0.1406
      0.0872
      0.0386
      0.0122
      0.0027
      0.0004
      0.0001
      0.0347
      0.0414
      0.0531
      0.0546
      0.0415
      0.0236
      0.0119
      0.0110
      0.0240
      0.0560
      0.1021
      0.1370
      0.1340
      0.0952
      0.0491
      0.0184
      0.0050
      0.0010
      0.0003
      0.0499
      0.0504
      0.0489
      0.0407
      0.0266
      0.0137
      0.0068
      0.0067
      0.0151
      0.0387
      0.0820
      0.1320
      0.1569
      0.1361
      0.0856
      0.0389
      0.0127
      0.0030
      0.0010
      0.1746
      0.1512
      0.0993
      0.0510
      0.0217
      0.0089
      0.0059
      0.0079
      0.0153
      0.0385
      0.0940
      0.1801
      0.2522
      0.2535
      0.1819
      0.0928
      0.0337
      0.0090
      0.0034
      0.7711
      0.6501
      0.3899
      0.1670
      0.0525
      0.0158
      0.0111
      0.0150
      0.0228
      0.0493
      0.1254
      0.2626
      0.4011
      0.4366
      0.3376
      0.1858
      0.0737
      0.0230
      0.0108
      2.5908
      2.1794
      1.2966
      0.5454
      0.1644
      0.0425
      0.0221
      0.0246
      0.0302
      0.0544
      0.1381
      0.3057
      0.4967
      0.5763
      0.4775
      0.2863
      0.1308
      0.0557
      0.0370
      6.1714
      5.1905
      3.0862
      1.2960
      0.3874
      0.0925
      0.0351
      0.0309
      0.0312
      0.0458
      0.1129
      0.2644
      0.4615
      0.5823
      0.5375
      0.3782
      0.2289
      0.1528
      0.1341
     10.3798
      8.7298
      5.1904
      2.1791
      0.6498
      0.1507
      0.0488
      0.0367
      0.0317
      0.0340
      0.0730
      0.1832
      0.3624
      0.5372
      0.6092
      0.5609
      0.4747
      0.4276
      0.4187
     12.3415
     10.3798
      6.1718
      2.5931
      0.7798
      0.1963
      0.0875
      0.0799
      0.0676
      0.0487
      0.0564
      0.1365
      0.3284
      0.6120
      0.8716
      0.9913
      0.9947
      0.9860
      0.9903
     10.3798
      8.7303
      5.1937
      2.1941
      0.6989
      0.2663
      0.2433
      0.2698
      0.2283
      0.1423
      0.0887
      0.1428
      0.3773
      0.8094
      1.2931
      1.5998
      1.6846
      1.6931
      1.7001
      6.1714
      5.1924
      3.0995
      1.3529
      0.5634
      0.4875
      0.6732
      0.7675
      0.6322
      0.3735
      0.1794
      0.1665
      0.4041
      0.9144
      1.5375
      1.9721
      2.1067
      2.1041
      2.0985
      2.5908
      2.1853
      1.3352
      0.6965
      0.5971
      0.9569
      1.4303
      1.5862
      1.2615
      0.7160
      0.3047
      0.1738
      0.3327
      0.7663
      1.3358
      1.7632
      1.9076
      1.8958
      1.8793
      0.7711
      0.6643
      0.4743
      0.4659
      0.8319
      1.5440
      2.2343
      2.3730
      1.8170
      0.9946
      0.3952
      0.1568
      0.2027
      0.4616
      0.8375
      1.1574
      1.3131
      1.3561
      1.3643
      0.1746
      0.1766
      0.2407
      0.5060
      1.0961
      1.9477
      2.6570
      2.6980
      1.9981
      1.0648
      0.4078
      0.1287
      0.0963
      0.2076
      0.4196
      0.6996
      1.0238
      1.3303
      1.4654
      0.0499
      0.0846
      0.2311
      0.5891
      1.2319
      2.0657
      2.7148
      2.7144
      2.0105
      1.0825
      0.4193
      0.1210
      0.0493
      0.1010
      0.3081
      0.8257
      1.7670
      2.8454
      3.3448
      0.0347
      0.0762
      0.2369
      0.6026
      1.2496
      2.1305
      2.9125
      3.0645
      2.3971
      1.3628
      0.5557
      0.1632
      0.0509
      0.1132
      0.4926
      1.6229
      3.8253
      6.4057
      7.6075
      0.0315
      0.0694
      0.2158
      0.5627
      1.2440
      2.3118
      3.4301
      3.8548
      3.1716
      1.8757
      0.7894
      0.2370
      0.0728
      0.1713
      0.7916
      2.6753
      6.3720
     10.7136
     12.7372
      0.0295
      0.0645
      0.2008
      0.5378
      1.2462
      2.4295
      3.7373
      4.3012
      3.5941
      2.1481
      0.9109
      0.2751
      0.0849
      0.2018
      0.9376
      3.1755
      7.5700
     12.7323
     15.1385
