      0.0015
      0.0035
      0.0086
      0.0116
      0.0086
      0.0035
      0.0010
      0.0006
      0.0012
      0.0042
      0.0101
      0.0135
      0.0098
      0.0039
      0.0008
      0.0001
      0.0000
      0.0000
      0.0000
      0.0021
      0.0045
      0.0099
      0.0122
      0.0083
      0.0031
      0.0008
      0.0005
      0.0009
      0.0034
      0.0089
      0.0129
      0.0102
      0.0044
      0.0010
      0.0001
      0.0000
      0.0000
      0.0000
      0.0027
      0.0052
      0.0098
      0.0105
      0.0061
      0.0020
      0.0004
      0.0002
      0.0004
      0.0019
      0.0057
      0.0097
      0.0093
      0.0049
      0.0015
      0.0003
      0.0000
      0.0000
      0.0000
      0.0025
      0.0038
      0.0059
      0.0054
      0.0028
      0.0008
      0.0001
      0.0000
      0.0001
      0.0008
      0.0034
      0.0084
      0.0121
      0.0101
      0.0048
      0.0013
      0.0002
      0.0000
      0.0000
      0.0144
      0.0113
      0.0058
      0.0024
      0.0008
      0.0002
      0.0000
      0.0000
      0.0001
      0.0009
      0.0060
      0.0214
      0.0418
      0.0443
      0.0254
      0.0079
      0.0013
      0.0001
      0.0000
      0.2248
      0.1654
      0.0658
      0.0142
      0.0017
      0.0001
      0.0000
      0.0000
      0.0002
      0.0017
      0.0129
      0.0519
      0.1129
      0.1325
      0.0840
      0.0287
      0.0054
      0.0007
      0.0003
      1.9717
      1.4491
      0.5746
      0.1225
      0.0140
      0.0009
      0.0001
      0.0001
      0.0002
      0.0020
      0.0160
      0.0709
      0.1689
      0.2173
      0.1512
      0.0574
      0.0137
      0.0065
      0.0071
      9.2489
      6.7975
      2.6954
      0.5746
      0.0655
      0.0040
      0.0002
      0.0002
      0.0002
      0.0012
      0.0108
      0.0525
      0.1374
      0.1953
      0.1528
      0.0737
      0.0512
      0.0873
      0.1148
     23.3246
     17.1426
      6.7975
      1.4491
      0.1651
      0.0100
      0.0005
      0.0003
      0.0002
      0.0005
      0.0040
      0.0219
      0.0667
      0.1177
      0.1339
      0.1534
      0.3378
      0.7500
      1.0038
     31.7360
     23.3246
      9.2489
      1.9717
      0.2248
      0.0145
      0.0031
      0.0039
      0.0031
      0.0014
      0.0014
      0.0089
      0.0452
      0.1446
      0.3021
      0.5871
      1.5543
      3.5084
      4.7017
     23.3246
     17.1426
      6.7976
      1.4494
      0.1679
      0.0233
      0.0348
      0.0484
      0.0368
      0.0151
      0.0041
      0.0107
      0.0765
      0.3120
      0.7559
      1.5409
      3.9742
      8.8609
     11.8548
      9.2489
      6.7976
      2.6957
      0.5777
      0.0885
      0.1045
      0.2437
      0.3223
      0.2312
      0.0896
      0.0195
      0.0140
      0.0968
      0.4269
      1.0994
      2.2522
      5.5442
     12.1092
     16.1457
      1.9717
      1.4493
      0.5770
      0.1416
      0.1245
      0.4194
      0.9309
      1.1534
      0.7802
      0.2857
      0.0567
      0.0136
      0.0678
      0.3190
      0.8708
      1.7996
      4.2159
      8.9657
     11.8940
      0.2248
      0.1666
      0.0796
      0.0956
      0.3376
      1.0074
      1.9652
      2.2438
      1.4241
      0.4921
      0.0917
      0.0118
      0.0259
      0.1288
      0.3732
      0.7829
      1.7469
      3.5976
      4.7401
      0.0144
      0.0163
      0.0549
      0.2376
      0.7055
      1.5293
      2.4129
      2.4520
      1.4476
      0.4729
      0.0838
      0.0085
      0.0056
      0.0280
      0.0867
      0.1895
      0.4162
      0.8379
      1.0974
      0.0025
      0.0145
      0.1046
      0.4262
      1.0280
      1.6758
      2.0933
      1.9135
      1.1085
      0.3708
      0.0689
      0.0071
      0.0010
      0.0036
      0.0157
      0.0679
      0.2565
      0.6171
      0.8334
      0.0027
      0.0174
      0.1189
      0.4494
      1.0155
      1.6671
      2.3891
      2.6505
      1.8374
      0.7202
      0.1544
      0.0179
      0.0012
      0.0017
      0.0245
      0.2104
      0.9827
      2.4759
      3.3683
      0.0021
      0.0122
      0.0785
      0.2932
      0.7821
      1.9544
      4.0990
      5.4558
      4.0844
      1.6656
      0.3662
      0.0431
      0.0028
      0.0037
      0.0600
      0.5267
      2.4704
      6.2300
      8.4767
      0.0015
      0.0082
      0.0506
      0.1979
      0.6718
      2.2267
      5.2851
      7.2854
      5.5087
      2.2546
      0.4966
      0.0585
      0.0038
      0.0050
      0.0816
      0.7165
      3.3612
      8.4765
     11.5333
