      0.0307
      0.0401
      0.0593
      0.0695
      0.0605
      0.0420
      0.0286
      0.0249
      0.0297
      0.0437
      0.0625
      0.0711
      0.0594
      0.0355
      0.0151
      0.0046
      0.0010
      0.0002
      0.0001
      0.0325
      0.0413
      0.0586
      0.0662
      0.0558
      0.0374
      0.0247
      0.0212
      0.0256
      0.0391
      0.0585
      0.0701
      0.0623
      0.0402
      0.0188
      0.0064
      0.0016
      0.0003
      0.0001
      0.0360
      0.0424
      0.0536
      0.0550
      0.0427
      0.0263
      0.0160
      0.0133
      0.0174
      0.0312
      0.0553
      0.0792
      0.0853
      0.0677
      0.0393
      0.0166
      0.0050
      0.0011
      0.0003
      0.0588
      0.0577
      0.0530
      0.0421
      0.0273
      0.0147
      0.0082
      0.0074
      0.0130
      0.0324
      0.0752
      0.1348
      0.1767
      0.1669
      0.1127
      0.0543
      0.0185
      0.0046
      0.0016
      0.2385
      0.2048
      0.1307
      0.0639
      0.0253
      0.0094
      0.0054
      0.0069
      0.0160
      0.0489
      0.1323
      0.2675
      0.3877
      0.3995
      0.2920
      0.1512
      0.0556
      0.0152
      0.0060
      1.0839
      0.9131
      0.5460
      0.2321
      0.0712
      0.0182
      0.0087
      0.0113
      0.0235
      0.0704
      0.2014
      0.4343
      0.6695
      0.7319
      0.5671
      0.3123
      0.1248
      0.0411
      0.0214
      3.6535
      3.0731
      1.8278
      0.7678
      0.2288
      0.0528
      0.0180
      0.0176
      0.0284
      0.0770
      0.2266
      0.5148
      0.8377
      0.9675
      0.7954
      0.4733
      0.2214
      0.1090
      0.0840
      8.7063
      7.3224
      4.3535
      1.8269
      0.5421
      0.1199
      0.0311
      0.0214
      0.0263
      0.0611
      0.1826
      0.4368
      0.7526
      0.9257
      0.8255
      0.5702
      0.3794
      0.3261
      0.3285
     14.6438
     12.3160
      7.3222
      3.0723
      0.9102
      0.1975
      0.0440
      0.0229
      0.0214
      0.0372
      0.1071
      0.2709
      0.5034
      0.6843
      0.7180
      0.6841
      0.7540
      0.9388
      1.0436
     17.4115
     14.6438
      8.7063
      3.6538
      1.0847
      0.2403
      0.0615
      0.0379
      0.0311
      0.0287
      0.0537
      0.1380
      0.2939
      0.4883
      0.6918
      0.9857
      1.5057
      2.1388
      2.4417
     14.6438
     12.3162
      7.3238
      3.0790
      0.9306
      0.2435
      0.1195
      0.1120
      0.0929
      0.0595
      0.0443
      0.0822
      0.2067
      0.4411
      0.8122
      1.4304
      2.4281
      3.5606
      4.0888
      8.7063
      7.3236
      4.3609
      1.8550
      0.6212
      0.2869
      0.2911
      0.3143
      0.2557
      0.1508
      0.0738
      0.0722
      0.1793
      0.4345
      0.8890
      1.6638
      2.8828
      4.2406
      4.8696
      3.6535
      3.0773
      1.8523
      0.8518
      0.4429
      0.4680
      0.6233
      0.6661
      0.5212
      0.2938
      0.1248
      0.0713
      0.1402
      0.3513
      0.7477
      1.4226
      2.4625
      3.6056
      4.1325
      1.0839
      0.9244
      0.6073
      0.4238
      0.5104
      0.7930
      1.0574
      1.0765
      0.8079
      0.4393
      0.1744
      0.0677
      0.0853
      0.2099
      0.4607
      0.8924
      1.5497
      2.2639
      2.5915
      0.2385
      0.2270
      0.2471
      0.4046
      0.7486
      1.1993
      1.5363
      1.5176
      1.1221
      0.6071
      0.2378
      0.0737
      0.0448
      0.0966
      0.2327
      0.5022
      0.9414
      1.4274
      1.6507
      0.0588
      0.0901
      0.2204
      0.5259
      1.0496
      1.7194
      2.2718
      2.3380
      1.8072
      1.0218
      0.4158
      0.1227
      0.0371
      0.0555
      0.1863
      0.5442
      1.2176
      1.9979
      2.3603
      0.0360
      0.0778
      0.2420
      0.6303
      1.3686
      2.4796
      3.6038
      3.9994
      3.2691
      1.9272
      0.8097
      0.2417
      0.0608
      0.0749
      0.3151
      1.0480
      2.4812
      4.1622
      4.9454
      0.0325
      0.0732
      0.2398
      0.6801
      1.6571
      3.3395
      5.2312
      6.0783
      5.1065
      3.0625
      1.3016
      0.3913
      0.0971
      0.1175
      0.5106
      1.7249
      4.1098
      6.9112
      8.2170
      0.0307
      0.0694
      0.2328
      0.6927
      1.7827
      3.7440
      6.0102
      7.0761
      5.9870
      3.6049
      1.5359
      0.4625
      0.1147
      0.1388
      0.6053
      2.0472
      4.8805
      8.2089
      9.7604
