      0.0539
      0.0602
      0.0767
      0.0998
      0.1298
      0.1695
      0.2167
      0.2656
      0.3151
      0.3664
      0.4062
      0.4047
      0.3437
      0.2409
      0.1371
      0.0630
      0.0238
      0.0083
      0.0046
      0.0590
      0.0643
      0.0782
      0.0971
      0.1219
      0.1552
      0.1957
      0.2389
      0.2846
      0.3340
      0.3750
      0.3792
      0.3274
      0.2339
      0.1360
      0.0641
      0.0249
      0.0088
      0.0049
      0.0857
      0.0869
      0.0898
      0.0944
      0.1035
      0.1205
      0.1453
      0.1754
      0.2115
      0.2555
      0.2981
      0.3150
      0.2857
      0.2156
      0.1333
      0.0673
      0.0281
      0.0107
      0.0061
      0.1897
      0.1777
      0.1481
      0.1154
      0.0929
      0.0861
      0.0931
      0.1095
      0.1350
      0.1713
      0.2131
      0.2423
      0.2382
      0.1959
      0.1331
      0.0747
      0.0358
      0.0168
      0.0115
      0.5224
      0.4728
      0.3524
      0.2210
      0.1251
      0.0764
      0.0627
      0.0680
      0.0846
      0.1127
      0.1514
      0.1894
      0.2066
      0.1898
      0.1457
      0.0957
      0.0586
      0.0395
      0.0342
      1.3478
      1.2094
      0.8747
      0.5129
      0.2503
      0.1134
      0.0639
      0.0562
      0.0648
      0.0852
      0.1202
      0.1648
      0.2005
      0.2082
      0.1861
      0.1527
      0.1289
      0.1207
      0.1198
      2.8962
      2.5942
      1.8645
      1.0774
      0.5073
      0.2080
      0.0940
      0.0648
      0.0637
      0.0763
      0.1078
      0.1594
      0.2166
      0.2587
      0.2798
      0.2965
      0.3274
      0.3661
      0.3843
      5.0271
      4.5012
      3.2311
      1.8619
      0.8699
      0.3471
      0.1435
      0.0846
      0.0715
      0.0760
      0.1045
      0.1665
      0.2572
      0.3619
      0.4775
      0.6206
      0.7969
      0.9607
      1.0295
      7.0024
      6.2696
      4.5005
      2.5942
      1.2148
      0.4895
      0.2074
      0.1237
      0.0988
      0.0926
      0.1163
      0.1935
      0.3371
      0.5491
      0.8371
      1.2191
      1.6732
      2.0752
      2.2400
      7.8204
      7.0029
      5.0307
      2.9106
      1.3865
      0.5989
      0.3050
      0.2208
      0.1845
      0.1554
      0.1610
      0.2489
      0.4587
      0.8155
      1.3428
      2.0584
      2.8983
      3.6291
      3.9257
      7.0024
      6.2734
      4.5188
      2.6473
      1.3308
      0.6907
      0.4878
      0.4379
      0.3818
      0.2990
      0.2518
      0.3231
      0.5809
      1.0711
      1.8293
      2.8670
      4.0738
      5.1124
      5.5313
      5.0271
      4.5106
      3.2773
      1.9935
      1.1526
      0.8290
      0.8026
      0.8094
      0.7109
      0.5290
      0.3798
      0.3861
      0.6343
      1.1762
      2.0462
      3.2422
      4.6215
      5.7974
      6.2693
      2.8962
      2.6119
      1.9501
      1.3165
      1.0098
      1.0454
      1.2139
      1.2684
      1.1001
      0.7868
      0.5048
      0.4074
      0.5787
      1.0559
      1.8576
      2.9664
      4.2364
      5.3101
      5.7390
      1.3478
      1.2361
      1.0016
      0.8597
      0.9615
      1.2694
      1.5725
      1.6387
      1.3924
      0.9639
      0.5716
      0.3762
      0.4402
      0.7733
      1.3745
      2.2188
      3.1850
      3.9979
      4.3214
      0.5224
      0.5057
      0.5058
      0.6307
      0.9436
      1.3720
      1.7104
      1.7522
      1.4566
      0.9815
      0.5510
      0.3079
      0.2867
      0.4750
      0.8632
      1.4333
      2.0987
      2.6630
      2.8880
      0.1897
      0.2112
      0.3022
      0.5173
      0.8751
      1.2924
      1.5887
      1.5976
      1.3049
      0.8633
      0.4687
      0.2336
      0.1742
      0.2745
      0.5354
      0.9591
      1.4849
      1.9456
      2.1319
      0.0857
      0.1163
      0.2230
      0.4347
      0.7512
      1.0978
      1.3311
      1.3256
      1.0767
      0.7104
      0.3823
      0.1807
      0.1184
      0.1929
      0.4299
      0.8586
      1.4267
      1.9423
      2.1539
      0.0590
      0.0885
      0.1864
      0.3699
      0.6336
      0.9172
      1.1087
      1.1081
      0.9083
      0.6069
      0.3307
      0.1562
      0.1023
      0.1835
      0.4505
      0.9555
      1.6437
      2.2775
      2.5392
      0.0539
      0.0820
      0.1742
      0.3441
      0.5862
      0.8467
      1.0254
      1.0303
      0.8510
      0.5738
      0.3157
      0.1504
      0.1006
      0.1885
      0.4749
      1.0214
      1.7702
      2.4620
      2.7480
