      0.0001
      0.0003
      0.0008
      0.0011
      0.0008
      0.0003
      0.0001
      0.0002
      0.0012
      0.0056
      0.0138
      0.0186
      0.0135
      0.0053
      0.0011
      0.0001
      0.0000
      0.0000
      0.0000
      0.0002
      0.0004
      0.0010
      0.0012
      0.0008
      0.0003
      0.0001
      0.0001
      0.0009
      0.0046
      0.0122
      0.0177
      0.0140
      0.0061
      0.0014
      0.0002
      0.0000
      0.0000
      0.0000
      0.0003
      0.0005
      0.0010
      0.0010
      0.0006
      0.0002
      0.0000
      0.0001
      0.0005
      0.0025
      0.0079
      0.0138
      0.0135
      0.0074
      0.0024
      0.0004
      0.0000
      0.0000
      0.0000
      0.0004
      0.0005
      0.0006
      0.0005
      0.0003
      0.0001
      0.0000
      0.0000
      0.0002
      0.0013
      0.0058
      0.0153
      0.0236
      0.0207
      0.0102
      0.0028
      0.0004
      0.0000
      0.0000
      0.0063
      0.0047
      0.0020
      0.0005
      0.0001
      0.0000
      0.0000
      0.0000
      0.0002
      0.0020
      0.0132
      0.0477
      0.0935
      0.0996
      0.0574
      0.0179
      0.0030
      0.0003
      0.0000
      0.1032
      0.0759
      0.0301
      0.0064
      0.0007
      0.0001
      0.0001
      0.0002
      0.0005
      0.0040
      0.0292
      0.1176
      0.2556
      0.3000
      0.1902
      0.0650
      0.0119
      0.0012
      0.0001
      0.9056
      0.6656
      0.2639
      0.0563
      0.0064
      0.0005
      0.0003
      0.0005
      0.0007
      0.0046
      0.0363
      0.1605
      0.3826
      0.4921
      0.3421
      0.1284
      0.0260
      0.0030
      0.0005
      4.2478
      3.1220
      1.2380
      0.2639
      0.0301
      0.0020
      0.0006
      0.0007
      0.0007
      0.0029
      0.0245
      0.1187
      0.3106
      0.4396
      0.3383
      0.1429
      0.0344
      0.0067
      0.0037
     10.7125
      7.8732
      3.1220
      0.6656
      0.0759
      0.0048
      0.0007
      0.0008
      0.0006
      0.0011
      0.0090
      0.0487
      0.1447
      0.2423
      0.2385
      0.1467
      0.0641
      0.0328
      0.0294
     14.5757
     10.7125
      4.2478
      0.9056
      0.1035
      0.0076
      0.0040
      0.0055
      0.0044
      0.0021
      0.0026
      0.0162
      0.0744
      0.2153
      0.3801
      0.3966
      0.2598
      0.1597
      0.1425
     10.7125
      7.8732
      3.1220
      0.6660
      0.0796
      0.0227
      0.0474
      0.0665
      0.0505
      0.0208
      0.0057
      0.0152
      0.1062
      0.4226
      0.9170
      1.0946
      0.7732
      0.4586
      0.3831
      4.2478
      3.1220
      1.2382
      0.2674
      0.0596
      0.1365
      0.3318
      0.4413
      0.3171
      0.1230
      0.0267
      0.0192
      0.1327
      0.5759
      1.3494
      1.7259
      1.2791
      0.7318
      0.5702
      0.9056
      0.6656
      0.2651
      0.0723
      0.1318
      0.5383
      1.2503
      1.5721
      1.0685
      0.3918
      0.0778
      0.0187
      0.0929
      0.4308
      1.0807
      1.4763
      1.1514
      0.6463
      0.4722
      0.1032
      0.0761
      0.0338
      0.0482
      0.2934
      1.1647
      2.5462
      3.0247
      1.9450
      0.6749
      0.1260
      0.0162
      0.0355
      0.1740
      0.4675
      0.6837
      0.5685
      0.3308
      0.2398
      0.0063
      0.0053
      0.0100
      0.0677
      0.3919
      1.4100
      2.8853
      3.2492
      1.9909
      0.6602
      0.1179
      0.0120
      0.0076
      0.0380
      0.1114
      0.1931
      0.2576
      0.3597
      0.4311
      0.0004
      0.0016
      0.0128
      0.0777
      0.3636
      1.1975
      2.4170
      2.7833
      1.7831
      0.6298
      0.1219
      0.0129
      0.0015
      0.0058
      0.0369
      0.2274
      0.9814
      2.4343
      3.3035
      0.0003
      0.0018
      0.0140
      0.0832
      0.4302
      1.6696
      3.9716
      5.3227
      3.9199
      1.5719
      0.3410
      0.0397
      0.0027
      0.0070
      0.1103
      0.9620
      4.5069
     11.3627
     15.4597
      0.0002
      0.0013
      0.0119
      0.1022
      0.7398
      3.3875
      8.6917
     12.1507
      9.2010
      3.7636
      0.8283
      0.0975
      0.0066
      0.0169
      0.2760
      2.4222
     11.3618
     28.6531
     38.9860
      0.0001
      0.0010
      0.0106
      0.1170
      0.9523
      4.5124
     11.6999
     16.4249
     12.4654
      5.1060
      1.1248
      0.1325
      0.0090
      0.0229
      0.3755
      3.2956
     15.4591
     38.9860
     53.0453
