      0.1262
      0.1337
      0.1501
      0.1639
      0.1704
      0.1751
      0.1841
      0.1976
      0.2145
      0.2354
      0.2538
      0.2525
      0.2182
      0.1575
      0.0932
      0.0450
      0.0179
      0.0064
      0.0036
      0.1253
      0.1318
      0.1456
      0.1559
      0.1590
      0.1606
      0.1671
      0.1796
      0.1981
      0.2240
      0.2511
      0.2609
      0.2361
      0.1792
      0.1121
      0.0574
      0.0242
      0.0091
      0.0051
      0.1288
      0.1318
      0.1367
      0.1366
      0.1305
      0.1251
      0.1267
      0.1382
      0.1624
      0.2040
      0.2585
      0.3031
      0.3080
      0.2619
      0.1831
      0.1045
      0.0489
      0.0200
      0.0116
      0.1687
      0.1630
      0.1469
      0.1243
      0.1022
      0.0881
      0.0864
      0.0998
      0.1351
      0.2032
      0.3049
      0.4114
      0.4701
      0.4423
      0.3387
      0.2103
      0.1067
      0.0477
      0.0296
      0.3344
      0.3067
      0.2381
      0.1607
      0.1015
      0.0709
      0.0661
      0.0838
      0.1323
      0.2323
      0.3948
      0.5864
      0.7238
      0.7279
      0.5926
      0.3915
      0.2141
      0.1072
      0.0735
      0.7800
      0.7021
      0.5132
      0.3087
      0.1616
      0.0891
      0.0723
      0.0905
      0.1466
      0.2699
      0.4857
      0.7622
      0.9899
      1.0451
      0.8954
      0.6302
      0.3807
      0.2253
      0.1756
      1.6384
      1.4686
      1.0588
      0.6184
      0.3038
      0.1466
      0.0985
      0.1063
      0.1566
      0.2800
      0.5143
      0.8386
      1.1366
      1.2581
      1.1437
      0.8808
      0.6214
      0.4607
      0.4105
      2.8302
      2.5349
      1.8225
      1.0574
      0.5092
      0.2296
      0.1316
      0.1180
      0.1492
      0.2470
      0.4538
      0.7656
      1.0875
      1.2785
      1.2692
      1.1285
      0.9896
      0.9232
      0.9096
      3.9385
      3.5271
      2.5349
      1.4690
      0.7038
      0.3096
      0.1638
      0.1281
      0.1358
      0.1936
      0.3409
      0.5921
      0.8944
      1.1520
      1.3131
      1.4246
      1.5642
      1.7214
      1.7945
      4.3978
      3.9390
      2.8329
      1.6466
      0.7986
      0.3656
      0.2076
      0.1640
      0.1514
      0.1656
      0.2438
      0.4183
      0.6834
      1.0042
      1.3672
      1.8067
      2.3280
      2.8000
      2.9963
      3.9385
      3.5296
      2.5466
      1.5004
      0.7678
      0.4141
      0.3019
      0.2718
      0.2395
      0.2034
      0.2096
      0.3098
      0.5361
      0.9041
      1.4390
      2.1708
      3.0416
      3.8059
      4.1171
      2.8302
      2.5421
      1.8556
      1.1445
      0.6832
      0.5083
      0.4927
      0.4891
      0.4249
      0.3189
      0.2417
      0.2659
      0.4435
      0.8142
      1.4223
      2.2935
      3.3334
      4.2378
      4.6036
      1.6384
      1.4840
      1.1287
      0.7991
      0.6565
      0.6985
      0.7983
      0.8158
      0.6962
      0.4936
      0.3157
      0.2540
      0.3613
      0.6730
      1.2283
      2.0435
      3.0188
      3.8633
      4.2038
      0.7800
      0.7294
      0.6353
      0.6183
      0.7534
      0.9972
      1.2051
      1.2295
      1.0321
      0.7102
      0.4155
      0.2571
      0.2766
      0.4874
      0.9096
      1.5493
      2.3213
      2.9904
      3.2601
      0.3344
      0.3476
      0.4200
      0.6186
      0.9706
      1.3973
      1.7178
      1.7538
      1.4687
      1.0034
      0.5655
      0.2920
      0.2164
      0.3277
      0.6277
      1.1192
      1.7327
      2.2726
      2.4914
      0.1687
      0.2165
      0.3861
      0.7324
      1.2715
      1.9009
      2.3844
      2.4738
      2.1024
      1.4539
      0.8181
      0.3903
      0.2121
      0.2563
      0.5164
      1.0018
      1.6438
      2.2247
      2.4628
      0.1288
      0.1946
      0.4225
      0.8812
      1.6038
      2.4765
      3.1914
      3.3896
      2.9399
      2.0683
      1.1767
      0.5523
      0.2640
      0.2764
      0.5845
      1.2112
      2.0706
      2.8619
      3.1884
      0.1253
      0.2001
      0.4620
      1.0017
      1.8791
      2.9776
      3.9213
      4.2394
      3.7299
      2.6544
      1.5232
      0.7156
      0.3324
      0.3347
      0.7222
      1.5312
      2.6529
      3.6913
      4.1208
      0.1262
      0.2037
      0.4773
      1.0480
      1.9884
      3.1820
      4.2239
      4.5950
      4.0623
      2.9018
      1.6699
      0.7856
      0.3636
      0.3642
      0.7892
      1.6806
      2.9191
      4.0668
      4.5417
