      0.0584
      0.0771
      0.1154
      0.1355
      0.1170
      0.0783
      0.0492
      0.0409
      0.0525
      0.0851
      0.1268
      0.1456
      0.1214
      0.0721
      0.0304
      0.0091
      0.0019
      0.0003
      0.0001
      0.0619
      0.0794
      0.1139
      0.1290
      0.1079
      0.0699
      0.0426
      0.0347
      0.0451
      0.0753
      0.1162
      0.1390
      0.1217
      0.0768
      0.0348
      0.0113
      0.0027
      0.0005
      0.0001
      0.0647
      0.0782
      0.1021
      0.1064
      0.0824
      0.0493
      0.0276
      0.0214
      0.0295
      0.0555
      0.0974
      0.1342
      0.1376
      0.1036
      0.0571
      0.0229
      0.0066
      0.0014
      0.0004
      0.0639
      0.0701
      0.0782
      0.0717
      0.0498
      0.0268
      0.0133
      0.0101
      0.0178
      0.0453
      0.1026
      0.1773
      0.2247
      0.2062
      0.1361
      0.0643
      0.0217
      0.0053
      0.0018
      0.1120
      0.1024
      0.0785
      0.0505
      0.0269
      0.0118
      0.0050
      0.0047
      0.0150
      0.0549
      0.1537
      0.3103
      0.4466
      0.4573
      0.3326
      0.1717
      0.0632
      0.0175
      0.0071
      0.4017
      0.3407
      0.2087
      0.0932
      0.0311
      0.0081
      0.0022
      0.0032
      0.0168
      0.0726
      0.2240
      0.4886
      0.7538
      0.8237
      0.6384
      0.3527
      0.1427
      0.0493
      0.0274
      1.3185
      1.1097
      0.6612
      0.2786
      0.0829
      0.0175
      0.0030
      0.0029
      0.0164
      0.0761
      0.2494
      0.5762
      0.9407
      1.0893
      0.9001
      0.5435
      0.2657
      0.1439
      0.1178
      3.1341
      2.6360
      1.5674
      0.6576
      0.1942
      0.0405
      0.0067
      0.0033
      0.0127
      0.0585
      0.2010
      0.4916
      0.8535
      1.0608
      0.9660
      0.6992
      0.5070
      0.4685
      0.4807
      5.2701
      4.4324
      2.6352
      1.1056
      0.3274
      0.0711
      0.0166
      0.0106
      0.0141
      0.0371
      0.1209
      0.3147
      0.5994
      0.8456
      0.9402
      0.9652
      1.1159
      1.3961
      1.5469
      6.2660
      5.2700
      3.1336
      1.3170
      0.3975
      0.1042
      0.0537
      0.0538
      0.0486
      0.0426
      0.0707
      0.1823
      0.4108
      0.7309
      1.0952
      1.5749
      2.3290
      3.2120
      3.6313
      5.2701
      4.4329
      2.6386
      1.1205
      0.3740
      0.1776
      0.1931
      0.2197
      0.1868
      0.1184
      0.0803
      0.1396
      0.3641
      0.7991
      1.4508
      2.4033
      3.8095
      5.3658
      6.0893
      3.1341
      2.6384
      1.5825
      0.7163
      0.3624
      0.4003
      0.5721
      0.6461
      0.5283
      0.3114
      0.1506
      0.1432
      0.3545
      0.8474
      1.6500
      2.8415
      4.5522
      6.4063
      7.2621
      1.3185
      1.1181
      0.7103
      0.4492
      0.5222
      0.8775
      1.2662
      1.3665
      1.0705
      0.6031
      0.2559
      0.1461
      0.2852
      0.6970
      1.4010
      2.4439
      3.8991
      5.4456
      6.1545
      0.4017
      0.3630
      0.3301
      0.4742
      0.9074
      1.5585
      2.1040
      2.1405
      1.6014
      0.8672
      0.3431
      0.1346
      0.1731
      0.4150
      0.8541
      1.5027
      2.3801
      3.2906
      3.7040
      0.1120
      0.1459
      0.3050
      0.7085
      1.4058
      2.2402
      2.8148
      2.7225
      1.9723
      1.0464
      0.4027
      0.1254
      0.0840
      0.1767
      0.3698
      0.6566
      1.0326
      1.4118
      1.5819
      0.0639
      0.1321
      0.3945
      0.9591
      1.8381
      2.8346
      3.5229
      3.4429
      2.5563
      1.4008
      0.5560
      0.1617
      0.0495
      0.0561
      0.1136
      0.2039
      0.3195
      0.4327
      0.4827
      0.0647
      0.1438
      0.4396
      1.0732
      2.1213
      3.4904
      4.7082
      4.9783
      3.9513
      2.2872
      0.9493
      0.2803
      0.0615
      0.0193
      0.0259
      0.0470
      0.0756
      0.1035
      0.1157
      0.0619
      0.1354
      0.4140
      1.0554
      2.2863
      4.2062
      6.2410
      7.0510
      5.8413
      3.4776
      1.4718
      0.4398
      0.0926
      0.0153
      0.0065
      0.0119
      0.0225
      0.0342
      0.0394
      0.0584
      0.1267
      0.3894
      1.0262
      2.3468
      4.5493
      6.9992
      8.0775
      6.7722
      4.0601
      1.7259
      0.5171
      0.1087
      0.0165
      0.0041
      0.0076
      0.0166
      0.0271
      0.0320
