      0.0225
      0.0291
      0.0426
      0.0494
      0.0420
      0.0270
      0.0158
      0.0149
      0.0279
      0.0572
      0.0924
      0.1086
      0.0911
      0.0543
      0.0229
      0.0069
      0.0015
      0.0002
      0.0001
      0.0238
      0.0300
      0.0421
      0.0472
      0.0389
      0.0242
      0.0137
      0.0127
      0.0242
      0.0510
      0.0851
      0.1043
      0.0921
      0.0585
      0.0267
      0.0088
      0.0021
      0.0004
      0.0001
      0.0268
      0.0313
      0.0391
      0.0397
      0.0301
      0.0173
      0.0092
      0.0083
      0.0170
      0.0393
      0.0740
      0.1045
      0.1088
      0.0832
      0.0464
      0.0189
      0.0056
      0.0012
      0.0004
      0.0491
      0.0473
      0.0417
      0.0319
      0.0200
      0.0102
      0.0054
      0.0058
      0.0135
      0.0368
      0.0849
      0.1484
      0.1899
      0.1758
      0.1169
      0.0556
      0.0188
      0.0046
      0.0015
      0.2166
      0.1853
      0.1168
      0.0557
      0.0213
      0.0080
      0.0055
      0.0082
      0.0181
      0.0516
      0.1356
      0.2708
      0.3898
      0.3997
      0.2911
      0.1502
      0.0549
      0.0146
      0.0053
      0.9959
      0.8388
      0.5011
      0.2127
      0.0655
      0.0182
      0.0116
      0.0159
      0.0283
      0.0736
      0.2018
      0.4312
      0.6631
      0.7241
      0.5604
      0.3075
      0.1204
      0.0358
      0.0154
      3.3604
      2.8265
      1.6811
      0.7064
      0.2117
      0.0522
      0.0237
      0.0257
      0.0360
      0.0814
      0.2264
      0.5095
      0.8281
      0.9563
      0.7847
      0.4604
      0.1994
      0.0745
      0.0435
      8.0082
      6.7353
      4.0045
      1.6811
      0.5009
      0.1158
      0.0383
      0.0316
      0.0351
      0.0660
      0.1831
      0.4337
      0.7479
      0.9213
      0.8160
      0.5341
      0.2856
      0.1642
      0.1350
     13.4696
     11.3285
      6.7353
      2.8269
      0.8402
      0.1885
      0.0515
      0.0337
      0.0303
      0.0423
      0.1095
      0.2744
      0.5147
      0.7048
      0.7204
      0.5888
      0.4536
      0.3997
      0.3945
     16.0154
     13.4697
      8.0086
      3.3623
      1.0026
      0.2323
      0.0751
      0.0568
      0.0471
      0.0387
      0.0607
      0.1523
      0.3325
      0.5561
      0.7241
      0.7889
      0.8165
      0.8725
      0.9093
     13.4696
     11.3288
      6.7373
      2.8360
      0.8696
      0.2571
      0.1664
      0.1709
      0.1434
      0.0906
      0.0622
      0.1085
      0.2746
      0.5647
      0.8896
      1.1361
      1.3083
      1.4623
      1.5374
      8.0082
      6.7365
      4.0131
      1.7169
      0.6099
      0.3583
      0.4275
      0.4783
      0.3929
      0.2322
      0.1127
      0.1073
      0.2600
      0.5868
      1.0024
      1.3538
      1.5980
      1.7856
      1.8704
      3.3604
      2.8305
      1.7065
      0.8040
      0.4866
      0.6266
      0.9018
      0.9940
      0.7893
      0.4478
      0.1907
      0.1088
      0.2082
      0.4827
      0.8598
      1.1967
      1.4269
      1.5844
      1.6508
      0.9959
      0.8485
      0.5583
      0.4121
      0.5773
      1.0111
      1.4473
      1.5341
      1.1759
      0.6453
      0.2571
      0.1009
      0.1270
      0.2905
      0.5407
      0.7918
      0.9919
      1.1401
      1.2016
      0.2166
      0.2033
      0.2167
      0.3757
      0.7769
      1.3786
      1.8986
      1.9551
      1.4722
      0.7993
      0.3118
      0.0975
      0.0642
      0.1352
      0.2895
      0.5340
      0.8746
      1.2286
      1.3888
      0.0491
      0.0726
      0.1783
      0.4563
      0.9982
      1.7734
      2.4710
      2.6071
      2.0269
      1.1408
      0.4601
      0.1353
      0.0455
      0.0805
      0.2693
      0.7771
      1.7279
      2.8280
      3.3388
      0.0268
      0.0588
      0.1915
      0.5361
      1.2577
      2.4149
      3.6231
      4.0715
      3.3356
      1.9622
      0.8214
      0.2449
      0.0671
      0.1121
      0.4877
      1.6229
      3.8421
      6.4450
      7.6577
      0.0238
      0.0553
      0.1925
      0.5893
      1.5344
      3.2213
      5.1447
      6.0224
      5.0701
      3.0404
      1.2913
      0.3887
      0.1049
      0.1766
      0.7968
      2.6939
      6.4187
     10.7939
     12.8331
      0.0225
      0.0528
      0.1894
      0.6089
      1.6646
      3.6163
      5.8938
      6.9797
      5.9165
      3.5637
      1.5182
      0.4580
      0.1236
      0.2088
      0.9451
      3.1994
      7.6274
     12.8292
     15.2539
