      0.0913
      0.0980
      0.1129
      0.1263
      0.1341
      0.1407
      0.1522
      0.1707
      0.1970
      0.2300
      0.2585
      0.2615
      0.2256
      0.1609
      0.0934
      0.0441
      0.0172
      0.0062
      0.0035
      0.0930
      0.0987
      0.1111
      0.1211
      0.1257
      0.1295
      0.1387
      0.1556
      0.1814
      0.2157
      0.2481
      0.2577
      0.2292
      0.1693
      0.1025
      0.0506
      0.0207
      0.0077
      0.0044
      0.1065
      0.1084
      0.1113
      0.1104
      0.1057
      0.1029
      0.1075
      0.1219
      0.1478
      0.1864
      0.2303
      0.2592
      0.2516
      0.2043
      0.1367
      0.0750
      0.0339
      0.0136
      0.0079
      0.1735
      0.1650
      0.1427
      0.1147
      0.0910
      0.0788
      0.0805
      0.0951
      0.1236
      0.1701
      0.2327
      0.2922
      0.3170
      0.2871
      0.2135
      0.1296
      0.0649
      0.0290
      0.0183
      0.4095
      0.3727
      0.2826
      0.1837
      0.1119
      0.0790
      0.0775
      0.0950
      0.1273
      0.1823
      0.2673
      0.3660
      0.4334
      0.4264
      0.3429
      0.2256
      0.1245
      0.0646
      0.0458
      1.0142
      0.9113
      0.6629
      0.3963
      0.2086
      0.1217
      0.1057
      0.1221
      0.1536
      0.2107
      0.3126
      0.4492
      0.5641
      0.5891
      0.5051
      0.3604
      0.2262
      0.1440
      0.1181
      2.1609
      1.9366
      1.3960
      0.8175
      0.4090
      0.2116
      0.1560
      0.1588
      0.1790
      0.2258
      0.3287
      0.4870
      0.6421
      0.7103
      0.6561
      0.5251
      0.3981
      0.3229
      0.3006
      3.7448
      3.3542
      2.4131
      1.4049
      0.6879
      0.3293
      0.2082
      0.1838
      0.1840
      0.2101
      0.2958
      0.4514
      0.6299
      0.7524
      0.7770
      0.7379
      0.7035
      0.7019
      0.7084
      5.2147
      4.6705
      3.3586
      1.9518
      0.9465
      0.4341
      0.2475
      0.1947
      0.1746
      0.1774
      0.2354
      0.3700
      0.5586
      0.7478
      0.9046
      1.0499
      1.2169
      1.3782
      1.4481
      5.8236
      5.2163
      3.7527
      2.1843
      1.0649
      0.4951
      0.2864
      0.2229
      0.1886
      0.1671
      0.1918
      0.2975
      0.4920
      0.7572
      1.0801
      1.4710
      1.9160
      2.3054
      2.4647
      5.2147
      4.6729
      3.3697
      1.9810
      1.0051
      0.5285
      0.3710
      0.3244
      0.2768
      0.2188
      0.1969
      0.2650
      0.4575
      0.7867
      1.2588
      1.8762
      2.5806
      3.1836
      3.4267
      3.7448
      3.3611
      2.4445
      1.4880
      0.8540
      0.5949
      0.5517
      0.5396
      0.4653
      0.3441
      0.2509
      0.2623
      0.4283
      0.7750
      1.3167
      2.0482
      2.8833
      3.5917
      3.8755
      2.1609
      1.9509
      1.4613
      0.9885
      0.7464
      0.7431
      0.8322
      0.8490
      0.7251
      0.5137
      0.3277
      0.2629
      0.3701
      0.6709
      1.1766
      1.8764
      2.6782
      3.3558
      3.6264
      1.0142
      0.9354
      0.7720
      0.6768
      0.7513
      0.9606
      1.1550
      1.1793
      0.9897
      0.6800
      0.3993
      0.2547
      0.2869
      0.5044
      0.9153
      1.5125
      2.2128
      2.8102
      3.0494
      0.4095
      0.4066
      0.4345
      0.5685
      0.8449
      1.1963
      1.4604
      1.4805
      1.2288
      0.8315
      0.4670
      0.2515
      0.2171
      0.3671
      0.7219
      1.2964
      2.0140
      2.6464
      2.9029
      0.1735
      0.2061
      0.3258
      0.5775
      0.9711
      1.4225
      1.7524
      1.7860
      1.4915
      1.0145
      0.5650
      0.2796
      0.1972
      0.3349
      0.7518
      1.5072
      2.5121
      3.4267
      3.8025
      0.1065
      0.1528
      0.3108
      0.6209
      1.0931
      1.6407
      2.0628
      2.1451
      1.8271
      1.2660
      0.7139
      0.3477
      0.2305
      0.4097
      1.0042
      2.1330
      3.6739
      5.0945
      5.6813
      0.0930
      0.1436
      0.3160
      0.6564
      1.1864
      1.8233
      2.3441
      2.4881
      2.1584
      1.5198
      0.8683
      0.4256
      0.2831
      0.5193
      1.3098
      2.8278
      4.9139
      6.8435
      7.6417
      0.0913
      0.1428
      0.3187
      0.6694
      1.2225
      1.8981
      2.4632
      2.6358
      2.3023
      1.6304
      0.9359
      0.4604
      0.3079
      0.5700
      1.4460
      3.1310
      5.4493
      7.5951
      8.4829
