      0.0016
      0.0040
      0.0097
      0.0132
      0.0097
      0.0039
      0.0009
      0.0003
      0.0009
      0.0041
      0.0101
      0.0136
      0.0098
      0.0039
      0.0008
      0.0001
      0.0000
      0.0000
      0.0000
      0.0023
      0.0051
      0.0112
      0.0139
      0.0094
      0.0035
      0.0007
      0.0002
      0.0007
      0.0034
      0.0089
      0.0129
      0.0102
      0.0044
      0.0010
      0.0001
      0.0000
      0.0000
      0.0000
      0.0031
      0.0059
      0.0111
      0.0119
      0.0070
      0.0022
      0.0004
      0.0001
      0.0003
      0.0018
      0.0055
      0.0094
      0.0087
      0.0044
      0.0012
      0.0002
      0.0000
      0.0000
      0.0000
      0.0028
      0.0043
      0.0067
      0.0062
      0.0031
      0.0009
      0.0001
      0.0000
      0.0001
      0.0006
      0.0024
      0.0053
      0.0065
      0.0047
      0.0019
      0.0005
      0.0001
      0.0000
      0.0000
      0.0160
      0.0125
      0.0065
      0.0027
      0.0009
      0.0002
      0.0000
      0.0000
      0.0001
      0.0004
      0.0021
      0.0069
      0.0130
      0.0134
      0.0076
      0.0023
      0.0004
      0.0000
      0.0000
      0.2487
      0.1830
      0.0728
      0.0157
      0.0019
      0.0001
      0.0001
      0.0001
      0.0002
      0.0006
      0.0038
      0.0152
      0.0330
      0.0387
      0.0245
      0.0084
      0.0016
      0.0002
      0.0001
      2.1815
      1.6033
      0.6358
      0.1356
      0.0155
      0.0010
      0.0003
      0.0004
      0.0004
      0.0007
      0.0047
      0.0207
      0.0492
      0.0634
      0.0443
      0.0170
      0.0041
      0.0015
      0.0014
     10.2328
      7.5207
      2.9822
      0.6357
      0.0725
      0.0045
      0.0005
      0.0006
      0.0004
      0.0005
      0.0032
      0.0154
      0.0406
      0.0590
      0.0485
      0.0257
      0.0152
      0.0183
      0.0221
     25.8059
     18.9663
      7.5207
      1.6033
      0.1827
      0.0112
      0.0008
      0.0006
      0.0004
      0.0003
      0.0013
      0.0071
      0.0244
      0.0522
      0.0743
      0.0797
      0.0965
      0.1525
      0.1909
     35.1122
     25.8059
     10.2328
      2.1815
      0.2487
      0.0160
      0.0033
      0.0041
      0.0032
      0.0014
      0.0009
      0.0057
      0.0353
      0.1265
      0.2610
      0.3457
      0.4448
      0.7069
      0.8876
     25.8059
     18.9663
      7.5207
      1.6036
      0.1855
      0.0244
      0.0349
      0.0485
      0.0368
      0.0151
      0.0040
      0.0104
      0.0752
      0.3061
      0.6874
      0.9464
      1.1758
      1.7925
      2.2334
     10.2328
      7.5207
      2.9825
      0.6389
      0.0958
      0.1053
      0.2443
      0.3228
      0.2315
      0.0897
      0.0195
      0.0140
      0.0967
      0.4217
      1.0083
      1.4425
      1.7331
      2.4882
      3.0519
      2.1815
      1.6035
      0.6384
      0.1558
      0.1289
      0.4237
      0.9347
      1.1556
      0.7812
      0.2860
      0.0568
      0.0137
      0.0678
      0.3152
      0.8038
      1.2037
      1.4133
      1.8932
      2.2695
      0.2487
      0.1844
      0.0883
      0.1045
      0.3557
      1.0308
      1.9817
      2.2499
      1.4251
      0.4920
      0.0917
      0.0118
      0.0259
      0.1273
      0.3467
      0.5473
      0.6388
      0.8018
      0.9356
      0.0160
      0.0182
      0.0619
      0.2647
      0.7648
      1.5944
      2.4375
      2.4350
      1.4246
      0.4624
      0.0814
      0.0082
      0.0055
      0.0278
      0.0825
      0.1520
      0.2397
      0.3926
      0.4914
      0.0028
      0.0164
      0.1183
      0.4781
      1.1231
      1.7173
      1.9459
      1.6216
      0.8716
      0.2722
      0.0471
      0.0045
      0.0008
      0.0043
      0.0280
      0.1755
      0.7611
      1.8896
      2.5647
      0.0031
      0.0197
      0.1341
      0.4977
      1.0442
      1.3785
      1.3936
      1.1760
      0.7052
      0.2552
      0.0519
      0.0058
      0.0005
      0.0053
      0.0850
      0.7416
      3.4746
      8.7603
     11.9190
      0.0023
      0.0138
      0.0874
      0.3046
      0.6331
      0.9869
      1.4485
      1.6927
      1.2213
      0.4921
      0.1076
      0.0126
      0.0012
      0.0129
      0.2128
      1.8673
      8.7589
     22.0887
     30.0544
      0.0016
      0.0092
      0.0552
      0.1866
      0.4180
      0.8579
      1.6497
      2.1566
      1.6118
      0.6578
      0.1448
      0.0170
      0.0016
      0.0175
      0.2894
      2.5406
     11.9174
     30.0543
     40.8927
