      0.4236
      0.4356
      0.4632
      0.4891
      0.5009
      0.4982
      0.4879
      0.4758
      0.4629
      0.4466
      0.4210
      0.3791
      0.3175
      0.2414
      0.1637
      0.0985
      0.0536
      0.0291
      0.0215
      0.4167
      0.4267
      0.4494
      0.4694
      0.4764
      0.4711
      0.4610
      0.4516
      0.4440
      0.4349
      0.4177
      0.3844
      0.3296
      0.2570
      0.1791
      0.1109
      0.0621
      0.0346
      0.0260
      0.4011
      0.4058
      0.4149
      0.4191
      0.4139
      0.4034
      0.3951
      0.3941
      0.4004
      0.4099
      0.4150
      0.4045
      0.3685
      0.3058
      0.2274
      0.1506
      0.0905
      0.0542
      0.0423
      0.3962
      0.3927
      0.3817
      0.3636
      0.3430
      0.3281
      0.3256
      0.3373
      0.3613
      0.3934
      0.4261
      0.4459
      0.4367
      0.3897
      0.3118
      0.2234
      0.1469
      0.0974
      0.0805
      0.4377
      0.4232
      0.3853
      0.3382
      0.2991
      0.2806
      0.2857
      0.3102
      0.3484
      0.3975
      0.4537
      0.5038
      0.5258
      0.5015
      0.4310
      0.3357
      0.2454
      0.1838
      0.1623
      0.5654
      0.5359
      0.4612
      0.3740
      0.3080
      0.2803
      0.2884
      0.3183
      0.3601
      0.4138
      0.4824
      0.5572
      0.6129
      0.6221
      0.5763
      0.4941
      0.4083
      0.3473
      0.3257
      0.7925
      0.7436
      0.6205
      0.4788
      0.3717
      0.3224
      0.3213
      0.3441
      0.3757
      0.4198
      0.4883
      0.5798
      0.6707
      0.7288
      0.7375
      0.7077
      0.6661
      0.6351
      0.6243
      1.0752
      1.0051
      0.8285
      0.6243
      0.4658
      0.3829
      0.3600
      0.3640
      0.3752
      0.4004
      0.4591
      0.5596
      0.6862
      0.8096
      0.9097
      0.9856
      1.0452
      1.0881
      1.1045
      1.3161
      1.2291
      1.0099
      0.7547
      0.5519
      0.4364
      0.3892
      0.3711
      0.3597
      0.3630
      0.4064
      0.5085
      0.6677
      0.8671
      1.0892
      1.3197
      1.5359
      1.6969
      1.7574
      1.4113
      1.3194
      1.0879
      0.8184
      0.6031
      0.4768
      0.4180
      0.3851
      0.3546
      0.3357
      0.3583
      0.4525
      0.6341
      0.9048
      1.2554
      1.6594
      2.0579
      2.3593
      2.4726
      1.3161
      1.2354
      1.0338
      0.8034
      0.6252
      0.5256
      0.4788
      0.4426
      0.3952
      0.3491
      0.3408
      0.4120
      0.5960
      0.9129
      1.3631
      1.9113
      2.4669
      2.8915
      3.0517
      1.0752
      1.0206
      0.8881
      0.7476
      0.6557
      0.6206
      0.6077
      0.5743
      0.5039
      0.4174
      0.3621
      0.3911
      0.5506
      0.8727
      1.3649
      1.9871
      2.6296
      3.1248
      3.3121
      0.7925
      0.7725
      0.7323
      0.7129
      0.7379
      0.7894
      0.8193
      0.7842
      0.6768
      0.5327
      0.4136
      0.3833
      0.4942
      0.7821
      1.2569
      1.8779
      2.5299
      3.0365
      3.2289
      0.5654
      0.5810
      0.6360
      0.7423
      0.8884
      1.0273
      1.0950
      1.0473
      0.8891
      0.6747
      0.4822
      0.3848
      0.4367
      0.6726
      1.1025
      1.6875
      2.3143
      2.8064
      2.9942
      0.4377
      0.4836
      0.6202
      0.8346
      1.0847
      1.2971
      1.3923
      1.3252
      1.1123
      0.8262
      0.5615
      0.4008
      0.4008
      0.5975
      1.0034
      1.5823
      2.2177
      2.7234
      2.9174
      0.3962
      0.4641
      0.6600
      0.9536
      1.2808
      1.5489
      1.6657
      1.5835
      1.3256
      0.9782
      0.6510
      0.4382
      0.4052
      0.5963
      1.0326
      1.6792
      2.4043
      2.9883
      3.2137
      0.4011
      0.4824
      0.7146
      1.0575
      1.4351
      1.7433
      1.8815
      1.7960
      1.5108
      1.1194
      0.7439
      0.4928
      0.4459
      0.6627
      1.1774
      1.9549
      2.8373
      3.5530
      3.8300
      0.4167
      0.5045
      0.7544
      1.1224
      1.5278
      1.8621
      2.0189
      1.9388
      1.6423
      1.2252
      0.8188
      0.5438
      0.4944
      0.7452
      1.3425
      2.2503
      3.2854
      4.1273
      4.4535
      0.4236
      0.5132
      0.7683
      1.1437
      1.5580
      1.9016
      2.0661
      1.9896
      1.6906
      1.2653
      0.8480
      0.5648
      0.5158
      0.7818
      1.4142
      2.3766
      3.4750
      4.3689
      4.7156
