      0.0364
      0.0474
      0.0700
      0.0820
      0.0718
      0.0507
      0.0363
      0.0337
      0.0429
      0.0662
      0.0965
      0.1103
      0.0920
      0.0549
      0.0233
      0.0070
      0.0015
      0.0002
      0.0000
      0.0383
      0.0486
      0.0690
      0.0780
      0.0661
      0.0452
      0.0313
      0.0286
      0.0370
      0.0591
      0.0897
      0.1075
      0.0951
      0.0610
      0.0283
      0.0095
      0.0023
      0.0004
      0.0001
      0.0391
      0.0472
      0.0616
      0.0643
      0.0504
      0.0317
      0.0201
      0.0179
      0.0250
      0.0461
      0.0818
      0.1159
      0.1231
      0.0963
      0.0551
      0.0229
      0.0069
      0.0015
      0.0005
      0.0342
      0.0386
      0.0450
      0.0425
      0.0303
      0.0173
      0.0103
      0.0099
      0.0180
      0.0452
      0.1040
      0.1847
      0.2402
      0.2253
      0.1514
      0.0726
      0.0247
      0.0061
      0.0021
      0.0357
      0.0350
      0.0315
      0.0240
      0.0148
      0.0083
      0.0064
      0.0090
      0.0214
      0.0654
      0.1767
      0.3564
      0.5157
      0.5306
      0.3874
      0.2004
      0.0737
      0.0202
      0.0079
      0.0870
      0.0750
      0.0483
      0.0241
      0.0105
      0.0067
      0.0089
      0.0146
      0.0310
      0.0933
      0.2669
      0.5752
      0.8864
      0.9687
      0.7504
      0.4132
      0.1651
      0.0544
      0.0283
      0.2685
      0.2263
      0.1356
      0.0584
      0.0203
      0.0115
      0.0154
      0.0222
      0.0374
      0.1018
      0.2998
      0.6811
      1.1084
      1.2804
      1.0528
      0.6267
      0.2933
      0.1448
      0.1119
      0.6342
      0.5335
      0.3176
      0.1346
      0.0440
      0.0196
      0.0212
      0.0262
      0.0346
      0.0809
      0.2417
      0.5785
      0.9976
      1.2284
      1.0971
      0.7592
      0.5061
      0.4356
      0.4391
      1.0657
      0.8964
      0.5333
      0.2255
      0.0722
      0.0280
      0.0253
      0.0278
      0.0289
      0.0498
      0.1426
      0.3610
      0.6737
      0.9206
      0.9712
      0.9271
      1.0168
      1.2601
      1.3988
      1.2671
      1.0658
      0.6343
      0.2693
      0.0899
      0.0427
      0.0460
      0.0520
      0.0460
      0.0414
      0.0740
      0.1893
      0.4074
      0.6847
      0.9727
      1.3669
      2.0489
      2.8809
      3.2805
      1.0657
      0.8967
      0.5356
      0.2354
      0.1035
      0.0997
      0.1443
      0.1689
      0.1435
      0.0918
      0.0662
      0.1202
      0.3047
      0.6510
      1.1796
      2.0134
      3.3253
      4.8112
      5.5057
      0.6342
      0.5351
      0.3277
      0.1749
      0.1617
      0.2739
      0.4229
      0.4832
      0.3965
      0.2343
      0.1144
      0.1108
      0.2740
      0.6571
      1.3102
      2.3624
      3.9685
      5.7472
      6.5718
      0.2685
      0.2317
      0.1679
      0.1744
      0.3282
      0.6279
      0.9334
      1.0194
      0.8038
      0.4547
      0.1935
      0.1106
      0.2165
      0.5353
      1.1089
      2.0319
      3.4055
      4.9009
      5.5898
      0.0870
      0.0890
      0.1266
      0.2781
      0.6179
      1.1199
      1.5588
      1.6175
      1.2259
      0.6697
      0.2665
      0.1040
      0.1318
      0.3203
      0.6846
      1.2782
      2.1485
      3.0820
      3.5093
      0.0357
      0.0621
      0.1761
      0.4602
      0.9764
      1.6500
      2.1805
      2.1928
      1.6349
      0.8865
      0.3469
      0.1079
      0.0678
      0.1459
      0.3407
      0.7077
      1.2885
      1.9243
      2.2157
      0.0342
      0.0777
      0.2500
      0.6492
      1.3521
      2.2865
      3.0863
      3.2104
      2.4897
      1.4064
      0.5708
      0.1682
      0.0519
      0.0786
      0.2553
      0.7293
      1.6140
      2.6364
      3.1110
      0.0391
      0.0899
      0.2922
      0.7842
      1.7527
      3.2473
      4.7809
      5.3351
      4.3673
      2.5737
      1.0802
      0.3222
      0.0812
      0.0995
      0.4155
      1.3774
      3.2566
      5.4602
      6.4867
      0.0383
      0.0875
      0.2932
      0.8545
      2.1347
      4.3713
      6.9014
      8.0444
      6.7651
      4.0576
      1.7242
      0.5182
      0.1284
      0.1543
      0.6697
      2.2617
      5.3882
      9.0605
     10.7721
      0.0364
      0.0834
      0.2861
      0.8756
      2.3056
      4.9070
      7.9254
      9.3536
      7.9206
      4.7701
      2.0324
      0.6119
      0.1516
      0.1822
      0.7935
      2.6838
      6.3979
     10.7611
     12.7948
