      0.0000
      0.0000
      0.0000
      0.0000
      0.0000
      0.0000
      0.0000
      0.0000
      0.0000
      0.0000
      0.0000
      0.0000
      0.0000
      0.0000
      0.0000
      0.0000
      0.0000
      0.0000
      0.0000
      0.0000
      0.0000
      0.0000
      0.0000
      0.0000
      0.0000
      0.0000
      0.0000
      0.0000
      0.0000
      0.0000
      0.0000
      0.0000
      0.0000
      0.0000
      0.0000
      0.0000
      0.0000
      0.0000
      0.0000
      0.0000
      0.0000
      0.0000
      0.0000
      0.0000
      0.0000
      0.0000
      0.0000
      0.0000
      0.0000
      0.0000
      0.0000
      0.0000
      0.0000
      0.0000
      0.0000
      0.0000
      0.0000
      0.0000
      0.0000
      0.0000
      0.0000
      0.0000
      0.0000
      0.0000
      0.0000
      0.0000
      0.0000
      0.0000
      0.0000
      0.0000
      0.0000
      0.0000
      0.0000
      0.0000
      0.0000
      0.0000
      0.0000
      0.0000
      0.0000
      0.0000
      0.0000
      0.0000
      0.0000
      0.0000
      0.0000
      0.0000
      0.0000
      0.0001
      0.0005
      0.0005
      0.0002
      0.0000
      0.0000
      0.0000
      0.0000
      0.0007
      0.0003
      0.0000
      0.0000
      0.0000
      0.0000
      0.0000
      0.0000
      0.0000
      0.0000
      0.0000
      0.0008
      0.0046
      0.0066
      0.0024
      0.0002
      0.0000
      0.0000
      0.0000
      0.0880
      0.0440
      0.0055
      0.0002
      0.0000
      0.0000
      0.0000
      0.0000
      0.0000
      0.0000
      0.0001
      0.0016
      0.0113
      0.0200
      0.0088
      0.0010
      0.0000
      0.0000
      0.0000
      2.8535
      1.4268
      0.1779
      0.0055
      0.0000
      0.0000
      0.0000
      0.0000
      0.0000
      0.0000
      0.0000
      0.0008
      0.0070
      0.0152
      0.0082
      0.0011
      0.0001
      0.0003
      0.0006
     22.8888
     11.4444
      1.4268
      0.0440
      0.0003
      0.0000
      0.0000
      0.0000
      0.0000
      0.0000
      0.0000
      0.0001
      0.0011
      0.0029
      0.0021
      0.0006
      0.0052
      0.0411
      0.0822
     45.7776
     22.8888
      2.8535
      0.0880
      0.0007
      0.0000
      0.0000
      0.0000
      0.0000
      0.0000
      0.0000
      0.0000
      0.0001
      0.0013
      0.0059
      0.0124
      0.1686
      1.3336
      2.6666
     22.8888
     11.4444
      1.4268
      0.0440
      0.0003
      0.0000
      0.0001
      0.0002
      0.0001
      0.0000
      0.0000
      0.0000
      0.0004
      0.0097
      0.0564
      0.1226
      1.3633
     10.6976
     21.3892
      2.8535
      1.4268
      0.1779
      0.0055
      0.0001
      0.0008
      0.0058
      0.0111
      0.0053
      0.0006
      0.0000
      0.0000
      0.0007
      0.0201
      0.1369
      0.3127
      2.7642
     21.3995
     42.7785
      0.0880
      0.0440
      0.0055
      0.0002
      0.0007
      0.0172
      0.1152
      0.1933
      0.0811
      0.0085
      0.0002
      0.0000
      0.0003
      0.0105
      0.0832
      0.2043
      1.4137
     10.7044
     21.3895
      0.0007
      0.0003
      0.0001
      0.0005
      0.0074
      0.1012
      0.5674
      0.8375
      0.3103
      0.0286
      0.0007
      0.0000
      0.0000
      0.0014
      0.0126
      0.0340
      0.1828
      1.3356
      2.6667
      0.0000
      0.0000
      0.0004
      0.0090
      0.0612
      0.2166
      0.7246
      0.9098
      0.2971
      0.0242
      0.0005
      0.0000
      0.0000
      0.0000
      0.0005
      0.0014
      0.0061
      0.0420
      0.0836
      0.0000
      0.0000
      0.0019
      0.0413
      0.2216
      0.3414
      0.3557
      0.3559
      0.1264
      0.0125
      0.0003
      0.0000
      0.0000
      0.0000
      0.0000
      0.0004
      0.0117
      0.0934
      0.1869
      0.0000
      0.0000
      0.0026
      0.0478
      0.2234
      0.4322
      1.6395
      3.3631
      1.8022
      0.2415
      0.0080
      0.0001
      0.0000
      0.0000
      0.0001
      0.0116
      0.3765
      3.0197
      6.0393
      0.0000
      0.0000
      0.0009
      0.0141
      0.0956
      1.4957
     12.4674
     26.8045
     14.4214
      1.9352
      0.0643
      0.0005
      0.0000
      0.0000
      0.0007
      0.0931
      3.0197
     24.2213
     48.4427
      0.0000
      0.0000
      0.0001
      0.0026
      0.0893
      2.8905
     24.9094
     53.6069
     28.8426
      3.8704
      0.1285
      0.0010
      0.0000
      0.0000
      0.0014
      0.1862
      6.0393
     48.4427
     96.8853
