      0.0000
      0.0000
      0.0000
      0.0000
      0.0000
      0.0000
      0.0000
      0.0000
      0.0000
      0.0000
      0.0000
      0.0000
      0.0000
      0.0000
      0.0000
      0.0000
      0.0000
      0.0000
      0.0000
      0.0000
      0.0000
      0.0000
      0.0000
      0.0000
      0.0000
      0.0000
      0.0000
      0.0000
      0.0000
      0.0000
      0.0000
      0.0000
      0.0000
      0.0000
      0.0000
      0.0000
      0.0000
      0.0000
      0.0000
      0.0000
      0.0000
      0.0000
      0.0000
      0.0000
      0.0000
      0.0000
      0.0000
      0.0000
      0.0000
      0.0000
      0.0000
      0.0000
      0.0000
      0.0000
      0.0000
      0.0000
      0.0000
      0.0000
      0.0000
      0.0000
      0.0000
      0.0000
      0.0000
      0.0000
      0.0000
      0.0000
      0.0000
      0.0000
      0.0000
      0.0000
      0.0000
      0.0000
      0.0000
      0.0000
      0.0000
      0.0000
      0.0000
      0.0000
      0.0000
      0.0000
      0.0000
      0.0000
      0.0000
      0.0000
      0.0000
      0.0000
      0.0000
      0.0000
      0.0001
      0.0001
      0.0000
      0.0000
      0.0000
      0.0000
      0.0000
      0.0000
      0.0000
      0.0000
      0.0000
      0.0000
      0.0000
      0.0000
      0.0000
      0.0000
      0.0000
      0.0000
      0.0002
      0.0010
      0.0014
      0.0005
      0.0000
      0.0000
      0.0000
      0.0000
      0.0044
      0.0022
      0.0003
      0.0000
      0.0000
      0.0000
      0.0000
      0.0000
      0.0000
      0.0000
      0.0000
      0.0003
      0.0025
      0.0043
      0.0019
      0.0002
      0.0000
      0.0000
      0.0000
      0.1425
      0.0713
      0.0089
      0.0003
      0.0000
      0.0000
      0.0000
      0.0000
      0.0000
      0.0000
      0.0000
      0.0002
      0.0015
      0.0033
      0.0018
      0.0002
      0.0001
      0.0005
      0.0011
      1.1433
      0.5717
      0.0713
      0.0022
      0.0000
      0.0000
      0.0000
      0.0000
      0.0000
      0.0000
      0.0000
      0.0000
      0.0002
      0.0006
      0.0005
      0.0004
      0.0091
      0.0729
      0.1457
      2.2866
      1.1433
      0.1425
      0.0044
      0.0000
      0.0000
      0.0000
      0.0000
      0.0000
      0.0000
      0.0000
      0.0000
      0.0000
      0.0007
      0.0032
      0.0131
      0.2961
      2.3631
      4.7255
      1.1433
      0.5717
      0.0713
      0.0022
      0.0000
      0.0000
      0.0000
      0.0001
      0.0000
      0.0000
      0.0000
      0.0000
      0.0002
      0.0053
      0.0311
      0.1173
      2.3796
     18.9539
     37.9038
      0.1425
      0.0713
      0.0089
      0.0003
      0.0000
      0.0004
      0.0032
      0.0060
      0.0029
      0.0003
      0.0000
      0.0000
      0.0004
      0.0110
      0.0753
      0.2712
      4.7789
     37.9096
     75.8073
      0.0044
      0.0022
      0.0003
      0.0000
      0.0004
      0.0095
      0.0628
      0.1052
      0.0441
      0.0046
      0.0001
      0.0000
      0.0002
      0.0057
      0.0456
      0.1617
      2.4065
     18.9572
     37.9037
      0.0000
      0.0000
      0.0000
      0.0008
      0.0080
      0.0622
      0.3120
      0.4562
      0.1689
      0.0156
      0.0004
      0.0000
      0.0000
      0.0007
      0.0069
      0.0248
      0.3036
      2.3640
      4.7255
      0.0000
      0.0000
      0.0006
      0.0152
      0.0968
      0.2157
      0.4319
      0.4986
      0.1617
      0.0132
      0.0003
      0.0000
      0.0000
      0.0000
      0.0003
      0.0010
      0.0097
      0.0738
      0.1475
      0.0000
      0.0000
      0.0033
      0.0701
      0.3735
      0.5191
      0.2889
      0.1691
      0.0509
      0.0044
      0.0001
      0.0000
      0.0000
      0.0000
      0.0000
      0.0005
      0.0150
      0.1201
      0.2402
      0.0000
      0.0001
      0.0044
      0.0812
      0.3716
      0.4632
      0.4660
      0.7427
      0.3927
      0.0525
      0.0017
      0.0000
      0.0000
      0.0000
      0.0001
      0.0149
      0.4832
      3.8762
      7.7524
      0.0000
      0.0000
      0.0015
      0.0236
      0.1011
      0.4034
      2.7253
      5.8189
      3.1301
      0.4200
      0.0139
      0.0001
      0.0000
      0.0000
      0.0009
      0.1195
      3.8762
     31.0917
     62.1835
      0.0000
      0.0000
      0.0002
      0.0035
      0.0293
      0.6357
      5.4081
     11.6350
      6.2600
      0.8400
      0.0279
      0.0002
      0.0000
      0.0000
      0.0018
      0.2391
      7.7524
     62.1835
    124.3670
