      0.5454
      0.5555
      0.5751
      0.5823
      0.5636
      0.5261
      0.4916
      0.4820
      0.5050
      0.5489
      0.5852
      0.5820
      0.5220
      0.4138
      0.2869
      0.1736
      0.0930
      0.0483
      0.0344
      0.5351
      0.5431
      0.5576
      0.5589
      0.5357
      0.4960
      0.4617
      0.4540
      0.4810
      0.5316
      0.5780
      0.5872
      0.5385
      0.4371
      0.3110
      0.1934
      0.1068
      0.0572
      0.0415
      0.5090
      0.5114
      0.5118
      0.4971
      0.4622
      0.4179
      0.3850
      0.3832
      0.4213
      0.4908
      0.5657
      0.6095
      0.5931
      0.5113
      0.3869
      0.2566
      0.1516
      0.0873
      0.0661
      0.4862
      0.4801
      0.4595
      0.4216
      0.3710
      0.3215
      0.2920
      0.2995
      0.3535
      0.4498
      0.5655
      0.6604
      0.6926
      0.6411
      0.5201
      0.3704
      0.2367
      0.1487
      0.1185
      0.5028
      0.4852
      0.4365
      0.3682
      0.2968
      0.2401
      0.2138
      0.2306
      0.3001
      0.4235
      0.5829
      0.7357
      0.8264
      0.8156
      0.7051
      0.5381
      0.3735
      0.2587
      0.2182
      0.6003
      0.5675
      0.4809
      0.3702
      0.2678
      0.1966
      0.1681
      0.1888
      0.2667
      0.4080
      0.6018
      0.8071
      0.9589
      1.0006
      0.9190
      0.7542
      0.5749
      0.4432
      0.3957
      0.7953
      0.7429
      0.6075
      0.4404
      0.2936
      0.1968
      0.1569
      0.1723
      0.2466
      0.3891
      0.5974
      0.8379
      1.0452
      1.1523
      1.1310
      1.0103
      0.8567
      0.7367
      0.6923
      1.0488
      0.9756
      0.7875
      0.5587
      0.3614
      0.2332
      0.1762
      0.1786
      0.2372
      0.3619
      0.5597
      0.8108
      1.0612
      1.2445
      1.3212
      1.3013
      1.2325
      1.1683
      1.1433
      1.2689
      1.1799
      0.9525
      0.6784
      0.4458
      0.2971
      0.2285
      0.2173
      0.2522
      0.3428
      0.5064
      0.7426
      1.0189
      1.2817
      1.4857
      1.6172
      1.6907
      1.7271
      1.7383
      1.3566
      1.2647
      1.0315
      0.7557
      0.5292
      0.3921
      0.3314
      0.3136
      0.3204
      0.3632
      0.4719
      0.6694
      0.9503
      1.2805
      1.6154
      1.9179
      2.1615
      2.3227
      2.3797
      1.2689
      1.1915
      0.9987
      0.7813
      0.6197
      0.5397
      0.5141
      0.4982
      0.4705
      0.4499
      0.4836
      0.6187
      0.8763
      1.2422
      1.6752
      2.1200
      2.5129
      2.7869
      2.8857
      1.0488
      1.0018
      0.8925
      0.7904
      0.7492
      0.7685
      0.7996
      0.7871
      0.7120
      0.6082
      0.5456
      0.5942
      0.7952
      1.1483
      1.6158
      2.1314
      2.6073
      2.9472
      3.0710
      0.7953
      0.7884
      0.7886
      0.8367
      0.9494
      1.0904
      1.1849
      1.1671
      1.0265
      0.8198
      0.6425
      0.5845
      0.6980
      0.9877
      1.4172
      1.9174
      2.3929
      2.7378
      2.8643
      0.6003
      0.6351
      0.7489
      0.9525
      1.2228
      1.4846
      1.6351
      1.5993
      1.3794
      1.0582
      0.7576
      0.5831
      0.5903
      0.7820
      1.1213
      1.5415
      1.9531
      2.2561
      2.3680
      0.5028
      0.5738
      0.7868
      1.1267
      1.5353
      1.9020
      2.0982
      2.0402
      1.7411
      1.3080
      0.8871
      0.5977
      0.4965
      0.5819
      0.8155
      1.1357
      1.4631
      1.7094
      1.8012
      0.4862
      0.5844
      0.8719
      1.3158
      1.8329
      2.2864
      2.5257
      2.4559
      2.0940
      1.5643
      1.0351
      0.6405
      0.4417
      0.4351
      0.5809
      0.8212
      1.0840
      1.2884
      1.3656
      0.5090
      0.6244
      0.9600
      1.4735
      2.0684
      2.5923
      2.8771
      2.8134
      2.4133
      1.8104
      1.1913
      0.7080
      0.4309
      0.3578
      0.4483
      0.6457
      0.8792
      1.0673
      1.1396
      0.5351
      0.6593
      1.0203
      1.5726
      2.2153
      2.7887
      3.1128
      3.0647
      2.6479
      1.9992
      1.3184
      0.7732
      0.4440
      0.3319
      0.3966
      0.5801
      0.8095
      0.9988
      1.0722
      0.5454
      0.6722
      1.0410
      1.6057
      2.2647
      2.8565
      3.1967
      3.1566
      2.7358
      2.0713
      1.3683
      0.8005
      0.4528
      0.3280
      0.3856
      0.5673
      0.7984
      0.9907
      1.0654
