      0.1800
      0.1888
      0.2050
      0.2080
      0.1869
      0.1502
      0.1170
      0.1010
      0.1063
      0.1287
      0.1557
      0.1690
      0.1554
      0.1181
      0.0733
      0.0371
      0.0154
      0.0057
      0.0032
      0.1758
      0.1835
      0.1969
      0.1970
      0.1745
      0.1387
      0.1076
      0.0945
      0.1039
      0.1333
      0.1712
      0.1972
      0.1929
      0.1562
      0.1037
      0.0561
      0.0249
      0.0096
      0.0054
      0.1666
      0.1708
      0.1759
      0.1681
      0.1429
      0.1105
      0.0864
      0.0822
      0.1047
      0.1571
      0.2318
      0.3019
      0.3302
      0.2969
      0.2173
      0.1288
      0.0619
      0.0256
      0.0148
      0.1735
      0.1707
      0.1598
      0.1378
      0.1083
      0.0817
      0.0693
      0.0798
      0.1242
      0.2174
      0.3606
      0.5166
      0.6132
      0.5927
      0.4630
      0.2913
      0.1483
      0.0650
      0.0392
      0.2582
      0.2403
      0.1946
      0.1399
      0.0948
      0.0708
      0.0709
      0.0979
      0.1674
      0.3106
      0.5453
      0.8258
      1.0322
      1.0469
      0.8560
      0.5637
      0.3015
      0.1410
      0.0897
      0.5257
      0.4753
      0.3531
      0.2209
      0.1285
      0.0902
      0.0953
      0.1326
      0.2173
      0.3972
      0.7130
      1.1199
      1.4562
      1.5363
      1.3079
      0.9003
      0.5097
      0.2599
      0.1781
      1.0654
      0.9562
      0.6936
      0.4145
      0.2226
      0.1399
      0.1329
      0.1660
      0.2447
      0.4253
      0.7686
      1.2445
      1.6783
      1.8405
      1.6355
      1.1877
      0.7285
      0.4233
      0.3215
      1.8262
      1.6367
      1.1812
      0.6968
      0.3600
      0.2035
      0.1656
      0.1794
      0.2319
      0.3742
      0.6743
      1.1241
      1.5751
      1.8049
      1.6930
      1.3283
      0.9235
      0.6461
      0.5525
      2.5372
      2.2734
      1.6388
      0.9623
      0.4869
      0.2552
      0.1812
      0.1707
      0.1906
      0.2755
      0.4856
      0.8322
      1.2199
      1.4810
      1.5041
      1.3312
      1.1090
      0.9566
      0.9068
      2.8324
      2.5382
      1.8304
      1.0759
      0.5440
      0.2810
      0.1900
      0.1645
      0.1582
      0.1888
      0.3024
      0.5232
      0.8111
      1.0716
      1.2278
      1.2861
      1.3113
      1.3421
      1.3592
      2.5372
      2.2754
      1.6472
      0.9818
      0.5202
      0.3003
      0.2292
      0.2044
      0.1783
      0.1613
      0.1932
      0.3071
      0.5029
      0.7452
      0.9953
      1.2423
      1.4856
      1.6859
      1.7665
      1.8262
      1.6432
      1.2087
      0.7622
      0.4758
      0.3670
      0.3505
      0.3349
      0.2818
      0.2107
      0.1693
      0.2004
      0.3231
      0.5334
      0.8172
      1.1588
      1.5215
      1.8185
      1.9359
      1.0654
      0.9717
      0.7601
      0.5734
      0.5068
      0.5469
      0.6047
      0.5940
      0.4910
      0.3403
      0.2146
      0.1690
      0.2264
      0.3887
      0.6505
      0.9972
      1.3809
      1.6984
      1.8239
      0.5257
      0.5055
      0.4827
      0.5318
      0.6878
      0.8995
      1.0522
      1.0432
      0.8587
      0.5830
      0.3346
      0.1922
      0.1771
      0.2835
      0.5062
      0.8363
      1.2251
      1.5570
      1.6897
      0.2582
      0.2896
      0.4082
      0.6592
      1.0468
      1.4819
      1.7911
      1.8114
      1.5139
      1.0372
      0.5839
      0.2880
      0.1788
      0.2391
      0.4661
      0.8640
      1.3762
      1.8338
      2.0204
      0.1735
      0.2402
      0.4663
      0.9051
      1.5658
      2.3270
      2.9155
      3.0373
      2.6016
      1.8167
      1.0308
      0.4881
      0.2480
      0.2854
      0.6066
      1.2391
      2.0985
      2.8870
      3.2119
      0.1666
      0.2573
      0.5680
      1.1872
      2.1606
      3.3449
      4.3338
      4.6362
      4.0533
      2.8745
      1.6474
      0.7773
      0.3749
      0.4110
      0.9073
      1.9216
      3.3230
      4.6190
      5.1548
      0.1758
      0.2813
      0.6503
      1.4124
      2.6586
      4.2341
      5.6085
      6.0991
      5.3959
      3.8593
      2.2248
      1.0520
      0.5032
      0.5475
      1.2213
      2.6097
      4.5354
      6.3195
      7.0579
      0.1800
      0.2905
      0.6809
      1.4988
      2.8561
      4.5944
      6.1315
      6.7037
      5.9530
      4.2689
      2.4654
      1.1669
      0.5579
      0.6067
      1.3560
      2.9020
      5.0477
      7.0363
      7.8594
