      0.4785
      0.4894
      0.5108
      0.5190
      0.4995
      0.4596
      0.4237
      0.4161
      0.4452
      0.4971
      0.5404
      0.5420
      0.4856
      0.3822
      0.2621
      0.1566
      0.0829
      0.0426
      0.0303
      0.4723
      0.4811
      0.4974
      0.4999
      0.4767
      0.4359
      0.4013
      0.3956
      0.4267
      0.4812
      0.5290
      0.5373
      0.4886
      0.3912
      0.2737
      0.1672
      0.0907
      0.0479
      0.0346
      0.4581
      0.4611
      0.4631
      0.4505
      0.4180
      0.3763
      0.3465
      0.3470
      0.3836
      0.4448
      0.5042
      0.5304
      0.5025
      0.4216
      0.3108
      0.2012
      0.1164
      0.0659
      0.0496
      0.4531
      0.4475
      0.4285
      0.3943
      0.3501
      0.3093
      0.2883
      0.2988
      0.3428
      0.4117
      0.4853
      0.5354
      0.5363
      0.4791
      0.3782
      0.2639
      0.1664
      0.1040
      0.0829
      0.4926
      0.4753
      0.4284
      0.3658
      0.3060
      0.2660
      0.2553
      0.2758
      0.3251
      0.3981
      0.4832
      0.5574
      0.5909
      0.5631
      0.4774
      0.3615
      0.2517
      0.1765
      0.1501
      0.6175
      0.5846
      0.4998
      0.3970
      0.3119
      0.2654
      0.2592
      0.2837
      0.3310
      0.4004
      0.4902
      0.5850
      0.6530
      0.6626
      0.6046
      0.5004
      0.3893
      0.3081
      0.2788
      0.8434
      0.7905
      0.6562
      0.4982
      0.3726
      0.3060
      0.2921
      0.3095
      0.3448
      0.4013
      0.4878
      0.5983
      0.7028
      0.7621
      0.7539
      0.6889
      0.6024
      0.5332
      0.5073
      1.1276
      1.0530
      0.8644
      0.6438
      0.4680
      0.3703
      0.3376
      0.3382
      0.3536
      0.3902
      0.4665
      0.5876
      0.7302
      0.8531
      0.9231
      0.9353
      0.9114
      0.8820
      0.8696
      1.3711
      1.2798
      1.0495
      0.7803
      0.5649
      0.4409
      0.3899
      0.3723
      0.3652
      0.3780
      0.4378
      0.5624
      0.7407
      0.9361
      1.1080
      1.2330
      1.3098
      1.3492
      1.3611
      1.4676
      1.3726
      1.1341
      0.8582
      0.6414
      0.5193
      0.4672
      0.4391
      0.4105
      0.3940
      0.4270
      0.5421
      0.7444
      1.0070
      1.2856
      1.5383
      1.7358
      1.8609
      1.9038
      1.3711
      1.2901
      1.0898
      0.8674
      0.7067
      0.6311
      0.6054
      0.5779
      0.5247
      0.4664
      0.4540
      0.5377
      0.7395
      1.0438
      1.4058
      1.7680
      2.0751
      2.2808
      2.3533
      1.1276
      1.0767
      0.9580
      0.8457
      0.7966
      0.8098
      0.8337
      0.8106
      0.7212
      0.6005
      0.5184
      0.5430
      0.7111
      1.0163
      1.4150
      1.8406
      2.2188
      2.4801
      2.5736
      0.8434
      0.8319
      0.8195
      0.8502
      0.9437
      1.0663
      1.1457
      1.1184
      0.9755
      0.7725
      0.6006
      0.5442
      0.6493
      0.9155
      1.3024
      1.7418
      2.1493
      2.4389
      2.5439
      0.6175
      0.6458
      0.7405
      0.9141
      1.1469
      1.3708
      1.4924
      1.4460
      1.2371
      0.9438
      0.6778
      0.5348
      0.5656
      0.7740
      1.1264
      1.5590
      1.9822
      2.2940
      2.4092
      0.4926
      0.5537
      0.7362
      1.0251
      1.3667
      1.6635
      1.8069
      1.7323
      1.4597
      1.0867
      0.7402
      0.5232
      0.4903
      0.6523
      0.9872
      1.4390
      1.9099
      2.2715
      2.4079
      0.4531
      0.5364
      0.7776
      1.1417
      1.5510
      1.8897
      2.0410
      1.9430
      1.6251
      1.1963
      0.7928
      0.5241
      0.4520
      0.5998
      0.9620
      1.4903
      2.0702
      2.5302
      2.7063
      0.4581
      0.5532
      0.8252
      1.2271
      1.6693
      2.0282
      2.1847
      2.0778
      1.7388
      1.2801
      0.8426
      0.5432
      0.4555
      0.6199
      1.0494
      1.7006
      2.4352
      3.0278
      3.2565
      0.4723
      0.5721
      0.8557
      1.2712
      1.7252
      2.0930
      2.2558
      2.1514
      1.8086
      1.3381
      0.8835
      0.5687
      0.4789
      0.6701
      1.1699
      1.9375
      2.8125
      3.5229
      3.7980
      0.4785
      0.5793
      0.8653
      1.2836
      1.7400
      2.1104
      2.2764
      2.1749
      1.8329
      1.3598
      0.8999
      0.5805
      0.4914
      0.6951
      1.2247
      2.0403
      2.9721
      3.7300
      4.0237
