      0.0961
      0.1025
      0.1167
      0.1289
      0.1353
      0.1408
      0.1524
      0.1741
      0.2082
      0.2527
      0.2926
      0.3010
      0.2620
      0.1877
      0.1093
      0.0517
      0.0202
      0.0073
      0.0042
      0.0982
      0.1036
      0.1151
      0.1240
      0.1270
      0.1296
      0.1386
      0.1583
      0.1914
      0.2369
      0.2809
      0.2971
      0.2668
      0.1982
      0.1203
      0.0596
      0.0244
      0.0091
      0.0052
      0.1146
      0.1159
      0.1173
      0.1144
      0.1075
      0.1027
      0.1063
      0.1223
      0.1542
      0.2037
      0.2610
      0.3003
      0.2951
      0.2413
      0.1623
      0.0893
      0.0404
      0.0162
      0.0094
      0.1949
      0.1844
      0.1571
      0.1233
      0.0942
      0.0775
      0.0761
      0.0903
      0.1237
      0.1825
      0.2634
      0.3412
      0.3760
      0.3432
      0.2562
      0.1558
      0.0778
      0.0345
      0.0215
      0.4746
      0.4311
      0.3247
      0.2072
      0.1201
      0.0759
      0.0665
      0.0807
      0.1180
      0.1893
      0.3013
      0.4301
      0.5186
      0.5137
      0.4140
      0.2718
      0.1487
      0.0752
      0.0522
      1.1872
      1.0662
      0.7735
      0.4576
      0.2307
      0.1175
      0.0852
      0.0949
      0.1323
      0.2113
      0.3501
      0.5297
      0.6779
      0.7118
      0.6096
      0.4314
      0.2646
      0.1613
      0.1284
      2.5358
      2.2719
      1.6351
      0.9504
      0.4596
      0.2107
      0.1269
      0.1194
      0.1470
      0.2199
      0.3656
      0.5748
      0.7723
      0.8566
      0.7860
      0.6166
      0.4488
      0.3454
      0.3134
      4.3967
      3.9373
      2.8291
      1.6374
      0.7808
      0.3390
      0.1772
      0.1399
      0.1482
      0.2004
      0.3273
      0.5323
      0.7553
      0.8997
      0.9137
      0.8380
      0.7595
      0.7247
      0.7191
      6.1232
      5.4832
      3.9388
      2.2781
      1.0822
      0.4610
      0.2255
      0.1592
      0.1463
      0.1700
      0.2601
      0.4349
      0.6638
      0.8787
      1.0335
      1.1487
      1.2717
      1.3957
      1.4512
      6.8384
      6.1241
      4.4017
      2.5519
      1.2246
      0.5405
      0.2849
      0.2098
      0.1798
      0.1701
      0.2137
      0.3474
      0.5758
      0.8692
      1.1991
      1.5676
      1.9691
      2.3164
      2.4585
      6.1232
      5.4861
      3.9525
      2.3155
      1.1602
      0.5909
      0.4004
      0.3470
      0.2987
      0.2406
      0.2232
      0.3068
      0.5270
      0.8863
      1.3730
      1.9744
      2.6354
      3.1917
      3.4147
      4.3967
      3.9452
      2.8659
      1.7375
      0.9862
      0.6756
      0.6219
      0.6094
      0.5277
      0.3920
      0.2877
      0.3021
      0.4885
      0.8641
      1.4240
      2.1439
      2.9366
      3.5962
      3.8584
      2.5358
      2.2879
      1.7093
      1.1480
      0.8568
      0.8474
      0.9503
      0.9728
      0.8331
      0.5912
      0.3776
      0.3023
      0.4198
      0.7424
      1.2621
      1.9480
      2.7054
      3.3319
      3.5797
      1.1872
      1.0928
      0.8951
      0.7746
      0.8532
      1.0936
      1.3226
      1.3571
      1.1428
      0.7869
      0.4623
      0.2933
      0.3224
      0.5470
      0.9542
      1.5167
      2.1501
      2.6775
      2.8863
      0.4746
      0.4682
      0.4926
      0.6384
      0.9530
      1.3628
      1.6788
      1.7138
      1.4296
      0.9706
      0.5459
      0.2908
      0.2370
      0.3702
      0.6823
      1.1632
      1.7409
      2.2387
      2.4386
      0.1949
      0.2294
      0.3601
      0.6434
      1.0982
      1.6320
      2.0338
      2.0908
      1.7570
      1.2004
      0.6694
      0.3252
      0.2028
      0.2891
      0.5967
      1.1457
      1.8627
      2.5082
      2.7722
      0.1146
      0.1651
      0.3410
      0.6954
      1.2491
      1.9059
      2.4260
      2.5449
      2.1809
      1.5172
      0.8561
      0.4067
      0.2247
      0.3102
      0.7077
      1.4749
      2.5193
      3.4794
      3.8755
      0.0982
      0.1542
      0.3483
      0.7423
      1.3711
      2.1422
      2.7863
      2.9804
      2.5986
      1.8353
      1.0481
      0.4991
      0.2696
      0.3745
      0.8885
      1.9014
      3.2963
      4.5861
      5.1194
      0.0961
      0.1533
      0.3525
      0.7605
      1.4196
      2.2400
      2.9392
      3.1677
      2.7795
      1.9736
      1.1318
      0.5403
      0.2916
      0.4071
      0.9738
      2.0945
      3.6408
      5.0722
      5.6644
