      0.0604
      0.0796
      0.1191
      0.1397
      0.1203
      0.0795
      0.0480
      0.0350
      0.0355
      0.0469
      0.0638
      0.0716
      0.0596
      0.0357
      0.0152
      0.0046
      0.0010
      0.0002
      0.0000
      0.0638
      0.0818
      0.1174
      0.1329
      0.1108
      0.0710
      0.0415
      0.0298
      0.0306
      0.0420
      0.0602
      0.0714
      0.0637
      0.0414
      0.0196
      0.0067
      0.0017
      0.0003
      0.0001
      0.0660
      0.0800
      0.1047
      0.1091
      0.0843
      0.0500
      0.0270
      0.0186
      0.0207
      0.0340
      0.0590
      0.0849
      0.0925
      0.0744
      0.0437
      0.0186
      0.0057
      0.0013
      0.0004
      0.0609
      0.0679
      0.0776
      0.0722
      0.0505
      0.0273
      0.0136
      0.0099
      0.0151
      0.0365
      0.0848
      0.1530
      0.2019
      0.1916
      0.1300
      0.0627
      0.0215
      0.0053
      0.0018
      0.0836
      0.0786
      0.0646
      0.0449
      0.0256
      0.0125
      0.0071
      0.0080
      0.0182
      0.0562
      0.1529
      0.3101
      0.4502
      0.4644
      0.3398
      0.1762
      0.0650
      0.0180
      0.0072
      0.2622
      0.2234
      0.1389
      0.0642
      0.0235
      0.0093
      0.0080
      0.0122
      0.0264
      0.0813
      0.2342
      0.5057
      0.7799
      0.8529
      0.6614
      0.3651
      0.1472
      0.0501
      0.0272
      0.8459
      0.7122
      0.4249
      0.1800
      0.0560
      0.0176
      0.0136
      0.0183
      0.0316
      0.0887
      0.2636
      0.5997
      0.9763
      1.1284
      0.9297
      0.5578
      0.2683
      0.1408
      0.1131
      2.0075
      1.6885
      1.0043
      0.4224
      0.1281
      0.0349
      0.0197
      0.0214
      0.0288
      0.0702
      0.2123
      0.5086
      0.8766
      1.0801
      0.9701
      0.6870
      0.4851
      0.4420
      0.4528
      3.3752
      2.8388
      1.6880
      0.7094
      0.2137
      0.0543
      0.0242
      0.0219
      0.0228
      0.0421
      0.1240
      0.3140
      0.5835
      0.7962
      0.8519
      0.8556
      1.0062
      1.2909
      1.4428
      4.0130
      3.3752
      2.0072
      0.8443
      0.2567
      0.0701
      0.0378
      0.0362
      0.0316
      0.0306
      0.0605
      0.1566
      0.3327
      0.5579
      0.8230
      1.2573
      2.0256
      2.9352
      3.3640
      3.3752
      2.8391
      1.6902
      0.7176
      0.2368
      0.1034
      0.1021
      0.1118
      0.0935
      0.0601
      0.0462
      0.0880
      0.2227
      0.4868
      0.9518
      1.8110
      3.2412
      4.8565
      5.6046
      2.0075
      1.6904
      1.0152
      0.4599
      0.2240
      0.2223
      0.2966
      0.3235
      0.2597
      0.1519
      0.0744
      0.0737
      0.1860
      0.4673
      1.0228
      2.0748
      3.8059
      5.7436
      6.6382
      0.8459
      0.7195
      0.4647
      0.3042
      0.3395
      0.5162
      0.6889
      0.7075
      0.5387
      0.2991
      0.1260
      0.0719
      0.1434
      0.3728
      0.8476
      1.7477
      3.2136
      4.8452
      5.5972
      0.2622
      0.2442
      0.2463
      0.3736
      0.6621
      1.0194
      1.2539
      1.1962
      0.8618
      0.4581
      0.1797
      0.0690
      0.0869
      0.2211
      0.5161
      1.0788
      1.9880
      2.9941
      3.4567
      0.0836
      0.1208
      0.2773
      0.6284
      1.1539
      1.6772
      1.9436
      1.7805
      1.2567
      0.6634
      0.2570
      0.0788
      0.0464
      0.1014
      0.2567
      0.5844
      1.1373
      1.7558
      2.0406
      0.0609
      0.1298
      0.3871
      0.9119
      1.6669
      2.4456
      2.9314
      2.8234
      2.1042
      1.1699
      0.4731
      0.1391
      0.0408
      0.0586
      0.1997
      0.5902
      1.3276
      2.1829
      2.5802
      0.0660
      0.1466
      0.4437
      1.0655
      2.0674
      3.3566
      4.5126
      4.7945
      3.8388
      2.2435
      0.9397
      0.2802
      0.0694
      0.0799
      0.3336
      1.1105
      2.6302
      4.4129
      5.2435
      0.0638
      0.1393
      0.4239
      1.0748
      2.3196
      4.2665
      6.3469
      7.1968
      5.9835
      3.5735
      1.5165
      0.4556
      0.1114
      0.1254
      0.5398
      1.8232
      4.3443
      7.3056
      8.6859
      0.0604
      0.1307
      0.4008
      1.0543
      2.4100
      4.6779
      7.2125
      8.3415
      7.0062
      4.2066
      1.7904
      0.5388
      0.1317
      0.1482
      0.6398
      2.1635
      5.1577
      8.6753
     10.3149
