      0.0017
      0.0040
      0.0099
      0.0134
      0.0099
      0.0040
      0.0010
      0.0004
      0.0010
      0.0039
      0.0096
      0.0129
      0.0094
      0.0037
      0.0008
      0.0001
      0.0000
      0.0000
      0.0000
      0.0024
      0.0051
      0.0114
      0.0141
      0.0095
      0.0035
      0.0008
      0.0003
      0.0008
      0.0032
      0.0085
      0.0123
      0.0097
      0.0042
      0.0010
      0.0001
      0.0000
      0.0000
      0.0000
      0.0031
      0.0060
      0.0113
      0.0121
      0.0071
      0.0023
      0.0004
      0.0001
      0.0004
      0.0018
      0.0055
      0.0095
      0.0092
      0.0050
      0.0016
      0.0003
      0.0000
      0.0000
      0.0000
      0.0025
      0.0041
      0.0067
      0.0062
      0.0032
      0.0009
      0.0001
      0.0000
      0.0001
      0.0009
      0.0038
      0.0100
      0.0152
      0.0132
      0.0065
      0.0017
      0.0003
      0.0000
      0.0000
      0.0046
      0.0041
      0.0032
      0.0020
      0.0008
      0.0002
      0.0000
      0.0000
      0.0001
      0.0013
      0.0083
      0.0299
      0.0587
      0.0624
      0.0359
      0.0112
      0.0019
      0.0002
      0.0000
      0.0602
      0.0444
      0.0179
      0.0040
      0.0005
      0.0001
      0.0001
      0.0002
      0.0003
      0.0025
      0.0183
      0.0736
      0.1600
      0.1878
      0.1191
      0.0407
      0.0075
      0.0008
      0.0002
      0.5265
      0.3870
      0.1535
      0.0327
      0.0037
      0.0003
      0.0003
      0.0004
      0.0005
      0.0029
      0.0227
      0.1005
      0.2394
      0.3080
      0.2142
      0.0808
      0.0175
      0.0044
      0.0037
      2.4695
      1.8150
      0.7197
      0.1534
      0.0175
      0.0012
      0.0004
      0.0006
      0.0005
      0.0019
      0.0153
      0.0743
      0.1945
      0.2756
      0.2134
      0.0953
      0.0401
      0.0455
      0.0570
      6.2278
      4.5772
      1.8150
      0.3869
      0.0441
      0.0029
      0.0005
      0.0006
      0.0004
      0.0007
      0.0057
      0.0306
      0.0913
      0.1548
      0.1605
      0.1352
      0.1933
      0.3768
      0.4948
      8.4737
      6.2278
      2.4695
      0.5265
      0.0602
      0.0046
      0.0028
      0.0039
      0.0031
      0.0014
      0.0017
      0.0106
      0.0496
      0.1480
      0.2837
      0.4335
      0.8560
      1.7524
      2.3119
      6.2278
      4.5772
      1.8150
      0.3872
      0.0468
      0.0154
      0.0330
      0.0461
      0.0350
      0.0144
      0.0039
      0.0104
      0.0736
      0.2963
      0.6840
      1.1336
      2.1998
      4.4254
      5.8238
      2.4695
      1.8150
      0.7200
      0.1565
      0.0398
      0.0972
      0.2323
      0.3069
      0.2201
      0.0853
      0.0185
      0.0133
      0.0921
      0.4033
      0.9948
      1.6855
      3.1167
      6.0660
      7.9347
      0.5265
      0.3872
      0.1561
      0.0525
      0.1131
      0.4043
      0.8901
      1.0992
      0.7428
      0.2719
      0.0540
      0.0130
      0.0645
      0.3012
      0.7903
      1.3745
      2.4223
      4.5185
      5.8561
      0.0602
      0.0459
      0.0335
      0.0926
      0.3470
      0.9936
      1.8952
      2.1456
      1.3580
      0.4688
      0.0874
      0.0113
      0.0246
      0.1216
      0.3400
      0.6115
      1.0352
      1.8412
      2.3574
      0.0046
      0.0099
      0.0594
      0.2665
      0.7644
      1.5729
      2.3857
      2.3826
      1.4004
      0.4579
      0.0814
      0.0082
      0.0053
      0.0265
      0.0809
      0.1655
      0.3268
      0.6227
      0.8066
      0.0025
      0.0164
      0.1202
      0.4877
      1.1596
      1.8440
      2.2586
      2.0692
      1.2208
      0.4187
      0.0800
      0.0084
      0.0010
      0.0042
      0.0285
      0.1837
      0.8025
      1.9956
      2.7093
      0.0031
      0.0201
      0.1372
      0.5202
      1.1913
      2.0346
      3.0760
      3.5376
      2.5006
      0.9918
      0.2144
      0.0249
      0.0017
      0.0056
      0.0887
      0.7738
      3.6258
      9.1417
     12.4379
      0.0024
      0.0141
      0.0910
      0.3466
      0.9792
      2.6310
      5.7154
      7.6869
      5.7726
      2.3569
      0.5185
      0.0610
      0.0042
      0.0135
      0.2220
      1.9483
      9.1388
     23.0468
     31.3580
      0.0017
      0.0095
      0.0591
      0.2401
      0.8823
      3.0895
      7.4551
     10.3149
      7.8061
      3.1957
      0.7039
      0.0829
      0.0058
      0.0184
      0.3020
      2.6508
     12.4343
     31.3579
     42.6662
