      0.1609
      0.1712
      0.1909
      0.1971
      0.1772
      0.1402
      0.1079
      0.0993
      0.1215
      0.1677
      0.2156
      0.2362
      0.2132
      0.1566
      0.0932
      0.0451
      0.0182
      0.0069
      0.0041
      0.1613
      0.1701
      0.1859
      0.1882
      0.1664
      0.1298
      0.0993
      0.0920
      0.1152
      0.1632
      0.2161
      0.2449
      0.2300
      0.1769
      0.1109
      0.0568
      0.0241
      0.0093
      0.0054
      0.1723
      0.1756
      0.1785
      0.1679
      0.1399
      0.1049
      0.0796
      0.0773
      0.1044
      0.1602
      0.2308
      0.2868
      0.2975
      0.2542
      0.1775
      0.1011
      0.0471
      0.0193
      0.0112
      0.2455
      0.2350
      0.2056
      0.1632
      0.1180
      0.0819
      0.0640
      0.0702
      0.1063
      0.1791
      0.2844
      0.3915
      0.4494
      0.4227
      0.3230
      0.1998
      0.1004
      0.0438
      0.0264
      0.5252
      0.4794
      0.3661
      0.2377
      0.1381
      0.0830
      0.0675
      0.0823
      0.1295
      0.2252
      0.3788
      0.5588
      0.6872
      0.6895
      0.5597
      0.3669
      0.1961
      0.0921
      0.0590
      1.2617
      1.1343
      0.8255
      0.4912
      0.2501
      0.1297
      0.0970
      0.1121
      0.1641
      0.2757
      0.4720
      0.7262
      0.9364
      0.9850
      0.8387
      0.5793
      0.3307
      0.1715
      0.1193
      2.6711
      2.3936
      1.7240
      1.0043
      0.4895
      0.2306
      0.1470
      0.1457
      0.1878
      0.2941
      0.5030
      0.7988
      1.0730
      1.1799
      1.0560
      0.7765
      0.4863
      0.2915
      0.2260
      4.6233
      4.1406
      2.9760
      1.7247
      0.8270
      0.3668
      0.2013
      0.1672
      0.1856
      0.2644
      0.4457
      0.7292
      1.0240
      1.1869
      1.1342
      0.9137
      0.6572
      0.4757
      0.4132
      6.4369
      5.7643
      4.1415
      2.3970
      1.1420
      0.4911
      0.2451
      0.1767
      0.1681
      0.2087
      0.3357
      0.5638
      0.8371
      1.0441
      1.0987
      1.0102
      0.8669
      0.7560
      0.7169
      7.1884
      6.4377
      4.6272
      2.6823
      1.2848
      0.5610
      0.2861
      0.2029
      0.1733
      0.1743
      0.2393
      0.3972
      0.6305
      0.8702
      1.0405
      1.1151
      1.1267
      1.1210
      1.1183
      6.4369
      5.7671
      4.1540
      2.4290
      1.2037
      0.5869
      0.3659
      0.2968
      0.2485
      0.2034
      0.2029
      0.2921
      0.4831
      0.7413
      1.0030
      1.2172
      1.3689
      1.4621
      1.4947
      4.6233
      4.1488
      3.0127
      1.8176
      1.0045
      0.6391
      0.5400
      0.5019
      0.4221
      0.3098
      0.2307
      0.2484
      0.3907
      0.6398
      0.9408
      1.2305
      1.4652
      1.6198
      1.6746
      2.6711
      2.4118
      1.8043
      1.2045
      0.8649
      0.7953
      0.8369
      0.8215
      0.6840
      0.4759
      0.2999
      0.2363
      0.3149
      0.5195
      0.8018
      1.1009
      1.3628
      1.5441
      1.6097
      1.2617
      1.1671
      0.9686
      0.8419
      0.8951
      1.0825
      1.2446
      1.2312
      1.0110
      0.6838
      0.3948
      0.2402
      0.2436
      0.3836
      0.6221
      0.9144
      1.2066
      1.4300
      1.5150
      0.5252
      0.5288
      0.5804
      0.7591
      1.0906
      1.4839
      1.7557
      1.7438
      1.4311
      0.9634
      0.5374
      0.2757
      0.2001
      0.2869
      0.5168
      0.8740
      1.3013
      1.6681
      1.8152
      0.2455
      0.2987
      0.4836
      0.8462
      1.3834
      1.9768
      2.3977
      2.4284
      2.0297
      1.3882
      0.7760
      0.3714
      0.2120
      0.2798
      0.5854
      1.1519
      1.9039
      2.5863
      2.8663
      0.1723
      0.2482
      0.5009
      0.9812
      1.6957
      2.5156
      3.1501
      3.2820
      2.8118
      1.9633
      1.1131
      0.5272
      0.2774
      0.3590
      0.8190
      1.7243
      2.9647
      4.1084
      4.5807
      0.1613
      0.2464
      0.5320
      1.0868
      1.9422
      2.9699
      3.8186
      4.0668
      3.5460
      2.5105
      1.4379
      0.6834
      0.3553
      0.4620
      1.0825
      2.3198
      4.0278
      5.6086
      6.2625
      0.1609
      0.2483
      0.5439
      1.1257
      2.0375
      3.1525
      4.0938
      4.3942
      3.8544
      2.7413
      1.5754
      0.7502
      0.3899
      0.5087
      1.1979
      2.5752
      4.4789
      6.2419
      6.9715
