      0.2853
      0.3081
      0.3532
      0.3729
      0.3402
      0.2708
      0.2040
      0.1705
      0.1790
      0.2193
      0.2648
      0.2818
      0.2509
      0.1830
      0.1083
      0.0519
      0.0203
      0.0070
      0.0037
      0.2822
      0.3022
      0.3405
      0.3533
      0.3175
      0.2493
      0.1860
      0.1555
      0.1664
      0.2101
      0.2624
      0.2895
      0.2685
      0.2050
      0.1278
      0.0648
      0.0270
      0.0098
      0.0053
      0.2719
      0.2843
      0.3045
      0.3003
      0.2580
      0.1951
      0.1421
      0.1209
      0.1394
      0.1949
      0.2699
      0.3300
      0.3396
      0.2884
      0.2005
      0.1135
      0.0525
      0.0210
      0.0120
      0.2698
      0.2704
      0.2636
      0.2357
      0.1865
      0.1329
      0.0955
      0.0881
      0.1199
      0.1979
      0.3154
      0.4356
      0.5003
      0.4701
      0.3587
      0.2217
      0.1116
      0.0490
      0.0299
      0.3427
      0.3237
      0.2725
      0.2043
      0.1380
      0.0893
      0.0661
      0.0728
      0.1201
      0.2277
      0.4031
      0.6078
      0.7534
      0.7581
      0.6166
      0.4061
      0.2198
      0.1066
      0.0706
      0.6134
      0.5573
      0.4192
      0.2645
      0.1461
      0.0813
      0.0611
      0.0753
      0.1323
      0.2630
      0.4913
      0.7819
      1.0205
      1.0796
      0.9252
      0.6476
      0.3817
      0.2121
      0.1567
      1.1879
      1.0668
      0.7737
      0.4567
      0.2277
      0.1113
      0.0753
      0.0851
      0.1388
      0.2706
      0.5180
      0.8577
      1.1699
      1.2989
      1.1792
      0.8937
      0.5974
      0.4007
      0.3352
      2.0126
      1.8032
      1.2979
      0.7549
      0.3655
      0.1670
      0.0987
      0.0938
      0.1307
      0.2375
      0.4573
      0.7854
      1.1245
      1.3257
      1.3044
      1.1138
      0.8898
      0.7371
      0.6866
      2.7886
      2.4976
      1.7961
      1.0431
      0.5041
      0.2285
      0.1292
      0.1083
      0.1228
      0.1883
      0.3467
      0.6139
      0.9352
      1.2016
      1.3317
      1.3392
      1.3041
      1.2848
      1.2821
      3.1114
      2.7877
      2.0081
      1.1748
      0.5842
      0.2894
      0.1875
      0.1613
      0.1531
      0.1700
      0.2546
      0.4428
      0.7262
      1.0482
      1.3471
      1.6029
      1.8260
      1.9997
      2.0686
      2.7886
      2.5021
      1.8159
      1.0937
      0.6020
      0.3815
      0.3240
      0.3065
      0.2691
      0.2246
      0.2283
      0.3368
      0.5768
      0.9335
      1.3665
      1.8352
      2.2915
      2.6462
      2.7834
      2.0126
      1.8163
      1.3554
      0.8976
      0.6333
      0.5723
      0.5996
      0.5921
      0.5013
      0.3663
      0.2714
      0.2942
      0.4777
      0.8251
      1.3080
      1.8767
      2.4511
      2.9001
      3.0732
      1.1879
      1.0963
      0.9006
      0.7630
      0.7828
      0.9211
      1.0424
      1.0228
      0.8388
      0.5754
      0.3586
      0.2824
      0.3864
      0.6690
      1.1027
      1.6375
      2.1887
      2.6219
      2.7889
      0.6134
      0.6114
      0.6485
      0.8050
      1.0978
      1.4282
      1.6256
      1.5622
      1.2486
      0.8272
      0.4704
      0.2843
      0.2925
      0.4749
      0.7990
      1.2218
      1.6708
      2.0290
      2.1680
      0.3427
      0.4055
      0.6170
      1.0068
      1.5317
      2.0359
      2.3054
      2.1964
      1.7437
      1.1454
      0.6277
      0.3171
      0.2242
      0.3082
      0.5317
      0.8635
      1.2444
      1.5626
      1.6885
      0.2698
      0.3740
      0.7015
      1.2613
      1.9824
      2.6725
      3.0668
      2.9696
      2.4006
      1.6036
      0.8814
      0.4124
      0.2124
      0.2248
      0.4091
      0.7471
      1.1811
      1.5667
      1.7234
      0.2719
      0.3978
      0.7908
      1.4646
      2.3573
      3.2678
      3.8712
      3.8720
      3.2256
      2.2111
      1.2371
      0.5715
      0.2568
      0.2262
      0.4367
      0.8807
      1.4879
      2.0446
      2.2740
      0.2822
      0.4160
      0.8370
      1.5764
      2.6010
      3.7174
      4.5447
      4.6767
      3.9892
      2.7860
      1.5802
      0.7330
      0.3193
      0.2662
      0.5278
      1.1037
      1.9057
      2.6479
      2.9548
      0.2853
      0.4204
      0.8482
      1.6092
      2.6854
      3.8891
      4.8155
      5.0090
      4.3087
      3.0283
      1.7255
      0.8023
      0.3482
      0.2879
      0.5742
      1.2093
      2.0967
      2.9192
      3.2595
