      0.0292
      0.0381
      0.0564
      0.0660
      0.0572
      0.0390
      0.0263
      0.0259
      0.0412
      0.0756
      0.1178
      0.1370
      0.1145
      0.0680
      0.0286
      0.0085
      0.0018
      0.0003
      0.0001
      0.0309
      0.0392
      0.0558
      0.0630
      0.0528
      0.0349
      0.0228
      0.0220
      0.0355
      0.0670
      0.1078
      0.1303
      0.1141
      0.0719
      0.0325
      0.0105
      0.0025
      0.0004
      0.0001
      0.0330
      0.0394
      0.0507
      0.0524
      0.0406
      0.0247
      0.0148
      0.0139
      0.0238
      0.0497
      0.0896
      0.1236
      0.1261
      0.0943
      0.0516
      0.0205
      0.0059
      0.0013
      0.0004
      0.0419
      0.0433
      0.0438
      0.0377
      0.0255
      0.0139
      0.0079
      0.0080
      0.0163
      0.0415
      0.0925
      0.1582
      0.1991
      0.1818
      0.1195
      0.0563
      0.0189
      0.0046
      0.0015
      0.1265
      0.1105
      0.0746
      0.0402
      0.0183
      0.0082
      0.0058
      0.0082
      0.0182
      0.0522
      0.1368
      0.2717
      0.3894
      0.3980
      0.2891
      0.1490
      0.0546
      0.0148
      0.0057
      0.5420
      0.4574
      0.2751
      0.1186
      0.0380
      0.0123
      0.0099
      0.0144
      0.0267
      0.0719
      0.1992
      0.4260
      0.6549
      0.7149
      0.5535
      0.3046
      0.1212
      0.0391
      0.0196
      1.8156
      1.5274
      0.9089
      0.3826
      0.1160
      0.0315
      0.0188
      0.0228
      0.0333
      0.0788
      0.2225
      0.5021
      0.8167
      0.9445
      0.7778
      0.4631
      0.2139
      0.1000
      0.0737
      4.3237
      3.6365
      2.1623
      0.9083
      0.2724
      0.0674
      0.0290
      0.0278
      0.0323
      0.0637
      0.1801
      0.4286
      0.7414
      0.9189
      0.8271
      0.5720
      0.3657
      0.2902
      0.2820
      7.2718
      6.1159
      3.6364
      1.5270
      0.4565
      0.1085
      0.0389
      0.0315
      0.0295
      0.0418
      0.1091
      0.2756
      0.5232
      0.7328
      0.7886
      0.7354
      0.7325
      0.8288
      0.8935
      8.6461
      7.2718
      4.3240
      1.8173
      0.5482
      0.1418
      0.0682
      0.0640
      0.0549
      0.0440
      0.0650
      0.1626
      0.3652
      0.6389
      0.9025
      1.1502
      1.4879
      1.8984
      2.1003
      7.2718
      6.1162
      3.6390
      1.5389
      0.4951
      0.1985
      0.1899
      0.2118
      0.1794
      0.1131
      0.0753
      0.1285
      0.3321
      0.7089
      1.1988
      1.7558
      2.4483
      3.1947
      3.5457
      4.3237
      3.6381
      2.1733
      0.9543
      0.4125
      0.3787
      0.5291
      0.6027
      0.4960
      0.2932
      0.1418
      0.1341
      0.3278
      0.7595
      1.3780
      2.1060
      2.9703
      3.8582
      4.2682
      1.8156
      1.5326
      0.9417
      0.5078
      0.4669
      0.7626
      1.1351
      1.2540
      0.9955
      0.5648
      0.2405
      0.1373
      0.2651
      0.6287
      1.1831
      1.8446
      2.5983
      3.3403
      3.6772
      0.5420
      0.4701
      0.3493
      0.3747
      0.6896
      1.2674
      1.8164
      1.9198
      1.4680
      0.8042
      0.3201
      0.1261
      0.1615
      0.3777
      0.7368
      1.1838
      1.6917
      2.1785
      2.3959
      0.1265
      0.1340
      0.2039
      0.4491
      0.9683
      1.7048
      2.3192
      2.3633
      1.7644
      0.9509
      0.3686
      0.1156
      0.0795
      0.1708
      0.3679
      0.6826
      1.1245
      1.5853
      1.7940
      0.0419
      0.0760
      0.2184
      0.5672
      1.2082
      2.0782
      2.8164
      2.9091
      2.2256
      1.2368
      0.4936
      0.1444
      0.0499
      0.0868
      0.2719
      0.7506
      1.6320
      2.6462
      3.1163
      0.0330
      0.0743
      0.2392
      0.6416
      1.4287
      2.6230
      3.8158
      4.2069
      3.4062
      1.9883
      0.8278
      0.2458
      0.0662
      0.1029
      0.4376
      1.4457
      3.4125
      5.7176
      6.7914
      0.0309
      0.0702
      0.2329
      0.6690
      1.6446
      3.3232
      5.1979
      6.0210
      5.0416
      3.0143
      1.2779
      0.3840
      0.1012
      0.1575
      0.7041
      2.3785
      5.6657
      9.5266
     11.3261
      0.0292
      0.0664
      0.2246
      0.6745
      1.7458
      3.6728
      5.8922
      6.9270
      5.8519
      3.5187
      1.4976
      0.4513
      0.1190
      0.1857
      0.8341
      2.8228
      6.7292
     11.3182
     13.4573
