      0.0419
      0.0551
      0.0823
      0.0966
      0.0838
      0.0571
      0.0376
      0.0331
      0.0438
      0.0715
      0.1066
      0.1225
      0.1021
      0.0607
      0.0256
      0.0076
      0.0016
      0.0002
      0.0001
      0.0444
      0.0568
      0.0813
      0.0920
      0.0773
      0.0510
      0.0325
      0.0281
      0.0377
      0.0633
      0.0978
      0.1170
      0.1025
      0.0647
      0.0294
      0.0096
      0.0022
      0.0004
      0.0001
      0.0472
      0.0566
      0.0734
      0.0762
      0.0591
      0.0359
      0.0210
      0.0175
      0.0249
      0.0469
      0.0824
      0.1135
      0.1165
      0.0879
      0.0485
      0.0195
      0.0057
      0.0012
      0.0004
      0.0555
      0.0583
      0.0608
      0.0533
      0.0364
      0.0198
      0.0105
      0.0090
      0.0159
      0.0393
      0.0879
      0.1515
      0.1920
      0.1764
      0.1166
      0.0551
      0.0186
      0.0046
      0.0016
      0.1484
      0.1307
      0.0904
      0.0506
      0.0237
      0.0101
      0.0056
      0.0065
      0.0158
      0.0494
      0.1332
      0.2667
      0.3835
      0.3927
      0.2856
      0.1474
      0.0542
      0.0150
      0.0060
      0.6181
      0.5220
      0.3147
      0.1363
      0.0435
      0.0122
      0.0067
      0.0092
      0.0211
      0.0672
      0.1950
      0.4208
      0.6481
      0.7079
      0.5485
      0.3027
      0.1222
      0.0419
      0.0230
      2.0647
      1.7371
      1.0338
      0.4349
      0.1303
      0.0312
      0.0125
      0.0137
      0.0246
      0.0724
      0.2177
      0.4964
      0.8088
      0.9359
      0.7726
      0.4651
      0.2254
      0.1202
      0.0976
      4.9159
      4.1346
      2.4583
      1.0319
      0.3069
      0.0696
      0.0209
      0.0167
      0.0226
      0.0573
      0.1758
      0.4233
      0.7333
      0.9099
      0.8256
      0.5925
      0.4233
      0.3871
      0.3965
      8.2677
      6.9535
      4.1342
      1.7351
      0.5155
      0.1154
      0.0315
      0.0212
      0.0212
      0.0368
      0.1058
      0.2705
      0.5133
      0.7211
      0.7952
      0.8056
      0.9218
      1.1512
      1.2761
      9.8303
      8.2677
      4.9158
      2.0647
      0.6186
      0.1507
      0.0605
      0.0531
      0.0460
      0.0387
      0.0612
      0.1557
      0.3489
      0.6167
      0.9154
      1.3044
      1.9217
      2.6516
      2.9997
      8.2677
      6.9539
      4.1369
      1.7468
      0.5523
      0.2000
      0.1720
      0.1880
      0.1590
      0.1006
      0.0681
      0.1180
      0.3067
      0.6700
      1.2089
      1.9918
      3.1501
      4.4377
      5.0379
      4.9159
      4.1364
      2.4701
      1.0783
      0.4421
      0.3614
      0.4821
      0.5422
      0.4440
      0.2619
      0.1268
      0.1206
      0.2979
      0.7101
      1.3772
      2.3617
      3.7742
      5.3085
      6.0178
      2.0647
      1.7433
      1.0713
      0.5681
      0.4811
      0.7299
      1.0499
      1.1400
      0.8968
      0.5065
      0.2152
      0.1229
      0.2397
      0.5848
      1.1724
      2.0388
      3.2457
      4.5296
      5.1187
      0.6181
      0.5383
      0.4055
      0.4275
      0.7311
      1.2580
      1.7254
      1.7760
      1.3382
      0.7276
      0.2885
      0.1133
      0.1458
      0.3496
      0.7211
      1.2740
      2.0277
      2.8131
      3.1702
      0.1484
      0.1623
      0.2571
      0.5449
      1.0876
      1.7782
      2.2881
      2.2510
      1.6482
      0.8799
      0.3398
      0.1061
      0.0716
      0.1543
      0.3383
      0.6446
      1.0888
      1.5584
      1.7717
      0.0555
      0.1033
      0.2925
      0.7162
      1.4103
      2.2467
      2.8732
      2.8650
      2.1533
      1.1881
      0.4733
      0.1382
      0.0449
      0.0670
      0.1911
      0.4953
      1.0409
      1.6628
      1.9504
      0.0472
      0.1044
      0.3222
      0.8066
      1.6528
      2.8208
      3.9110
      4.2038
      3.3654
      1.9563
      0.8137
      0.2411
      0.0595
      0.0635
      0.2501
      0.8137
      1.9094
      3.1918
      3.7890
      0.0444
      0.0981
      0.3066
      0.8101
      1.8297
      3.4810
      5.2694
      6.0129
      5.0038
      2.9849
      1.2645
      0.3791
      0.0910
      0.0924
      0.3896
      1.3124
      3.1244
      5.2523
      6.2441
      0.0419
      0.0920
      0.2906
      0.7978
      1.9029
      3.8006
      5.9419
      6.9079
      5.8097
      3.4876
      1.4835
      0.4459
      0.1070
      0.1084
      0.4602
      1.5550
      3.7064
      6.2338
      7.4118
