      0.5129
      0.5264
      0.5555
      0.5759
      0.5699
      0.5360
      0.4835
      0.4216
      0.3552
      0.2883
      0.2260
      0.1723
      0.1282
      0.0927
      0.0655
      0.0469
      0.0364
      0.0321
      0.0311
      0.5240
      0.5336
      0.5526
      0.5612
      0.5456
      0.5065
      0.4536
      0.3952
      0.3355
      0.2774
      0.2244
      0.1787
      0.1399
      0.1062
      0.0776
      0.0557
      0.0417
      0.0347
      0.0328
      0.5865
      0.5830
      0.5691
      0.5388
      0.4916
      0.4350
      0.3788
      0.3288
      0.2862
      0.2509
      0.2226
      0.1989
      0.1749
      0.1467
      0.1148
      0.0841
      0.0602
      0.0458
      0.0412
      0.7943
      0.7645
      0.6838
      0.5740
      0.4610
      0.3654
      0.2962
      0.2528
      0.2299
      0.2226
      0.2262
      0.2325
      0.2307
      0.2126
      0.1784
      0.1370
      0.1000
      0.0757
      0.0673
      1.3027
      1.2248
      1.0214
      0.7640
      0.5260
      0.3507
      0.2456
      0.1968
      0.1866
      0.2029
      0.2361
      0.2735
      0.2984
      0.2970
      0.2676
      0.2217
      0.1762
      0.1447
      0.1337
      2.2642
      2.1073
      1.7012
      1.1978
      0.7470
      0.4298
      0.2512
      0.1753
      0.1636
      0.1915
      0.2450
      0.3086
      0.3620
      0.3871
      0.3787
      0.3479
      0.3129
      0.2879
      0.2791
      3.6927
      3.4254
      2.7354
      1.8851
      1.1303
      0.6051
      0.3120
      0.1849
      0.1552
      0.1809
      0.2420
      0.3231
      0.4049
      0.4690
      0.5082
      0.5288
      0.5419
      0.5520
      0.5562
      5.3328
      4.9420
      3.9341
      2.6939
      1.5950
      0.8310
      0.4027
      0.2106
      0.1521
      0.1648
      0.2218
      0.3106
      0.4188
      0.5348
      0.6534
      0.7736
      0.8878
      0.9747
      1.0077
      6.6770
      6.1865
      4.9218
      3.3659
      1.9874
      1.0280
      0.4869
      0.2380
      0.1507
      0.1454
      0.1901
      0.2774
      0.4073
      0.5828
      0.8064
      1.0694
      1.3355
      1.5405
      1.6182
      7.2002
      6.6724
      5.3119
      3.6388
      2.1566
      1.1241
      0.5387
      0.2636
      0.1573
      0.1337
      0.1606
      0.2378
      0.3806
      0.6103
      0.9424
      1.3619
      1.8007
      2.1427
      2.2730
      6.6770
      6.1921
      4.9427
      3.4079
      2.0499
      1.1035
      0.5629
      0.3003
      0.1861
      0.1433
      0.1468
      0.2049
      0.3460
      0.6081
      1.0192
      1.5619
      2.1420
      2.5988
      2.7734
      5.3328
      4.9558
      3.9863
      2.7992
      1.7524
      1.0220
      0.5962
      0.3724
      0.2527
      0.1841
      0.1558
      0.1844
      0.3054
      0.5651
      0.9985
      1.5887
      2.2297
      2.7385
      2.9336
      3.6927
      3.4517
      2.8348
      2.0860
      1.4311
      0.9707
      0.6840
      0.5007
      0.3653
      0.2581
      0.1873
      0.1763
      0.2601
      0.4822
      0.8762
      1.4263
      2.0316
      2.5152
      2.7012
      2.2642
      2.1492
      1.8598
      1.5187
      1.2277
      1.0145
      0.8475
      0.6867
      0.5190
      0.3599
      0.2375
      0.1800
      0.2166
      0.3796
      0.6935
      1.1438
      1.6448
      2.0475
      2.2028
      1.3027
      1.2821
      1.2381
      1.2030
      1.1845
      1.1529
      1.0665
      0.9075
      0.6968
      0.4798
      0.3021
      0.1967
      0.1856
      0.2879
      0.5165
      0.8562
      1.2389
      1.5483
      1.6678
      0.7943
      0.8327
      0.9421
      1.0986
      1.2507
      1.3317
      1.2919
      1.1257
      0.8750
      0.6051
      0.3763
      0.2267
      0.1751
      0.2307
      0.3969
      0.6566
      0.9537
      1.1952
      1.2888
      0.5865
      0.6556
      0.8454
      1.1023
      1.3450
      1.4876
      1.4749
      1.3051
      1.0280
      0.7195
      0.4499
      0.2644
      0.1829
      0.2109
      0.3463
      0.5697
      0.8291
      1.0410
      1.1233
      0.5240
      0.6062
      0.8299
      1.1298
      1.4123
      1.5846
      1.5883
      1.4208
      1.1322
      0.8018
      0.5062
      0.2969
      0.1973
      0.2130
      0.3400
      0.5569
      0.8112
      1.0196
      1.1005
      0.5129
      0.5985
      0.8309
      1.1419
      1.4352
      1.6163
      1.6260
      1.4605
      1.1693
      0.8321
      0.5275
      0.3098
      0.2041
      0.2167
      0.3431
      0.5613
      0.8178
      1.0281
      1.1099
