      0.0027
      0.0064
      0.0157
      0.0213
      0.0157
      0.0063
      0.0016
      0.0006
      0.0009
      0.0028
      0.0067
      0.0090
      0.0065
      0.0025
      0.0005
      0.0001
      0.0000
      0.0000
      0.0000
      0.0038
      0.0082
      0.0181
      0.0224
      0.0151
      0.0056
      0.0013
      0.0005
      0.0007
      0.0023
      0.0059
      0.0085
      0.0068
      0.0029
      0.0007
      0.0001
      0.0000
      0.0000
      0.0000
      0.0050
      0.0094
      0.0180
      0.0193
      0.0112
      0.0036
      0.0007
      0.0002
      0.0003
      0.0013
      0.0038
      0.0065
      0.0063
      0.0034
      0.0010
      0.0002
      0.0000
      0.0000
      0.0000
      0.0041
      0.0066
      0.0107
      0.0099
      0.0050
      0.0014
      0.0002
      0.0000
      0.0001
      0.0006
      0.0024
      0.0063
      0.0093
      0.0080
      0.0039
      0.0010
      0.0002
      0.0000
      0.0000
      0.0120
      0.0100
      0.0064
      0.0034
      0.0013
      0.0003
      0.0000
      0.0000
      0.0001
      0.0008
      0.0049
      0.0176
      0.0345
      0.0367
      0.0211
      0.0066
      0.0011
      0.0001
      0.0000
      0.1727
      0.1272
      0.0508
      0.0111
      0.0014
      0.0001
      0.0000
      0.0001
      0.0002
      0.0014
      0.0107
      0.0431
      0.0938
      0.1101
      0.0698
      0.0239
      0.0045
      0.0006
      0.0003
      1.5130
      1.1120
      0.4410
      0.0940
      0.0107
      0.0007
      0.0001
      0.0001
      0.0002
      0.0017
      0.0133
      0.0589
      0.1403
      0.1806
      0.1257
      0.0479
      0.0119
      0.0060
      0.0067
      7.0969
      5.2159
      2.0683
      0.4409
      0.0502
      0.0031
      0.0002
      0.0002
      0.0002
      0.0010
      0.0090
      0.0436
      0.1141
      0.1620
      0.1270
      0.0631
      0.0479
      0.0823
      0.1076
     17.8976
     13.1539
      5.2159
      1.1119
      0.1267
      0.0077
      0.0004
      0.0002
      0.0002
      0.0004
      0.0033
      0.0180
      0.0543
      0.0943
      0.1073
      0.1343
      0.3173
      0.7029
      0.9372
     24.3519
     17.8976
      7.0969
      1.5129
      0.1725
      0.0111
      0.0021
      0.0026
      0.0021
      0.0010
      0.0011
      0.0067
      0.0325
      0.1018
      0.2211
      0.4935
      1.4320
      3.2691
      4.3780
     17.8976
     13.1539
      5.2159
      1.1122
      0.1286
      0.0166
      0.0232
      0.0321
      0.0244
      0.0100
      0.0027
      0.0072
      0.0511
      0.2100
      0.5335
      1.2490
      3.6012
      8.2174
     11.0145
      7.0969
      5.2160
      2.0686
      0.4437
      0.0675
      0.0725
      0.1637
      0.2143
      0.1533
      0.0594
      0.0129
      0.0093
      0.0642
      0.2853
      0.7645
      1.7792
      4.9539
     11.1834
     14.9722
      1.5130
      1.1123
      0.4445
      0.1161
      0.1081
      0.3112
      0.6412
      0.7735
      0.5186
      0.1893
      0.0376
      0.0090
      0.0450
      0.2127
      0.6007
      1.3941
      3.7182
      8.2469
     11.0088
      0.1727
      0.1294
      0.0740
      0.1292
      0.3784
      0.8674
      1.4414
      1.5385
      0.9537
      0.3270
      0.0608
      0.0078
      0.0172
      0.0858
      0.2562
      0.5969
      1.5209
      3.2955
      4.3793
      0.0120
      0.0191
      0.0934
      0.3938
      0.9982
      1.6576
      2.0240
      1.7800
      0.9928
      0.3185
      0.0562
      0.0057
      0.0037
      0.0187
      0.0596
      0.1442
      0.3635
      0.7760
      1.0274
      0.0041
      0.0261
      0.1891
      0.7499
      1.6655
      2.2413
      2.1197
      1.5669
      0.8311
      0.2728
      0.0510
      0.0053
      0.0007
      0.0025
      0.0129
      0.0672
      0.2742
      0.6718
      0.9098
      0.0050
      0.0318
      0.2161
      0.7996
      1.6729
      2.2396
      2.4295
      2.2945
      1.5175
      0.5904
      0.1268
      0.0147
      0.0010
      0.0018
      0.0271
      0.2350
      1.0997
      2.7719
      3.7711
      0.0038
      0.0223
      0.1416
      0.5019
      1.1195
      2.0825
      3.6427
      4.5943
      3.3996
      1.3835
      0.3041
      0.0358
      0.0024
      0.0041
      0.0672
      0.5899
      2.7669
      6.9777
      9.4941
      0.0027
      0.0149
      0.0900
      0.3171
      0.8198
      2.0918
      4.5112
      6.0850
      4.5816
      1.8737
      0.4126
      0.0486
      0.0032
      0.0056
      0.0914
      0.8025
      3.7646
      9.4939
     12.9176
