      0.0000
      0.0000
      0.0000
      0.0000
      0.0000
      0.0000
      0.0000
      0.0000
      0.0000
      0.0000
      0.0000
      0.0000
      0.0000
      0.0000
      0.0000
      0.0000
      0.0000
      0.0000
      0.0000
      0.0000
      0.0000
      0.0000
      0.0000
      0.0000
      0.0000
      0.0000
      0.0000
      0.0000
      0.0000
      0.0000
      0.0000
      0.0000
      0.0000
      0.0000
      0.0000
      0.0000
      0.0000
      0.0000
      0.0000
      0.0000
      0.0000
      0.0000
      0.0000
      0.0000
      0.0000
      0.0000
      0.0000
      0.0000
      0.0000
      0.0000
      0.0000
      0.0000
      0.0000
      0.0000
      0.0000
      0.0000
      0.0000
      0.0000
      0.0000
      0.0000
      0.0000
      0.0000
      0.0000
      0.0000
      0.0000
      0.0000
      0.0000
      0.0000
      0.0000
      0.0000
      0.0000
      0.0000
      0.0000
      0.0000
      0.0000
      0.0000
      0.0000
      0.0000
      0.0000
      0.0000
      0.0000
      0.0000
      0.0000
      0.0000
      0.0000
      0.0000
      0.0000
      0.0001
      0.0004
      0.0005
      0.0001
      0.0000
      0.0000
      0.0000
      0.0000
      0.0015
      0.0008
      0.0001
      0.0000
      0.0000
      0.0000
      0.0000
      0.0000
      0.0000
      0.0000
      0.0000
      0.0007
      0.0041
      0.0059
      0.0021
      0.0002
      0.0000
      0.0000
      0.0000
      0.2000
      0.1000
      0.0125
      0.0004
      0.0000
      0.0000
      0.0000
      0.0000
      0.0000
      0.0000
      0.0001
      0.0014
      0.0102
      0.0179
      0.0079
      0.0009
      0.0000
      0.0000
      0.0000
      6.4841
      3.2421
      0.4042
      0.0125
      0.0001
      0.0000
      0.0000
      0.0000
      0.0000
      0.0000
      0.0000
      0.0007
      0.0063
      0.0136
      0.0074
      0.0010
      0.0001
      0.0003
      0.0006
     52.0102
     26.0051
      3.2421
      0.1000
      0.0008
      0.0000
      0.0000
      0.0000
      0.0000
      0.0000
      0.0000
      0.0001
      0.0010
      0.0027
      0.0020
      0.0008
      0.0049
      0.0386
      0.0773
    104.0204
     52.0102
      6.4841
      0.2000
      0.0015
      0.0000
      0.0000
      0.0000
      0.0000
      0.0000
      0.0000
      0.0000
      0.0002
      0.0025
      0.0118
      0.0194
      0.1608
      1.2531
      2.5054
     52.0102
     26.0051
      3.2421
      0.1000
      0.0008
      0.0000
      0.0001
      0.0003
      0.0002
      0.0000
      0.0000
      0.0000
      0.0008
      0.0196
      0.1141
      0.2038
      1.3129
     10.0537
     20.0962
      6.4841
      3.2421
      0.4042
      0.0125
      0.0001
      0.0016
      0.0118
      0.0225
      0.0107
      0.0013
      0.0000
      0.0000
      0.0015
      0.0409
      0.2774
      0.5451
      2.7032
     20.1169
     40.1928
      0.2000
      0.1000
      0.0125
      0.0004
      0.0013
      0.0348
      0.2338
      0.3924
      0.1646
      0.0172
      0.0004
      0.0000
      0.0007
      0.0213
      0.1685
      0.3699
      1.4158
     10.0680
     20.0970
      0.0015
      0.0008
      0.0001
      0.0004
      0.0106
      0.1975
      1.1484
      1.6999
      0.6299
      0.0581
      0.0013
      0.0000
      0.0001
      0.0028
      0.0255
      0.0634
      0.1898
      1.2575
      2.5057
      0.0000
      0.0000
      0.0003
      0.0067
      0.0532
      0.3301
      1.4284
      1.8422
      0.6026
      0.0491
      0.0010
      0.0000
      0.0000
      0.0001
      0.0010
      0.0027
      0.0065
      0.0389
      0.0773
      0.0000
      0.0000
      0.0014
      0.0305
      0.1666
      0.3117
      0.5435
      0.5955
      0.1936
      0.0170
      0.0004
      0.0000
      0.0000
      0.0000
      0.0000
      0.0000
      0.0001
      0.0004
      0.0008
      0.0000
      0.0000
      0.0019
      0.0353
      0.1658
      0.3524
      1.4772
      3.0336
      1.6208
      0.2169
      0.0072
      0.0001
      0.0000
      0.0000
      0.0000
      0.0000
      0.0005
      0.0036
      0.0073
      0.0000
      0.0000
      0.0006
      0.0105
      0.0770
      1.3329
     11.1782
     24.0366
     12.9322
      1.7354
      0.0576
      0.0005
      0.0000
      0.0000
      0.0000
      0.0001
      0.0036
      0.0292
      0.0583
      0.0000
      0.0000
      0.0001
      0.0020
      0.0790
      2.5911
     22.3369
     48.0710
     25.8641
      3.4707
      0.1153
      0.0009
      0.0000
      0.0000
      0.0000
      0.0002
      0.0073
      0.0583
      0.1166
