      0.1206
      0.1265
      0.1373
      0.1385
      0.1227
      0.0974
      0.0820
      0.0965
      0.1523
      0.2405
      0.3264
      0.3639
      0.3289
      0.2400
      0.1412
      0.0670
      0.0259
      0.0088
      0.0046
      0.1203
      0.1255
      0.1341
      0.1331
      0.1160
      0.0909
      0.0760
      0.0900
      0.1436
      0.2303
      0.3191
      0.3651
      0.3407
      0.2583
      0.1588
      0.0793
      0.0324
      0.0116
      0.0062
      0.1255
      0.1276
      0.1288
      0.1202
      0.0995
      0.0755
      0.0632
      0.0772
      0.1277
      0.2141
      0.3151
      0.3889
      0.3961
      0.3309
      0.2257
      0.1254
      0.0569
      0.0224
      0.0125
      0.1669
      0.1608
      0.1427
      0.1154
      0.0854
      0.0623
      0.0557
      0.0735
      0.1255
      0.2201
      0.3498
      0.4752
      0.5367
      0.4969
      0.3742
      0.2284
      0.1132
      0.0483
      0.0286
      0.3308
      0.3033
      0.2351
      0.1572
      0.0971
      0.0669
      0.0657
      0.0905
      0.1486
      0.2595
      0.4329
      0.6325
      0.7713
      0.7682
      0.6195
      0.4032
      0.2131
      0.0979
      0.0612
      0.7667
      0.6904
      0.5057
      0.3066
      0.1663
      0.1034
      0.0980
      0.1259
      0.1865
      0.3091
      0.5227
      0.7986
      1.0255
      1.0753
      0.9123
      0.6258
      0.3513
      0.1751
      0.1171
      1.6050
      1.4392
      1.0397
      0.6131
      0.3147
      0.1757
      0.1452
      0.1638
      0.2138
      0.3282
      0.5526
      0.8722
      1.1692
      1.2841
      1.1451
      0.8323
      0.5044
      0.2813
      0.2056
      2.7687
      2.4806
      1.7867
      1.0456
      0.5231
      0.2689
      0.1919
      0.1879
      0.2143
      0.2982
      0.4930
      0.8021
      1.1267
      1.3063
      1.2412
      0.9772
      0.6615
      0.4301
      0.3483
      3.8511
      3.4499
      2.4837
      1.4509
      0.7195
      0.3558
      0.2325
      0.2044
      0.2037
      0.2456
      0.3829
      0.6385
      0.9513
      1.1887
      1.2364
      1.0891
      0.8507
      0.6515
      0.5765
      4.2998
      3.8526
      2.7765
      1.6290
      0.8212
      0.4252
      0.2938
      0.2583
      0.2344
      0.2289
      0.2969
      0.4825
      0.7674
      1.0571
      1.2312
      1.2299
      1.0995
      0.9530
      0.8914
      3.8511
      3.4534
      2.5004
      1.4963
      0.8132
      0.5107
      0.4385
      0.4215
      0.3714
      0.3021
      0.2866
      0.3959
      0.6469
      0.9753
      1.2568
      1.3861
      1.3566
      1.2614
      1.2134
      2.7687
      2.4903
      1.8321
      1.1683
      0.7737
      0.6768
      0.7259
      0.7434
      0.6471
      0.4797
      0.3533
      0.3698
      0.5671
      0.8962
      1.2329
      1.4464
      1.4931
      1.4434
      1.4095
      1.6050
      1.4590
      1.1316
      0.8577
      0.8051
      0.9591
      1.1524
      1.1974
      1.0250
      0.7244
      0.4607
      0.3639
      0.4766
      0.7532
      1.0800
      1.3291
      1.4386
      1.4462
      1.4349
      0.7667
      0.7236
      0.6574
      0.7033
      0.9466
      1.3272
      1.6474
      1.7002
      1.4319
      0.9841
      0.5760
      0.3587
      0.3686
      0.5597
      0.8433
      1.1226
      1.3309
      1.4494
      1.4866
      0.3308
      0.3502
      0.4481
      0.7079
      1.1683
      1.7323
      2.1634
      2.2233
      1.8627
      1.2687
      0.7140
      0.3749
      0.2847
      0.4025
      0.6791
      1.0685
      1.4995
      1.8518
      1.9899
      0.1669
      0.2190
      0.4077
      0.8029
      1.4309
      2.1735
      2.7474
      2.8550
      2.4203
      1.6658
      0.9340
      0.4518
      0.2687
      0.3592
      0.7253
      1.3827
      2.2398
      3.0104
      3.3253
      0.1255
      0.1934
      0.4322
      0.9225
      1.7058
      2.6580
      3.4376
      3.6505
      3.1582
      2.2138
      1.2563
      0.5974
      0.3231
      0.4314
      0.9801
      2.0471
      3.5025
      4.8415
      5.3940
      0.1203
      0.1955
      0.4619
      1.0194
      1.9352
      3.0869
      4.0763
      4.4078
      3.8733
      2.7513
      1.5776
      0.7520
      0.4007
      0.5430
      1.2819
      2.7445
      4.7601
      6.6246
      7.3957
      0.1206
      0.1978
      0.4736
      1.0571
      2.0277
      3.2649
      4.3458
      4.7303
      4.1791
      2.9817
      1.7157
      0.8196
      0.4367
      0.5951
      1.4158
      3.0444
      5.2930
      7.3749
      8.2363
