      0.3853
      0.3860
      0.3831
      0.3672
      0.3340
      0.2898
      0.2478
      0.2201
      0.2112
      0.2172
      0.2271
      0.2280
      0.2107
      0.1750
      0.1299
      0.0873
      0.0560
      0.0382
      0.0327
      0.3888
      0.3876
      0.3801
      0.3591
      0.3228
      0.2785
      0.2395
      0.2170
      0.2153
      0.2299
      0.2496
      0.2595
      0.2478
      0.2124
      0.1618
      0.1106
      0.0705
      0.0466
      0.0388
      0.4213
      0.4133
      0.3891
      0.3499
      0.3015
      0.2552
      0.2234
      0.2149
      0.2323
      0.2710
      0.3181
      0.3543
      0.3600
      0.3262
      0.2608
      0.1841
      0.1177
      0.0749
      0.0604
      0.5508
      0.5277
      0.4658
      0.3838
      0.3044
      0.2464
      0.2203
      0.2289
      0.2711
      0.3419
      0.4283
      0.5049
      0.5403
      0.5132
      0.4279
      0.3129
      0.2048
      0.1312
      0.1056
      0.8860
      0.8331
      0.6959
      0.5264
      0.3784
      0.2843
      0.2507
      0.2691
      0.3308
      0.4305
      0.5569
      0.6806
      0.7562
      0.7457
      0.6453
      0.4899
      0.3338
      0.2232
      0.1839
      1.5308
      1.4269
      1.1603
      0.8370
      0.5616
      0.3893
      0.3209
      0.3298
      0.3942
      0.5068
      0.6608
      0.8259
      0.9457
      0.9648
      0.8666
      0.6874
      0.4952
      0.3540
      0.3029
      2.4933
      2.3171
      1.8656
      1.3194
      0.8529
      0.5538
      0.4162
      0.3899
      0.4341
      0.5367
      0.6951
      0.8833
      1.0409
      1.1004
      1.0316
      0.8645
      0.6703
      0.5221
      0.4675
      3.5996
      3.3419
      2.6814
      1.8802
      1.1905
      0.7361
      0.5058
      0.4249
      0.4310
      0.5034
      0.6419
      0.8280
      1.0069
      1.1099
      1.0981
      0.9883
      0.8406
      0.7217
      0.6771
      4.5066
      4.1828
      3.3519
      2.3413
      1.4646
      0.8754
      0.5594
      0.4235
      0.3876
      0.4211
      0.5233
      0.6843
      0.8635
      1.0034
      1.0645
      1.0486
      0.9920
      0.9384
      0.9173
      4.8595
      4.5108
      3.6153
      2.5242
      1.5730
      0.9257
      0.5671
      0.3978
      0.3303
      0.3276
      0.3877
      0.5093
      0.6702
      0.8323
      0.9635
      1.0533
      1.1088
      1.1399
      1.1503
      4.5066
      4.1861
      3.3635
      2.3615
      1.4874
      0.8896
      0.5519
      0.3816
      0.2973
      0.2642
      0.2823
      0.3585
      0.4882
      0.6538
      0.8348
      1.0132
      1.1702
      1.2814
      1.3221
      3.5996
      3.3511
      2.7152
      1.9449
      1.2780
      0.8242
      0.5634
      0.4181
      0.3248
      0.2610
      0.2348
      0.2624
      0.3528
      0.5046
      0.7076
      0.9411
      1.1682
      1.3376
      1.4008
      2.4933
      2.3365
      1.9391
      1.4678
      1.0734
      0.8140
      0.6598
      0.5492
      0.4418
      0.3361
      0.2557
      0.2286
      0.2744
      0.4018
      0.6077
      0.8707
      1.1423
      1.3512
      1.4302
      1.5308
      1.4607
      1.2910
      1.1101
      0.9871
      0.9279
      0.8856
      0.8066
      0.6715
      0.5035
      0.3500
      0.2566
      0.2540
      0.3583
      0.5712
      0.8699
      1.1936
      1.4492
      1.5469
      0.8860
      0.8840
      0.8953
      0.9527
      1.0637
      1.1881
      1.2541
      1.2028
      1.0263
      0.7735
      0.5228
      0.3465
      0.2929
      0.3881
      0.6389
      1.0181
      1.4443
      1.7873
      1.9195
      0.5508
      0.5957
      0.7352
      0.9703
      1.2703
      1.5584
      1.7317
      1.7108
      1.4875
      1.1336
      0.7650
      0.4909
      0.3859
      0.4923
      0.8243
      1.3473
      1.9465
      2.4334
      2.6219
      0.4213
      0.4956
      0.7185
      1.0779
      1.5236
      1.9522
      2.2281
      2.2428
      1.9778
      1.5232
      1.0337
      0.6599
      0.5081
      0.6409
      1.0819
      1.7874
      2.6017
      3.2661
      3.5238
      0.3888
      0.4792
      0.7495
      1.1845
      1.7266
      2.2558
      2.6109
      2.6571
      2.3641
      1.8337
      1.2505
      0.7996
      0.6138
      0.7732
      1.3101
      2.1727
      3.1708
      3.9863
      4.3029
      0.3853
      0.4808
      0.7666
      1.2274
      1.8038
      2.3702
      2.7557
      2.8148
      2.5120
      1.9531
      1.3345
      0.8541
      0.6557
      0.8264
      1.4016
      2.3266
      3.3974
      4.2727
      4.6125
