      0.0536
      0.0715
      0.1084
      0.1278
      0.1105
      0.0737
      0.0454
      0.0347
      0.0375
      0.0522
      0.0728
      0.0817
      0.0675
      0.0399
      0.0167
      0.0049
      0.0010
      0.0002
      0.0000
      0.0572
      0.0739
      0.1070
      0.1216
      0.1018
      0.0658
      0.0393
      0.0294
      0.0320
      0.0457
      0.0657
      0.0764
      0.0656
      0.0406
      0.0179
      0.0057
      0.0013
      0.0002
      0.0001
      0.0615
      0.0741
      0.0965
      0.1004
      0.0776
      0.0463
      0.0255
      0.0182
      0.0205
      0.0318
      0.0503
      0.0649
      0.0628
      0.0445
      0.0229
      0.0086
      0.0023
      0.0005
      0.0001
      0.0730
      0.0766
      0.0798
      0.0700
      0.0476
      0.0256
      0.0130
      0.0094
      0.0118
      0.0213
      0.0400
      0.0624
      0.0735
      0.0636
      0.0399
      0.0181
      0.0059
      0.0015
      0.0005
      0.1975
      0.1737
      0.1197
      0.0667
      0.0312
      0.0135
      0.0077
      0.0078
      0.0110
      0.0209
      0.0454
      0.0843
      0.1173
      0.1177
      0.0845
      0.0434
      0.0163
      0.0052
      0.0027
      0.8259
      0.6973
      0.4202
      0.1818
      0.0582
      0.0172
      0.0108
      0.0132
      0.0168
      0.0274
      0.0603
      0.1222
      0.1856
      0.2022
      0.1575
      0.0894
      0.0406
      0.0203
      0.0160
      2.7609
      2.3227
      1.3823
      0.5817
      0.1750
      0.0439
      0.0207
      0.0217
      0.0234
      0.0314
      0.0667
      0.1421
      0.2300
      0.2687
      0.2292
      0.1539
      0.1031
      0.0909
      0.0924
      6.5740
      5.5291
      3.2876
      1.3803
      0.4117
      0.0961
      0.0330
      0.0271
      0.0249
      0.0275
      0.0548
      0.1231
      0.2153
      0.2791
      0.2835
      0.2695
      0.3024
      0.3790
      0.4211
     11.0566
      9.2990
      5.5288
      2.3206
      0.6901
      0.1556
      0.0435
      0.0286
      0.0230
      0.0203
      0.0356
      0.0858
      0.1729
      0.2756
      0.3847
      0.5554
      0.8600
      1.2236
      1.3954
     13.1462
     11.0566
      6.5739
      2.7601
      0.8233
      0.1907
      0.0610
      0.0451
      0.0362
      0.0250
      0.0271
      0.0646
      0.1617
      0.3366
      0.6218
      1.1217
      1.9407
      2.8640
      3.2918
     11.0566
      9.2994
      5.5310
      2.3293
      0.7154
      0.2105
      0.1318
      0.1320
      0.1092
      0.0675
      0.0418
      0.0678
      0.1875
      0.4519
      0.9353
      1.8047
      3.2111
      4.7825
      5.5085
      6.5740
      5.5310
      3.2985
      1.4193
      0.5149
      0.3035
      0.3456
      0.3736
      0.3013
      0.1763
      0.0843
      0.0788
      0.1999
      0.5057
      1.0878
      2.1357
      3.8141
      5.6804
      6.5419
      2.7609
      2.3297
      1.4211
      0.7062
      0.4695
      0.5791
      0.7644
      0.7955
      0.6114
      0.3410
      0.1439
      0.0821
      0.1636
      0.4191
      0.9216
      1.8214
      3.2427
      4.8117
      5.5343
      0.8259
      0.7167
      0.5218
      0.4799
      0.6883
      1.0390
      1.2969
      1.2522
      0.9062
      0.4809
      0.1881
      0.0741
      0.0993
      0.2511
      0.5673
      1.1388
      2.0343
      3.0154
      3.4659
      0.1975
      0.2126
      0.3155
      0.6034
      1.0637
      1.5168
      1.7156
      1.5219
      1.0345
      0.5248
      0.1957
      0.0610
      0.0475
      0.1161
      0.2912
      0.6521
      1.2546
      1.9267
      2.2360
      0.0730
      0.1323
      0.3542
      0.7907
      1.3520
      1.7940
      1.8930
      1.5989
      1.0611
      0.5363
      0.2009
      0.0573
      0.0261
      0.0687
      0.2495
      0.7446
      1.6820
      2.7703
      3.2760
      0.0615
      0.1316
      0.3779
      0.8289
      1.3776
      1.8081
      1.9458
      1.7248
      1.2194
      0.6579
      0.2617
      0.0766
      0.0298
      0.0956
      0.4373
      1.4611
      3.4634
      5.8124
      6.9069
      0.0572
      0.1203
      0.3358
      0.7233
      1.2187
      1.7009
      2.0238
      1.9947
      1.5372
      0.8827
      0.3669
      0.1106
      0.0439
      0.1506
      0.7120
      2.4102
      5.7435
      9.6590
     11.4839
      0.0536
      0.1108
      0.3038
      0.6522
      1.1220
      1.6443
      2.0776
      2.1516
      1.7128
      1.0029
      0.4218
      0.1281
      0.0513
      0.1781
      0.8443
      2.8611
      6.8212
     11.4733
     13.6418
