      0.1790
      0.1973
      0.2362
      0.2629
      0.2596
      0.2356
      0.2118
      0.1998
      0.2004
      0.2099
      0.2184
      0.2104
      0.1759
      0.1225
      0.0696
      0.0321
      0.0123
      0.0045
      0.0026
      0.1806
      0.1966
      0.2296
      0.2499
      0.2422
      0.2166
      0.1927
      0.1814
      0.1830
      0.1936
      0.2043
      0.1999
      0.1702
      0.1211
      0.0706
      0.0335
      0.0132
      0.0049
      0.0028
      0.1892
      0.1981
      0.2141
      0.2167
      0.1983
      0.1699
      0.1479
      0.1396
      0.1438
      0.1568
      0.1713
      0.1748
      0.1565
      0.1182
      0.0738
      0.0379
      0.0162
      0.0064
      0.0039
      0.2373
      0.2328
      0.2170
      0.1883
      0.1525
      0.1220
      0.1057
      0.1040
      0.1117
      0.1249
      0.1404
      0.1503
      0.1445
      0.1191
      0.0822
      0.0474
      0.0236
      0.0116
      0.0082
      0.4326
      0.3993
      0.3160
      0.2196
      0.1435
      0.1023
      0.0920
      0.0982
      0.1077
      0.1164
      0.1270
      0.1389
      0.1432
      0.1304
      0.1017
      0.0688
      0.0436
      0.0301
      0.0263
      0.9672
      0.8720
      0.6413
      0.3919
      0.2146
      0.1319
      0.1156
      0.1246
      0.1306
      0.1286
      0.1292
      0.1400
      0.1537
      0.1557
      0.1406
      0.1178
      0.1006
      0.0934
      0.0922
      2.0084
      1.8012
      1.3016
      0.7673
      0.3917
      0.2131
      0.1654
      0.1641
      0.1589
      0.1422
      0.1319
      0.1428
      0.1700
      0.1967
      0.2143
      0.2297
      0.2528
      0.2789
      0.2909
      3.4608
      3.1005
      2.2325
      1.3042
      0.6471
      0.3228
      0.2166
      0.1914
      0.1702
      0.1407
      0.1244
      0.1410
      0.1910
      0.2631
      0.3522
      0.4647
      0.5980
      0.7166
      0.7654
      4.8137
      4.3118
      3.1024
      1.8073
      0.8849
      0.4184
      0.2506
      0.1991
      0.1644
      0.1283
      0.1125
      0.1412
      0.2261
      0.3708
      0.5843
      0.8761
      1.2194
      1.5170
      1.6373
      5.3747
      4.8147
      3.4658
      2.0216
      0.9926
      0.4700
      0.2778
      0.2150
      0.1726
      0.1308
      0.1138
      0.1541
      0.2793
      0.5151
      0.8918
      1.4260
      2.0585
      2.6048
      2.8249
      4.8137
      4.3147
      3.1149
      1.8372
      0.9389
      0.4972
      0.3452
      0.2936
      0.2419
      0.1798
      0.1435
      0.1795
      0.3317
      0.6451
      1.1694
      1.9278
      2.8311
      3.6114
      3.9257
      3.4608
      3.1094
      2.2709
      1.3969
      0.8151
      0.5677
      0.5090
      0.4784
      0.3995
      0.2868
      0.2006
      0.2040
      0.3491
      0.6870
      1.2740
      2.1348
      3.1638
      4.0531
      4.4111
      2.0084
      1.8214
      1.3881
      0.9737
      0.7596
      0.7393
      0.7808
      0.7542
      0.6181
      0.4249
      0.2649
      0.2122
      0.3134
      0.6095
      1.1490
      1.9526
      2.9183
      3.7540
      4.0906
      0.9672
      0.9085
      0.7950
      0.7503
      0.8356
      0.9925
      1.0913
      1.0322
      0.8166
      0.5373
      0.3071
      0.1986
      0.2425
      0.4629
      0.8994
      1.5733
      2.3980
      3.1178
      3.4087
      0.4326
      0.4523
      0.5360
      0.7202
      0.9838
      1.2259
      1.3202
      1.2014
      0.9137
      0.5775
      0.3101
      0.1713
      0.1764
      0.3456
      0.7308
      1.3734
      2.1963
      2.9316
      3.2315
      0.2373
      0.2954
      0.4740
      0.7612
      1.0879
      1.3324
      1.3840
      1.2135
      0.8934
      0.5490
      0.2847
      0.1461
      0.1476
      0.3322
      0.8019
      1.6482
      2.7817
      3.8179
      4.2445
      0.1892
      0.2599
      0.4657
      0.7698
      1.0839
      1.2899
      1.3022
      1.1170
      0.8115
      0.4960
      0.2571
      0.1352
      0.1602
      0.4225
      1.1053
      2.3739
      4.1041
      5.7004
      6.3602
      0.1806
      0.2514
      0.4519
      0.7358
      1.0134
      1.1821
      1.1786
      1.0087
      0.7385
      0.4585
      0.2433
      0.1369
      0.1905
      0.5426
      1.4557
      3.1639
      5.5044
      7.6691
      8.5646
      0.1790
      0.2482
      0.4426
      0.7134
      0.9734
      1.1280
      1.1225
      0.9640
      0.7115
      0.4467
      0.2405
      0.1397
      0.2056
      0.5972
      1.6100
      3.5066
      6.1076
      8.5141
      9.5099
