      0.3808
      0.4184
      0.4941
      0.5328
      0.4905
      0.3878
      0.2784
      0.1990
      0.1545
      0.1335
      0.1231
      0.1115
      0.0912
      0.0636
      0.0366
      0.0172
      0.0066
      0.0023
      0.0012
      0.3772
      0.4102
      0.4751
      0.5032
      0.4564
      0.3565
      0.2538
      0.1814
      0.1426
      0.1264
      0.1205
      0.1131
      0.0962
      0.0700
      0.0423
      0.0210
      0.0086
      0.0031
      0.0017
      0.3568
      0.3786
      0.4171
      0.4210
      0.3669
      0.2779
      0.1949
      0.1415
      0.1175
      0.1130
      0.1183
      0.1223
      0.1148
      0.0925
      0.0622
      0.0344
      0.0158
      0.0064
      0.0038
      0.3126
      0.3209
      0.3296
      0.3102
      0.2560
      0.1888
      0.1359
      0.1084
      0.1022
      0.1104
      0.1282
      0.1473
      0.1539
      0.1379
      0.1029
      0.0634
      0.0329
      0.0160
      0.0109
      0.2733
      0.2683
      0.2494
      0.2123
      0.1653
      0.1261
      0.1067
      0.1051
      0.1131
      0.1284
      0.1548
      0.1892
      0.2137
      0.2081
      0.1695
      0.1160
      0.0699
      0.0424
      0.0338
      0.3034
      0.2831
      0.2312
      0.1705
      0.1249
      0.1079
      0.1161
      0.1331
      0.1460
      0.1583
      0.1855
      0.2322
      0.2777
      0.2905
      0.2591
      0.2020
      0.1484
      0.1157
      0.1055
      0.4585
      0.4157
      0.3127
      0.2056
      0.1401
      0.1279
      0.1487
      0.1713
      0.1776
      0.1776
      0.1978
      0.2512
      0.3182
      0.3625
      0.3652
      0.3407
      0.3163
      0.3053
      0.3034
      0.7235
      0.6507
      0.4775
      0.2999
      0.1907
      0.1616
      0.1770
      0.1916
      0.1843
      0.1693
      0.1792
      0.2334
      0.3207
      0.4124
      0.4923
      0.5682
      0.6496
      0.7218
      0.7517
      0.9864
      0.8859
      0.6466
      0.3995
      0.2415
      0.1848
      0.1831
      0.1833
      0.1634
      0.1383
      0.1399
      0.1915
      0.2969
      0.4504
      0.6538
      0.9129
      1.2033
      1.4471
      1.5440
      1.0976
      0.9862
      0.7211
      0.4468
      0.2679
      0.1957
      0.1800
      0.1683
      0.1404
      0.1096
      0.1043
      0.1506
      0.2698
      0.4875
      0.8363
      1.3297
      1.9042
      2.3899
      2.5830
      0.9864
      0.8897
      0.6615
      0.4303
      0.2856
      0.2308
      0.2166
      0.1962
      0.1561
      0.1122
      0.0923
      0.1260
      0.2477
      0.5084
      0.9716
      1.6661
      2.4988
      3.2128
      3.4982
      0.7235
      0.6636
      0.5290
      0.4102
      0.3601
      0.3613
      0.3604
      0.3206
      0.2444
      0.1620
      0.1088
      0.1162
      0.2207
      0.4814
      0.9765
      1.7476
      2.6932
      3.5148
      3.8452
      0.4585
      0.4477
      0.4415
      0.4840
      0.5751
      0.6566
      0.6610
      0.5673
      0.4115
      0.2545
      0.1455
      0.1128
      0.1815
      0.3990
      0.8382
      1.5440
      2.4267
      3.2029
      3.5169
      0.3034
      0.3454
      0.4814
      0.7084
      0.9606
      1.1212
      1.1015
      0.9081
      0.6296
      0.3692
      0.1905
      0.1121
      0.1396
      0.3011
      0.6573
      1.2532
      2.0173
      2.6989
      2.9765
      0.2733
      0.3649
      0.6349
      1.0354
      1.4322
      1.6475
      1.5770
      1.2636
      0.8525
      0.4863
      0.2389
      0.1190
      0.1170
      0.2536
      0.5957
      1.2033
      2.0094
      2.7422
      3.0432
      0.3126
      0.4410
      0.8084
      1.3291
      1.8174
      2.0577
      1.9447
      1.5488
      1.0467
      0.6019
      0.2968
      0.1419
      0.1305
      0.3027
      0.7694
      1.6348
      2.8112
      3.8943
      4.3415
      0.3568
      0.5021
      0.9106
      1.4742
      1.9888
      2.2383
      2.1268
      1.7258
      1.2026
      0.7181
      0.3678
      0.1818
      0.1771
      0.4375
      1.1514
      2.4934
      4.3321
      6.0320
      6.7351
      0.3772
      0.5234
      0.9298
      1.4820
      1.9834
      2.2392
      2.1643
      1.8105
      1.3121
      0.8163
      0.4342
      0.2232
      0.2296
      0.5838
      1.5514
      3.3751
      5.8782
      8.1945
      9.1530
      0.3808
      0.5249
      0.9238
      1.4629
      1.9532
      2.2125
      2.1594
      1.8342
      1.3531
      0.8564
      0.4623
      0.2411
      0.2526
      0.6472
      1.7230
      3.7513
      6.5361
      9.1136
     10.1802
