      0.0022
      0.0052
      0.0128
      0.0173
      0.0127
      0.0051
      0.0012
      0.0004
      0.0011
      0.0045
      0.0112
      0.0150
      0.0109
      0.0043
      0.0009
      0.0001
      0.0000
      0.0000
      0.0000
      0.0031
      0.0066
      0.0147
      0.0182
      0.0123
      0.0045
      0.0010
      0.0003
      0.0008
      0.0037
      0.0098
      0.0143
      0.0113
      0.0049
      0.0011
      0.0001
      0.0000
      0.0000
      0.0000
      0.0040
      0.0077
      0.0146
      0.0156
      0.0091
      0.0029
      0.0005
      0.0001
      0.0004
      0.0020
      0.0062
      0.0105
      0.0099
      0.0052
      0.0015
      0.0002
      0.0000
      0.0000
      0.0000
      0.0033
      0.0054
      0.0087
      0.0081
      0.0041
      0.0011
      0.0002
      0.0000
      0.0001
      0.0008
      0.0032
      0.0073
      0.0099
      0.0078
      0.0035
      0.0009
      0.0001
      0.0000
      0.0000
      0.0097
      0.0081
      0.0052
      0.0028
      0.0011
      0.0003
      0.0000
      0.0000
      0.0001
      0.0007
      0.0042
      0.0147
      0.0283
      0.0298
      0.0170
      0.0053
      0.0009
      0.0001
      0.0000
      0.1393
      0.1026
      0.0410
      0.0090
      0.0011
      0.0001
      0.0001
      0.0001
      0.0002
      0.0012
      0.0086
      0.0346
      0.0752
      0.0882
      0.0559
      0.0191
      0.0036
      0.0004
      0.0001
      1.2203
      0.8969
      0.3557
      0.0758
      0.0087
      0.0006
      0.0002
      0.0003
      0.0004
      0.0014
      0.0107
      0.0472
      0.1124
      0.1447
      0.1008
      0.0383
      0.0088
      0.0028
      0.0026
      5.7242
      4.2071
      1.6682
      0.3556
      0.0405
      0.0026
      0.0004
      0.0004
      0.0004
      0.0009
      0.0072
      0.0350
      0.0918
      0.1313
      0.1042
      0.0504
      0.0265
      0.0329
      0.0407
     14.4358
     10.6097
      4.2071
      0.8969
      0.1022
      0.0063
      0.0006
      0.0005
      0.0004
      0.0004
      0.0027
      0.0150
      0.0475
      0.0896
      0.1102
      0.1107
      0.1532
      0.2737
      0.3519
     19.6417
     14.4358
      5.7242
      1.2203
      0.1393
      0.0095
      0.0033
      0.0044
      0.0035
      0.0016
      0.0012
      0.0079
      0.0439
      0.1487
      0.3026
      0.4318
      0.6913
      1.2684
      1.6391
     14.4358
     10.6097
      4.2071
      0.8972
      0.1053
      0.0210
      0.0385
      0.0537
      0.0408
      0.0167
      0.0045
      0.0117
      0.0839
      0.3408
      0.7754
      1.1567
      1.7920
      3.2022
      4.1232
      5.7242
      4.2071
      1.6686
      0.3593
      0.0667
      0.1147
      0.2707
      0.3573
      0.2562
      0.0993
      0.0215
      0.0154
      0.1071
      0.4678
      1.1329
      1.7398
      2.5783
      4.4052
      5.6195
      1.2203
      0.8972
      0.3589
      0.1001
      0.1390
      0.4750
      1.0391
      1.2807
      0.8648
      0.3164
      0.0628
      0.0151
      0.0750
      0.3495
      0.9014
      1.4357
      2.0461
      3.3056
      4.1566
      0.1393
      0.1045
      0.0609
      0.1200
      0.4234
      1.1805
      2.2212
      2.5010
      1.5797
      0.5449
      0.1015
      0.0131
      0.0287
      0.1411
      0.3883
      0.6460
      0.8957
      1.3624
      1.6815
      0.0097
      0.0155
      0.0773
      0.3394
      0.9525
      1.8965
      2.7930
      2.7412
      1.5951
      0.5176
      0.0913
      0.0092
      0.0061
      0.0307
      0.0917
      0.1711
      0.2791
      0.4694
      0.5913
      0.0033
      0.0213
      0.1547
      0.6227
      1.4460
      2.1628
      2.3978
      1.9931
      1.0894
      0.3499
      0.0628
      0.0062
      0.0010
      0.0044
      0.0254
      0.1454
      0.6134
      1.5139
      2.0529
      0.0040
      0.0258
      0.1759
      0.6544
      1.3908
      1.9291
      2.1750
      2.0615
      1.3360
      0.5081
      0.1071
      0.0122
      0.0009
      0.0043
      0.0675
      0.5873
      2.7502
      6.9333
      9.4330
      0.0031
      0.0182
      0.1151
      0.4083
      0.9127
      1.6983
      2.9590
      3.7153
      2.7403
      1.1127
      0.2442
      0.0287
      0.0021
      0.0102
      0.1684
      1.4776
      6.9310
     17.4790
     23.7823
      0.0022
      0.0121
      0.0731
      0.2573
      0.6632
      1.6838
      3.6208
      4.8781
      3.6708
      1.5008
      0.3304
      0.0389
      0.0029
      0.0139
      0.2290
      2.0104
      9.4304
     23.7822
     32.3587
