      0.2057
      0.2221
      0.2569
      0.2810
      0.2797
      0.2622
      0.2441
      0.2303
      0.2175
      0.2057
      0.1955
      0.1799
      0.1502
      0.1075
      0.0640
      0.0314
      0.0130
      0.0052
      0.0033
      0.2052
      0.2194
      0.2486
      0.2664
      0.2603
      0.2401
      0.2211
      0.2082
      0.1993
      0.1949
      0.1949
      0.1901
      0.1684
      0.1280
      0.0811
      0.0424
      0.0185
      0.0075
      0.0045
      0.2108
      0.2181
      0.2304
      0.2301
      0.2115
      0.1852
      0.1649
      0.1556
      0.1579
      0.1746
      0.2048
      0.2337
      0.2376
      0.2043
      0.1449
      0.0841
      0.0401
      0.0169
      0.0102
      0.2677
      0.2603
      0.2377
      0.2017
      0.1602
      0.1251
      0.1045
      0.1013
      0.1197
      0.1680
      0.2474
      0.3350
      0.3861
      0.3667
      0.2832
      0.1775
      0.0913
      0.0419
      0.0268
      0.5096
      0.4683
      0.3651
      0.2458
      0.1491
      0.0896
      0.0640
      0.0661
      0.1008
      0.1843
      0.3243
      0.4910
      0.6123
      0.6197
      0.5076
      0.3385
      0.1889
      0.0988
      0.0704
      1.1702
      1.0533
      0.7692
      0.4583
      0.2274
      0.1014
      0.0530
      0.0528
      0.0970
      0.2068
      0.3997
      0.6447
      0.8464
      0.8992
      0.7767
      0.5561
      0.3494
      0.2221
      0.1818
      2.4508
      2.1962
      1.5805
      0.9142
      0.4281
      0.1688
      0.0685
      0.0527
      0.0936
      0.2082
      0.4217
      0.7110
      0.9755
      1.0891
      1.0055
      0.8019
      0.6056
      0.4903
      0.4561
      4.2327
      3.7899
      2.7201
      1.5650
      0.7245
      0.2771
      0.1006
      0.0579
      0.0832
      0.1783
      0.3694
      0.6477
      0.9336
      1.1141
      1.1407
      1.0785
      1.0336
      1.0414
      1.0558
      5.8907
      5.2739
      3.7840
      2.1761
      1.0075
      0.3858
      0.1388
      0.0697
      0.0744
      0.1351
      0.2731
      0.4961
      0.7641
      1.0114
      1.2174
      1.4372
      1.7203
      2.0009
      2.1226
      6.5780
      5.8897
      4.2280
      2.4368
      1.1387
      0.4528
      0.1829
      0.1036
      0.0899
      0.1121
      0.1880
      0.3410
      0.5744
      0.8851
      1.3041
      1.8901
      2.6212
      3.2838
      3.5574
      5.8907
      5.2767
      3.7963
      2.2073
      1.0673
      0.4789
      0.2571
      0.1894
      0.1580
      0.1375
      0.1522
      0.2396
      0.4367
      0.7925
      1.3886
      2.2970
      3.4360
      4.4528
      4.8684
      4.2327
      3.7983
      2.7565
      1.6543
      0.8902
      0.5259
      0.4067
      0.3605
      0.2995
      0.2217
      0.1697
      0.1947
      0.3486
      0.7037
      1.3658
      2.4134
      3.7352
      4.9123
      5.3923
      2.4508
      2.2155
      1.6627
      1.1105
      0.7798
      0.6772
      0.6724
      0.6351
      0.5180
      0.3575
      0.2249
      0.1818
      0.2762
      0.5706
      1.1592
      2.1096
      3.3138
      4.3860
      4.8230
      1.1702
      1.0895
      0.9218
      0.8153
      0.8511
      0.9789
      1.0694
      1.0174
      0.8144
      0.5428
      0.3100
      0.1876
      0.2071
      0.3997
      0.8221
      1.5169
      2.4004
      3.1873
      3.5080
      0.5096
      0.5244
      0.6008
      0.7938
      1.0999
      1.4196
      1.6000
      1.5312
      1.2256
      0.8127
      0.4483
      0.2248
      0.1593
      0.2451
      0.4944
      0.9216
      1.4698
      1.9591
      2.1586
      0.2677
      0.3332
      0.5464
      0.9277
      1.4401
      1.9520
      2.2658
      2.2224
      1.8190
      1.2286
      0.6807
      0.3169
      0.1542
      0.1524
      0.2838
      0.5390
      0.8760
      1.1798
      1.3041
      0.2108
      0.3002
      0.5840
      1.0844
      1.7706
      2.4989
      3.0118
      3.0569
      2.5765
      1.7819
      1.0029
      0.4611
      0.1909
      0.1252
      0.2039
      0.3995
      0.6708
      0.9196
      1.0221
      0.2052
      0.3037
      0.6192
      1.1899
      2.0084
      2.9320
      3.6473
      3.8019
      3.2726
      2.2998
      1.3091
      0.6035
      0.2399
      0.1331
      0.1997
      0.3997
      0.6858
      0.9511
      1.0608
      0.2057
      0.3063
      0.6305
      1.2252
      2.0951
      3.1003
      3.9032
      4.1082
      3.5620
      2.5165
      1.4378
      0.6640
      0.2623
      0.1408
      0.2072
      0.4170
      0.7193
      1.0004
      1.1168
