      0.0692
      0.0925
      0.1406
      0.1658
      0.1424
      0.0927
      0.0535
      0.0368
      0.0368
      0.0492
      0.0675
      0.0753
      0.0620
      0.0365
      0.0152
      0.0045
      0.0009
      0.0001
      0.0000
      0.0738
      0.0956
      0.1388
      0.1577
      0.1312
      0.0828
      0.0464
      0.0313
      0.0314
      0.0430
      0.0606
      0.0697
      0.0594
      0.0364
      0.0159
      0.0049
      0.0011
      0.0002
      0.0000
      0.0786
      0.0952
      0.1246
      0.1298
      0.0999
      0.0585
      0.0303
      0.0194
      0.0198
      0.0290
      0.0442
      0.0554
      0.0518
      0.0353
      0.0173
      0.0061
      0.0015
      0.0003
      0.0001
      0.0855
      0.0917
      0.0989
      0.0886
      0.0607
      0.0322
      0.0154
      0.0098
      0.0108
      0.0171
      0.0289
      0.0414
      0.0450
      0.0361
      0.0210
      0.0089
      0.0028
      0.0007
      0.0003
      0.1933
      0.1724
      0.1237
      0.0731
      0.0362
      0.0160
      0.0085
      0.0077
      0.0092
      0.0133
      0.0231
      0.0383
      0.0500
      0.0480
      0.0334
      0.0170
      0.0067
      0.0027
      0.0019
      0.7674
      0.6488
      0.3930
      0.1719
      0.0562
      0.0172
      0.0108
      0.0128
      0.0143
      0.0161
      0.0255
      0.0458
      0.0675
      0.0731
      0.0579
      0.0353
      0.0202
      0.0151
      0.0144
      2.5509
      2.1462
      1.2778
      0.5382
      0.1624
      0.0414
      0.0203
      0.0213
      0.0208
      0.0194
      0.0273
      0.0512
      0.0820
      0.0987
      0.0917
      0.0766
      0.0742
      0.0851
      0.0923
      6.0709
      5.1060
      3.0361
      1.2749
      0.3806
      0.0897
      0.0320
      0.0267
      0.0230
      0.0183
      0.0232
      0.0463
      0.0837
      0.1205
      0.1508
      0.1954
      0.2800
      0.3830
      0.4318
     10.2100
      8.5870
      5.1055
      2.1431
      0.6377
      0.1446
      0.0416
      0.0279
      0.0217
      0.0151
      0.0174
      0.0393
      0.0888
      0.1696
      0.2951
      0.5132
      0.8655
      1.2567
      1.4365
     12.1396
     10.2099
      6.0706
      2.5490
      0.7608
      0.1771
      0.0576
      0.0427
      0.0338
      0.0218
      0.0189
      0.0432
      0.1199
      0.2806
      0.5759
      1.1148
      1.9832
      2.9426
      3.3826
     10.2100
      8.5874
      5.1079
      2.1522
      0.6628
      0.1973
      0.1244
      0.1236
      0.1015
      0.0621
      0.0369
      0.0580
      0.1661
      0.4186
      0.9061
      1.8102
      3.2742
      4.8974
      5.6436
      6.0709
      5.1082
      3.0487
      1.3174
      0.4872
      0.2948
      0.3316
      0.3523
      0.2811
      0.1635
      0.0776
      0.0720
      0.1847
      0.4773
      1.0561
      2.1310
      3.8678
      5.7948
      6.6817
      2.5509
      2.1548
      1.3240
      0.6804
      0.4812
      0.5912
      0.7523
      0.7608
      0.5743
      0.3170
      0.1329
      0.0757
      0.1520
      0.3954
      0.8900
      1.8048
      3.2702
      4.8902
      5.6354
      0.7674
      0.6732
      0.5180
      0.5263
      0.7699
      1.1107
      1.3145
      1.2157
      0.8541
      0.4449
      0.1721
      0.0677
      0.0921
      0.2362
      0.5453
      1.1220
      2.0410
      3.0522
      3.5165
      0.1933
      0.2217
      0.3690
      0.7281
      1.2439
      1.6738
      1.7687
      1.4708
      0.9493
      0.4637
      0.1684
      0.0522
      0.0433
      0.1094
      0.2808
      0.6423
      1.2534
      1.9376
      2.2527
      0.0855
      0.1628
      0.4448
      0.9750
      1.5938
      1.9651
      1.8767
      1.4181
      0.8486
      0.3940
      0.1381
      0.0382
      0.0214
      0.0662
      0.2459
      0.7405
      1.6794
      2.7705
      3.2776
      0.0786
      0.1684
      0.4767
      1.0096
      1.5647
      1.8200
      1.6488
      1.2049
      0.7177
      0.3407
      0.1241
      0.0350
      0.0209
      0.0938
      0.4361
      1.4590
      3.4599
      5.8076
      6.9015
      0.0738
      0.1538
      0.4176
      0.8476
      1.2670
      1.4489
      1.3374
      1.0396
      0.6768
      0.3517
      0.1384
      0.0418
      0.0294
      0.1483
      0.7110
      2.4079
      5.7384
      9.6505
     11.4739
      0.0692
      0.1411
      0.3736
      0.7422
      1.0949
      1.2586
      1.2017
      0.9887
      0.6825
      0.3710
      0.1506
      0.0465
      0.0341
      0.1754
      0.8433
      2.8586
      6.8152
     11.4633
     13.6298
