      0.0006
      0.0015
      0.0036
      0.0048
      0.0036
      0.0015
      0.0004
      0.0003
      0.0012
      0.0049
      0.0121
      0.0162
      0.0118
      0.0046
      0.0010
      0.0001
      0.0000
      0.0000
      0.0000
      0.0009
      0.0019
      0.0041
      0.0051
      0.0034
      0.0013
      0.0004
      0.0003
      0.0009
      0.0040
      0.0107
      0.0155
      0.0123
      0.0053
      0.0013
      0.0002
      0.0000
      0.0000
      0.0000
      0.0011
      0.0021
      0.0041
      0.0044
      0.0026
      0.0008
      0.0002
      0.0001
      0.0004
      0.0022
      0.0070
      0.0123
      0.0122
      0.0069
      0.0023
      0.0004
      0.0000
      0.0000
      0.0000
      0.0014
      0.0018
      0.0026
      0.0023
      0.0012
      0.0003
      0.0001
      0.0000
      0.0002
      0.0012
      0.0058
      0.0160
      0.0254
      0.0228
      0.0114
      0.0031
      0.0005
      0.0000
      0.0000
      0.0171
      0.0128
      0.0056
      0.0017
      0.0004
      0.0001
      0.0000
      0.0000
      0.0002
      0.0022
      0.0149
      0.0541
      0.1065
      0.1135
      0.0655
      0.0204
      0.0034
      0.0003
      0.0000
      0.2768
      0.2035
      0.0808
      0.0173
      0.0020
      0.0001
      0.0000
      0.0000
      0.0003
      0.0044
      0.0333
      0.1343
      0.2920
      0.3427
      0.2173
      0.0743
      0.0137
      0.0014
      0.0002
      2.4286
      1.7849
      0.7078
      0.1509
      0.0172
      0.0011
      0.0001
      0.0001
      0.0004
      0.0050
      0.0414
      0.1834
      0.4371
      0.5622
      0.3908
      0.1468
      0.0305
      0.0054
      0.0033
     11.3922
      8.3728
      3.3201
      0.7078
      0.0806
      0.0049
      0.0002
      0.0001
      0.0003
      0.0031
      0.0279
      0.1356
      0.3546
      0.5013
      0.3853
      0.1648
      0.0521
      0.0405
      0.0486
     28.7298
     21.1152
      8.3728
      1.7849
      0.2034
      0.0124
      0.0006
      0.0003
      0.0003
      0.0011
      0.0103
      0.0552
      0.1628
      0.2681
      0.2589
      0.1765
      0.1802
      0.3223
      0.4222
     39.0905
     28.7298
     11.3922
      2.4286
      0.2769
      0.0179
      0.0037
      0.0047
      0.0038
      0.0018
      0.0028
      0.0169
      0.0735
      0.2035
      0.3603
      0.4746
      0.7787
      1.5082
      1.9802
     28.7298
     21.1152
      8.3728
      1.7853
      0.2066
      0.0281
      0.0416
      0.0579
      0.0440
      0.0181
      0.0050
      0.0135
      0.0938
      0.3730
      0.8377
      1.2551
      2.0500
      3.8416
      5.0076
     11.3922
      8.3728
      3.3203
      0.7110
      0.1069
      0.1232
      0.2902
      0.3851
      0.2766
      0.1073
      0.0233
      0.0168
      0.1159
      0.5054
      1.2238
      1.9061
      2.9766
      5.3118
      6.8490
      2.4286
      1.7850
      0.7093
      0.1675
      0.1334
      0.4797
      1.0976
      1.3740
      0.9326
      0.3418
      0.0679
      0.0163
      0.0811
      0.3777
      0.9761
      1.5796
      2.3673
      3.9936
      5.0757
      0.2768
      0.2040
      0.0880
      0.0719
      0.3010
      1.0731
      2.2616
      2.6548
      1.7008
      0.5896
      0.1101
      0.0142
      0.0310
      0.1526
      0.4208
      0.7105
      1.0306
      1.6357
      2.0416
      0.0171
      0.0150
      0.0280
      0.1268
      0.4938
      1.4202
      2.6577
      2.9071
      1.7681
      0.5864
      0.1050
      0.0107
      0.0067
      0.0332
      0.0981
      0.1764
      0.2622
      0.4083
      0.5046
      0.0014
      0.0063
      0.0453
      0.2017
      0.6101
      1.4340
      2.4965
      2.7666
      1.7757
      0.6361
      0.1253
      0.0135
      0.0015
      0.0041
      0.0160
      0.0564
      0.1904
      0.4447
      0.5975
      0.0011
      0.0073
      0.0516
      0.2220
      0.7254
      2.1030
      4.5519
      5.9872
      4.4092
      1.7740
      0.3861
      0.0451
      0.0029
      0.0014
      0.0189
      0.1606
      0.7482
      1.8843
      2.5632
      0.0009
      0.0052
      0.0369
      0.1949
      0.9848
      3.9984
      9.9823
     13.8820
     10.5045
      4.2972
      0.9459
      0.1114
      0.0070
      0.0030
      0.0457
      0.4012
      1.8815
      4.7449
      6.4560
      0.0006
      0.0036
      0.0267
      0.1801
      1.1670
      5.2272
     13.4009
     18.7731
     14.2425
      5.8337
      1.2851
      0.1514
      0.0096
      0.0041
      0.0622
      0.5457
      2.5600
      6.4559
      8.7841
