      0.0016
      0.0038
      0.0093
      0.0126
      0.0093
      0.0038
      0.0011
      0.0005
      0.0007
      0.0021
      0.0049
      0.0065
      0.0047
      0.0019
      0.0004
      0.0000
      0.0000
      0.0000
      0.0000
      0.0022
      0.0048
      0.0107
      0.0132
      0.0089
      0.0034
      0.0009
      0.0004
      0.0006
      0.0017
      0.0043
      0.0062
      0.0049
      0.0021
      0.0005
      0.0001
      0.0000
      0.0000
      0.0000
      0.0029
      0.0056
      0.0106
      0.0114
      0.0066
      0.0021
      0.0005
      0.0002
      0.0003
      0.0009
      0.0029
      0.0051
      0.0051
      0.0030
      0.0010
      0.0002
      0.0000
      0.0000
      0.0000
      0.0025
      0.0040
      0.0063
      0.0059
      0.0030
      0.0008
      0.0001
      0.0000
      0.0001
      0.0006
      0.0027
      0.0077
      0.0124
      0.0113
      0.0057
      0.0016
      0.0002
      0.0000
      0.0000
      0.0106
      0.0085
      0.0048
      0.0023
      0.0008
      0.0002
      0.0000
      0.0000
      0.0001
      0.0011
      0.0075
      0.0274
      0.0540
      0.0577
      0.0333
      0.0104
      0.0017
      0.0002
      0.0000
      0.1607
      0.1183
      0.0471
      0.0102
      0.0012
      0.0001
      0.0001
      0.0001
      0.0003
      0.0023
      0.0169
      0.0683
      0.1486
      0.1745
      0.1106
      0.0379
      0.0070
      0.0008
      0.0003
      1.4091
      1.0357
      0.4107
      0.0876
      0.0100
      0.0007
      0.0002
      0.0003
      0.0005
      0.0027
      0.0211
      0.0934
      0.2225
      0.2862
      0.1990
      0.0752
      0.0172
      0.0065
      0.0067
      6.6100
      4.8580
      1.9264
      0.4107
      0.0468
      0.0029
      0.0004
      0.0005
      0.0004
      0.0017
      0.0142
      0.0690
      0.1804
      0.2550
      0.1968
      0.0901
      0.0524
      0.0825
      0.1080
     16.6695
     12.2514
      4.8580
      1.0356
      0.1180
      0.0073
      0.0006
      0.0004
      0.0003
      0.0006
      0.0052
      0.0280
      0.0820
      0.1342
      0.1337
      0.1363
      0.3099
      0.7022
      0.9423
     22.6809
     16.6695
      6.6100
      1.4091
      0.1607
      0.0102
      0.0017
      0.0020
      0.0016
      0.0008
      0.0013
      0.0080
      0.0336
      0.0910
      0.1829
      0.4372
      1.3931
      3.2748
      4.4094
     16.6695
     12.2514
      4.8580
      1.0358
      0.1194
      0.0136
      0.0169
      0.0233
      0.0177
      0.0073
      0.0020
      0.0056
      0.0384
      0.1558
      0.4095
      1.0944
      3.5110
      8.2460
     11.1060
      6.6100
      4.8580
      1.9266
      0.4125
      0.0589
      0.0527
      0.1184
      0.1554
      0.1113
      0.0431
      0.0094
      0.0067
      0.0468
      0.2090
      0.5839
      1.5504
      4.8236
     11.2285
     15.1059
      1.4091
      1.0359
      0.4128
      0.1016
      0.0755
      0.2190
      0.4603
      0.5596
      0.3762
      0.1375
      0.0273
      0.0066
      0.0327
      0.1558
      0.4578
      1.2041
      3.6048
      8.2762
     11.1089
      0.1607
      0.1196
      0.0610
      0.0822
      0.2421
      0.5876
      1.0182
      1.1082
      0.6920
      0.2379
      0.0443
      0.0057
      0.0125
      0.0628
      0.1948
      0.5106
      1.4671
      3.3088
      4.4265
      0.0106
      0.0139
      0.0564
      0.2358
      0.6134
      1.0761
      1.4058
      1.2975
      0.7428
      0.2421
      0.0433
      0.0044
      0.0027
      0.0137
      0.0464
      0.1320
      0.3921
      0.8868
      1.1859
      0.0025
      0.0155
      0.1118
      0.4466
      1.0178
      1.4776
      1.6225
      1.4113
      0.8391
      0.2973
      0.0590
      0.0064
      0.0007
      0.0025
      0.0206
      0.1468
      0.6588
      1.6471
      2.2381
      0.0029
      0.0188
      0.1281
      0.4831
      1.0900
      1.8158
      2.7097
      3.1347
      2.2402
      0.8972
      0.1954
      0.0228
      0.0016
      0.0044
      0.0711
      0.6217
      2.9144
      7.3487
      9.9986
      0.0022
      0.0132
      0.0851
      0.3234
      0.9092
      2.4341
      5.2882
      7.1206
      5.3529
      2.1872
      0.4814
      0.0567
      0.0039
      0.0109
      0.1784
      1.5656
      7.3438
     18.5201
     25.1989
      0.0016
      0.0089
      0.0552
      0.2242
      0.8212
      2.8707
      6.9258
      9.5838
      7.2538
      2.9699
      0.6542
      0.0771
      0.0053
      0.0148
      0.2427
      2.1301
      9.9920
     25.1987
     34.2859
