      0.0018
      0.0044
      0.0109
      0.0148
      0.0108
      0.0043
      0.0010
      0.0002
      0.0005
      0.0021
      0.0053
      0.0071
      0.0052
      0.0020
      0.0004
      0.0000
      0.0000
      0.0000
      0.0000
      0.0026
      0.0057
      0.0125
      0.0155
      0.0105
      0.0039
      0.0008
      0.0002
      0.0004
      0.0018
      0.0047
      0.0068
      0.0054
      0.0024
      0.0006
      0.0001
      0.0000
      0.0000
      0.0000
      0.0034
      0.0065
      0.0124
      0.0133
      0.0078
      0.0025
      0.0004
      0.0001
      0.0002
      0.0010
      0.0032
      0.0059
      0.0062
      0.0038
      0.0014
      0.0003
      0.0000
      0.0000
      0.0000
      0.0031
      0.0048
      0.0074
      0.0069
      0.0035
      0.0010
      0.0001
      0.0000
      0.0001
      0.0008
      0.0039
      0.0116
      0.0193
      0.0180
      0.0092
      0.0026
      0.0004
      0.0000
      0.0000
      0.0156
      0.0123
      0.0066
      0.0028
      0.0010
      0.0002
      0.0000
      0.0000
      0.0002
      0.0018
      0.0123
      0.0451
      0.0891
      0.0952
      0.0550
      0.0171
      0.0029
      0.0003
      0.0000
      0.2403
      0.1768
      0.0704
      0.0152
      0.0018
      0.0001
      0.0001
      0.0001
      0.0004
      0.0038
      0.0280
      0.1130
      0.2457
      0.2885
      0.1830
      0.0626
      0.0115
      0.0012
      0.0002
      2.1074
      1.5488
      0.6142
      0.1309
      0.0149
      0.0010
      0.0002
      0.0003
      0.0005
      0.0043
      0.0349
      0.1544
      0.3680
      0.4733
      0.3289
      0.1236
      0.0255
      0.0038
      0.0016
      9.8851
      7.2651
      2.8808
      0.6141
      0.0700
      0.0043
      0.0004
      0.0004
      0.0004
      0.0027
      0.0235
      0.1141
      0.2981
      0.4209
      0.3226
      0.1371
      0.0391
      0.0206
      0.0218
     24.9290
     18.3218
      7.2651
      1.5488
      0.1765
      0.0108
      0.0006
      0.0004
      0.0003
      0.0010
      0.0086
      0.0460
      0.1337
      0.2143
      0.1971
      0.1226
      0.0992
      0.1469
      0.1839
     33.9190
     24.9290
      9.8851
      2.1073
      0.2402
      0.0151
      0.0019
      0.0022
      0.0017
      0.0009
      0.0020
      0.0121
      0.0470
      0.1154
      0.1883
      0.2407
      0.3702
      0.6631
      0.8495
     24.9290
     18.3218
      7.2651
      1.5490
      0.1780
      0.0177
      0.0185
      0.0255
      0.0193
      0.0079
      0.0023
      0.0065
      0.0431
      0.1684
      0.3795
      0.5773
      0.9228
      1.6551
      2.1252
      9.8851
      7.2651
      2.8811
      0.6162
      0.0834
      0.0589
      0.1295
      0.1697
      0.1215
      0.0470
      0.0102
      0.0074
      0.0510
      0.2226
      0.5418
      0.8489
      1.3031
      2.2590
      2.8840
      2.1074
      1.5490
      0.6167
      0.1469
      0.0883
      0.2418
      0.5044
      0.6117
      0.4108
      0.1501
      0.0298
      0.0072
      0.0356
      0.1658
      0.4292
      0.6937
      1.0215
      1.6848
      2.1259
      0.2403
      0.1784
      0.0866
      0.0987
      0.2765
      0.6573
      1.1237
      1.2159
      0.7578
      0.2605
      0.0485
      0.0062
      0.0136
      0.0669
      0.1846
      0.3108
      0.4448
      0.6945
      0.8623
      0.0156
      0.0186
      0.0670
      0.2757
      0.7119
      1.2337
      1.5933
      1.4654
      0.8416
      0.2763
      0.0498
      0.0051
      0.0030
      0.0146
      0.0442
      0.0876
      0.1628
      0.2992
      0.3845
      0.0031
      0.0183
      0.1313
      0.5250
      1.2040
      1.7880
      2.0596
      1.8908
      1.1720
      0.4285
      0.0873
      0.0097
      0.0009
      0.0025
      0.0178
      0.1191
      0.5259
      1.3107
      1.7801
      0.0034
      0.0220
      0.1508
      0.5749
      1.3521
      2.4876
      4.1151
      4.9992
      3.6349
      1.4660
      0.3205
      0.0376
      0.0025
      0.0037
      0.0587
      0.5132
      2.4049
      6.0638
      8.2503
      0.0026
      0.0156
      0.1011
      0.4004
      1.2562
      3.7747
      8.5996
     11.7222
      8.8382
      3.6143
      0.7958
      0.0937
      0.0061
      0.0091
      0.1473
      1.2925
      6.0627
     15.2893
     20.8030
      0.0018
      0.0105
      0.0665
      0.2915
      1.2217
      4.6199
     11.3877
     15.8297
     11.9924
      4.9110
      1.0819
      0.1274
      0.0083
      0.0124
      0.2004
      1.7585
      8.2490
     20.8029
     28.3050
