      0.0009
      0.0023
      0.0056
      0.0076
      0.0056
      0.0023
      0.0008
      0.0006
      0.0007
      0.0019
      0.0044
      0.0059
      0.0043
      0.0017
      0.0004
      0.0000
      0.0000
      0.0000
      0.0000
      0.0013
      0.0029
      0.0064
      0.0080
      0.0054
      0.0021
      0.0006
      0.0004
      0.0006
      0.0016
      0.0039
      0.0057
      0.0045
      0.0020
      0.0005
      0.0001
      0.0000
      0.0000
      0.0000
      0.0018
      0.0034
      0.0064
      0.0068
      0.0040
      0.0013
      0.0003
      0.0002
      0.0003
      0.0009
      0.0027
      0.0051
      0.0054
      0.0034
      0.0012
      0.0003
      0.0000
      0.0000
      0.0000
      0.0015
      0.0024
      0.0038
      0.0035
      0.0018
      0.0005
      0.0001
      0.0000
      0.0001
      0.0007
      0.0036
      0.0109
      0.0184
      0.0172
      0.0088
      0.0025
      0.0004
      0.0000
      0.0000
      0.0056
      0.0046
      0.0027
      0.0013
      0.0005
      0.0001
      0.0000
      0.0000
      0.0002
      0.0018
      0.0119
      0.0435
      0.0859
      0.0919
      0.0531
      0.0165
      0.0028
      0.0002
      0.0000
      0.0842
      0.0619
      0.0247
      0.0054
      0.0007
      0.0001
      0.0001
      0.0002
      0.0004
      0.0037
      0.0270
      0.1091
      0.2373
      0.2786
      0.1767
      0.0604
      0.0112
      0.0013
      0.0003
      0.7378
      0.5423
      0.2150
      0.0459
      0.0052
      0.0004
      0.0003
      0.0004
      0.0006
      0.0042
      0.0337
      0.1491
      0.3554
      0.4571
      0.3177
      0.1196
      0.0263
      0.0081
      0.0077
      3.4609
      2.5436
      1.0086
      0.2150
      0.0245
      0.0016
      0.0005
      0.0006
      0.0006
      0.0027
      0.0227
      0.1102
      0.2879
      0.4063
      0.3115
      0.1373
      0.0662
      0.0946
      0.1235
      8.7281
      6.4148
      2.5436
      0.5423
      0.0618
      0.0039
      0.0005
      0.0005
      0.0004
      0.0010
      0.0083
      0.0443
      0.1286
      0.2053
      0.1916
      0.1661
      0.3502
      0.8007
      1.0786
     11.8756
      8.7281
      3.4609
      0.7378
      0.0842
      0.0056
      0.0015
      0.0019
      0.0015
      0.0008
      0.0019
      0.0113
      0.0432
      0.1042
      0.1907
      0.4649
      1.5637
      3.7403
      5.0529
      8.7281
      6.4148
      2.5437
      0.5424
      0.0630
      0.0096
      0.0152
      0.0212
      0.0161
      0.0066
      0.0019
      0.0055
      0.0364
      0.1451
      0.3906
      1.1510
      3.9480
      9.4303
     12.7370
      3.4609
      2.5437
      1.0088
      0.2165
      0.0349
      0.0459
      0.1068
      0.1408
      0.1009
      0.0391
      0.0085
      0.0061
      0.0426
      0.1912
      0.5541
      1.6261
      5.4237
     12.8481
     17.3326
      0.7378
      0.5424
      0.2164
      0.0559
      0.0579
      0.1891
      0.4108
      0.5052
      0.3409
      0.1247
      0.0248
      0.0060
      0.0297
      0.1425
      0.4338
      1.2563
      4.0449
      9.4690
     12.7488
      0.0842
      0.0628
      0.0333
      0.0526
      0.1757
      0.4774
      0.8866
      0.9938
      0.6273
      0.2165
      0.0404
      0.0052
      0.0114
      0.0575
      0.1842
      0.5290
      1.6406
      3.7841
      5.0808
      0.0056
      0.0078
      0.0341
      0.1472
      0.4092
      0.8076
      1.1902
      1.1824
      0.7017
      0.2335
      0.0424
      0.0044
      0.0025
      0.0126
      0.0442
      0.1389
      0.4453
      1.0305
      1.3834
      0.0015
      0.0093
      0.0677
      0.2757
      0.6693
      1.1384
      1.5712
      1.6265
      1.0609
      0.3960
      0.0816
      0.0091
      0.0008
      0.0026
      0.0239
      0.1792
      0.8133
      2.0382
      2.7704
      0.0018
      0.0113
      0.0781
      0.3089
      0.8198
      1.8778
      3.6558
      4.7114
      3.4811
      1.4103
      0.3088
      0.0362
      0.0024
      0.0055
      0.0882
      0.7723
      3.6208
      9.1303
     12.4227
      0.0013
      0.0080
      0.0537
      0.2380
      0.9417
      3.3762
      8.1590
     11.2765
      8.5277
      3.4897
      0.7685
      0.0905
      0.0061
      0.0136
      0.2216
      1.9452
      9.1248
     23.0115
     31.3100
      0.0009
      0.0054
      0.0367
      0.1938
      1.0293
      4.3221
     10.9281
     15.2693
     11.5796
      4.7429
      1.0449
      0.1231
      0.0083
      0.0185
      0.3015
      2.6467
     12.4152
     31.3097
     42.6008
