      0.0011
      0.0026
      0.0063
      0.0086
      0.0063
      0.0026
      0.0009
      0.0006
      0.0007
      0.0012
      0.0027
      0.0036
      0.0026
      0.0010
      0.0002
      0.0000
      0.0000
      0.0000
      0.0000
      0.0015
      0.0033
      0.0073
      0.0090
      0.0061
      0.0024
      0.0007
      0.0005
      0.0005
      0.0010
      0.0024
      0.0034
      0.0028
      0.0012
      0.0003
      0.0000
      0.0000
      0.0000
      0.0000
      0.0020
      0.0038
      0.0072
      0.0078
      0.0045
      0.0015
      0.0004
      0.0002
      0.0002
      0.0006
      0.0018
      0.0034
      0.0038
      0.0025
      0.0010
      0.0002
      0.0000
      0.0000
      0.0000
      0.0020
      0.0029
      0.0044
      0.0040
      0.0020
      0.0006
      0.0001
      0.0000
      0.0001
      0.0006
      0.0030
      0.0092
      0.0158
      0.0150
      0.0078
      0.0022
      0.0003
      0.0000
      0.0000
      0.0167
      0.0127
      0.0060
      0.0021
      0.0006
      0.0001
      0.0000
      0.0000
      0.0001
      0.0016
      0.0105
      0.0386
      0.0765
      0.0818
      0.0473
      0.0147
      0.0025
      0.0002
      0.0000
      0.2660
      0.1956
      0.0777
      0.0167
      0.0020
      0.0001
      0.0000
      0.0001
      0.0003
      0.0032
      0.0241
      0.0973
      0.2115
      0.2484
      0.1575
      0.0539
      0.0100
      0.0012
      0.0004
      2.3336
      1.7151
      0.6801
      0.1450
      0.0165
      0.0010
      0.0001
      0.0002
      0.0004
      0.0037
      0.0300
      0.1329
      0.3168
      0.4074
      0.2832
      0.1068
      0.0241
      0.0089
      0.0092
     10.9464
      8.0451
      3.1901
      0.6801
      0.0775
      0.0047
      0.0003
      0.0002
      0.0003
      0.0023
      0.0202
      0.0982
      0.2565
      0.3619
      0.2775
      0.1244
      0.0699
      0.1118
      0.1473
     27.6054
     20.2888
      8.0451
      1.7151
      0.1954
      0.0119
      0.0005
      0.0002
      0.0002
      0.0008
      0.0074
      0.0394
      0.1138
      0.1802
      0.1677
      0.1636
      0.4057
      0.9535
      1.2876
     37.5606
     27.6054
     10.9464
      2.3336
      0.2659
      0.0163
      0.0013
      0.0011
      0.0009
      0.0005
      0.0016
      0.0096
      0.0346
      0.0789
      0.1518
      0.4795
      1.8245
      4.4542
      6.0317
     27.6054
     20.2888
      8.0451
      1.7152
      0.1962
      0.0154
      0.0095
      0.0128
      0.0097
      0.0040
      0.0012
      0.0037
      0.0232
      0.0932
      0.2938
      1.1718
      4.5866
     11.2204
     15.2003
     10.9464
      8.0451
      3.1903
      0.6812
      0.0844
      0.0323
      0.0652
      0.0852
      0.0609
      0.0236
      0.0051
      0.0037
      0.0259
      0.1201
      0.4086
      1.6225
      6.2607
     15.2674
     20.6759
      2.3336
      1.7152
      0.6815
      0.1538
      0.0554
      0.1248
      0.2553
      0.3078
      0.2063
      0.0753
      0.0150
      0.0036
      0.0180
      0.0892
      0.3154
      1.2266
      4.6320
     11.2318
     15.1979
      0.2660
      0.1965
      0.0871
      0.0642
      0.1534
      0.3479
      0.5776
      0.6170
      0.3830
      0.1315
      0.0245
      0.0032
      0.0069
      0.0359
      0.1323
      0.5042
      1.8567
      4.4676
      6.0370
      0.0167
      0.0164
      0.0411
      0.1598
      0.4058
      0.6860
      0.8646
      0.7883
      0.4552
      0.1514
      0.0278
      0.0029
      0.0015
      0.0078
      0.0308
      0.1195
      0.4361
      1.0438
      1.4089
      0.0020
      0.0108
      0.0766
      0.3064
      0.7095
      1.0903
      1.3434
      1.3206
      0.8590
      0.3249
      0.0680
      0.0077
      0.0006
      0.0014
      0.0112
      0.0799
      0.3586
      0.8966
      1.2183
      0.0020
      0.0128
      0.0882
      0.3423
      0.8571
      1.7900
      3.2922
      4.1768
      3.0811
      1.2498
      0.2741
      0.0322
      0.0021
      0.0023
      0.0358
      0.3131
      1.4676
      3.7005
      5.0348
      0.0015
      0.0091
      0.0600
      0.2531
      0.9131
      3.0791
      7.3047
     10.0561
      7.5998
      3.1100
      0.6849
      0.0807
      0.0052
      0.0056
      0.0897
      0.7875
      3.6940
      9.3157
     12.6751
      0.0011
      0.0061
      0.0403
      0.1970
      0.9590
      3.8908
      9.7598
     13.6160
     10.3229
      4.2280
      0.9315
      0.1097
      0.0071
      0.0076
      0.1221
      1.0714
      5.0260
     12.6749
     17.2457
