      0.0963
      0.1282
      0.1939
      0.2282
      0.1959
      0.1275
      0.0727
      0.0457
      0.0329
      0.0250
      0.0214
      0.0195
      0.0154
      0.0092
      0.0040
      0.0013
      0.0003
      0.0001
      0.0000
      0.1023
      0.1321
      0.1912
      0.2169
      0.1803
      0.1138
      0.0630
      0.0388
      0.0280
      0.0223
      0.0209
      0.0212
      0.0187
      0.0127
      0.0064
      0.0023
      0.0006
      0.0001
      0.0000
      0.1070
      0.1298
      0.1705
      0.1778
      0.1370
      0.0801
      0.0410
      0.0239
      0.0180
      0.0178
      0.0238
      0.0332
      0.0377
      0.0320
      0.0197
      0.0087
      0.0028
      0.0006
      0.0002
      0.1028
      0.1135
      0.1280
      0.1181
      0.0820
      0.0435
      0.0201
      0.0113
      0.0109
      0.0191
      0.0413
      0.0751
      0.1010
      0.0975
      0.0670
      0.0327
      0.0113
      0.0029
      0.0011
      0.1647
      0.1518
      0.1190
      0.0786
      0.0427
      0.0192
      0.0084
      0.0060
      0.0103
      0.0296
      0.0801
      0.1629
      0.2374
      0.2458
      0.1804
      0.0941
      0.0354
      0.0106
      0.0050
      0.5679
      0.4823
      0.2964
      0.1335
      0.0455
      0.0133
      0.0058
      0.0064
      0.0136
      0.0428
      0.1243
      0.2689
      0.4152
      0.4549
      0.3543
      0.1989
      0.0857
      0.0369
      0.0259
      1.8571
      1.5630
      0.9315
      0.3929
      0.1180
      0.0275
      0.0093
      0.0090
      0.0159
      0.0466
      0.1401
      0.3194
      0.5207
      0.6043
      0.5056
      0.3218
      0.1890
      0.1427
      0.1375
      4.4132
      3.7119
      2.2072
      0.9265
      0.2750
      0.0607
      0.0155
      0.0107
      0.0142
      0.0366
      0.1126
      0.2704
      0.4676
      0.5839
      0.5529
      0.4665
      0.4637
      0.5512
      0.6060
      7.4212
      6.2415
      3.7108
      1.5570
      0.4612
      0.0996
      0.0213
      0.0104
      0.0103
      0.0211
      0.0648
      0.1649
      0.3085
      0.4389
      0.5461
      0.7520
      1.1868
      1.7242
      1.9787
      8.8236
      7.4211
      4.4122
      1.8518
      0.5494
      0.1199
      0.0267
      0.0131
      0.0102
      0.0118
      0.0288
      0.0768
      0.1662
      0.3117
      0.6099
      1.2997
      2.5484
      3.9688
      4.6222
      7.4212
      6.2419
      3.7129
      1.5632
      0.4742
      0.1203
      0.0468
      0.0347
      0.0258
      0.0166
      0.0155
      0.0345
      0.0949
      0.2619
      0.7393
      1.9301
      4.0901
      6.5398
      7.6658
      4.4132
      3.7143
      2.2197
      0.9619
      0.3448
      0.1630
      0.1303
      0.1104
      0.0767
      0.0415
      0.0201
      0.0222
      0.0675
      0.2354
      0.7737
      2.1685
      4.7348
      7.6654
      9.0165
      1.8571
      1.5734
      0.9836
      0.5339
      0.3792
      0.3801
      0.3686
      0.2917
      0.1829
      0.0896
      0.0352
      0.0198
      0.0479
      0.1780
      0.6150
      1.7695
      3.9171
      6.3847
      7.5256
      0.5679
      0.5134
      0.4494
      0.5334
      0.7507
      0.9069
      0.8501
      0.6194
      0.3563
      0.1619
      0.0578
      0.0205
      0.0282
      0.1017
      0.3585
      1.0448
      2.3299
      3.8127
      4.4996
      0.1647
      0.2171
      0.4362
      0.8883
      1.4267
      1.7145
      1.5635
      1.1168
      0.6406
      0.2947
      0.1060
      0.0306
      0.0162
      0.0457
      0.1651
      0.4910
      1.1063
      1.8191
      2.1499
      0.1028
      0.2099
      0.5936
      1.2951
      2.0818
      2.5212
      2.3973
      1.8608
      1.1890
      0.6066
      0.2361
      0.0682
      0.0185
      0.0268
      0.1057
      0.3379
      0.7869
      1.3113
      1.5553
      0.1070
      0.2315
      0.6638
      1.4389
      2.3513
      3.0414
      3.2701
      2.9531
      2.1565
      1.2067
      0.4966
      0.1471
      0.0355
      0.0377
      0.1584
      0.5317
      1.2637
      2.1230
      2.5234
      0.1023
      0.2156
      0.6034
      1.3113
      2.2560
      3.2638
      4.0532
      4.1470
      3.2839
      1.9212
      0.8088
      0.2422
      0.0581
      0.0595
      0.2529
      0.8544
      2.0364
      3.4250
      4.0723
      0.0963
      0.1995
      0.5516
      1.2072
      2.1546
      3.3195
      4.3939
      4.6990
      3.8125
      2.2571
      0.9555
      0.2869
      0.0689
      0.0704
      0.2994
      1.0121
      2.4130
      4.0588
      4.8259
