      0.0576
      0.0762
      0.1145
      0.1345
      0.1157
      0.0760
      0.0451
      0.0330
      0.0357
      0.0510
      0.0723
      0.0819
      0.0681
      0.0405
      0.0171
      0.0051
      0.0011
      0.0002
      0.0000
      0.0611
      0.0785
      0.1130
      0.1280
      0.1066
      0.0679
      0.0391
      0.0281
      0.0307
      0.0453
      0.0668
      0.0792
      0.0696
      0.0443
      0.0204
      0.0067
      0.0016
      0.0003
      0.0001
      0.0642
      0.0775
      0.1012
      0.1053
      0.0812
      0.0479
      0.0255
      0.0175
      0.0204
      0.0345
      0.0590
      0.0819
      0.0857
      0.0661
      0.0373
      0.0153
      0.0045
      0.0010
      0.0003
      0.0664
      0.0719
      0.0787
      0.0713
      0.0492
      0.0263
      0.0130
      0.0093
      0.0138
      0.0315
      0.0699
      0.1219
      0.1568
      0.1459
      0.0975
      0.0465
      0.0158
      0.0039
      0.0013
      0.1339
      0.1206
      0.0890
      0.0546
      0.0281
      0.0128
      0.0072
      0.0078
      0.0155
      0.0433
      0.1136
      0.2272
      0.3276
      0.3364
      0.2453
      0.1270
      0.0469
      0.0131
      0.0054
      0.5109
      0.4325
      0.2630
      0.1161
      0.0387
      0.0127
      0.0090
      0.0125
      0.0228
      0.0612
      0.1697
      0.3634
      0.5593
      0.6113
      0.4741
      0.2625
      0.1070
      0.0380
      0.0219
      1.6905
      1.4224
      0.8472
      0.3572
      0.1084
      0.0290
      0.0164
      0.0194
      0.0284
      0.0674
      0.1904
      0.4296
      0.6990
      0.8090
      0.6692
      0.4064
      0.2032
      0.1158
      0.0976
      4.0214
      3.3823
      2.0112
      0.8448
      0.2531
      0.0616
      0.0252
      0.0235
      0.0273
      0.0543
      0.1538
      0.3656
      0.6316
      0.7836
      0.7150
      0.5262
      0.3997
      0.3873
      0.4033
      6.7628
      5.6878
      3.3818
      1.4199
      0.4237
      0.0988
      0.0325
      0.0248
      0.0232
      0.0342
      0.0914
      0.2303
      0.4339
      0.6077
      0.6797
      0.7265
      0.8939
      1.1606
      1.2980
      8.0409
      6.7628
      4.0212
      1.6893
      0.5068
      0.1241
      0.0494
      0.0420
      0.0354
      0.0299
      0.0492
      0.1251
      0.2763
      0.4881
      0.7534
      1.1677
      1.8587
      2.6599
      3.0357
      6.7628
      5.6882
      3.3841
      1.4289
      0.4495
      0.1548
      0.1223
      0.1293
      0.1079
      0.0681
      0.0476
      0.0851
      0.2215
      0.4952
      0.9569
      1.7472
      3.0073
      4.4143
      5.0650
      4.0214
      3.3842
      2.0225
      0.8847
      0.3579
      0.2712
      0.3399
      0.3710
      0.2991
      0.1752
      0.0848
      0.0817
      0.2052
      0.5075
      1.0631
      2.0299
      3.5506
      5.2324
      6.0078
      1.6905
      1.4297
      0.8874
      0.4854
      0.4095
      0.5728
      0.7684
      0.7989
      0.6130
      0.3416
      0.1441
      0.0822
      0.1626
      0.4122
      0.8911
      1.7232
      3.0132
      4.4277
      5.0782
      0.5109
      0.4528
      0.3694
      0.4273
      0.6947
      1.0744
      1.3452
      1.3009
      0.9441
      0.5029
      0.1973
      0.0767
      0.0987
      0.2457
      0.5461
      1.0732
      1.8832
      2.7641
      3.1678
      0.1339
      0.1616
      0.2963
      0.6265
      1.1420
      1.6668
      1.9363
      1.7689
      1.2386
      0.6465
      0.2474
      0.0764
      0.0500
      0.1126
      0.2745
      0.5984
      1.1293
      1.7175
      1.9877
      0.0664
      0.1314
      0.3753
      0.8701
      1.5640
      2.2382
      2.6006
      2.4276
      1.7609
      0.9576
      0.3804
      0.1111
      0.0364
      0.0639
      0.2189
      0.6415
      1.4370
      2.3588
      2.7869
      0.0642
      0.1406
      0.4183
      0.9775
      1.8161
      2.7969
      3.5850
      3.6820
      2.8861
      1.6648
      0.6914
      0.2055
      0.0549
      0.0856
      0.3701
      1.2319
      2.9170
      4.8934
      5.8143
      0.0611
      0.1317
      0.3899
      0.9424
      1.9100
      3.3164
      4.7477
      5.2719
      4.3371
      2.5763
      1.0902
      0.3275
      0.0862
      0.1339
      0.5997
      2.0271
      4.8300
      8.1223
      9.6568
      0.0576
      0.1228
      0.3634
      0.9027
      1.9293
      3.5502
      5.3057
      6.0433
      5.0404
      3.0165
      1.2819
      0.3861
      0.1017
      0.1583
      0.7108
      2.4058
      5.7355
      9.6471
     11.4703
