      0.7757
      0.7946
      0.8273
      0.8224
      0.7464
      0.6119
      0.4679
      0.3661
      0.3301
      0.3464
      0.3776
      0.3849
      0.3487
      0.2756
      0.1893
      0.1140
      0.0624
      0.0349
      0.0266
      0.7667
      0.7818
      0.8050
      0.7910
      0.7112
      0.5794
      0.4425
      0.3477
      0.3162
      0.3347
      0.3675
      0.3777
      0.3458
      0.2769
      0.1932
      0.1184
      0.0658
      0.0372
      0.0285
      0.7483
      0.7524
      0.7499
      0.7109
      0.6209
      0.4973
      0.3794
      0.3037
      0.2838
      0.3068
      0.3428
      0.3599
      0.3390
      0.2815
      0.2052
      0.1321
      0.0773
      0.0456
      0.0355
      0.7538
      0.7416
      0.7004
      0.6238
      0.5175
      0.4036
      0.3109
      0.2597
      0.2533
      0.2795
      0.3163
      0.3398
      0.3328
      0.2915
      0.2271
      0.1582
      0.1014
      0.0658
      0.0539
      0.8507
      0.8162
      0.7215
      0.5905
      0.4545
      0.3422
      0.2699
      0.2391
      0.2416
      0.2655
      0.2980
      0.3251
      0.3325
      0.3115
      0.2645
      0.2049
      0.1492
      0.1110
      0.0976
      1.1171
      1.0517
      0.8814
      0.6676
      0.4749
      0.3417
      0.2724
      0.2490
      0.2505
      0.2651
      0.2890
      0.3182
      0.3422
      0.3479
      0.3282
      0.2880
      0.2416
      0.2056
      0.1921
      1.5793
      1.4736
      1.2020
      0.8717
      0.5876
      0.4029
      0.3120
      0.2783
      0.2681
      0.2683
      0.2829
      0.3170
      0.3642
      0.4078
      0.4310
      0.4277
      0.4058
      0.3817
      0.3715
      2.1509
      2.0008
      1.6167
      1.1529
      0.7571
      0.4999
      0.3689
      0.3113
      0.2823
      0.2672
      0.2756
      0.3200
      0.3990
      0.4943
      0.5798
      0.6363
      0.6601
      0.6632
      0.6617
      2.6366
      2.4514
      1.9780
      1.4070
      0.9192
      0.5988
      0.4288
      0.3454
      0.2965
      0.2671
      0.2713
      0.3286
      0.4438
      0.5994
      0.7622
      0.8988
      0.9900
      1.0366
      1.0501
      2.8284
      2.6328
      2.1335
      1.5332
      1.0219
      0.6851
      0.5011
      0.4016
      0.3340
      0.2870
      0.2815
      0.3446
      0.4884
      0.6988
      0.9385
      1.1610
      1.3302
      1.4306
      1.4632
      2.6366
      2.4636
      2.0244
      1.5026
      1.0656
      0.7816
      0.6210
      0.5172
      0.4262
      0.3484
      0.3157
      0.3649
      0.5154
      0.7572
      1.0515
      1.3434
      1.5815
      1.7329
      1.7843
      2.1509
      2.0298
      1.7276
      1.3812
      1.1069
      0.9364
      0.8272
      0.7199
      0.5896
      0.4576
      0.3726
      0.3815
      0.5088
      0.7473
      1.0592
      1.3865
      1.6681
      1.8557
      1.9212
      1.5793
      1.5259
      1.4019
      1.2825
      1.2151
      1.1827
      1.1266
      1.0001
      0.8065
      0.5963
      0.4379
      0.3861
      0.4661
      0.6717
      0.9680
      1.2997
      1.6012
      1.8113
      1.8865
      1.1171
      1.1308
      1.1829
      1.2849
      1.4126
      1.4990
      1.4712
      1.3009
      1.0256
      0.7272
      0.4912
      0.3756
      0.4030
      0.5674
      0.8404
      1.1730
      1.4965
      1.7336
      1.8209
      0.8507
      0.9184
      1.1102
      1.3828
      1.6507
      1.8068
      1.7725
      1.5423
      1.1869
      0.8135
      0.5175
      0.3550
      0.3456
      0.4871
      0.7622
      1.1301
      1.5141
      1.8097
      1.9213
      0.7538
      0.8562
      1.1357
      1.5081
      1.8458
      2.0187
      1.9533
      1.6674
      1.2562
      0.8403
      0.5155
      0.3336
      0.3145
      0.4665
      0.7886
      1.2478
      1.7509
      2.1508
      2.3041
      0.7483
      0.8674
      1.1862
      1.5958
      1.9461
      2.1013
      2.0000
      1.6790
      1.2457
      0.8217
      0.4967
      0.3188
      0.3128
      0.5026
      0.9060
      1.4961
      2.1571
      2.6899
      2.8957
      0.7667
      0.8908
      1.2190
      1.6305
      1.9675
      2.0975
      1.9711
      1.6364
      1.2039
      0.7899
      0.4774
      0.3121
      0.3257
      0.5563
      1.0374
      1.7460
      2.5457
      3.1938
      3.4446
      0.7757
      0.9004
      1.2286
      1.6365
      1.9649
      2.0838
      1.9488
      1.6116
      1.1827
      0.7754
      0.4695
      0.3105
      0.3330
      0.5810
      1.0942
      1.8506
      2.7059
      3.3998
      3.6686
