      0.7028
      0.7188
      0.7467
      0.7433
      0.6803
      0.5673
      0.4438
      0.3508
      0.3070
      0.3036
      0.3138
      0.3098
      0.2769
      0.2186
      0.1514
      0.0928
      0.0525
      0.0308
      0.0243
      0.6942
      0.7068
      0.7264
      0.7148
      0.6482
      0.5377
      0.4207
      0.3351
      0.2974
      0.2985
      0.3128
      0.3132
      0.2843
      0.2287
      0.1618
      0.1014
      0.0583
      0.0344
      0.0270
      0.6783
      0.6812
      0.6777
      0.6435
      0.5673
      0.4636
      0.3646
      0.2989
      0.2770
      0.2896
      0.3139
      0.3253
      0.3076
      0.2594
      0.1935
      0.1282
      0.0775
      0.0472
      0.0374
      0.6911
      0.6790
      0.6397
      0.5702
      0.4778
      0.3823
      0.3070
      0.2671
      0.2645
      0.2893
      0.3243
      0.3493
      0.3470
      0.3106
      0.2478
      0.1766
      0.1153
      0.0757
      0.0623
      0.8012
      0.7677
      0.6768
      0.5541
      0.4315
      0.3357
      0.2794
      0.2614
      0.2729
      0.3041
      0.3452
      0.3823
      0.3979
      0.3787
      0.3249
      0.2520
      0.1820
      0.1333
      0.1161
      1.0853
      1.0212
      0.8550
      0.6494
      0.4687
      0.3501
      0.2955
      0.2852
      0.2985
      0.3261
      0.3661
      0.4126
      0.4490
      0.4555
      0.4231
      0.3615
      0.2933
      0.2420
      0.2231
      1.5663
      1.4616
      1.1934
      0.8697
      0.5956
      0.4233
      0.3451
      0.3229
      0.3240
      0.3382
      0.3713
      0.4255
      0.4870
      0.5314
      0.5402
      0.5137
      0.4691
      0.4301
      0.4149
      2.1543
      2.0046
      1.6222
      1.1624
      0.7735
      0.5253
      0.4034
      0.3539
      0.3329
      0.3288
      0.3527
      0.4143
      0.5050
      0.5997
      0.6727
      0.7116
      0.7215
      0.7176
      0.7143
      2.6509
      2.4653
      1.9912
      1.4204
      0.9347
      0.6177
      0.4513
      0.3712
      0.3265
      0.3040
      0.3184
      0.3857
      0.5051
      0.6563
      0.8099
      0.9406
      1.0348
      1.0895
      1.1071
      2.8466
      2.6495
      2.1461
      1.5403
      1.0235
      0.6817
      0.4941
      0.3935
      0.3283
      0.2872
      0.2881
      0.3539
      0.4930
      0.6934
      0.9268
      1.1570
      1.3491
      1.4756
      1.5197
      2.6509
      2.4748
      2.0268
      1.4912
      1.0379
      0.7380
      0.5659
      0.4586
      0.3727
      0.3053
      0.2811
      0.3301
      0.4698
      0.6970
      0.9872
      1.2977
      1.5754
      1.7680
      1.8370
      2.1543
      2.0279
      1.7102
      1.3394
      1.0357
      0.8376
      0.7106
      0.6012
      0.4839
      0.3727
      0.3046
      0.3170
      0.4332
      0.6563
      0.9661
      1.3185
      1.6490
      1.8861
      1.9726
      1.5663
      1.5050
      1.3578
      1.2027
      1.0940
      1.0256
      0.9503
      0.8281
      0.6593
      0.4829
      0.3522
      0.3113
      0.3854
      0.5797
      0.8780
      1.2387
      1.5922
      1.8538
      1.9506
      1.0853
      1.0886
      1.1108
      1.1691
      1.2501
      1.3008
      1.2610
      1.1067
      0.8683
      0.6130
      0.4110
      0.3116
      0.3394
      0.5004
      0.7836
      1.1516
      1.5307
      1.8204
      1.9294
      0.8012
      0.8571
      1.0164
      1.2451
      1.4725
      1.6066
      1.5781
      1.3793
      1.0684
      0.7374
      0.4704
      0.3209
      0.3146
      0.4621
      0.7613
      1.1791
      1.6305
      1.9862
      2.1220
      0.6911
      0.7822
      1.0322
      1.3706
      1.6869
      1.8645
      1.8312
      1.5929
      1.2266
      0.8398
      0.5256
      0.3428
      0.3236
      0.4908
      0.8560
      1.3894
      1.9840
      2.4614
      2.6453
      0.6783
      0.7880
      1.0851
      1.4772
      1.8331
      2.0259
      1.9854
      1.7256
      1.3312
      0.9147
      0.5739
      0.3745
      0.3608
      0.5732
      1.0404
      1.7346
      2.5186
      3.1536
      3.3992
      0.6942
      0.8112
      1.1255
      1.5354
      1.9017
      2.0965
      2.0531
      1.7884
      1.3872
      0.9608
      0.6089
      0.4040
      0.4022
      0.6603
      1.2219
      2.0596
      3.0100
      3.7819
      4.0810
      0.7028
      0.8213
      1.1391
      1.5518
      1.9189
      2.1132
      2.0696
      1.8055
      1.4044
      0.9766
      0.6221
      0.4161
      0.4201
      0.6973
      1.2973
      2.1928
      3.2097
      4.0363
      4.3566
