      0.0009
      0.0023
      0.0055
      0.0075
      0.0055
      0.0023
      0.0008
      0.0006
      0.0015
      0.0055
      0.0134
      0.0180
      0.0131
      0.0051
      0.0011
      0.0001
      0.0000
      0.0000
      0.0000
      0.0013
      0.0029
      0.0064
      0.0079
      0.0054
      0.0020
      0.0006
      0.0004
      0.0011
      0.0045
      0.0118
      0.0171
      0.0136
      0.0059
      0.0014
      0.0002
      0.0000
      0.0000
      0.0000
      0.0018
      0.0033
      0.0064
      0.0068
      0.0040
      0.0013
      0.0003
      0.0002
      0.0005
      0.0025
      0.0076
      0.0132
      0.0128
      0.0070
      0.0022
      0.0004
      0.0000
      0.0000
      0.0000
      0.0015
      0.0024
      0.0038
      0.0035
      0.0018
      0.0005
      0.0001
      0.0000
      0.0002
      0.0012
      0.0051
      0.0134
      0.0202
      0.0174
      0.0085
      0.0023
      0.0003
      0.0000
      0.0000
      0.0070
      0.0056
      0.0031
      0.0014
      0.0005
      0.0001
      0.0000
      0.0000
      0.0002
      0.0016
      0.0108
      0.0391
      0.0767
      0.0815
      0.0469
      0.0146
      0.0024
      0.0002
      0.0000
      0.1064
      0.0783
      0.0312
      0.0068
      0.0008
      0.0001
      0.0000
      0.0001
      0.0003
      0.0032
      0.0238
      0.0961
      0.2088
      0.2451
      0.1554
      0.0532
      0.0098
      0.0011
      0.0003
      0.9333
      0.6859
      0.2720
      0.0580
      0.0066
      0.0004
      0.0001
      0.0002
      0.0004
      0.0036
      0.0296
      0.1311
      0.3125
      0.4020
      0.2795
      0.1054
      0.0232
      0.0071
      0.0067
      4.3777
      3.2174
      1.2758
      0.2720
      0.0310
      0.0019
      0.0002
      0.0002
      0.0003
      0.0023
      0.0200
      0.0970
      0.2539
      0.3598
      0.2785
      0.1252
      0.0601
      0.0825
      0.1069
     11.0401
      8.1140
      3.2174
      0.6859
      0.0782
      0.0048
      0.0004
      0.0004
      0.0003
      0.0009
      0.0074
      0.0400
      0.1197
      0.2038
      0.2129
      0.1913
      0.3292
      0.6998
      0.9340
     15.0214
     11.0401
      4.3777
      0.9333
      0.1066
      0.0077
      0.0037
      0.0052
      0.0042
      0.0020
      0.0023
      0.0142
      0.0674
      0.2030
      0.3949
      0.6558
      1.5029
      3.2799
      4.3799
     11.0401
      8.1140
      3.2175
      0.6863
      0.0818
      0.0223
      0.0460
      0.0644
      0.0489
      0.0201
      0.0055
      0.0145
      0.1025
      0.4137
      0.9680
      1.7391
      3.8857
      8.3093
     11.0569
      4.3777
      3.2175
      1.2761
      0.2757
      0.0605
      0.1338
      0.3227
      0.4281
      0.3074
      0.1192
      0.0259
      0.0186
      0.1288
      0.5646
      1.4135
      2.5855
      5.4899
     11.3951
     15.0799
      0.9333
      0.6861
      0.2740
      0.0779
      0.1396
      0.5375
      1.2236
      1.5283
      1.0366
      0.3799
      0.0755
      0.0182
      0.0902
      0.4221
      1.1239
      2.0975
      4.2320
      8.4720
     11.1278
      0.1064
      0.0792
      0.0414
      0.0776
      0.3574
      1.2232
      2.5331
      2.9553
      1.8893
      0.6543
      0.1221
      0.0157
      0.0345
      0.1705
      0.4831
      0.9251
      1.7804
      3.4186
      4.4467
      0.0070
      0.0089
      0.0365
      0.1772
      0.6296
      1.6655
      2.9825
      3.2014
      1.9293
      0.6357
      0.1132
      0.0115
      0.0074
      0.0371
      0.1126
      0.2276
      0.4395
      0.8272
      1.0688
      0.0015
      0.0094
      0.0690
      0.2951
      0.8071
      1.6433
      2.5533
      2.6482
      1.6289
      0.5638
      0.1076
      0.0113
      0.0014
      0.0047
      0.0209
      0.0902
      0.3407
      0.8196
      1.1068
      0.0018
      0.0113
      0.0782
      0.3123
      0.8393
      1.9100
      3.6116
      4.5166
      3.2601
      1.2981
      0.2806
      0.0326
      0.0021
      0.0023
      0.0340
      0.2923
      1.3656
      3.4409
      4.6811
      0.0013
      0.0080
      0.0531
      0.2305
      0.8740
      3.0381
      7.2533
      9.9779
      7.5282
      3.0764
      0.6769
      0.0797
      0.0051
      0.0052
      0.0835
      0.7324
      3.4355
      8.6639
     11.7883
      0.0009
      0.0054
      0.0359
      0.1823
      0.9268
      3.8248
      9.6277
     13.4365
     10.1854
      4.1710
      0.9188
      0.1082
      0.0070
      0.0071
      0.1135
      0.9965
      4.6743
     11.7881
     16.0392
