      0.1172
      0.1266
      0.1447
      0.1505
      0.1321
      0.0963
      0.0626
      0.0481
      0.0585
      0.0873
      0.1179
      0.1314
      0.1185
      0.0862
      0.0508
      0.0245
      0.0104
      0.0049
      0.0036
      0.1218
      0.1294
      0.1433
      0.1450
      0.1247
      0.0900
      0.0588
      0.0462
      0.0572
      0.0856
      0.1166
      0.1322
      0.1224
      0.0922
      0.0565
      0.0285
      0.0124
      0.0056
      0.0039
      0.1519
      0.1529
      0.1508
      0.1369
      0.1092
      0.0765
      0.0523
      0.0458
      0.0589
      0.0870
      0.1196
      0.1416
      0.1406
      0.1154
      0.0779
      0.0433
      0.0201
      0.0087
      0.0055
      0.2901
      0.2717
      0.2238
      0.1638
      0.1092
      0.0720
      0.0561
      0.0592
      0.0764
      0.1047
      0.1405
      0.1732
      0.1860
      0.1679
      0.1249
      0.0759
      0.0379
      0.0167
      0.0103
      0.7605
      0.6881
      0.5114
      0.3171
      0.1743
      0.1028
      0.0863
      0.0976
      0.1180
      0.1445
      0.1830
      0.2294
      0.2612
      0.2532
      0.2024
      0.1318
      0.0703
      0.0330
      0.0211
      1.9507
      1.7503
      1.2663
      0.7463
      0.3768
      0.1984
      0.1518
      0.1598
      0.1754
      0.1928
      0.2290
      0.2883
      0.3426
      0.3506
      0.2966
      0.2053
      0.1176
      0.0608
      0.0419
      4.1957
      3.7587
      2.7049
      1.5749
      0.7710
      0.3717
      0.2439
      0.2254
      0.2231
      0.2224
      0.2487
      0.3142
      0.3889
      0.4195
      0.3766
      0.2798
      0.1761
      0.1038
      0.0788
      7.2891
      6.5279
      4.6921
      2.7215
      1.3110
      0.5918
      0.3334
      0.2653
      0.2359
      0.2141
      0.2263
      0.2893
      0.3768
      0.4338
      0.4208
      0.3443
      0.2460
      0.1701
      0.1424
     10.1573
      9.0959
      6.5356
      3.7837
      1.8046
      0.7779
      0.3868
      0.2659
      0.2123
      0.1760
      0.1763
      0.2312
      0.3239
      0.4081
      0.4395
      0.4067
      0.3355
      0.2689
      0.2424
     11.3450
     10.1596
      7.2999
      4.2243
      2.0074
      0.8482
      0.3955
      0.2481
      0.1832
      0.1400
      0.1310
      0.1755
      0.2689
      0.3782
      0.4580
      0.4782
      0.4444
      0.3945
      0.3716
     10.1573
      9.0975
      6.5416
      3.7959
      1.8211
      0.7928
      0.3930
      0.2597
      0.1929
      0.1397
      0.1152
      0.1440
      0.2325
      0.3588
      0.4774
      0.5435
      0.5453
      0.5136
      0.4957
      7.2891
      6.5331
      4.7136
      2.7701
      1.3911
      0.6944
      0.4363
      0.3430
      0.2687
      0.1883
      0.1322
      0.1338
      0.2062
      0.3330
      0.4706
      0.5682
      0.6028
      0.5947
      0.5852
      4.1957
      3.7710
      2.7571
      1.6970
      0.9820
      0.6604
      0.5611
      0.5022
      0.4013
      0.2724
      0.1684
      0.1314
      0.1750
      0.2858
      0.4283
      0.5592
      0.6490
      0.6945
      0.7074
      1.9507
      1.7731
      1.3630
      0.9719
      0.7675
      0.7367
      0.7535
      0.7029
      0.5566
      0.3670
      0.2090
      0.1301
      0.1423
      0.2387
      0.4070
      0.6290
      0.8681
      1.0610
      1.1362
      0.7605
      0.7223
      0.6551
      0.6503
      0.7472
      0.8903
      0.9712
      0.9106
      0.7150
      0.4653
      0.2547
      0.1374
      0.1292
      0.2446
      0.5207
      0.9888
      1.5929
      2.1347
      2.3560
      0.2901
      0.3140
      0.4017
      0.5766
      0.8221
      1.0612
      1.1867
      1.1260
      0.8943
      0.5885
      0.3225
      0.1669
      0.1559
      0.3480
      0.8651
      1.8181
      3.1084
      4.2943
      4.7836
      0.1519
      0.1978
      0.3414
      0.5860
      0.9019
      1.2085
      1.3913
      1.3586
      1.1101
      0.7502
      0.4200
      0.2208
      0.2196
      0.5374
      1.4073
      3.0410
      5.2776
      7.3446
      8.1995
      0.1218
      0.1730
      0.3310
      0.5981
      0.9497
      1.3104
      1.5554
      1.5645
      1.3126
      0.9070
      0.5172
      0.2775
      0.2883
      0.7287
      1.9327
      4.2022
      7.3170
     10.1991
     11.3916
      0.1172
      0.1690
      0.3288
      0.6007
      0.9643
      1.3476
      1.6208
      1.6501
      1.3985
      0.9741
      0.5591
      0.3022
      0.3181
      0.8099
      2.1533
      4.6868
      8.1653
     11.3846
     12.7168
