      0.3473
      0.3473
      0.3423
      0.3228
      0.2852
      0.2396
      0.2056
      0.2023
      0.2359
      0.2942
      0.3504
      0.3753
      0.3530
      0.2895
      0.2072
      0.1312
      0.0767
      0.0465
      0.0372
      0.3525
      0.3508
      0.3416
      0.3177
      0.2776
      0.2323
      0.2008
      0.2008
      0.2379
      0.3004
      0.3624
      0.3942
      0.3779
      0.3168
      0.2322
      0.1503
      0.0890
      0.0537
      0.0426
      0.3866
      0.3788
      0.3548
      0.3149
      0.2650
      0.2189
      0.1936
      0.2026
      0.2496
      0.3241
      0.4025
      0.4542
      0.4554
      0.4016
      0.3103
      0.2109
      0.1290
      0.0780
      0.0612
      0.5088
      0.4874
      0.4296
      0.3520
      0.2761
      0.2216
      0.2016
      0.2220
      0.2819
      0.3726
      0.4746
      0.5567
      0.5859
      0.5449
      0.4443
      0.3174
      0.2022
      0.1255
      0.0991
      0.8144
      0.7662
      0.6411
      0.4862
      0.3513
      0.2674
      0.2420
      0.2681
      0.3368
      0.4408
      0.5665
      0.6836
      0.7488
      0.7284
      0.6218
      0.4649
      0.3101
      0.2014
      0.1628
      1.3957
      1.3018
      1.0610
      0.7699
      0.5239
      0.3736
      0.3191
      0.3348
      0.3990
      0.5043
      0.6446
      0.7926
      0.8971
      0.9072
      0.8075
      0.6319
      0.4443
      0.3062
      0.2562
      2.2602
      2.1017
      1.6960
      1.2071
      0.7933
      0.5330
      0.4186
      0.4016
      0.4428
      0.5322
      0.6704
      0.8367
      0.9766
      1.0262
      0.9543
      0.7860
      0.5889
      0.4365
      0.3800
      3.2531
      3.0218
      2.4300
      1.7151
      1.1047
      0.7088
      0.5133
      0.4465
      0.4506
      0.5093
      0.6281
      0.7947
      0.9590
      1.0523
      1.0299
      0.9024
      0.7295
      0.5871
      0.5327
      4.0670
      3.7771
      3.0344
      2.1351
      1.3617
      0.8495
      0.5800
      0.4641
      0.4286
      0.4504
      0.5376
      0.6873
      0.8606
      0.9937
      1.0341
      0.9748
      0.8580
      0.7499
      0.7067
      4.3838
      4.0725
      3.2751
      2.3092
      1.4765
      0.9200
      0.6183
      0.4743
      0.4082
      0.3940
      0.4424
      0.5612
      0.7271
      0.8880
      0.9899
      1.0093
      0.9657
      0.9074
      0.8816
      4.0670
      3.7827
      3.0558
      2.1789
      1.4277
      0.9289
      0.6561
      0.5147
      0.4295
      0.3795
      0.3825
      0.4585
      0.6007
      0.7713
      0.9195
      1.0094
      1.0384
      1.0331
      1.0264
      3.2531
      3.0356
      2.4833
      1.8266
      1.2782
      0.9267
      0.7363
      0.6213
      0.5208
      0.4285
      0.3758
      0.3968
      0.5001
      0.6610
      0.8343
      0.9775
      1.0695
      1.1141
      1.1264
      2.2602
      2.1274
      1.7966
      1.4214
      1.1349
      0.9759
      0.8939
      0.8122
      0.6897
      0.5420
      0.4205
      0.3751
      0.4276
      0.5653
      0.7505
      0.9387
      1.0932
      1.1921
      1.2258
      1.3957
      1.3424
      1.2213
      1.1157
      1.0845
      1.1163
      1.1413
      1.0870
      0.9311
      0.7139
      0.5107
      0.3900
      0.3873
      0.5020
      0.7073
      0.9594
      1.2035
      1.3817
      1.4472
      0.8144
      0.8225
      0.8648
      0.9741
      1.1533
      1.3488
      1.4684
      1.4353
      1.2387
      0.9418
      0.6468
      0.4453
      0.3909
      0.4994
      0.7583
      1.1249
      1.5177
      1.8242
      1.9407
      0.5088
      0.5578
      0.7110
      0.9722
      1.3099
      1.6395
      1.8444
      1.8339
      1.5981
      1.2186
      0.8264
      0.5426
      0.4454
      0.5730
      0.9308
      1.4749
      2.0856
      2.5762
      2.7651
      0.3866
      0.4598
      0.6808
      1.0411
      1.4924
      1.9294
      2.2123
      2.2294
      1.9635
      1.5089
      1.0247
      0.6643
      0.5352
      0.7010
      1.1852
      1.9407
      2.8039
      3.5046
      3.7758
      0.3525
      0.4381
      0.6954
      1.1124
      1.6350
      2.1464
      2.4889
      2.5317
      2.2479
      1.7391
      1.1861
      0.7691
      0.6200
      0.8232
      1.4167
      2.3493
      3.4209
      4.2942
      4.6328
      0.3473
      0.4368
      0.7054
      1.1412
      1.6886
      2.2273
      2.5927
      2.6462
      2.3566
      1.8279
      1.2491
      0.8109
      0.6549
      0.8736
      1.5104
      2.5126
      3.6658
      4.6062
      4.9710
