      0.0000
      0.0000
      0.0000
      0.0000
      0.0000
      0.0000
      0.0000
      0.0000
      0.0000
      0.0000
      0.0000
      0.0000
      0.0000
      0.0000
      0.0000
      0.0000
      0.0000
      0.0000
      0.0000
      0.0000
      0.0000
      0.0000
      0.0000
      0.0000
      0.0000
      0.0000
      0.0000
      0.0000
      0.0000
      0.0000
      0.0000
      0.0000
      0.0000
      0.0000
      0.0000
      0.0000
      0.0000
      0.0000
      0.0000
      0.0000
      0.0000
      0.0000
      0.0000
      0.0000
      0.0000
      0.0000
      0.0000
      0.0000
      0.0000
      0.0000
      0.0000
      0.0000
      0.0000
      0.0000
      0.0000
      0.0000
      0.0000
      0.0000
      0.0000
      0.0000
      0.0000
      0.0000
      0.0000
      0.0000
      0.0000
      0.0000
      0.0000
      0.0000
      0.0000
      0.0000
      0.0000
      0.0000
      0.0000
      0.0000
      0.0000
      0.0000
      0.0000
      0.0000
      0.0000
      0.0000
      0.0000
      0.0000
      0.0000
      0.0000
      0.0000
      0.0000
      0.0000
      0.0001
      0.0005
      0.0006
      0.0002
      0.0000
      0.0000
      0.0000
      0.0000
      0.0019
      0.0010
      0.0001
      0.0000
      0.0000
      0.0000
      0.0000
      0.0000
      0.0000
      0.0000
      0.0000
      0.0009
      0.0051
      0.0073
      0.0026
      0.0002
      0.0000
      0.0000
      0.0000
      0.2577
      0.1288
      0.0161
      0.0005
      0.0000
      0.0000
      0.0000
      0.0000
      0.0000
      0.0000
      0.0001
      0.0018
      0.0127
      0.0224
      0.0099
      0.0011
      0.0000
      0.0000
      0.0000
      8.3558
      4.1779
      0.5209
      0.0161
      0.0001
      0.0000
      0.0000
      0.0000
      0.0000
      0.0000
      0.0000
      0.0009
      0.0079
      0.0170
      0.0092
      0.0012
      0.0001
      0.0001
      0.0002
     67.0234
     33.5117
      4.1779
      0.1288
      0.0010
      0.0000
      0.0000
      0.0000
      0.0000
      0.0000
      0.0000
      0.0001
      0.0012
      0.0033
      0.0024
      0.0007
      0.0014
      0.0101
      0.0202
    134.0468
     67.0234
      8.3558
      0.2577
      0.0019
      0.0000
      0.0000
      0.0000
      0.0000
      0.0000
      0.0000
      0.0000
      0.0002
      0.0024
      0.0112
      0.0150
      0.0453
      0.3283
      0.6558
     67.0234
     33.5117
      4.1779
      0.1288
      0.0010
      0.0000
      0.0001
      0.0003
      0.0002
      0.0000
      0.0000
      0.0000
      0.0008
      0.0185
      0.1076
      0.1661
      0.3848
      2.6353
      5.2601
      8.3558
      4.1779
      0.5209
      0.0161
      0.0002
      0.0015
      0.0112
      0.0212
      0.0101
      0.0012
      0.0000
      0.0000
      0.0014
      0.0386
      0.2615
      0.4620
      0.8426
      5.2797
     10.5206
      0.2577
      0.1288
      0.0161
      0.0005
      0.0013
      0.0329
      0.2208
      0.3705
      0.1555
      0.0163
      0.0004
      0.0000
      0.0006
      0.0201
      0.1589
      0.3230
      0.4819
      2.6488
      5.2609
      0.0019
      0.0010
      0.0001
      0.0004
      0.0102
      0.1870
      1.0847
      1.6053
      0.5949
      0.0549
      0.0013
      0.0000
      0.0001
      0.0026
      0.0241
      0.0566
      0.0726
      0.3324
      0.6561
      0.0000
      0.0000
      0.0003
      0.0070
      0.0541
      0.3177
      1.3514
      1.7402
      0.5692
      0.0464
      0.0009
      0.0000
      0.0000
      0.0001
      0.0009
      0.0025
      0.0029
      0.0105
      0.0204
      0.0000
      0.0000
      0.0015
      0.0317
      0.1728
      0.3163
      0.5331
      0.5911
      0.1980
      0.0181
      0.0004
      0.0000
      0.0000
      0.0000
      0.0000
      0.0001
      0.0014
      0.0111
      0.0221
      0.0000
      0.0000
      0.0020
      0.0367
      0.1734
      0.3994
      1.8233
      3.7762
      2.0208
      0.2706
      0.0090
      0.0001
      0.0000
      0.0000
      0.0000
      0.0014
      0.0444
      0.3565
      0.7131
      0.0000
      0.0000
      0.0007
      0.0109
      0.0879
      1.6557
     13.9527
     30.0070
     16.1445
      2.1664
      0.0720
      0.0006
      0.0000
      0.0000
      0.0001
      0.0110
      0.3565
      2.8598
      5.7197
      0.0000
      0.0000
      0.0001
      0.0022
      0.0976
      3.2339
     27.8851
     60.0117
     32.2887
      4.3329
      0.1439
      0.0012
      0.0000
      0.0000
      0.0002
      0.0220
      0.7131
      5.7197
     11.4393
