      0.2538
      0.2777
      0.3246
      0.3439
      0.3054
      0.2261
      0.1538
      0.1330
      0.1819
      0.2830
      0.3851
      0.4275
      0.3822
      0.2743
      0.1580
      0.0732
      0.0280
      0.0099
      0.0056
      0.2581
      0.2786
      0.3175
      0.3288
      0.2869
      0.2093
      0.1406
      0.1208
      0.1660
      0.2608
      0.3593
      0.4051
      0.3688
      0.2705
      0.1598
      0.0762
      0.0299
      0.0108
      0.0061
      0.2804
      0.2905
      0.3048
      0.2922
      0.2401
      0.1673
      0.1084
      0.0918
      0.1281
      0.2074
      0.2969
      0.3506
      0.3372
      0.2633
      0.1668
      0.0860
      0.0364
      0.0138
      0.0078
      0.3868
      0.3744
      0.3360
      0.2725
      0.1947
      0.1223
      0.0743
      0.0621
      0.0893
      0.1517
      0.2313
      0.2951
      0.3097
      0.2658
      0.1863
      0.1066
      0.0502
      0.0210
      0.0125
      0.7800
      0.7150
      0.5522
      0.3624
      0.2053
      0.1045
      0.0555
      0.0450
      0.0654
      0.1152
      0.1890
      0.2648
      0.3078
      0.2935
      0.2288
      0.1462
      0.0777
      0.0375
      0.0248
      1.8198
      1.6373
      1.1933
      0.7068
      0.3443
      0.1446
      0.0631
      0.0443
      0.0580
      0.0997
      0.1716
      0.2609
      0.3323
      0.3482
      0.2997
      0.2138
      0.1300
      0.0748
      0.0562
      3.8196
      3.4226
      2.4624
      1.4233
      0.6651
      0.2601
      0.0997
      0.0563
      0.0598
      0.0935
      0.1632
      0.2643
      0.3648
      0.4187
      0.3999
      0.3230
      0.2291
      0.1579
      0.1321
      6.5966
      5.9066
      4.2395
      2.4398
      1.1314
      0.4358
      0.1596
      0.0790
      0.0679
      0.0906
      0.1536
      0.2630
      0.3968
      0.5063
      0.5457
      0.5044
      0.4145
      0.3298
      0.2957
      9.1792
      8.2184
      5.8978
      3.3951
      1.5795
      0.6184
      0.2391
      0.1258
      0.0986
      0.1044
      0.1540
      0.2691
      0.4454
      0.6361
      0.7698
      0.7964
      0.7270
      0.6308
      0.5872
     10.2498
      9.1781
      6.5921
      3.8096
      1.8034
      0.7578
      0.3586
      0.2404
      0.1955
      0.1690
      0.1888
      0.3016
      0.5251
      0.8151
      1.0690
      1.1864
      1.1490
      1.0425
      0.9883
      9.1792
      8.2244
      5.9259
      3.4709
      1.7348
      0.8741
      0.5803
      0.4945
      0.4182
      0.3234
      0.2760
      0.3579
      0.6082
      0.9821
      1.3465
      1.5526
      1.5515
      1.4405
      1.3782
      6.5966
      5.9233
      4.3156
      2.6388
      1.5259
      1.0645
      0.9745
      0.9368
      0.7945
      0.5762
      0.4080
      0.4103
      0.6343
      1.0303
      1.4473
      1.7084
      1.7412
      1.6406
      1.5789
      3.8196
      3.4576
      2.6182
      1.8164
      1.4134
      1.4054
      1.5300
      1.5128
      1.2575
      0.8704
      0.5445
      0.4278
      0.5665
      0.9026
      1.2883
      1.5516
      1.6118
      1.5422
      1.4938
      1.8198
      1.6972
      1.4534
      1.3403
      1.5010
      1.8406
      2.0973
      2.0415
      1.6473
      1.0967
      0.6303
      0.3992
      0.4286
      0.6522
      0.9452
      1.1709
      1.2562
      1.2387
      1.2159
      0.7800
      0.7989
      0.9097
      1.2066
      1.6896
      2.1951
      2.4665
      2.3283
      1.8214
      1.1746
      0.6374
      0.3400
      0.2826
      0.3967
      0.5927
      0.7830
      0.9106
      0.9689
      0.9832
      0.3868
      0.4715
      0.7438
      1.2143
      1.8043
      2.3201
      2.5337
      2.3261
      1.7798
      1.1268
      0.5931
      0.2820
      0.1791
      0.2255
      0.3685
      0.5672
      0.7777
      0.9430
      1.0065
      0.2804
      0.3856
      0.7011
      1.1974
      1.7660
      2.2224
      2.3811
      2.1625
      1.6510
      1.0493
      0.5525
      0.2503
      0.1313
      0.1534
      0.2963
      0.5547
      0.8880
      1.1852
      1.3062
      0.2581
      0.3632
      0.6704
      1.1348
      1.6475
      2.0497
      2.1917
      2.0063
      1.5559
      1.0089
      0.5415
      0.2452
      0.1207
      0.1417
      0.3101
      0.6422
      1.0943
      1.5095
      1.6807
      0.2538
      0.3566
      0.6544
      1.0991
      1.5859
      1.9689
      2.1118
      1.9478
      1.5264
      1.0011
      0.5430
      0.2474
      0.1211
      0.1443
      0.3268
      0.6919
      1.1942
      1.6578
      1.8494
