      0.0624
      0.0831
      0.1257
      0.1486
      0.1301
      0.0907
      0.0618
      0.0503
      0.0485
      0.0549
      0.0674
      0.0726
      0.0594
      0.0351
      0.0148
      0.0044
      0.0009
      0.0001
      0.0000
      0.0663
      0.0857
      0.1240
      0.1413
      0.1197
      0.0808
      0.0533
      0.0426
      0.0413
      0.0482
      0.0616
      0.0692
      0.0595
      0.0373
      0.0169
      0.0055
      0.0013
      0.0002
      0.0001
      0.0692
      0.0841
      0.1106
      0.1160
      0.0909
      0.0565
      0.0342
      0.0261
      0.0263
      0.0343
      0.0506
      0.0660
      0.0665
      0.0497
      0.0272
      0.0108
      0.0031
      0.0007
      0.0002
      0.0635
      0.0711
      0.0818
      0.0766
      0.0543
      0.0305
      0.0168
      0.0126
      0.0148
      0.0260
      0.0510
      0.0846
      0.1058
      0.0966
      0.0635
      0.0300
      0.0101
      0.0026
      0.0009
      0.0833
      0.0789
      0.0658
      0.0466
      0.0271
      0.0136
      0.0081
      0.0080
      0.0127
      0.0300
      0.0739
      0.1448
      0.2070
      0.2115
      0.1538
      0.0797
      0.0300
      0.0093
      0.0047
      0.2530
      0.2158
      0.1348
      0.0628
      0.0233
      0.0095
      0.0081
      0.0110
      0.0174
      0.0406
      0.1069
      0.2264
      0.3476
      0.3798
      0.2956
      0.1664
      0.0737
      0.0350
      0.0268
      0.8120
      0.6837
      0.4081
      0.1731
      0.0540
      0.0172
      0.0136
      0.0170
      0.0223
      0.0449
      0.1194
      0.2667
      0.4338
      0.5041
      0.4241
      0.2760
      0.1756
      0.1498
      0.1516
      1.9262
      1.6201
      0.9636
      0.4054
      0.1231
      0.0339
      0.0196
      0.0206
      0.0222
      0.0368
      0.0968
      0.2278
      0.3956
      0.5001
      0.4864
      0.4384
      0.4828
      0.6143
      0.6882
      3.2384
      2.7237
      1.6196
      0.6807
      0.2053
      0.0526
      0.0241
      0.0216
      0.0196
      0.0243
      0.0587
      0.1469
      0.2835
      0.4235
      0.5606
      0.8178
      1.3369
      1.9771
      2.2817
      3.8503
      3.2384
      1.9258
      0.8103
      0.2468
      0.0684
      0.0379
      0.0366
      0.0309
      0.0242
      0.0347
      0.0871
      0.2042
      0.4082
      0.7856
      1.5786
      2.9950
      4.6277
      5.3868
      3.2384
      2.7240
      1.6218
      0.6892
      0.2290
      0.1030
      0.1039
      0.1141
      0.0953
      0.0597
      0.0397
      0.0688
      0.1898
      0.4776
      1.1151
      2.4991
      4.9383
      7.7237
      9.0143
      1.9262
      1.6221
      0.9750
      0.4443
      0.2221
      0.2264
      0.3032
      0.3305
      0.2653
      0.1551
      0.0747
      0.0715
      0.1873
      0.5122
      1.2711
      2.9292
      5.8394
      9.1562
     10.6925
      0.8120
      0.6914
      0.4498
      0.3024
      0.3470
      0.5286
      0.7018
      0.7180
      0.5456
      0.3027
      0.1276
      0.0730
      0.1505
      0.4195
      1.0653
      2.4720
      4.9257
      7.7147
      9.0058
      0.2530
      0.2376
      0.2472
      0.3843
      0.6789
      1.0302
      1.2469
      1.1725
      0.8351
      0.4399
      0.1716
      0.0671
      0.0912
      0.2497
      0.6465
      1.5100
      3.0062
      4.7002
      5.4833
      0.0833
      0.1231
      0.2871
      0.6444
      1.1525
      1.6096
      1.7763
      1.5484
      1.0454
      0.5317
      0.1999
      0.0618
      0.0447
      0.1130
      0.3117
      0.7662
      1.5663
      2.4746
      2.8945
      0.0635
      0.1352
      0.3975
      0.9045
      1.5534
      2.0755
      2.2251
      1.9282
      1.3214
      0.6911
      0.2675
      0.0773
      0.0284
      0.0605
      0.2167
      0.6468
      1.4612
      2.4067
      2.8461
      0.0692
      0.1512
      0.4413
      0.9858
      1.6949
      2.3528
      2.7200
      2.5852
      1.9317
      1.0846
      0.4437
      0.1310
      0.0382
      0.0765
      0.3388
      1.1292
      2.6746
      4.4875
      5.3321
      0.0663
      0.1409
      0.4008
      0.8990
      1.6281
      2.5045
      3.2704
      3.4424
      2.7572
      1.6171
      0.6801
      0.2042
      0.0586
      0.1186
      0.5433
      1.8378
      4.3790
      7.3640
      8.7553
      0.0624
      0.1304
      0.3671
      0.8321
      1.5677
      2.5609
      3.5371
      3.8672
      3.1654
      1.8788
      0.7955
      0.2398
      0.0690
      0.1400
      0.6435
      2.1792
      5.1953
      8.7385
     10.3901
