      0.0000
      0.0000
      0.0000
      0.0000
      0.0000
      0.0000
      0.0000
      0.0000
      0.0000
      0.0000
      0.0000
      0.0000
      0.0000
      0.0000
      0.0000
      0.0000
      0.0000
      0.0000
      0.0000
      0.0000
      0.0000
      0.0000
      0.0000
      0.0000
      0.0000
      0.0000
      0.0000
      0.0000
      0.0000
      0.0000
      0.0000
      0.0000
      0.0000
      0.0000
      0.0000
      0.0000
      0.0000
      0.0000
      0.0000
      0.0000
      0.0000
      0.0000
      0.0000
      0.0000
      0.0000
      0.0000
      0.0000
      0.0000
      0.0000
      0.0000
      0.0000
      0.0000
      0.0000
      0.0000
      0.0000
      0.0000
      0.0000
      0.0000
      0.0000
      0.0000
      0.0000
      0.0000
      0.0000
      0.0000
      0.0000
      0.0000
      0.0000
      0.0000
      0.0000
      0.0000
      0.0000
      0.0000
      0.0000
      0.0000
      0.0000
      0.0000
      0.0000
      0.0000
      0.0000
      0.0000
      0.0000
      0.0000
      0.0000
      0.0000
      0.0000
      0.0000
      0.0000
      0.0000
      0.0000
      0.0000
      0.0000
      0.0000
      0.0000
      0.0000
      0.0000
      0.0011
      0.0006
      0.0001
      0.0000
      0.0000
      0.0000
      0.0000
      0.0000
      0.0000
      0.0000
      0.0000
      0.0000
      0.0001
      0.0001
      0.0000
      0.0000
      0.0000
      0.0000
      0.0000
      0.1506
      0.0753
      0.0094
      0.0003
      0.0000
      0.0000
      0.0000
      0.0000
      0.0000
      0.0000
      0.0000
      0.0000
      0.0002
      0.0004
      0.0002
      0.0000
      0.0000
      0.0000
      0.0000
      4.8823
      2.4411
      0.3043
      0.0094
      0.0001
      0.0000
      0.0000
      0.0000
      0.0000
      0.0000
      0.0000
      0.0000
      0.0001
      0.0003
      0.0002
      0.0000
      0.0000
      0.0003
      0.0006
     39.1617
     19.5808
      2.4411
      0.0753
      0.0006
      0.0000
      0.0000
      0.0000
      0.0000
      0.0000
      0.0000
      0.0000
      0.0000
      0.0001
      0.0003
      0.0004
      0.0052
      0.0408
      0.0816
     78.3233
     39.1617
      4.8823
      0.1506
      0.0011
      0.0000
      0.0000
      0.0000
      0.0000
      0.0000
      0.0000
      0.0000
      0.0001
      0.0018
      0.0089
      0.0161
      0.1685
      1.3227
      2.6446
     39.1617
     19.5808
      2.4411
      0.0753
      0.0006
      0.0000
      0.0001
      0.0002
      0.0001
      0.0000
      0.0000
      0.0000
      0.0006
      0.0148
      0.0863
      0.1656
      1.3680
     10.6108
     21.2127
      4.8823
      2.4411
      0.3043
      0.0094
      0.0001
      0.0012
      0.0089
      0.0170
      0.0081
      0.0010
      0.0000
      0.0000
      0.0011
      0.0309
      0.2096
      0.4349
      2.7942
     21.2284
     42.4256
      0.1506
      0.0753
      0.0094
      0.0003
      0.0010
      0.0264
      0.1766
      0.2963
      0.1243
      0.0130
      0.0003
      0.0000
      0.0005
      0.0161
      0.1273
      0.2910
      1.4455
     10.6214
     21.2133
      0.0011
      0.0006
      0.0001
      0.0006
      0.0100
      0.1528
      0.8689
      1.2840
      0.4757
      0.0439
      0.0010
      0.0000
      0.0001
      0.0021
      0.0193
      0.0493
      0.1902
      1.3259
      2.6448
      0.0000
      0.0000
      0.0004
      0.0103
      0.0723
      0.2987
      1.0976
      1.3926
      0.4549
      0.0371
      0.0007
      0.0000
      0.0000
      0.0001
      0.0007
      0.0021
      0.0065
      0.0418
      0.0832
      0.0000
      0.0000
      0.0022
      0.0471
      0.2536
      0.4011
      0.4351
      0.3867
      0.1099
      0.0080
      0.0001
      0.0000
      0.0000
      0.0000
      0.0000
      0.0004
      0.0138
      0.1102
      0.2203
      0.0000
      0.0000
      0.0030
      0.0545
      0.2491
      0.2930
      0.1366
      0.0981
      0.0427
      0.0053
      0.0002
      0.0000
      0.0000
      0.0000
      0.0001
      0.0137
      0.4441
      3.5623
      7.1245
      0.0000
      0.0000
      0.0010
      0.0158
      0.0627
      0.0897
      0.2657
      0.5401
      0.2900
      0.0389
      0.0013
      0.0000
      0.0000
      0.0000
      0.0008
      0.1099
      3.5623
     28.5736
     57.1472
      0.0000
      0.0000
      0.0002
      0.0023
      0.0093
      0.0644
      0.5021
      1.0777
      0.5798
      0.0778
      0.0026
      0.0000
      0.0000
      0.0000
      0.0017
      0.2197
      7.1245
     57.1472
    114.2944
