      0.2293
      0.2483
      0.2851
      0.2980
      0.2624
      0.1925
      0.1275
      0.1028
      0.1320
      0.2016
      0.2745
      0.3066
      0.2766
      0.2008
      0.1174
      0.0556
      0.0219
      0.0083
      0.0050
      0.2320
      0.2483
      0.2784
      0.2846
      0.2463
      0.1782
      0.1170
      0.0944
      0.1227
      0.1904
      0.2641
      0.3018
      0.2799
      0.2101
      0.1277
      0.0631
      0.0259
      0.0099
      0.0058
      0.2516
      0.2589
      0.2676
      0.2533
      0.2065
      0.1431
      0.0918
      0.0754
      0.1027
      0.1675
      0.2460
      0.3011
      0.3025
      0.2482
      0.1662
      0.0908
      0.0409
      0.0164
      0.0095
      0.3567
      0.3431
      0.3033
      0.2418
      0.1707
      0.1074
      0.0673
      0.0593
      0.0882
      0.1544
      0.2466
      0.3328
      0.3712
      0.3388
      0.2518
      0.1520
      0.0750
      0.0323
      0.0194
      0.7488
      0.6845
      0.5243
      0.3400
      0.1910
      0.0995
      0.0592
      0.0571
      0.0892
      0.1623
      0.2776
      0.4078
      0.4959
      0.4918
      0.3954
      0.2575
      0.1371
      0.0642
      0.0410
      1.7812
      1.6015
      1.1650
      0.6888
      0.3373
      0.1485
      0.0774
      0.0698
      0.1016
      0.1802
      0.3181
      0.4939
      0.6378
      0.6715
      0.5735
      0.3985
      0.2292
      0.1193
      0.0828
      3.7602
      3.3691
      2.4237
      1.4026
      0.6610
      0.2704
      0.1221
      0.0905
      0.1123
      0.1856
      0.3299
      0.5333
      0.7240
      0.8051
      0.7313
      0.5476
      0.3480
      0.2081
      0.1596
      6.5041
      5.8239
      4.1811
      2.4094
      1.1250
      0.4472
      0.1834
      0.1120
      0.1142
      0.1686
      0.2959
      0.4964
      0.7123
      0.8467
      0.8335
      0.6904
      0.5006
      0.3520
      0.2973
      9.0541
      8.1066
      5.8186
      3.3521
      1.5647
      0.6207
      0.2498
      0.1405
      0.1205
      0.1471
      0.2392
      0.4123
      0.6346
      0.8256
      0.9046
      0.8487
      0.7093
      0.5750
      0.5208
     10.1109
      9.0536
      6.5020
      3.7552
      1.7716
      0.7326
      0.3301
      0.2086
      0.1687
      0.1593
      0.2047
      0.3386
      0.5588
      0.8064
      0.9896
      1.0416
      0.9725
      0.8649
      0.8151
      9.0541
      8.1110
      5.8388
      3.4052
      1.6705
      0.7903
      0.4709
      0.3726
      0.3082
      0.2434
      0.2238
      0.3070
      0.5145
      0.8037
      1.0729
      1.2191
      1.2155
      1.1359
      1.0919
      6.5041
      5.8366
      4.2379
      2.5544
      1.4052
      0.8831
      0.7357
      0.6778
      0.5662
      0.4101
      0.2955
      0.3058
      0.4748
      0.7653
      1.0716
      1.2716
      1.3148
      1.2622
      1.2263
      3.7602
      3.3966
      2.5443
      1.7009
      1.2172
      1.1042
      1.1428
      1.1061
      0.9104
      0.6270
      0.3913
      0.3066
      0.4045
      0.6450
      0.9279
      1.1361
      1.2109
      1.1921
      1.1705
      1.7812
      1.6500
      1.3739
      1.1911
      1.2417
      1.4566
      1.6262
      1.5686
      1.2609
      0.8382
      0.4796
      0.2966
      0.3077
      0.4664
      0.6897
      0.8862
      1.0008
      1.0397
      1.0450
      0.7488
      0.7552
      0.8245
      1.0470
      1.4327
      1.8500
      2.0849
      1.9836
      1.5689
      1.0243
      0.5598
      0.2905
      0.2219
      0.3050
      0.4813
      0.6968
      0.9016
      1.0502
      1.1048
      0.3567
      0.4291
      0.6668
      1.0924
      1.6543
      2.1891
      2.4743
      2.3582
      1.8745
      1.2314
      0.6681
      0.3163
      0.1821
      0.2213
      0.4038
      0.7132
      1.0976
      1.4336
      1.5692
      0.2516
      0.3488
      0.6504
      1.1584
      1.8092
      2.4374
      2.8091
      2.7397
      2.2326
      1.5024
      0.8290
      0.3845
      0.1928
      0.2202
      0.4632
      0.9380
      1.5795
      2.1661
      2.4075
      0.2320
      0.3347
      0.6508
      1.1836
      1.8820
      2.5939
      3.0712
      3.0798
      2.5756
      1.7725
      0.9954
      0.4640
      0.2258
      0.2573
      0.5744
      1.2160
      2.1005
      2.9177
      3.2555
      0.2293
      0.3320
      0.6487
      1.1858
      1.9008
      2.6493
      3.1762
      3.2232
      2.7234
      1.8901
      1.0684
      0.4999
      0.2428
      0.2778
      0.6280
      1.3406
      2.3265
      3.2390
      3.6165
