      0.0824
      0.0903
      0.1082
      0.1250
      0.1359
      0.1460
      0.1638
      0.1960
      0.2468
      0.3126
      0.3704
      0.3835
      0.3322
      0.2352
      0.1347
      0.0623
      0.0238
      0.0084
      0.0048
      0.0873
      0.0940
      0.1086
      0.1213
      0.1281
      0.1344
      0.1487
      0.1772
      0.2242
      0.2869
      0.3445
      0.3623
      0.3197
      0.2312
      0.1357
      0.0646
      0.0253
      0.0091
      0.0051
      0.1144
      0.1160
      0.1180
      0.1159
      0.1101
      0.1068
      0.1130
      0.1332
      0.1712
      0.2260
      0.2824
      0.3114
      0.2902
      0.2234
      0.1406
      0.0723
      0.0307
      0.0118
      0.0068
      0.2249
      0.2115
      0.1773
      0.1359
      0.1011
      0.0813
      0.0782
      0.0908
      0.1194
      0.1647
      0.2188
      0.2605
      0.2648
      0.2242
      0.1562
      0.0895
      0.0429
      0.0190
      0.0122
      0.5876
      0.5326
      0.3981
      0.2499
      0.1396
      0.0817
      0.0644
      0.0708
      0.0920
      0.1286
      0.1804
      0.2340
      0.2631
      0.2476
      0.1926
      0.1248
      0.0706
      0.0402
      0.0310
      1.4964
      1.3432
      0.9724
      0.5715
      0.2812
      0.1319
      0.0811
      0.0768
      0.0903
      0.1185
      0.1677
      0.2322
      0.2851
      0.2953
      0.2561
      0.1918
      0.1351
      0.1027
      0.0931
      3.2075
      2.8733
      2.0661
      1.1965
      0.5691
      0.2441
      0.1250
      0.0982
      0.0999
      0.1177
      0.1625
      0.2360
      0.3137
      0.3585
      0.3537
      0.3187
      0.2875
      0.2752
      0.2738
      5.5650
      4.9831
      3.5784
      2.0656
      0.9730
      0.4020
      0.1841
      0.1232
      0.1091
      0.1148
      0.1530
      0.2340
      0.3423
      0.4431
      0.5139
      0.5654
      0.6215
      0.6790
      0.7050
      7.7513
      6.9405
      4.9834
      2.8762
      1.3543
      0.5573
      0.2496
      0.1580
      0.1285
      0.1202
      0.1489
      0.2379
      0.3889
      0.5787
      0.7836
      1.0013
      1.2315
      1.4288
      1.5095
      8.6567
      7.7520
      5.5697
      3.2242
      1.5383
      0.6663
      0.3388
      0.2421
      0.1993
      0.1673
      0.1747
      0.2666
      0.4686
      0.7748
      1.1619
      1.6106
      2.0840
      2.4761
      2.6327
      7.7513
      6.9442
      5.0016
      2.9275
      1.4637
      0.7436
      0.5052
      0.4403
      0.3778
      0.2939
      0.2486
      0.3187
      0.5552
      0.9669
      1.5289
      2.2016
      2.9087
      3.4848
      3.7123
      5.5650
      4.9930
      3.6257
      2.1968
      1.2480
      0.8613
      0.8017
      0.7916
      0.6873
      0.5077
      0.3635
      0.3682
      0.5893
      1.0395
      1.6885
      2.4786
      3.3047
      3.9694
      4.2298
      3.2075
      2.8925
      2.1568
      1.4429
      1.0735
      1.0659
      1.2038
      1.2385
      1.0632
      0.7547
      0.4814
      0.3852
      0.5328
      0.9273
      1.5319
      2.2815
      3.0639
      3.6881
      3.9311
      1.4964
      1.3734
      1.1124
      0.9422
      1.0194
      1.3020
      1.5774
      1.6199
      1.3625
      0.9361
      0.5514
      0.3586
      0.4072
      0.6844
      1.1531
      1.7578
      2.4001
      2.9151
      3.1156
      0.5876
      0.5716
      0.5756
      0.7082
      1.0264
      1.4487
      1.7675
      1.7847
      1.4695
      0.9843
      0.5498
      0.3036
      0.2740
      0.4402
      0.7797
      1.2644
      1.8162
      2.2767
      2.4591
      0.2249
      0.2538
      0.3665
      0.6137
      1.0037
      1.4406
      1.7365
      1.7264
      1.4027
      0.9274
      0.5042
      0.2504
      0.1848
      0.2959
      0.5951
      1.0950
      1.7275
      2.2878
      2.5154
      0.1144
      0.1557
      0.2939
      0.5547
      0.9288
      1.3268
      1.5892
      1.5773
      1.2858
      0.8553
      0.4655
      0.2230
      0.1521
      0.2665
      0.6234
      1.2816
      2.1661
      2.9749
      3.3078
      0.0873
      0.1288
      0.2630
      0.5061
      0.8470
      1.2106
      1.4596
      1.4667
      1.2153
      0.8234
      0.4559
      0.2204
      0.1542
      0.2968
      0.7465
      1.5998
      2.7670
      3.8445
      4.2898
      0.0824
      0.1228
      0.2526
      0.4858
      0.8126
      1.1647
      1.4128
      1.4316
      1.1974
      0.8192
      0.4579
      0.2234
      0.1597
      0.3171
      0.8105
      1.7512
      3.0423
      4.2362
      4.7300
