      0.3016
      0.3271
      0.3780
      0.4023
      0.3704
      0.2988
      0.2292
      0.1936
      0.2008
      0.2399
      0.2840
      0.2983
      0.2633
      0.1906
      0.1120
      0.0533
      0.0207
      0.0072
      0.0038
      0.2994
      0.3218
      0.3650
      0.3814
      0.3455
      0.2748
      0.2085
      0.1758
      0.1850
      0.2269
      0.2770
      0.3009
      0.2757
      0.2081
      0.1283
      0.0644
      0.0265
      0.0096
      0.0052
      0.2928
      0.3064
      0.3288
      0.3252
      0.2808
      0.2142
      0.1577
      0.1334
      0.1491
      0.2008
      0.2707
      0.3247
      0.3289
      0.2754
      0.1889
      0.1057
      0.0484
      0.0194
      0.0111
      0.3036
      0.3029
      0.2927
      0.2595
      0.2041
      0.1444
      0.1019
      0.0900
      0.1167
      0.1872
      0.2935
      0.4007
      0.4556
      0.4243
      0.3214
      0.1976
      0.0993
      0.0439
      0.0270
      0.4194
      0.3937
      0.3258
      0.2381
      0.1554
      0.0947
      0.0630
      0.0627
      0.1022
      0.1977
      0.3537
      0.5343
      0.6612
      0.6638
      0.5393
      0.3556
      0.1940
      0.0962
      0.0653
      0.8001
      0.7250
      0.5404
      0.3341
      0.1755
      0.0850
      0.0493
      0.0534
      0.1011
      0.2169
      0.4187
      0.6737
      0.8824
      0.9354
      0.8046
      0.5684
      0.3428
      0.1995
      0.1529
      1.5840
      1.4214
      1.0275
      0.6000
      0.2870
      0.1203
      0.0580
      0.0546
      0.0995
      0.2174
      0.4367
      0.7353
      1.0099
      1.1283
      1.0353
      0.8022
      0.5606
      0.4019
      0.3496
      2.6985
      2.4170
      1.7368
      1.0027
      0.4700
      0.1891
      0.0818
      0.0615
      0.0923
      0.1896
      0.3862
      0.6770
      0.9802
      1.1708
      1.1782
      1.0476
      0.8908
      0.7886
      0.7565
      3.7437
      3.3523
      2.4073
      1.3894
      0.6535
      0.2677
      0.1199
      0.0830
      0.0940
      0.1550
      0.2986
      0.5401
      0.8372
      1.1015
      1.2665
      1.3433
      1.3910
      1.4383
      1.4613
      4.1782
      3.7423
      2.6913
      1.5636
      0.7563
      0.3430
      0.1918
      0.1510
      0.1406
      0.1554
      0.2322
      0.4078
      0.6833
      1.0181
      1.3648
      1.7055
      2.0328
      2.2950
      2.3988
      3.7437
      3.3572
      2.4292
      1.4460
      0.7644
      0.4433
      0.3465
      0.3179
      0.2773
      0.2291
      0.2272
      0.3317
      0.5773
      0.9613
      1.4564
      2.0266
      2.6083
      3.0718
      3.2527
      2.6985
      2.4312
      1.7994
      1.1592
      0.7660
      0.6406
      0.6452
      0.6304
      0.5327
      0.3884
      0.2851
      0.3060
      0.5009
      0.8824
      1.4329
      2.1078
      2.8132
      3.3766
      3.5958
      1.5840
      1.4532
      1.1644
      0.9308
      0.8877
      0.9992
      1.1126
      1.0860
      0.8890
      0.6092
      0.3792
      0.2992
      0.4135
      0.7265
      1.2179
      1.8412
      2.5004
      3.0276
      3.2326
      0.8001
      0.7828
      0.7855
      0.9104
      1.1873
      1.5129
      1.7048
      1.6280
      1.2949
      0.8547
      0.4855
      0.2960
      0.3110
      0.5119
      0.8681
      1.3364
      1.8379
      2.2404
      2.3969
      0.4194
      0.4804
      0.6896
      1.0803
      1.6055
      2.1004
      2.3473
      2.2101
      1.7363
      1.1305
      0.6159
      0.3125
      0.2264
      0.3132
      0.5297
      0.8386
      1.1820
      1.4628
      1.5728
      0.3036
      0.4113
      0.7472
      1.3116
      2.0185
      2.6657
      2.9990
      2.8523
      2.2709
      1.4983
      0.8158
      0.3795
      0.1929
      0.1905
      0.3163
      0.5366
      0.8055
      1.0370
      1.1297
      0.2928
      0.4226
      0.8213
      1.4848
      2.3278
      3.1422
      3.6332
      3.5618
      2.9216
      1.9797
      1.0981
      0.5019
      0.2129
      0.1498
      0.2423
      0.4561
      0.7449
      1.0063
      1.1134
      0.2994
      0.4355
      0.8552
      1.5652
      2.5034
      3.4737
      4.1432
      4.1852
      3.5236
      2.4391
      1.3745
      0.6306
      0.2547
      0.1546
      0.2471
      0.4947
      0.8438
      1.1663
      1.2995
      0.3016
      0.4382
      0.8611
      1.5841
      2.5583
      3.5953
      4.3457
      4.4423
      3.7766
      2.6339
      1.4925
      0.6866
      0.2752
      0.1623
      0.2589
      0.5258
      0.9055
      1.2578
      1.4035
