      0.0003
      0.0007
      0.0016
      0.0022
      0.0016
      0.0007
      0.0004
      0.0005
      0.0014
      0.0052
      0.0128
      0.0171
      0.0124
      0.0049
      0.0010
      0.0001
      0.0000
      0.0000
      0.0000
      0.0004
      0.0008
      0.0019
      0.0023
      0.0016
      0.0007
      0.0003
      0.0004
      0.0011
      0.0043
      0.0113
      0.0163
      0.0129
      0.0056
      0.0013
      0.0002
      0.0000
      0.0000
      0.0000
      0.0005
      0.0010
      0.0019
      0.0020
      0.0012
      0.0004
      0.0002
      0.0002
      0.0005
      0.0024
      0.0072
      0.0123
      0.0118
      0.0063
      0.0019
      0.0003
      0.0000
      0.0000
      0.0000
      0.0007
      0.0009
      0.0012
      0.0011
      0.0005
      0.0002
      0.0000
      0.0000
      0.0002
      0.0010
      0.0043
      0.0109
      0.0159
      0.0133
      0.0064
      0.0017
      0.0002
      0.0000
      0.0000
      0.0112
      0.0084
      0.0036
      0.0010
      0.0002
      0.0000
      0.0000
      0.0000
      0.0001
      0.0012
      0.0080
      0.0286
      0.0558
      0.0591
      0.0340
      0.0106
      0.0018
      0.0002
      0.0000
      0.1830
      0.1345
      0.0534
      0.0114
      0.0013
      0.0001
      0.0001
      0.0001
      0.0003
      0.0023
      0.0172
      0.0695
      0.1510
      0.1772
      0.1124
      0.0384
      0.0071
      0.0008
      0.0003
      1.6057
      1.1801
      0.4680
      0.0998
      0.0114
      0.0007
      0.0002
      0.0003
      0.0004
      0.0027
      0.0214
      0.0948
      0.2260
      0.2907
      0.2022
      0.0763
      0.0173
      0.0064
      0.0066
      7.5321
      5.5357
      2.1951
      0.4680
      0.0533
      0.0033
      0.0004
      0.0004
      0.0004
      0.0017
      0.0145
      0.0702
      0.1838
      0.2609
      0.2029
      0.0932
      0.0520
      0.0806
      0.1059
     18.9950
     13.9605
      5.5357
      1.1801
      0.1345
      0.0083
      0.0006
      0.0005
      0.0004
      0.0007
      0.0054
      0.0292
      0.0886
      0.1548
      0.1691
      0.1662
      0.3166
      0.6923
      0.9282
     25.8450
     18.9950
      7.5321
      1.6057
      0.1832
      0.0123
      0.0038
      0.0050
      0.0040
      0.0018
      0.0018
      0.0116
      0.0581
      0.1827
      0.3648
      0.6223
      1.4720
      3.2546
      4.3577
     18.9950
     13.9605
      5.5358
      1.1805
      0.1379
      0.0248
      0.0438
      0.0613
      0.0466
      0.0191
      0.0052
      0.0136
      0.0968
      0.3918
      0.9192
      1.6726
      3.8221
      8.2568
     11.0096
      7.5321
      5.5358
      2.1953
      0.4712
      0.0807
      0.1277
      0.3062
      0.4069
      0.2924
      0.1134
      0.0246
      0.0177
      0.1224
      0.5370
      1.3470
      2.4936
      5.4072
     11.3311
     15.0229
      1.6057
      1.1802
      0.4692
      0.1153
      0.1291
      0.4995
      1.1548
      1.4502
      0.9853
      0.3613
      0.0718
      0.0173
      0.0858
      0.4017
      1.0719
      2.0236
      4.1674
      8.4263
     11.0888
      0.1830
      0.1348
      0.0580
      0.0554
      0.2842
      1.0904
      2.3579
      2.7909
      1.7924
      0.6217
      0.1160
      0.0150
      0.0328
      0.1622
      0.4609
      0.8923
      1.7527
      3.4030
      4.4362
      0.0112
      0.0094
      0.0156
      0.0828
      0.4048
      1.3448
      2.6689
      2.9699
      1.8088
      0.5970
      0.1061
      0.0107
      0.0070
      0.0353
      0.1080
      0.2246
      0.4559
      0.8825
      1.1469
      0.0007
      0.0030
      0.0221
      0.1097
      0.4005
      1.1073
      2.0465
      2.2476
      1.3909
      0.4759
      0.0893
      0.0092
      0.0012
      0.0048
      0.0253
      0.1336
      0.5484
      1.3455
      1.8227
      0.0005
      0.0034
      0.0242
      0.1098
      0.3917
      1.1960
      2.5854
      3.3384
      2.4134
      0.9565
      0.2058
      0.0238
      0.0016
      0.0037
      0.0577
      0.5010
      2.3448
      5.9104
      8.0412
      0.0004
      0.0024
      0.0172
      0.0954
      0.5044
      2.0787
      5.1953
      7.2133
      5.4497
      2.2267
      0.4898
      0.0576
      0.0039
      0.0088
      0.1434
      1.2589
      5.9051
     14.8918
     20.2622
      0.0003
      0.0016
      0.0126
      0.0895
      0.5981
      2.7001
      6.9308
      9.7089
      7.3644
      3.0160
      0.6643
      0.0782
      0.0053
      0.0119
      0.1951
      1.7128
      8.0345
     20.2619
     27.5689
