      0.2373
      0.2595
      0.3058
      0.3352
      0.3252
      0.2876
      0.2478
      0.2190
      0.2004
      0.1887
      0.1799
      0.1649
      0.1359
      0.0954
      0.0554
      0.0264
      0.0106
      0.0042
      0.0026
      0.2372
      0.2565
      0.2957
      0.3176
      0.3028
      0.2638
      0.2249
      0.1983
      0.1833
      0.1766
      0.1741
      0.1660
      0.1426
      0.1047
      0.0639
      0.0321
      0.0136
      0.0054
      0.0033
      0.2398
      0.2509
      0.2704
      0.2720
      0.2456
      0.2049
      0.1700
      0.1502
      0.1446
      0.1512
      0.1660
      0.1774
      0.1705
      0.1397
      0.0952
      0.0534
      0.0248
      0.0104
      0.0063
      0.2787
      0.2748
      0.2593
      0.2269
      0.1827
      0.1408
      0.1136
      0.1042
      0.1111
      0.1348
      0.1741
      0.2156
      0.2352
      0.2157
      0.1628
      0.1007
      0.0518
      0.0245
      0.0162
      0.4663
      0.4322
      0.3458
      0.2430
      0.1571
      0.1040
      0.0823
      0.0830
      0.1008
      0.1399
      0.2052
      0.2835
      0.3392
      0.3371
      0.2746
      0.1847
      0.1068
      0.0607
      0.0463
      1.0038
      0.9058
      0.6673
      0.4066
      0.2153
      0.1167
      0.0858
      0.0893
      0.1110
      0.1574
      0.2418
      0.3548
      0.4510
      0.4765
      0.4166
      0.3098
      0.2117
      0.1530
      0.1349
      2.0648
      1.8516
      1.3366
      0.7822
      0.3844
      0.1831
      0.1161
      0.1090
      0.1241
      0.1655
      0.2537
      0.3864
      0.5175
      0.5835
      0.5599
      0.4838
      0.4150
      0.3817
      0.3743
      3.5514
      3.1810
      2.2872
      1.3266
      0.6372
      0.2833
      0.1550
      0.1244
      0.1246
      0.1510
      0.2262
      0.3567
      0.5089
      0.6293
      0.6960
      0.7409
      0.8057
      0.8828
      0.9189
      4.9380
      4.4221
      3.1775
      1.8395
      0.8766
      0.3766
      0.1866
      0.1310
      0.1153
      0.1233
      0.1753
      0.2869
      0.4482
      0.6367
      0.8533
      1.1290
      1.4656
      1.7716
      1.8985
      5.5133
      4.9378
      3.5498
      2.0584
      0.9860
      0.4289
      0.2150
      0.1478
      0.1202
      0.1094
      0.1342
      0.2201
      0.3847
      0.6474
      1.0480
      1.6267
      2.3348
      2.9606
      3.2155
      4.9380
      4.4251
      3.1902
      1.8694
      0.9294
      0.4517
      0.2745
      0.2148
      0.1744
      0.1366
      0.1270
      0.1823
      0.3425
      0.6620
      1.2185
      2.0667
      3.1155
      4.0399
      4.4151
      3.5514
      3.1904
      2.3270
      1.4197
      0.7999
      0.5118
      0.4183
      0.3719
      0.3027
      0.2166
      0.1564
      0.1701
      0.3068
      0.6350
      1.2492
      2.2118
      3.4123
      4.4723
      4.9026
      2.0648
      1.8738
      1.4296
      0.9964
      0.7511
      0.6860
      0.6814
      0.6291
      0.5001
      0.3372
      0.2078
      0.1667
      0.2566
      0.5346
      1.0849
      1.9639
      3.0676
      4.0445
      4.4414
      1.0038
      0.9477
      0.8406
      0.7990
      0.8718
      0.9937
      1.0464
      0.9545
      0.7353
      0.4749
      0.2661
      0.1645
      0.1950
      0.3897
      0.8075
      1.4908
      2.3575
      3.1279
      3.4414
      0.4663
      0.4961
      0.6080
      0.8295
      1.1230
      1.3724
      1.4501
      1.3026
      0.9857
      0.6242
      0.3340
      0.1720
      0.1476
      0.2709
      0.5827
      1.1193
      1.8160
      2.4424
      2.6986
      0.2787
      0.3545
      0.5862
      0.9573
      1.3842
      1.7212
      1.8286
      1.6534
      1.2638
      0.8089
      0.4323
      0.2057
      0.1373
      0.2321
      0.5355
      1.0955
      1.8477
      2.5354
      2.8185
      0.2398
      0.3348
      0.6170
      1.0553
      1.5564
      1.9703
      2.1443
      1.9978
      1.5766
      1.0400
      0.5685
      0.2686
      0.1644
      0.2728
      0.6647
      1.4164
      2.4451
      3.3944
      3.7867
      0.2372
      0.3364
      0.6297
      1.0873
      1.6261
      2.1070
      2.3651
      2.2786
      1.8555
      1.2570
      0.7015
      0.3351
      0.2039
      0.3415
      0.8489
      1.8316
      3.1840
      4.4353
      4.9530
      0.2373
      0.3364
      0.6293
      1.0890
      1.6397
      2.1491
      2.4467
      2.3909
      1.9712
      1.3487
      0.7584
      0.3641
      0.2223
      0.3741
      0.9336
      2.0192
      3.5144
      4.8987
      5.4716
