      0.0512
      0.0673
      0.1004
      0.1170
      0.0983
      0.0593
      0.0284
      0.0215
      0.0456
      0.1025
      0.1702
      0.2012
      0.1688
      0.1003
      0.0421
      0.0125
      0.0026
      0.0004
      0.0001
      0.0542
      0.0693
      0.0992
      0.1116
      0.0909
      0.0534
      0.0248
      0.0184
      0.0396
      0.0908
      0.1551
      0.1901
      0.1666
      0.1044
      0.0468
      0.0150
      0.0035
      0.0006
      0.0001
      0.0560
      0.0679
      0.0889
      0.0923
      0.0699
      0.0383
      0.0167
      0.0120
      0.0269
      0.0667
      0.1257
      0.1736
      0.1751
      0.1289
      0.0692
      0.0271
      0.0077
      0.0016
      0.0005
      0.0487
      0.0553
      0.0650
      0.0612
      0.0424
      0.0215
      0.0091
      0.0073
      0.0185
      0.0529
      0.1203
      0.2040
      0.2532
      0.2282
      0.1485
      0.0693
      0.0231
      0.0056
      0.0018
      0.0457
      0.0457
      0.0429
      0.0336
      0.0205
      0.0102
      0.0060
      0.0078
      0.0200
      0.0625
      0.1665
      0.3305
      0.4719
      0.4807
      0.3482
      0.1790
      0.0652
      0.0172
      0.0062
      0.0958
      0.0832
      0.0550
      0.0284
      0.0126
      0.0071
      0.0083
      0.0133
      0.0280
      0.0834
      0.2373
      0.5097
      0.7836
      0.8551
      0.6617
      0.3633
      0.1421
      0.0413
      0.0168
      0.2854
      0.2407
      0.1446
      0.0625
      0.0215
      0.0113
      0.0143
      0.0205
      0.0337
      0.0901
      0.2638
      0.5990
      0.9758
      1.1293
      0.9299
      0.5480
      0.2358
      0.0816
      0.0416
      0.6714
      0.5648
      0.3362
      0.1424
      0.0462
      0.0195
      0.0203
      0.0249
      0.0321
      0.0722
      0.2137
      0.5129
      0.8903
      1.1069
      0.9937
      0.6578
      0.3394
      0.1614
      0.1105
      1.1277
      0.9485
      0.5643
      0.2386
      0.0766
      0.0303
      0.0285
      0.0319
      0.0321
      0.0487
      0.1313
      0.3355
      0.6436
      0.9089
      0.9613
      0.7890
      0.5396
      0.3577
      0.2958
      1.3407
      1.1277
      0.6715
      0.2864
      0.1004
      0.0585
      0.0724
      0.0849
      0.0750
      0.0593
      0.0839
      0.2100
      0.4798
      0.8416
      1.1217
      1.1570
      0.9729
      0.7549
      0.6650
      1.1277
      0.9491
      0.5685
      0.2572
      0.1363
      0.1692
      0.2607
      0.3088
      0.2629
      0.1652
      0.1077
      0.1806
      0.4674
      0.9759
      1.5056
      1.7355
      1.5739
      1.2715
      1.1324
      0.6714
      0.5674
      0.3536
      0.2139
      0.2608
      0.4924
      0.7762
      0.8920
      0.7332
      0.4326
      0.2084
      0.1956
      0.4733
      1.0593
      1.7389
      2.0982
      1.9555
      1.5914
      1.4144
      0.2854
      0.2493
      0.1977
      0.2598
      0.5623
      1.1204
      1.6919
      1.8616
      1.4722
      0.8329
      0.3539
      0.2016
      0.3846
      0.8787
      1.4986
      1.8681
      1.7807
      1.4619
      1.2991
      0.0958
      0.1048
      0.1781
      0.4406
      1.0304
      1.9215
      2.7189
      2.8435
      2.1592
      1.1775
      0.4671
      0.1840
      0.2341
      0.5271
      0.9340
      1.2180
      1.2262
      1.0716
      0.9852
      0.0457
      0.0862
      0.2609
      0.7020
      1.5176
      2.5926
      3.4320
      3.4293
      2.5258
      1.3478
      0.5186
      0.1625
      0.1132
      0.2333
      0.4503
      0.6898
      0.8990
      1.0580
      1.1230
      0.0487
      0.1118
      0.3597
      0.9222
      1.8730
      3.0572
      3.9655
      3.9683
      2.9705
      1.6254
      0.6412
      0.1863
      0.0645
      0.1021
      0.2788
      0.6914
      1.4151
      2.2336
      2.6113
      0.0560
      0.1270
      0.3992
      1.0117
      2.0937
      3.5919
      4.9769
      5.3254
      4.2374
      2.4478
      1.0122
      0.2989
      0.0769
      0.0979
      0.3935
      1.2784
      2.9968
      5.0077
      5.9439
      0.0542
      0.1200
      0.3764
      0.9963
      2.2501
      4.2722
      6.4481
      7.3360
      6.0890
      3.6244
      1.5327
      0.4593
      0.1146
      0.1428
      0.6205
      2.0917
      4.9792
      8.3701
      9.9505
      0.0512
      0.1125
      0.3553
      0.9741
      2.3185
      4.6189
      7.2049
      8.3613
      7.0225
      4.2113
      1.7899
      0.5382
      0.1343
      0.1677
      0.7337
      2.4811
      5.9139
      9.9465
     11.8261
