      0.0000
      0.0000
      0.0000
      0.0000
      0.0000
      0.0000
      0.0000
      0.0000
      0.0000
      0.0000
      0.0000
      0.0000
      0.0000
      0.0000
      0.0000
      0.0000
      0.0000
      0.0000
      0.0000
      0.0000
      0.0000
      0.0000
      0.0000
      0.0000
      0.0000
      0.0000
      0.0000
      0.0000
      0.0000
      0.0000
      0.0000
      0.0000
      0.0000
      0.0000
      0.0000
      0.0000
      0.0000
      0.0000
      0.0000
      0.0000
      0.0000
      0.0000
      0.0000
      0.0000
      0.0000
      0.0000
      0.0000
      0.0000
      0.0000
      0.0000
      0.0000
      0.0000
      0.0000
      0.0000
      0.0000
      0.0000
      0.0000
      0.0000
      0.0000
      0.0000
      0.0000
      0.0000
      0.0000
      0.0000
      0.0000
      0.0000
      0.0000
      0.0000
      0.0000
      0.0000
      0.0000
      0.0000
      0.0000
      0.0000
      0.0000
      0.0000
      0.0000
      0.0000
      0.0000
      0.0000
      0.0000
      0.0000
      0.0000
      0.0000
      0.0000
      0.0000
      0.0000
      0.0001
      0.0004
      0.0005
      0.0001
      0.0000
      0.0000
      0.0000
      0.0000
      0.0009
      0.0004
      0.0001
      0.0000
      0.0000
      0.0000
      0.0000
      0.0000
      0.0000
      0.0000
      0.0000
      0.0007
      0.0042
      0.0060
      0.0021
      0.0002
      0.0000
      0.0000
      0.0000
      0.1188
      0.0594
      0.0074
      0.0002
      0.0000
      0.0000
      0.0000
      0.0000
      0.0000
      0.0000
      0.0001
      0.0015
      0.0103
      0.0182
      0.0080
      0.0009
      0.0000
      0.0000
      0.0000
      3.8525
      1.9263
      0.2401
      0.0074
      0.0001
      0.0000
      0.0000
      0.0000
      0.0000
      0.0000
      0.0000
      0.0007
      0.0064
      0.0138
      0.0075
      0.0010
      0.0000
      0.0000
      0.0000
     30.9018
     15.4509
      1.9263
      0.0594
      0.0004
      0.0000
      0.0000
      0.0000
      0.0000
      0.0000
      0.0000
      0.0001
      0.0010
      0.0027
      0.0022
      0.0008
      0.0005
      0.0028
      0.0055
     61.8037
     30.9018
      3.8525
      0.1188
      0.0009
      0.0000
      0.0000
      0.0000
      0.0000
      0.0000
      0.0000
      0.0000
      0.0002
      0.0035
      0.0168
      0.0212
      0.0177
      0.0902
      0.1792
     30.9018
     15.4509
      1.9263
      0.0594
      0.0004
      0.0000
      0.0002
      0.0005
      0.0002
      0.0000
      0.0000
      0.0000
      0.0012
      0.0281
      0.1632
      0.2394
      0.1756
      0.7265
      1.4375
      3.8525
      1.9263
      0.2401
      0.0074
      0.0001
      0.0022
      0.0170
      0.0322
      0.0153
      0.0018
      0.0001
      0.0000
      0.0021
      0.0586
      0.3967
      0.6760
      0.4626
      1.4671
      2.8758
      0.1188
      0.0594
      0.0074
      0.0002
      0.0019
      0.0498
      0.3350
      0.5623
      0.2360
      0.0247
      0.0006
      0.0000
      0.0010
      0.0305
      0.2411
      0.4776
      0.3234
      0.7473
      1.4388
      0.0009
      0.0004
      0.0001
      0.0003
      0.0132
      0.2795
      1.6442
      2.4360
      0.9028
      0.0833
      0.0019
      0.0000
      0.0001
      0.0040
      0.0366
      0.0843
      0.0593
      0.0965
      0.1797
      0.0000
      0.0000
      0.0002
      0.0044
      0.0440
      0.4235
      2.0279
      2.6380
      0.8634
      0.0704
      0.0014
      0.0000
      0.0000
      0.0001
      0.0014
      0.0037
      0.0029
      0.0037
      0.0066
      0.0000
      0.0000
      0.0009
      0.0195
      0.1104
      0.2747
      0.7047
      0.8101
      0.2566
      0.0216
      0.0005
      0.0000
      0.0000
      0.0000
      0.0000
      0.0003
      0.0088
      0.0703
      0.1405
      0.0000
      0.0000
      0.0012
      0.0225
      0.1081
      0.2920
      1.4916
      3.0878
      1.6466
      0.2201
      0.0073
      0.0001
      0.0000
      0.0000
      0.0001
      0.0088
      0.2840
      2.2778
      4.5557
      0.0000
      0.0000
      0.0004
      0.0068
      0.0631
      1.3365
     11.3279
     24.3656
     13.1092
      1.7591
      0.0584
      0.0005
      0.0000
      0.0000
      0.0005
      0.0702
      2.2778
     18.2709
     36.5418
      0.0000
      0.0000
      0.0001
      0.0015
      0.0782
      2.6251
     22.6423
     48.7290
     26.2181
      3.5182
      0.1168
      0.0009
      0.0000
      0.0000
      0.0011
      0.1405
      4.5557
     36.5418
     73.0836
