      0.0007
      0.0018
      0.0044
      0.0059
      0.0043
      0.0018
      0.0005
      0.0003
      0.0004
      0.0011
      0.0026
      0.0034
      0.0025
      0.0010
      0.0002
      0.0000
      0.0000
      0.0000
      0.0000
      0.0010
      0.0023
      0.0050
      0.0062
      0.0042
      0.0016
      0.0004
      0.0002
      0.0003
      0.0009
      0.0023
      0.0033
      0.0027
      0.0012
      0.0003
      0.0000
      0.0000
      0.0000
      0.0000
      0.0014
      0.0026
      0.0050
      0.0053
      0.0031
      0.0010
      0.0002
      0.0001
      0.0001
      0.0005
      0.0017
      0.0033
      0.0037
      0.0025
      0.0010
      0.0002
      0.0000
      0.0000
      0.0000
      0.0017
      0.0022
      0.0031
      0.0028
      0.0014
      0.0004
      0.0001
      0.0000
      0.0001
      0.0006
      0.0031
      0.0096
      0.0167
      0.0159
      0.0082
      0.0023
      0.0004
      0.0000
      0.0000
      0.0206
      0.0155
      0.0068
      0.0020
      0.0005
      0.0001
      0.0000
      0.0000
      0.0002
      0.0017
      0.0111
      0.0409
      0.0809
      0.0866
      0.0501
      0.0156
      0.0026
      0.0002
      0.0000
      0.3342
      0.2457
      0.0975
      0.0209
      0.0024
      0.0002
      0.0001
      0.0002
      0.0004
      0.0035
      0.0255
      0.1029
      0.2239
      0.2629
      0.1667
      0.0570
      0.0105
      0.0011
      0.0002
      2.9329
      2.1555
      0.8547
      0.1822
      0.0208
      0.0013
      0.0003
      0.0004
      0.0006
      0.0040
      0.0318
      0.1407
      0.3353
      0.4312
      0.2997
      0.1126
      0.0236
      0.0047
      0.0033
     13.7576
     10.1112
      4.0094
      0.8547
      0.0974
      0.0060
      0.0006
      0.0005
      0.0006
      0.0025
      0.0214
      0.1040
      0.2715
      0.3828
      0.2926
      0.1245
      0.0427
      0.0407
      0.0507
     34.6949
     25.4993
     10.1112
      2.1555
      0.2456
      0.0150
      0.0008
      0.0005
      0.0003
      0.0009
      0.0078
      0.0417
      0.1203
      0.1895
      0.1689
      0.1123
      0.1569
      0.3295
      0.4401
     47.2067
     34.6949
     13.7576
      2.9329
      0.3342
      0.0205
      0.0015
      0.0012
      0.0009
      0.0005
      0.0017
      0.0100
      0.0358
      0.0783
      0.1218
      0.2262
      0.6587
      1.5307
      2.0589
     34.6949
     25.4993
     10.1112
      2.1556
      0.2463
      0.0182
      0.0092
      0.0123
      0.0093
      0.0038
      0.0012
      0.0036
      0.0224
      0.0857
      0.2143
      0.5353
      1.6537
      3.8542
      5.1860
     13.7576
     10.1112
      4.0095
      0.8557
      0.1036
      0.0319
      0.0622
      0.0816
      0.0584
      0.0226
      0.0049
      0.0036
      0.0247
      0.1097
      0.3005
      0.7588
      2.2755
      5.2503
      7.0547
      2.9329
      2.1556
      0.8558
      0.1891
      0.0540
      0.1143
      0.2406
      0.2936
      0.1976
      0.0722
      0.0143
      0.0034
      0.0172
      0.0815
      0.2358
      0.5920
      1.7046
      3.8722
      5.1894
      0.3342
      0.2463
      0.1041
      0.0554
      0.1212
      0.2996
      0.5305
      0.5834
      0.3660
      0.1262
      0.0235
      0.0030
      0.0066
      0.0329
      0.1006
      0.2528
      0.6986
      1.5567
      2.0785
      0.0206
      0.0180
      0.0311
      0.1130
      0.2988
      0.5504
      0.7640
      0.7403
      0.4391
      0.1477
      0.0273
      0.0029
      0.0015
      0.0073
      0.0251
      0.0756
      0.2353
      0.5399
      0.7237
      0.0017
      0.0077
      0.0529
      0.2142
      0.5170
      0.8780
      1.2315
      1.3120
      0.8808
      0.3371
      0.0709
      0.0081
      0.0007
      0.0019
      0.0204
      0.1614
      0.7416
      1.8626
      2.5327
      0.0014
      0.0089
      0.0612
      0.2450
      0.6759
      1.6460
      3.3355
      4.3679
      3.2486
      1.3207
      0.2898
      0.0340
      0.0023
      0.0051
      0.0826
      0.7239
      3.3945
      8.5600
     11.6469
      0.0010
      0.0063
      0.0426
      0.1971
      0.8371
      3.1308
      7.6621
     10.6227
      8.0401
      3.2912
      0.7249
      0.0854
      0.0057
      0.0127
      0.2079
      1.8244
      8.5577
     21.5815
     29.3643
      0.0007
      0.0043
      0.0295
      0.1667
      0.9433
      4.0515
     10.2966
     14.4024
     10.9247
      4.4750
      0.9859
      0.1161
      0.0078
      0.0173
      0.2828
      2.4822
     11.6438
     29.3642
     39.9537
