      0.0683
      0.0913
      0.1388
      0.1641
      0.1427
      0.0968
      0.0621
      0.0478
      0.0463
      0.0551
      0.0701
      0.0762
      0.0624
      0.0367
      0.0153
      0.0045
      0.0009
      0.0001
      0.0000
      0.0728
      0.0943
      0.1370
      0.1561
      0.1313
      0.0864
      0.0536
      0.0405
      0.0394
      0.0480
      0.0629
      0.0707
      0.0599
      0.0367
      0.0161
      0.0050
      0.0011
      0.0002
      0.0000
      0.0767
      0.0932
      0.1226
      0.1283
      0.0998
      0.0606
      0.0346
      0.0248
      0.0246
      0.0323
      0.0462
      0.0570
      0.0534
      0.0366
      0.0182
      0.0065
      0.0017
      0.0003
      0.0001
      0.0756
      0.0831
      0.0932
      0.0858
      0.0600
      0.0329
      0.0172
      0.0120
      0.0128
      0.0190
      0.0314
      0.0453
      0.0502
      0.0411
      0.0246
      0.0107
      0.0034
      0.0009
      0.0004
      0.1295
      0.1186
      0.0915
      0.0594
      0.0322
      0.0153
      0.0087
      0.0079
      0.0096
      0.0147
      0.0273
      0.0471
      0.0629
      0.0614
      0.0433
      0.0222
      0.0089
      0.0036
      0.0026
      0.4606
      0.3908
      0.2395
      0.1074
      0.0370
      0.0130
      0.0096
      0.0118
      0.0137
      0.0175
      0.0318
      0.0604
      0.0903
      0.0982
      0.0775
      0.0470
      0.0270
      0.0208
      0.0204
      1.5114
      1.2719
      0.7580
      0.3201
      0.0978
      0.0273
      0.0169
      0.0192
      0.0194
      0.0205
      0.0343
      0.0685
      0.1107
      0.1321
      0.1209
      0.1000
      0.0996
      0.1192
      0.1314
      3.5925
      3.0216
      1.7969
      0.7550
      0.2269
      0.0569
      0.0255
      0.0239
      0.0212
      0.0188
      0.0288
      0.0609
      0.1094
      0.1536
      0.1884
      0.2501
      0.3796
      0.5416
      0.6190
      6.0412
      5.0809
      3.0210
      1.2687
      0.3794
      0.0902
      0.0321
      0.0251
      0.0202
      0.0151
      0.0205
      0.0482
      0.1059
      0.1978
      0.3521
      0.6565
      1.1860
      1.7897
      2.0693
      7.1829
      6.0411
      3.5922
      1.5094
      0.4538
      0.1130
      0.0473
      0.0407
      0.0330
      0.0218
      0.0202
      0.0472
      0.1298
      0.3091
      0.6775
      1.4358
      2.7387
      4.2112
      4.8909
      6.0412
      5.0813
      3.0235
      1.2778
      0.4047
      0.1436
      0.1163
      0.1227
      0.1016
      0.0625
      0.0375
      0.0597
      0.1731
      0.4541
      1.0657
      2.3434
      4.5428
      7.0314
      8.1813
      3.5925
      3.0238
      1.8094
      0.7974
      0.3335
      0.2629
      0.3274
      0.3529
      0.2825
      0.1646
      0.0784
      0.0730
      0.1909
      0.5167
      1.2435
      2.7639
      5.3763
      8.3327
      9.6997
      1.5114
      1.2804
      0.8038
      0.4612
      0.4152
      0.5767
      0.7510
      0.7632
      0.5776
      0.3195
      0.1343
      0.0767
      0.1570
      0.4282
      1.0473
      2.3370
      4.5385
      7.0236
      8.1721
      0.4606
      0.4149
      0.3631
      0.4585
      0.7461
      1.1032
      1.3149
      1.2210
      0.8606
      0.4495
      0.1743
      0.0687
      0.0951
      0.2556
      0.6380
      1.4353
      2.7876
      4.3078
      5.0095
      0.1295
      0.1674
      0.3340
      0.7079
      1.2313
      1.6691
      1.7751
      1.4860
      0.9652
      0.4741
      0.1730
      0.0537
      0.0446
      0.1166
      0.3150
      0.7580
      1.5289
      2.4009
      2.8036
      0.0756
      0.1533
      0.4353
      0.9643
      1.5862
      1.9725
      1.9080
      1.4655
      0.8926
      0.4215
      0.1500
      0.0417
      0.0219
      0.0651
      0.2402
      0.7210
      1.6328
      2.6919
      3.1842
      0.0767
      0.1656
      0.4714
      1.0036
      1.5705
      1.8600
      1.7359
      1.3195
      0.8190
      0.4027
      0.1506
      0.0429
      0.0214
      0.0860
      0.3972
      1.3270
      3.1451
      5.2781
      6.2719
      0.0728
      0.1520
      0.4144
      0.8483
      1.2921
      1.5312
      1.4933
      1.2354
      0.8468
      0.4551
      0.1827
      0.0549
      0.0301
      0.1344
      0.6419
      2.1734
      5.1793
      8.7099
     10.3556
      0.0683
      0.1396
      0.3715
      0.7465
      1.1295
      1.3613
      1.3900
      1.2226
      0.8847
      0.4939
      0.2031
      0.0621
      0.0350
      0.1588
      0.7607
      2.5786
      6.1476
     10.3403
     12.2946
