      0.1270
      0.1311
      0.1377
      0.1350
      0.1171
      0.0894
      0.0633
      0.0467
      0.0410
      0.0445
      0.0531
      0.0604
      0.0598
      0.0495
      0.0337
      0.0190
      0.0095
      0.0050
      0.0038
      0.1278
      0.1308
      0.1347
      0.1293
      0.1101
      0.0830
      0.0589
      0.0452
      0.0440
      0.0545
      0.0731
      0.0908
      0.0965
      0.0847
      0.0607
      0.0355
      0.0175
      0.0082
      0.0055
      0.1492
      0.1471
      0.1388
      0.1211
      0.0954
      0.0688
      0.0500
      0.0447
      0.0571
      0.0904
      0.1425
      0.1971
      0.2269
      0.2129
      0.1615
      0.0988
      0.0492
      0.0214
      0.0130
      0.2768
      0.2574
      0.2078
      0.1477
      0.0956
      0.0613
      0.0474
      0.0543
      0.0880
      0.1601
      0.2742
      0.4028
      0.4876
      0.4785
      0.3784
      0.2405
      0.1235
      0.0546
      0.0331
      0.7329
      0.6617
      0.4884
      0.2981
      0.1573
      0.0838
      0.0636
      0.0802
      0.1363
      0.2548
      0.4510
      0.6880
      0.8651
      0.8812
      0.7228
      0.4766
      0.2544
      0.1177
      0.0739
      1.8945
      1.6989
      1.2262
      0.7164
      0.3493
      0.1633
      0.1061
      0.1191
      0.1865
      0.3382
      0.6067
      0.9539
      1.2413
      1.3098
      1.1136
      0.7631
      0.4264
      0.2106
      0.1399
      4.0864
      3.6599
      2.6303
      1.5223
      0.7250
      0.3151
      0.1715
      0.1571
      0.2139
      0.3661
      0.6590
      1.0654
      1.4341
      1.5678
      1.3845
      0.9917
      0.5891
      0.3206
      0.2306
      7.1052
      6.3621
      4.5683
      2.6369
      1.2427
      0.5153
      0.2409
      0.1769
      0.2033
      0.3212
      0.5762
      0.9571
      1.3340
      1.5152
      1.3984
      1.0620
      0.6918
      0.4361
      0.3490
      9.9034
      8.8672
      6.3654
      3.6699
      1.7184
      0.6897
      0.2863
      0.1699
      0.1611
      0.2292
      0.4060
      0.6928
      1.0031
      1.1917
      1.1663
      0.9677
      0.7282
      0.5597
      0.5024
     11.0619
      9.9044
      7.1097
      4.0968
      1.9116
      0.7523
      0.2886
      0.1439
      0.1114
      0.1367
      0.2331
      0.4073
      0.6165
      0.7782
      0.8325
      0.7942
      0.7303
      0.6909
      0.6803
      9.9034
      8.8679
      6.3677
      3.6726
      1.7173
      0.6777
      0.2580
      0.1217
      0.0810
      0.0785
      0.1157
      0.2002
      0.3192
      0.4413
      0.5425
      0.6282
      0.7154
      0.7947
      0.8285
      7.1052
      6.3649
      4.5791
      2.6581
      1.2699
      0.5361
      0.2398
      0.1370
      0.0934
      0.0690
      0.0657
      0.0923
      0.1504
      0.2361
      0.3498
      0.4972
      0.6692
      0.8191
      0.8801
      4.0864
      3.6678
      2.6625
      1.5933
      0.8389
      0.4571
      0.3083
      0.2423
      0.1841
      0.1238
      0.0775
      0.0601
      0.0776
      0.1345
      0.2402
      0.4025
      0.6036
      0.7809
      0.8529
      1.8945
      1.7161
      1.2983
      0.8840
      0.6400
      0.5685
      0.5671
      0.5351
      0.4355
      0.2958
      0.1678
      0.0873
      0.0641
      0.0998
      0.2044
      0.3883
      0.6289
      0.8459
      0.9348
      0.7329
      0.6925
      0.6211
      0.6205
      0.7492
      0.9662
      1.1487
      1.1706
      0.9924
      0.6900
      0.3915
      0.1867
      0.0989
      0.1231
      0.2699
      0.5567
      0.9474
      1.3063
      1.4544
      0.2768
      0.3044
      0.4174
      0.6805
      1.1275
      1.6847
      2.1479
      2.2782
      1.9826
      1.4031
      0.8038
      0.3799
      0.1856
      0.2099
      0.4691
      0.9967
      1.7258
      2.4003
      2.6793
      0.1492
      0.2101
      0.4283
      0.8892
      1.6506
      2.6151
      3.4545
      3.7510
      3.3161
      2.3715
      1.3676
      0.6474
      0.3121
      0.3456
      0.7758
      1.6597
      2.8855
      4.0213
      4.4914
      0.1278
      0.2056
      0.4866
      1.0911
      2.1149
      3.4450
      4.6362
      5.0966
      4.5424
      3.2656
      1.8895
      0.8961
      0.4313
      0.4761
      1.0700
      2.2923
      3.9888
      5.5612
      6.2120
      0.1270
      0.2102
      0.5134
      1.1730
      2.3023
      3.7828
      5.1207
      5.6510
      5.0489
      3.6354
      2.1056
      0.9992
      0.4809
      0.5307
      1.1931
      2.5566
      4.4492
      6.2037
      6.9298
