      0.2229
      0.2423
      0.2805
      0.2969
      0.2678
      0.2062
      0.1467
      0.1178
      0.1285
      0.1684
      0.2120
      0.2289
      0.2037
      0.1473
      0.0861
      0.0408
      0.0162
      0.0062
      0.0038
      0.2244
      0.2411
      0.2728
      0.2827
      0.2507
      0.1905
      0.1344
      0.1082
      0.1197
      0.1598
      0.2053
      0.2272
      0.2082
      0.1558
      0.0949
      0.0471
      0.0195
      0.0075
      0.0045
      0.2364
      0.2448
      0.2568
      0.2478
      0.2079
      0.1520
      0.1058
      0.0875
      0.1020
      0.1437
      0.1959
      0.2326
      0.2314
      0.1898
      0.1276
      0.0701
      0.0318
      0.0129
      0.0076
      0.3104
      0.3013
      0.2725
      0.2245
      0.1660
      0.1131
      0.0801
      0.0733
      0.0935
      0.1399
      0.2050
      0.2668
      0.2938
      0.2676
      0.1994
      0.1211
      0.0603
      0.0265
      0.0163
      0.6037
      0.5543
      0.4306
      0.2872
      0.1714
      0.1025
      0.0762
      0.0797
      0.1059
      0.1584
      0.2410
      0.3364
      0.4016
      0.3964
      0.3191
      0.2093
      0.1135
      0.0556
      0.0373
      1.3934
      1.2543
      0.9165
      0.5492
      0.2817
      0.1453
      0.1032
      0.1075
      0.1337
      0.1874
      0.2840
      0.4130
      0.5215
      0.5461
      0.4681
      0.3301
      0.1977
      0.1127
      0.0848
      2.9197
      2.6170
      1.8861
      1.0998
      0.5361
      0.2508
      0.1550
      0.1426
      0.1579
      0.2019
      0.2989
      0.4474
      0.5932
      0.6577
      0.6039
      0.4673
      0.3217
      0.2227
      0.1892
      5.0422
      4.5158
      3.2459
      1.8810
      0.9009
      0.3971
      0.2133
      0.1677
      0.1630
      0.1878
      0.2689
      0.4149
      0.5823
      0.6943
      0.7009
      0.6186
      0.5096
      0.4293
      0.4013
      7.0167
      6.2835
      4.5145
      2.6123
      1.2431
      0.5318
      0.2610
      0.1808
      0.1554
      0.1582
      0.2136
      0.3400
      0.5148
      0.6796
      0.7802
      0.8070
      0.7920
      0.7722
      0.7647
      7.8353
      7.0171
      5.0438
      2.9234
      1.3990
      0.6079
      0.3052
      0.2104
      0.1695
      0.1487
      0.1727
      0.2714
      0.4468
      0.6645
      0.8735
      1.0382
      1.1525
      1.2219
      1.2460
      7.0167
      6.2870
      4.5298
      2.6502
      1.3136
      0.6375
      0.3909
      0.3100
      0.2525
      0.1952
      0.1750
      0.2374
      0.4041
      0.6602
      0.9582
      1.2435
      1.4769
      1.6322
      1.6874
      5.0422
      4.5264
      3.2919
      1.9932
      1.1069
      0.7011
      0.5798
      0.5257
      0.4331
      0.3104
      0.2221
      0.2306
      0.3677
      0.6257
      0.9596
      1.3058
      1.6060
      1.8125
      1.8868
      2.9197
      2.6410
      1.9889
      1.3457
      0.9764
      0.8836
      0.8983
      0.8532
      0.6921
      0.4718
      0.2923
      0.2293
      0.3116
      0.5278
      0.8364
      1.1779
      1.4901
      1.7129
      1.7945
      1.3934
      1.2979
      1.1009
      0.9806
      1.0335
      1.1948
      1.3027
      1.2297
      0.9721
      0.6386
      0.3622
      0.2236
      0.2398
      0.3927
      0.6511
      0.9741
      1.3039
      1.5597
      1.6576
      0.6037
      0.6190
      0.7015
      0.9109
      1.2362
      1.5581
      1.7099
      1.5898
      1.2354
      0.7965
      0.4318
      0.2248
      0.1835
      0.2907
      0.5401
      0.9246
      1.3866
      1.7843
      1.9439
      0.3104
      0.3809
      0.6044
      0.9854
      1.4595
      1.8784
      2.0670
      1.9267
      1.5065
      0.9788
      0.5283
      0.2545
      0.1713
      0.2780
      0.6121
      1.2152
      2.0140
      2.7390
      3.0366
      0.2364
      0.3281
      0.6069
      1.0589
      1.6092
      2.1066
      2.3663
      2.2619
      1.8175
      1.2125
      0.6675
      0.3190
      0.2044
      0.3523
      0.8578
      1.8192
      3.1314
      4.3408
      4.8403
      0.2244
      0.3207
      0.6113
      1.0834
      1.6725
      2.2394
      2.5879
      2.5492
      2.1070
      1.4402
      0.8083
      0.3907
      0.2526
      0.4517
      1.1346
      2.4482
      4.2536
      5.9236
      6.6144
      0.2229
      0.3191
      0.6097
      1.0843
      1.6862
      2.2833
      2.6737
      2.6680
      2.2301
      1.5383
      0.8694
      0.4225
      0.2750
      0.4970
      1.2557
      2.7178
      4.7299
      6.5922
      7.3628
