      0.0695
      0.0700
      0.0728
      0.0821
      0.1033
      0.1386
      0.1826
      0.2272
      0.2709
      0.3164
      0.3545
      0.3597
      0.3130
      0.2261
      0.1333
      0.0637
      0.0246
      0.0081
      0.0039
      0.0669
      0.0674
      0.0702
      0.0783
      0.0965
      0.1268
      0.1655
      0.2064
      0.2498
      0.2999
      0.3481
      0.3672
      0.3334
      0.2524
      0.1568
      0.0794
      0.0328
      0.0116
      0.0059
      0.0610
      0.0616
      0.0635
      0.0681
      0.0788
      0.0980
      0.1248
      0.1582
      0.2035
      0.2694
      0.3499
      0.4131
      0.4191
      0.3543
      0.2460
      0.1393
      0.0643
      0.0256
      0.0145
      0.0590
      0.0585
      0.0570
      0.0559
      0.0581
      0.0667
      0.0835
      0.1125
      0.1659
      0.2614
      0.3999
      0.5422
      0.6189
      0.5805
      0.4429
      0.2738
      0.1380
      0.0609
      0.0374
      0.0761
      0.0720
      0.0618
      0.0507
      0.0443
      0.0467
      0.0599
      0.0902
      0.1569
      0.2909
      0.5065
      0.7585
      0.9378
      0.9425
      0.7658
      0.5040
      0.2737
      0.1351
      0.0913
      0.1365
      0.1245
      0.0956
      0.0651
      0.0464
      0.0442
      0.0578
      0.0910
      0.1674
      0.3318
      0.6169
      0.9792
      1.2755
      1.3462
      1.1505
      0.8049
      0.4800
      0.2776
      0.2128
      0.2614
      0.2354
      0.1731
      0.1084
      0.0677
      0.0572
      0.0692
      0.1006
      0.1731
      0.3401
      0.6509
      1.0757
      1.4627
      1.6170
      1.4624
      1.1133
      0.7682
      0.5534
      0.4859
      0.4392
      0.3943
      0.2869
      0.1753
      0.1032
      0.0785
      0.0847
      0.1078
      0.1619
      0.2982
      0.5745
      0.9836
      1.4008
      1.6413
      1.6130
      1.4055
      1.1971
      1.0883
      1.0620
      0.6064
      0.5442
      0.3957
      0.2416
      0.1418
      0.1057
      0.1078
      0.1222
      0.1514
      0.2364
      0.4351
      0.7659
      1.1580
      1.4808
      1.6588
      1.7502
      1.8659
      2.0150
      2.0883
      0.6760
      0.6072
      0.4444
      0.2788
      0.1788
      0.1534
      0.1680
      0.1832
      0.1880
      0.2139
      0.3200
      0.5512
      0.8972
      1.3006
      1.7263
      2.2088
      2.7703
      3.2823
      3.4968
      0.6064
      0.5470
      0.4097
      0.2820
      0.2300
      0.2581
      0.3181
      0.3495
      0.3265
      0.2816
      0.2887
      0.4219
      0.7205
      1.1879
      1.8295
      2.6653
      3.6371
      4.4855
      4.8313
      0.4392
      0.4017
      0.3231
      0.2787
      0.3260
      0.4584
      0.6013
      0.6601
      0.5938
      0.4520
      0.3434
      0.3738
      0.6102
      1.0862
      1.8267
      2.8388
      4.0147
      5.0260
      5.4339
      0.2614
      0.2496
      0.2426
      0.3052
      0.4861
      0.7596
      1.0099
      1.0957
      0.9625
      0.6939
      0.4485
      0.3614
      0.5043
      0.9072
      1.5895
      2.5450
      3.6532
      4.5984
      4.9774
      0.1365
      0.1475
      0.2069
      0.3773
      0.7025
      1.1331
      1.5003
      1.6081
      1.3907
      0.9752
      0.5783
      0.3618
      0.3859
      0.6561
      1.1718
      1.9164
      2.7849
      3.5238
      3.8194
      0.0761
      0.1045
      0.2195
      0.4913
      0.9673
      1.5748
      2.0837
      2.2284
      1.9218
      1.3375
      0.7630
      0.3982
      0.2938
      0.4257
      0.7724
      1.3148
      1.9691
      2.5337
      2.7607
      0.0590
      0.1014
      0.2657
      0.6427
      1.2976
      2.1400
      2.8619
      3.0933
      2.6964
      1.8932
      1.0747
      0.5143
      0.2723
      0.3002
      0.5609
      1.0401
      1.6608
      2.2155
      2.4415
      0.0610
      0.1155
      0.3278
      0.8204
      1.6918
      2.8392
      3.8587
      4.2346
      3.7446
      2.6636
      1.5241
      0.7138
      0.3242
      0.2886
      0.5592
      1.1286
      1.9073
      2.6214
      2.9157
      0.0669
      0.1309
      0.3830
      0.9780
      2.0493
      3.4869
      4.7964
      5.3203
      4.7501
      3.4078
      1.9630
      0.9184
      0.4012
      0.3323
      0.6560
      1.3707
      2.3661
      3.2872
      3.6681
      0.0695
      0.1373
      0.4055
      1.0430
      2.1983
      3.7587
      5.1919
      5.7797
      5.1763
      3.7237
      2.1497
      1.0066
      0.4372
      0.3577
      0.7093
      1.4925
      2.5872
      3.6020
      4.0218
