      0.4114
      0.4222
      0.4437
      0.4528
      0.4354
      0.3992
      0.3691
      0.3701
      0.4107
      0.4750
      0.5285
      0.5356
      0.4807
      0.3771
      0.2576
      0.1546
      0.0846
      0.0475
      0.0364
      0.4184
      0.4265
      0.4410
      0.4423
      0.4192
      0.3805
      0.3501
      0.3511
      0.3908
      0.4539
      0.5076
      0.5181
      0.4691
      0.3721
      0.2576
      0.1568
      0.0869
      0.0492
      0.0377
      0.4534
      0.4528
      0.4457
      0.4228
      0.3821
      0.3359
      0.3048
      0.3060
      0.3431
      0.4020
      0.4554
      0.4735
      0.4398
      0.3601
      0.2589
      0.1644
      0.0950
      0.0555
      0.0431
      0.5634
      0.5467
      0.4993
      0.4307
      0.3564
      0.2947
      0.2608
      0.2618
      0.2944
      0.3457
      0.3954
      0.4208
      0.4056
      0.3489
      0.2664
      0.1815
      0.1136
      0.0721
      0.0584
      0.8316
      0.7872
      0.6708
      0.5225
      0.3865
      0.2919
      0.2469
      0.2435
      0.2679
      0.3071
      0.3485
      0.3780
      0.3807
      0.3493
      0.2893
      0.2178
      0.1542
      0.1121
      0.0976
      1.3440
      1.2561
      1.0295
      0.7516
      0.5100
      0.3517
      0.2769
      0.2586
      0.2685
      0.2913
      0.3214
      0.3532
      0.3747
      0.3724
      0.3418
      0.2916
      0.2391
      0.2009
      0.1871
      2.1136
      1.9659
      1.5870
      1.1268
      0.7312
      0.4728
      0.3444
      0.2970
      0.2853
      0.2892
      0.3088
      0.3462
      0.3922
      0.4288
      0.4410
      0.4275
      0.4000
      0.3750
      0.3651
      3.0042
      2.7902
      2.2417
      1.5766
      1.0042
      0.6264
      0.4297
      0.3442
      0.3070
      0.2929
      0.3059
      0.3552
      0.4357
      0.5261
      0.6012
      0.6471
      0.6655
      0.6682
      0.6675
      3.7379
      3.4711
      2.7876
      1.9592
      1.2455
      0.7713
      0.5181
      0.3993
      0.3390
      0.3086
      0.3171
      0.3819
      0.5039
      0.6610
      0.8185
      0.9472
      1.0339
      1.0806
      1.0949
      4.0241
      3.7396
      3.0121
      2.1333
      1.3804
      0.8829
      0.6163
      0.4844
      0.4066
      0.3570
      0.3539
      0.4264
      0.5847
      0.8084
      1.0546
      1.2776
      1.4460
      1.5473
      1.5807
      3.7379
      3.4814
      2.8285
      2.0486
      1.3934
      0.9730
      0.7522
      0.6324
      0.5384
      0.4567
      0.4220
      0.4796
      0.6516
      0.9211
      1.2390
      1.5453
      1.7901
      1.9446
      1.9969
      3.0042
      2.8137
      2.3348
      1.7793
      1.3380
      1.0792
      0.9509
      0.8574
      0.7390
      0.6043
      0.5109
      0.5230
      0.6739
      0.9513
      1.3032
      1.6603
      1.9584
      2.1530
      2.2202
      2.1136
      2.0059
      1.7451
      1.4697
      1.2920
      1.2269
      1.2024
      1.1295
      0.9717
      0.7657
      0.5943
      0.5375
      0.6370
      0.8841
      1.2294
      1.6016
      1.9282
      2.1497
      2.2279
      1.3440
      1.3132
      1.2546
      1.2368
      1.2964
      1.3972
      1.4501
      1.3777
      1.1696
      0.8906
      0.6432
      0.5162
      0.5543
      0.7539
      1.0739
      1.4492
      1.8015
      2.0530
      2.1444
      0.8316
      0.8574
      0.9463
      1.1120
      1.3325
      1.5339
      1.6197
      1.5282
      1.2738
      0.9419
      0.6437
      0.4685
      0.4612
      0.6263
      0.9382
      1.3426
      1.7534
      2.0637
      2.1797
      0.5634
      0.6222
      0.7945
      1.0579
      1.3535
      1.5879
      1.6684
      1.5516
      1.2702
      0.9183
      0.6051
      0.4142
      0.3919
      0.5561
      0.9020
      1.3875
      1.9116
      2.3240
      2.4813
      0.4534
      0.5261
      0.7314
      1.0266
      1.3347
      1.5586
      1.6166
      1.4816
      1.1964
      0.8531
      0.5523
      0.3713
      0.3601
      0.5539
      0.9703
      1.5771
      2.2529
      2.7955
      3.0045
      0.4184
      0.4946
      0.7059
      1.0004
      1.2953
      1.4970
      1.5348
      1.3925
      1.1158
      0.7913
      0.5107
      0.3469
      0.3552
      0.5856
      1.0733
      1.7922
      2.6025
      3.2580
      3.5116
      0.4114
      0.4877
      0.6983
      0.9888
      1.2755
      1.4669
      1.4972
      1.3535
      1.0822
      0.7668
      0.4954
      0.3395
      0.3568
      0.6034
      1.1210
      1.8858
      2.7501
      3.4507
      3.7220
