      0.0000
      0.0000
      0.0000
      0.0000
      0.0000
      0.0000
      0.0000
      0.0000
      0.0000
      0.0000
      0.0000
      0.0000
      0.0000
      0.0000
      0.0000
      0.0000
      0.0000
      0.0000
      0.0000
      0.0000
      0.0000
      0.0000
      0.0000
      0.0000
      0.0000
      0.0000
      0.0000
      0.0000
      0.0000
      0.0000
      0.0000
      0.0000
      0.0000
      0.0000
      0.0000
      0.0000
      0.0000
      0.0000
      0.0000
      0.0000
      0.0000
      0.0000
      0.0000
      0.0000
      0.0000
      0.0000
      0.0000
      0.0000
      0.0000
      0.0000
      0.0000
      0.0000
      0.0000
      0.0000
      0.0000
      0.0000
      0.0000
      0.0000
      0.0000
      0.0000
      0.0000
      0.0000
      0.0000
      0.0000
      0.0000
      0.0000
      0.0000
      0.0000
      0.0000
      0.0000
      0.0000
      0.0000
      0.0000
      0.0000
      0.0000
      0.0000
      0.0000
      0.0000
      0.0000
      0.0000
      0.0000
      0.0000
      0.0000
      0.0000
      0.0000
      0.0000
      0.0000
      0.0001
      0.0005
      0.0006
      0.0002
      0.0000
      0.0000
      0.0000
      0.0000
      0.0007
      0.0004
      0.0000
      0.0000
      0.0000
      0.0000
      0.0000
      0.0000
      0.0000
      0.0000
      0.0000
      0.0008
      0.0048
      0.0070
      0.0025
      0.0002
      0.0000
      0.0000
      0.0000
      0.0930
      0.0465
      0.0058
      0.0002
      0.0000
      0.0000
      0.0000
      0.0000
      0.0000
      0.0000
      0.0001
      0.0017
      0.0120
      0.0212
      0.0093
      0.0010
      0.0000
      0.0000
      0.0000
      3.0168
      1.5084
      0.1881
      0.0058
      0.0000
      0.0000
      0.0000
      0.0000
      0.0000
      0.0000
      0.0000
      0.0009
      0.0075
      0.0161
      0.0087
      0.0012
      0.0001
      0.0003
      0.0007
     24.1982
     12.0991
      1.5084
      0.0465
      0.0004
      0.0000
      0.0000
      0.0000
      0.0000
      0.0000
      0.0000
      0.0001
      0.0012
      0.0031
      0.0023
      0.0008
      0.0057
      0.0450
      0.0899
     48.3965
     24.1982
      3.0168
      0.0930
      0.0007
      0.0000
      0.0000
      0.0000
      0.0000
      0.0000
      0.0000
      0.0000
      0.0001
      0.0020
      0.0095
      0.0173
      0.1855
      1.4578
      2.9148
     24.1982
     12.0991
      1.5084
      0.0465
      0.0004
      0.0000
      0.0001
      0.0003
      0.0001
      0.0000
      0.0000
      0.0000
      0.0007
      0.0157
      0.0914
      0.1771
      1.5058
     11.6948
     23.3804
      3.0168
      1.5084
      0.1881
      0.0058
      0.0001
      0.0012
      0.0095
      0.0180
      0.0086
      0.0010
      0.0000
      0.0000
      0.0012
      0.0327
      0.2221
      0.4641
      3.0732
     23.3970
     46.7610
      0.0930
      0.0465
      0.0058
      0.0002
      0.0011
      0.0279
      0.1870
      0.3139
      0.1317
      0.0138
      0.0004
      0.0000
      0.0005
      0.0170
      0.1349
      0.3100
      1.5879
     11.7061
     23.3810
      0.0007
      0.0004
      0.0001
      0.0005
      0.0099
      0.1605
      0.9197
      1.3599
      0.5039
      0.0465
      0.0011
      0.0000
      0.0001
      0.0022
      0.0204
      0.0525
      0.2086
      1.4612
      2.9151
      0.0000
      0.0000
      0.0004
      0.0090
      0.0648
      0.2983
      1.1559
      1.4751
      0.4822
      0.0393
      0.0008
      0.0000
      0.0000
      0.0001
      0.0008
      0.0022
      0.0070
      0.0454
      0.0904
      0.0000
      0.0000
      0.0019
      0.0411
      0.2219
      0.3686
      0.4901
      0.5149
      0.1740
      0.0162
      0.0004
      0.0000
      0.0000
      0.0000
      0.0000
      0.0001
      0.0038
      0.0304
      0.0608
      0.0000
      0.0000
      0.0026
      0.0475
      0.2226
      0.4441
      1.7427
      3.5747
      1.9132
      0.2562
      0.0085
      0.0001
      0.0000
      0.0000
      0.0000
      0.0038
      0.1216
      0.9755
      1.9510
      0.0000
      0.0000
      0.0009
      0.0141
      0.0977
      1.5824
     13.2180
     28.4199
     15.2905
      2.0518
      0.0681
      0.0006
      0.0000
      0.0000
      0.0002
      0.0301
      0.9755
      7.8245
     15.6490
      0.0000
      0.0000
      0.0001
      0.0026
      0.0942
      3.0644
     26.4104
     56.8373
     30.5807
      4.1037
      0.1363
      0.0011
      0.0000
      0.0000
      0.0005
      0.0602
      1.9510
     15.6490
     31.2981
