      0.0461
      0.0611
      0.0921
      0.1095
      0.0986
      0.0752
      0.0611
      0.0583
      0.0611
      0.0728
      0.0918
      0.0997
      0.0817
      0.0483
      0.0203
      0.0060
      0.0013
      0.0002
      0.0000
      0.0489
      0.0629
      0.0909
      0.1042
      0.0907
      0.0668
      0.0524
      0.0493
      0.0521
      0.0638
      0.0835
      0.0944
      0.0811
      0.0507
      0.0228
      0.0074
      0.0017
      0.0003
      0.0001
      0.0508
      0.0617
      0.0813
      0.0857
      0.0687
      0.0463
      0.0332
      0.0300
      0.0329
      0.0449
      0.0673
      0.0876
      0.0876
      0.0648
      0.0351
      0.0139
      0.0040
      0.0008
      0.0002
      0.0462
      0.0519
      0.0600
      0.0566
      0.0410
      0.0247
      0.0158
      0.0139
      0.0178
      0.0325
      0.0645
      0.1067
      0.1325
      0.1201
      0.0786
      0.0369
      0.0124
      0.0031
      0.0011
      0.0575
      0.0548
      0.0467
      0.0338
      0.0202
      0.0107
      0.0068
      0.0073
      0.0132
      0.0350
      0.0897
      0.1771
      0.2530
      0.2581
      0.1874
      0.0969
      0.0363
      0.0112
      0.0056
      0.1667
      0.1425
      0.0896
      0.0423
      0.0161
      0.0067
      0.0057
      0.0081
      0.0158
      0.0455
      0.1282
      0.2748
      0.4226
      0.4617
      0.3588
      0.2014
      0.0886
      0.0418
      0.0320
      0.5309
      0.4471
      0.2670
      0.1134
      0.0354
      0.0113
      0.0089
      0.0116
      0.0187
      0.0489
      0.1425
      0.3233
      0.5270
      0.6119
      0.5129
      0.3312
      0.2088
      0.1787
      0.1817
      1.2582
      1.0583
      0.6295
      0.2648
      0.0805
      0.0222
      0.0129
      0.0140
      0.0177
      0.0391
      0.1153
      0.2766
      0.4811
      0.6066
      0.5854
      0.5209
      0.5728
      0.7360
      0.8286
      2.1152
      1.7790
      1.0579
      0.4447
      0.1345
      0.0356
      0.0180
      0.0172
      0.0170
      0.0260
      0.0704
      0.1798
      0.3477
      0.5172
      0.6755
      0.9743
      1.5986
      2.3831
      2.7592
      2.5148
      2.1151
      1.2580
      0.5302
      0.1645
      0.0529
      0.0395
      0.0424
      0.0372
      0.0298
      0.0435
      0.1099
      0.2583
      0.5114
      0.9638
      1.9080
      3.6163
      5.6084
      6.5398
      2.1152
      1.7793
      1.0603
      0.4547
      0.1651
      0.1045
      0.1313
      0.1513
      0.1284
      0.0810
      0.0535
      0.0914
      0.2499
      0.6163
      1.3972
      3.0647
      6.0136
      9.4046
     10.9821
      1.2582
      1.0601
      0.6404
      0.3061
      0.1959
      0.2648
      0.3899
      0.4400
      0.3596
      0.2121
      0.1026
      0.0975
      0.2520
      0.6731
      1.6176
      3.6335
      7.1604
     11.1934
     13.0663
      0.5309
      0.4535
      0.3037
      0.2375
      0.3465
      0.6071
      0.8707
      0.9335
      0.7292
      0.4108
      0.1746
      0.1002
      0.2043
      0.5566
      1.3695
      3.0914
      6.0699
      9.4565
     11.0263
      0.1667
      0.1597
      0.1822
      0.3261
      0.6512
      1.1011
      1.4586
      1.4648
      1.0880
      0.5872
      0.2321
      0.0917
      0.1241
      0.3322
      0.8324
      1.8858
      3.6864
      5.7198
      6.6601
      0.0575
      0.0888
      0.2214
      0.5310
      1.0326
      1.5939
      1.9433
      1.8365
      1.3095
      0.6875
      0.2627
      0.0821
      0.0598
      0.1457
      0.3798
      0.8866
      1.7556
      2.7343
      3.1859
      0.0462
      0.1004
      0.3043
      0.7255
      1.3399
      1.9712
      2.3387
      2.2021
      1.5927
      0.8573
      0.3361
      0.0975
      0.0343
      0.0615
      0.1935
      0.5344
      1.1624
      1.8849
      2.2198
      0.0508
      0.1126
      0.3378
      0.7942
      1.4827
      2.2854
      2.9158
      2.9696
      2.3054
      1.3177
      0.5428
      0.1602
      0.0415
      0.0557
      0.2288
      0.7487
      1.7606
      2.9456
      3.4974
      0.0489
      0.1054
      0.3116
      0.7496
      1.5060
      2.5869
      3.6679
      4.0439
      3.3102
      1.9593
      0.8269
      0.2476
      0.0622
      0.0801
      0.3500
      1.1806
      2.8112
      4.7260
      5.6185
      0.0461
      0.0981
      0.2890
      0.7113
      1.5014
      2.7299
      4.0458
      4.5847
      3.8123
      2.2772
      0.9665
      0.2905
      0.0729
      0.0940
      0.4128
      1.3962
      3.3282
      5.5977
      6.6555
