      0.0024
      0.0058
      0.0143
      0.0194
      0.0143
      0.0057
      0.0013
      0.0003
      0.0005
      0.0018
      0.0044
      0.0060
      0.0043
      0.0017
      0.0004
      0.0000
      0.0000
      0.0000
      0.0000
      0.0034
      0.0074
      0.0165
      0.0204
      0.0138
      0.0051
      0.0011
      0.0002
      0.0004
      0.0015
      0.0039
      0.0057
      0.0045
      0.0020
      0.0005
      0.0001
      0.0000
      0.0000
      0.0000
      0.0045
      0.0086
      0.0164
      0.0175
      0.0102
      0.0032
      0.0006
      0.0001
      0.0002
      0.0008
      0.0026
      0.0047
      0.0048
      0.0028
      0.0010
      0.0002
      0.0000
      0.0000
      0.0000
      0.0038
      0.0061
      0.0097
      0.0090
      0.0046
      0.0013
      0.0002
      0.0000
      0.0001
      0.0005
      0.0026
      0.0074
      0.0121
      0.0111
      0.0056
      0.0016
      0.0002
      0.0000
      0.0000
      0.0129
      0.0106
      0.0064
      0.0033
      0.0012
      0.0003
      0.0000
      0.0000
      0.0001
      0.0011
      0.0074
      0.0271
      0.0534
      0.0570
      0.0329
      0.0103
      0.0017
      0.0002
      0.0000
      0.1903
      0.1400
      0.0559
      0.0122
      0.0015
      0.0001
      0.0001
      0.0001
      0.0003
      0.0023
      0.0168
      0.0676
      0.1470
      0.1725
      0.1094
      0.0374
      0.0069
      0.0007
      0.0001
      1.6672
      1.2254
      0.4859
      0.1036
      0.0118
      0.0008
      0.0002
      0.0004
      0.0005
      0.0027
      0.0209
      0.0923
      0.2200
      0.2830
      0.1968
      0.0742
      0.0158
      0.0030
      0.0019
      7.8206
      5.7478
      2.2792
      0.4859
      0.0554
      0.0035
      0.0005
      0.0005
      0.0005
      0.0017
      0.0141
      0.0682
      0.1784
      0.2522
      0.1944
      0.0852
      0.0301
      0.0243
      0.0280
     19.7226
     14.4953
      5.7478
      1.2253
      0.1396
      0.0086
      0.0006
      0.0005
      0.0003
      0.0006
      0.0052
      0.0276
      0.0809
      0.1319
      0.1277
      0.0952
      0.1100
      0.1878
      0.2386
     26.8350
     19.7226
      7.8206
      1.6672
      0.1901
      0.0120
      0.0017
      0.0019
      0.0015
      0.0007
      0.0013
      0.0078
      0.0321
      0.0853
      0.1538
      0.2332
      0.4399
      0.8504
      1.1016
     19.7226
     14.4953
      5.7478
      1.2255
      0.1409
      0.0145
      0.0156
      0.0214
      0.0162
      0.0067
      0.0019
      0.0052
      0.0353
      0.1409
      0.3288
      0.5602
      1.0806
      2.1125
      2.7510
      7.8206
      5.7478
      2.2794
      0.4880
      0.0676
      0.0507
      0.1099
      0.1430
      0.1021
      0.0395
      0.0086
      0.0062
      0.0428
      0.1877
      0.4671
      0.8048
      1.4917
      2.8636
      3.7240
      1.6672
      1.2257
      0.4890
      0.1219
      0.0859
      0.2202
      0.4363
      0.5185
      0.3459
      0.1261
      0.0250
      0.0060
      0.0299
      0.1397
      0.3680
      0.6455
      1.1417
      2.1171
      2.7354
      0.1903
      0.1421
      0.0767
      0.1153
      0.3117
      0.6546
      1.0143
      1.0461
      0.6403
      0.2187
      0.0406
      0.0052
      0.0114
      0.0563
      0.1578
      0.2854
      0.4859
      0.8639
      1.1050
      0.0129
      0.0189
      0.0852
      0.3532
      0.8697
      1.3598
      1.5351
      1.2795
      0.7004
      0.2249
      0.0401
      0.0041
      0.0025
      0.0123
      0.0384
      0.0850
      0.1903
      0.3861
      0.5063
      0.0038
      0.0238
      0.1719
      0.6802
      1.5031
      2.0093
      1.9111
      1.4660
      0.8245
      0.2879
      0.0571
      0.0062
      0.0006
      0.0025
      0.0214
      0.1572
      0.7101
      1.7776
      2.4158
      0.0045
      0.0289
      0.1970
      0.7335
      1.5781
      2.3206
      2.9707
      3.1803
      2.2236
      0.8865
      0.1929
      0.0226
      0.0016
      0.0049
      0.0796
      0.6968
      3.2665
      8.2367
     11.2069
      0.0034
      0.0204
      0.1299
      0.4745
      1.1810
      2.6841
      5.3754
      7.0820
      5.2990
      2.1632
      0.4761
      0.0561
      0.0039
      0.0122
      0.2000
      1.7556
      8.2354
     20.7686
     28.2582
      0.0024
      0.0136
      0.0834
      0.3131
      0.9688
      2.9839
      6.9213
      9.4968
      7.1761
      2.9371
      0.6470
      0.0762
      0.0053
      0.0166
      0.2721
      2.3887
     11.2052
     28.2581
     38.4487
