      0.1910
      0.2069
      0.2401
      0.2607
      0.2529
      0.2269
      0.2047
      0.2014
      0.2208
      0.2579
      0.2941
      0.3009
      0.2614
      0.1872
      0.1090
      0.0513
      0.0197
      0.0067
      0.0035
      0.1900
      0.2041
      0.2324
      0.2476
      0.2361
      0.2086
      0.1862
      0.1830
      0.2030
      0.2420
      0.2830
      0.2981
      0.2675
      0.1988
      0.1208
      0.0598
      0.0242
      0.0086
      0.0046
      0.1883
      0.1968
      0.2115
      0.2126
      0.1926
      0.1631
      0.1420
      0.1405
      0.1630
      0.2087
      0.2649
      0.3045
      0.2996
      0.2456
      0.1654
      0.0911
      0.0412
      0.0163
      0.0092
      0.2039
      0.2027
      0.1947
      0.1739
      0.1429
      0.1133
      0.0972
      0.1012
      0.1297
      0.1875
      0.2698
      0.3499
      0.3864
      0.3534
      0.2643
      0.1610
      0.0806
      0.0359
      0.0223
      0.3030
      0.2833
      0.2325
      0.1700
      0.1163
      0.0835
      0.0740
      0.0857
      0.1218
      0.1946
      0.3101
      0.4438
      0.5360
      0.5318
      0.4296
      0.2831
      0.1559
      0.0799
      0.0561
      0.6053
      0.5480
      0.4081
      0.2549
      0.1434
      0.0893
      0.0792
      0.0951
      0.1347
      0.2167
      0.3607
      0.5473
      0.7018
      0.7387
      0.6354
      0.4531
      0.2819
      0.1754
      0.1414
      1.2147
      1.0903
      0.7900
      0.4680
      0.2406
      0.1321
      0.1050
      0.1153
      0.1482
      0.2249
      0.3765
      0.5940
      0.8004
      0.8919
      0.8252
      0.6567
      0.4880
      0.3834
      0.3509
      2.0753
      1.8595
      1.3398
      0.7838
      0.3904
      0.1972
      0.1365
      0.1312
      0.1481
      0.2043
      0.3365
      0.5500
      0.7843
      0.9420
      0.9701
      0.9080
      0.8407
      0.8130
      0.8097
      2.8806
      2.5805
      1.8577
      1.0845
      0.5361
      0.2623
      0.1684
      0.1464
      0.1447
      0.1722
      0.2664
      0.4487
      0.6905
      0.9255
      1.1092
      1.2596
      1.4172
      1.5660
      1.6306
      3.2150
      2.8808
      2.0768
      1.2195
      0.6162
      0.3206
      0.2226
      0.1962
      0.1775
      0.1706
      0.2169
      0.3564
      0.5975
      0.9166
      1.2903
      1.7195
      2.1865
      2.5846
      2.7458
      2.8806
      2.5842
      1.8747
      1.1290
      0.6244
      0.4037
      0.3526
      0.3395
      0.2982
      0.2404
      0.2239
      0.3113
      0.5425
      0.9285
      1.4675
      2.1486
      2.9017
      3.5333
      3.7855
      2.0753
      1.8703
      1.3881
      0.9076
      0.6309
      0.5729
      0.6144
      0.6213
      0.5355
      0.3940
      0.2876
      0.3033
      0.4975
      0.8960
      1.5058
      2.3080
      3.2017
      3.9472
      4.2435
      1.2147
      1.1136
      0.8931
      0.7257
      0.7263
      0.8678
      1.0138
      1.0249
      0.8607
      0.6010
      0.3792
      0.3023
      0.4238
      0.7622
      1.3204
      2.0741
      2.9188
      3.6222
      3.9010
      0.6053
      0.5892
      0.5870
      0.6908
      0.9406
      1.2606
      1.4861
      1.4718
      1.2038
      0.8113
      0.4692
      0.2942
      0.3238
      0.5570
      0.9881
      1.5954
      2.2890
      2.8707
      3.1018
      0.3030
      0.3435
      0.4905
      0.7875
      1.2217
      1.6743
      1.9512
      1.9007
      1.5313
      1.0148
      0.5610
      0.2946
      0.2380
      0.3745
      0.6985
      1.2032
      1.8142
      2.3427
      2.5553
      0.2039
      0.2765
      0.5107
      0.9273
      1.4877
      2.0480
      2.3885
      2.3352
      1.8944
      1.2643
      0.6943
      0.3333
      0.2051
      0.2911
      0.6034
      1.1629
      1.8951
      2.5550
      2.8250
      0.1883
      0.2755
      0.5513
      1.0337
      1.6858
      2.3608
      2.8122
      2.8155
      2.3396
      1.5965
      0.8902
      0.4193
      0.2288
      0.3119
      0.7107
      1.4824
      2.5333
      3.4997
      3.8984
      0.1900
      0.2814
      0.5712
      1.0853
      1.8033
      2.5876
      3.1657
      3.2520
      2.7649
      1.9237
      1.0890
      0.5154
      0.2751
      0.3766
      0.8907
      1.9060
      3.3045
      4.5978
      5.1327
      0.1910
      0.2828
      0.5749
      1.0985
      1.8421
      2.6739
      3.3098
      3.4359
      2.9470
      2.0649
      1.1753
      0.5580
      0.2978
      0.4094
      0.9760
      2.0986
      3.6480
      5.0824
      5.6759
