      0.0579
      0.0564
      0.0524
      0.0473
      0.0427
      0.0411
      0.0445
      0.0550
      0.0742
      0.1014
      0.1286
      0.1415
      0.1302
      0.0985
      0.0609
      0.0309
      0.0133
      0.0056
      0.0037
      0.0587
      0.0571
      0.0525
      0.0464
      0.0410
      0.0388
      0.0421
      0.0530
      0.0740
      0.1055
      0.1400
      0.1619
      0.1575
      0.1266
      0.0834
      0.0450
      0.0203
      0.0085
      0.0052
      0.0766
      0.0725
      0.0622
      0.0497
      0.0395
      0.0351
      0.0387
      0.0525
      0.0804
      0.1264
      0.1859
      0.2393
      0.2589
      0.2309
      0.1680
      0.0993
      0.0479
      0.0202
      0.0120
      0.1758
      0.1606
      0.1232
      0.0820
      0.0523
      0.0403
      0.0451
      0.0656
      0.1068
      0.1796
      0.2865
      0.4011
      0.4706
      0.4521
      0.3519
      0.2209
      0.1123
      0.0492
      0.0297
      0.5177
      0.4657
      0.3400
      0.2053
      0.1113
      0.0713
      0.0729
      0.1015
      0.1582
      0.2635
      0.4332
      0.6367
      0.7863
      0.7933
      0.6467
      0.4246
      0.2259
      0.1044
      0.0656
      1.3742
      1.2319
      0.8888
      0.5224
      0.2660
      0.1482
      0.1278
      0.1561
      0.2192
      0.3453
      0.5687
      0.8621
      1.1065
      1.1611
      0.9846
      0.6739
      0.3768
      0.1871
      0.1251
      2.9799
      2.6692
      1.9208
      1.1201
      0.5542
      0.2793
      0.2010
      0.2096
      0.2595
      0.3782
      0.6160
      0.9577
      1.2735
      1.3877
      1.2251
      0.8790
      0.5255
      0.2907
      0.2123
      5.1861
      4.6447
      3.3396
      1.9406
      0.9433
      0.4409
      0.2685
      0.2372
      0.2566
      0.3406
      0.5434
      0.8651
      1.1935
      1.3558
      1.2565
      0.9623
      0.6382
      0.4155
      0.3401
      7.2294
      6.4744
      4.6536
      2.6986
      1.2965
      0.5746
      0.3055
      0.2303
      0.2166
      0.2565
      0.3941
      0.6414
      0.9236
      1.1066
      1.0990
      0.9319
      0.7243
      0.5783
      0.5292
      8.0752
      7.2318
      5.1977
      3.0119
      1.4400
      0.6228
      0.3083
      0.2097
      0.1749
      0.1776
      0.2483
      0.4059
      0.6160
      0.7970
      0.8799
      0.8665
      0.8174
      0.7846
      0.7759
      7.2294
      6.4751
      4.6564
      2.7042
      1.3040
      0.5808
      0.3057
      0.2173
      0.1742
      0.1475
      0.1618
      0.2431
      0.3872
      0.5561
      0.7055
      0.8200
      0.9119
      0.9842
      1.0137
      5.1861
      4.6471
      3.3503
      1.9671
      0.9917
      0.5100
      0.3446
      0.2917
      0.2418
      0.1811
      0.1435
      0.1642
      0.2561
      0.4056
      0.5857
      0.7739
      0.9531
      1.0927
      1.1471
      2.9799
      2.6750
      1.9476
      1.1909
      0.6937
      0.4961
      0.4675
      0.4566
      0.3886
      0.2770
      0.1783
      0.1414
      0.1859
      0.3068
      0.4872
      0.7065
      0.9339
      1.1159
      1.1870
      1.3742
      1.2430
      0.9413
      0.6642
      0.5537
      0.6105
      0.7203
      0.7510
      0.6466
      0.4536
      0.2670
      0.1581
      0.1506
      0.2418
      0.4265
      0.6966
      1.0131
      1.2832
      1.3913
      0.5177
      0.4845
      0.4297
      0.4523
      0.6237
      0.9157
      1.1891
      1.2773
      1.1136
      0.7844
      0.4504
      0.2291
      0.1573
      0.2379
      0.4898
      0.9334
      1.5121
      2.0334
      2.2468
      0.1758
      0.1898
      0.2646
      0.4793
      0.8952
      1.4623
      1.9725
      2.1606
      1.9107
      1.3608
      0.7824
      0.3804
      0.2232
      0.3292
      0.7603
      1.5859
      2.7096
      3.7430
      4.1695
      0.0766
      0.1141
      0.2661
      0.6327
      1.2999
      2.1999
      3.0227
      3.3540
      2.9973
      2.1531
      1.2451
      0.6016
      0.3403
      0.5033
      1.2106
      2.5947
      4.4995
      6.2610
      6.9895
      0.0587
      0.1095
      0.3116
      0.7959
      1.6801
      2.8831
      3.9979
      4.4669
      4.0139
      2.8965
      1.6808
      0.8129
      0.4580
      0.6807
      1.6541
      3.5675
      6.2074
      8.6519
      9.6634
      0.0579
      0.1132
      0.3342
      0.8652
      1.8381
      3.1668
      4.4036
      4.9306
      4.4379
      3.2068
      1.8628
      0.9015
      0.5080
      0.7563
      1.8413
      3.9755
      6.9212
      9.6495
     10.7786
