      0.0305
      0.0397
      0.0589
      0.0696
      0.0630
      0.0492
      0.0423
      0.0451
      0.0588
      0.0891
      0.1283
      0.1458
      0.1211
      0.0719
      0.0303
      0.0090
      0.0019
      0.0003
      0.0001
      0.0322
      0.0409
      0.0582
      0.0664
      0.0580
      0.0437
      0.0363
      0.0382
      0.0504
      0.0787
      0.1173
      0.1388
      0.1210
      0.0762
      0.0345
      0.0112
      0.0026
      0.0004
      0.0001
      0.0340
      0.0407
      0.0526
      0.0551
      0.0443
      0.0303
      0.0229
      0.0234
      0.0327
      0.0573
      0.0974
      0.1327
      0.1354
      0.1016
      0.0558
      0.0223
      0.0065
      0.0014
      0.0004
      0.0390
      0.0412
      0.0434
      0.0386
      0.0272
      0.0163
      0.0109
      0.0111
      0.0193
      0.0457
      0.1008
      0.1727
      0.2180
      0.1997
      0.1317
      0.0622
      0.0209
      0.0052
      0.0018
      0.0993
      0.0878
      0.0615
      0.0352
      0.0171
      0.0078
      0.0046
      0.0058
      0.0161
      0.0544
      0.1492
      0.2998
      0.4309
      0.4410
      0.3206
      0.1655
      0.0610
      0.0171
      0.0072
      0.4073
      0.3441
      0.2079
      0.0904
      0.0289
      0.0078
      0.0036
      0.0056
      0.0189
      0.0720
      0.2170
      0.4713
      0.7266
      0.7937
      0.6149
      0.3399
      0.1388
      0.0505
      0.0303
      1.3578
      1.1424
      0.6800
      0.2861
      0.0854
      0.0195
      0.0062
      0.0071
      0.0199
      0.0761
      0.2417
      0.5558
      0.9066
      1.0492
      0.8668
      0.5260
      0.2667
      0.1608
      0.1411
      3.2320
      2.7183
      1.6163
      0.6783
      0.2012
      0.0442
      0.0112
      0.0085
      0.0168
      0.0591
      0.1950
      0.4742
      0.8226
      1.0218
      0.9328
      0.6918
      0.5474
      0.5633
      0.6008
      5.4355
      4.5715
      2.7179
      1.1406
      0.3388
      0.0757
      0.0209
      0.0151
      0.0175
      0.0379
      0.1176
      0.3041
      0.5789
      0.8181
      0.9239
      1.0085
      1.2925
      1.7380
      1.9675
      6.4628
      5.4355
      3.2320
      1.3584
      0.4102
      0.1082
      0.0564
      0.0563
      0.0504
      0.0432
      0.0694
      0.1776
      0.4007
      0.7199
      1.1167
      1.7340
      2.7941
      4.0573
      4.6579
      5.4355
      4.5719
      2.7208
      1.1538
      0.3819
      0.1770
      0.1913
      0.2188
      0.1868
      0.1186
      0.0800
      0.1380
      0.3612
      0.8048
      1.5227
      2.7159
      4.6371
      6.8246
      7.8478
      3.2320
      2.7200
      1.6279
      0.7275
      0.3520
      0.3812
      0.5547
      0.6356
      0.5242
      0.3105
      0.1506
      0.1430
      0.3555
      0.8643
      1.7561
      3.2453
      5.5740
      8.1758
      9.3846
      1.3578
      1.1478
      0.7145
      0.4182
      0.4573
      0.7973
      1.1981
      1.3264
      1.0544
      0.5991
      0.2555
      0.1462
      0.2873
      0.7154
      1.5006
      2.8025
      4.7841
      6.9610
      7.9663
      0.4073
      0.3574
      0.2857
      0.3595
      0.7162
      1.3364
      1.9220
      2.0351
      1.5585
      0.8551
      0.3408
      0.1345
      0.1748
      0.4277
      0.9192
      1.7304
      2.9334
      4.2307
      4.8255
      0.0993
      0.1124
      0.1968
      0.4647
      1.0197
      1.8066
      2.4673
      2.5217
      1.8873
      1.0192
      0.3958
      0.1241
      0.0849
      0.1844
      0.4081
      0.7881
      1.3486
      1.9456
      2.2174
      0.0390
      0.0754
      0.2265
      0.5970
      1.2834
      2.2254
      3.0357
      3.1511
      2.4195
      1.3483
      0.5392
      0.1575
      0.0500
      0.0653
      0.1589
      0.3577
      0.6867
      1.0507
      1.2176
      0.0340
      0.0772
      0.2515
      0.6822
      1.5373
      2.8517
      4.1781
      4.6265
      3.7557
      2.1959
      0.9152
      0.2709
      0.0622
      0.0376
      0.1158
      0.3522
      0.8033
      1.3276
      1.5712
      0.0322
      0.0736
      0.2469
      0.7193
      1.7916
      3.6526
      5.7412
      6.6666
      5.5889
      3.3437
      1.4179
      0.4244
      0.0938
      0.0455
      0.1551
      0.5162
      1.2249
      2.0567
      2.4442
      0.0305
      0.0698
      0.2391
      0.7290
      1.9110
      4.0507
      6.5228
      7.6815
      6.4943
      3.9064
      1.6628
      0.4990
      0.1100
      0.0524
      0.1806
      0.6063
      1.4442
      2.4285
      2.8872
