      0.0000
      0.0000
      0.0000
      0.0000
      0.0000
      0.0000
      0.0000
      0.0000
      0.0000
      0.0000
      0.0000
      0.0000
      0.0000
      0.0000
      0.0000
      0.0000
      0.0000
      0.0000
      0.0000
      0.0000
      0.0000
      0.0000
      0.0000
      0.0000
      0.0000
      0.0000
      0.0000
      0.0000
      0.0000
      0.0000
      0.0000
      0.0000
      0.0000
      0.0000
      0.0000
      0.0000
      0.0000
      0.0000
      0.0000
      0.0000
      0.0000
      0.0000
      0.0000
      0.0000
      0.0000
      0.0000
      0.0000
      0.0000
      0.0000
      0.0000
      0.0000
      0.0000
      0.0000
      0.0000
      0.0000
      0.0000
      0.0000
      0.0000
      0.0000
      0.0000
      0.0000
      0.0000
      0.0000
      0.0000
      0.0000
      0.0000
      0.0000
      0.0000
      0.0000
      0.0000
      0.0000
      0.0000
      0.0000
      0.0000
      0.0000
      0.0000
      0.0000
      0.0000
      0.0000
      0.0000
      0.0000
      0.0000
      0.0000
      0.0000
      0.0000
      0.0000
      0.0000
      0.0001
      0.0006
      0.0007
      0.0002
      0.0000
      0.0000
      0.0000
      0.0000
      0.0016
      0.0008
      0.0001
      0.0000
      0.0000
      0.0000
      0.0000
      0.0000
      0.0000
      0.0000
      0.0000
      0.0011
      0.0062
      0.0088
      0.0032
      0.0003
      0.0000
      0.0000
      0.0000
      0.2135
      0.1067
      0.0133
      0.0004
      0.0000
      0.0000
      0.0000
      0.0000
      0.0000
      0.0000
      0.0001
      0.0022
      0.0153
      0.0269
      0.0119
      0.0013
      0.0000
      0.0000
      0.0000
      6.9232
      3.4616
      0.4316
      0.0133
      0.0001
      0.0000
      0.0000
      0.0000
      0.0000
      0.0000
      0.0000
      0.0011
      0.0095
      0.0205
      0.0111
      0.0015
      0.0001
      0.0001
      0.0002
     55.5321
     27.7661
      3.4616
      0.1067
      0.0008
      0.0000
      0.0000
      0.0000
      0.0000
      0.0000
      0.0000
      0.0001
      0.0015
      0.0039
      0.0026
      0.0005
      0.0017
      0.0133
      0.0265
    111.0642
     55.5321
      6.9232
      0.2135
      0.0016
      0.0000
      0.0000
      0.0000
      0.0000
      0.0000
      0.0000
      0.0000
      0.0001
      0.0003
      0.0009
      0.0027
      0.0541
      0.4295
      0.8587
     55.5321
     27.7661
      3.4616
      0.1067
      0.0008
      0.0000
      0.0000
      0.0000
      0.0000
      0.0000
      0.0000
      0.0000
      0.0001
      0.0013
      0.0077
      0.0244
      0.4339
      3.4445
      6.8873
      6.9232
      3.4616
      0.4316
      0.0133
      0.0001
      0.0001
      0.0008
      0.0015
      0.0007
      0.0001
      0.0000
      0.0000
      0.0001
      0.0027
      0.0187
      0.0578
      0.8722
      6.8889
     13.7744
      0.2135
      0.1067
      0.0133
      0.0004
      0.0002
      0.0025
      0.0157
      0.0262
      0.0110
      0.0011
      0.0000
      0.0000
      0.0000
      0.0014
      0.0113
      0.0354
      0.4403
      3.4449
      6.8872
      0.0016
      0.0008
      0.0001
      0.0006
      0.0049
      0.0206
      0.0800
      0.1139
      0.0421
      0.0039
      0.0001
      0.0000
      0.0000
      0.0002
      0.0017
      0.0056
      0.0558
      0.4296
      0.8586
      0.0000
      0.0000
      0.0005
      0.0112
      0.0701
      0.1246
      0.1354
      0.1278
      0.0409
      0.0034
      0.0001
      0.0000
      0.0000
      0.0000
      0.0001
      0.0002
      0.0019
      0.0139
      0.0278
      0.0000
      0.0000
      0.0024
      0.0520
      0.2764
      0.3791
      0.2142
      0.1820
      0.0845
      0.0107
      0.0003
      0.0000
      0.0000
      0.0000
      0.0000
      0.0004
      0.0113
      0.0908
      0.1816
      0.0000
      0.0000
      0.0033
      0.0602
      0.2815
      0.5557
      2.1831
      4.5104
      2.4229
      0.3251
      0.0108
      0.0001
      0.0000
      0.0000
      0.0001
      0.0113
      0.3667
      2.9416
      5.8832
      0.0000
      0.0000
      0.0011
      0.0178
      0.1240
      2.0103
     16.7950
     36.1114
     19.4289
      2.6072
      0.0866
      0.0007
      0.0000
      0.0000
      0.0007
      0.0907
      2.9416
     23.5953
     47.1906
      0.0000
      0.0000
      0.0002
      0.0033
      0.1197
      3.8937
     33.5586
     72.2209
     38.8577
      5.2144
      0.1732
      0.0014
      0.0000
      0.0000
      0.0014
      0.1814
      5.8832
     47.1906
     94.3812
