      0.0012
      0.0029
      0.0071
      0.0096
      0.0071
      0.0030
      0.0011
      0.0009
      0.0016
      0.0051
      0.0122
      0.0164
      0.0119
      0.0047
      0.0010
      0.0001
      0.0000
      0.0000
      0.0000
      0.0017
      0.0037
      0.0082
      0.0101
      0.0069
      0.0027
      0.0009
      0.0007
      0.0013
      0.0042
      0.0108
      0.0156
      0.0123
      0.0053
      0.0012
      0.0002
      0.0000
      0.0000
      0.0000
      0.0022
      0.0043
      0.0081
      0.0087
      0.0051
      0.0017
      0.0004
      0.0003
      0.0006
      0.0023
      0.0068
      0.0116
      0.0110
      0.0058
      0.0017
      0.0003
      0.0000
      0.0000
      0.0000
      0.0019
      0.0030
      0.0048
      0.0045
      0.0023
      0.0006
      0.0001
      0.0001
      0.0002
      0.0009
      0.0037
      0.0090
      0.0126
      0.0102
      0.0048
      0.0012
      0.0002
      0.0000
      0.0000
      0.0059
      0.0049
      0.0031
      0.0016
      0.0006
      0.0001
      0.0000
      0.0000
      0.0001
      0.0009
      0.0058
      0.0206
      0.0400
      0.0423
      0.0243
      0.0075
      0.0013
      0.0001
      0.0000
      0.0870
      0.0641
      0.0256
      0.0056
      0.0007
      0.0001
      0.0000
      0.0000
      0.0001
      0.0016
      0.0123
      0.0494
      0.1074
      0.1260
      0.0799
      0.0274
      0.0051
      0.0008
      0.0004
      0.7626
      0.5605
      0.2223
      0.0474
      0.0054
      0.0003
      0.0000
      0.0001
      0.0002
      0.0019
      0.0152
      0.0674
      0.1607
      0.2067
      0.1439
      0.0549
      0.0146
      0.0100
      0.0120
      3.5772
      2.6291
      1.0425
      0.2222
      0.0253
      0.0016
      0.0001
      0.0001
      0.0001
      0.0012
      0.0103
      0.0499
      0.1309
      0.1865
      0.1471
      0.0765
      0.0744
      0.1469
      0.1961
      9.0214
      6.6303
      2.6291
      0.5605
      0.0639
      0.0039
      0.0003
      0.0003
      0.0002
      0.0005
      0.0038
      0.0211
      0.0652
      0.1185
      0.1444
      0.2046
      0.5489
      1.2750
      1.7176
     12.2747
      9.0214
      3.5772
      0.7626
      0.0871
      0.0064
      0.0033
      0.0047
      0.0038
      0.0017
      0.0015
      0.0096
      0.0511
      0.1692
      0.3736
      0.8461
      2.5577
      5.9774
      8.0534
      9.0214
      6.6303
      2.6291
      0.5609
      0.0672
      0.0199
      0.0418
      0.0585
      0.0445
      0.0183
      0.0049
      0.0128
      0.0920
      0.3782
      0.9518
      2.2233
      6.5325
     15.1019
     20.3152
      3.5772
      2.6291
      1.0428
      0.2258
      0.0526
      0.1220
      0.2937
      0.3892
      0.2794
      0.1083
      0.0235
      0.0169
      0.1171
      0.5190
      1.3842
      3.2213
      9.0657
     20.6225
     27.6685
      0.7626
      0.5607
      0.2245
      0.0674
      0.1311
      0.4952
      1.1168
      1.3906
      0.9422
      0.3452
      0.0686
      0.0165
      0.0821
      0.3880
      1.0942
      2.5450
      6.8387
     15.2415
     20.3729
      0.0870
      0.0652
      0.0377
      0.0830
      0.3561
      1.1517
      2.3286
      2.6938
      1.7171
      0.5941
      0.1108
      0.0143
      0.0314
      0.1566
      0.4678
      1.0934
      2.8028
      6.0939
      8.1051
      0.0059
      0.0091
      0.0446
      0.2090
      0.6782
      1.6343
      2.7692
      2.9017
      1.7304
      0.5665
      0.1003
      0.0101
      0.0067
      0.0340
      0.1080
      0.2570
      0.6345
      1.3445
      1.7779
      0.0019
      0.0119
      0.0871
      0.3615
      0.9150
      1.6302
      2.2251
      2.1234
      1.2387
      0.4109
      0.0753
      0.0076
      0.0011
      0.0041
      0.0159
      0.0551
      0.1837
      0.4274
      0.5739
      0.0022
      0.0144
      0.0985
      0.3763
      0.8760
      1.5267
      2.3064
      2.6000
      1.7981
      0.7005
      0.1494
      0.0172
      0.0011
      0.0010
      0.0133
      0.1114
      0.5173
      1.3019
      1.7707
      0.0017
      0.0101
      0.0651
      0.2470
      0.6877
      1.8101
      3.8843
      5.1960
      3.8915
      1.5863
      0.3486
      0.0410
      0.0026
      0.0020
      0.0314
      0.2756
      1.2927
      3.2598
      4.4354
      0.0012
      0.0068
      0.0421
      0.1692
      0.6068
      2.0892
      5.0144
      6.9276
      5.2400
      2.1447
      0.4723
      0.0556
      0.0036
      0.0027
      0.0427
      0.3749
      1.7586
      4.4350
      6.0343
