      0.0372
      0.0488
      0.0727
      0.0854
      0.0745
      0.0517
      0.0349
      0.0285
      0.0285
      0.0343
      0.0441
      0.0485
      0.0403
      0.0242
      0.0104
      0.0032
      0.0007
      0.0001
      0.0000
      0.0393
      0.0502
      0.0717
      0.0812
      0.0686
      0.0460
      0.0302
      0.0242
      0.0246
      0.0308
      0.0419
      0.0491
      0.0439
      0.0288
      0.0138
      0.0048
      0.0012
      0.0002
      0.0001
      0.0423
      0.0504
      0.0648
      0.0670
      0.0522
      0.0323
      0.0195
      0.0152
      0.0167
      0.0254
      0.0428
      0.0618
      0.0683
      0.0557
      0.0332
      0.0143
      0.0044
      0.0010
      0.0003
      0.0563
      0.0575
      0.0569
      0.0481
      0.0324
      0.0179
      0.0101
      0.0085
      0.0128
      0.0288
      0.0658
      0.1190
      0.1579
      0.1507
      0.1026
      0.0497
      0.0171
      0.0043
      0.0015
      0.1846
      0.1603
      0.1062
      0.0555
      0.0242
      0.0103
      0.0067
      0.0084
      0.0168
      0.0464
      0.1225
      0.2470
      0.3587
      0.3704
      0.2712
      0.1407
      0.0519
      0.0144
      0.0059
      0.8073
      0.6807
      0.4085
      0.1751
      0.0551
      0.0162
      0.0107
      0.0147
      0.0262
      0.0687
      0.1891
      0.4051
      0.6240
      0.6823
      0.5290
      0.2920
      0.1180
      0.0408
      0.0228
      2.7113
      2.2807
      1.3569
      0.5706
      0.1716
      0.0432
      0.0209
      0.0233
      0.0332
      0.0763
      0.2135
      0.4808
      0.7814
      0.9025
      0.7430
      0.4458
      0.2167
      0.1183
      0.0979
      6.4588
      5.4322
      3.2299
      1.3561
      0.4045
      0.0947
      0.0330
      0.0281
      0.0318
      0.0615
      0.1721
      0.4074
      0.7003
      0.8610
      0.7717
      0.5489
      0.3999
      0.3825
      0.3994
     10.8633
      9.1365
      5.4321
      2.2800
      0.6779
      0.1524
      0.0418
      0.0272
      0.0247
      0.0372
      0.1002
      0.2501
      0.4620
      0.6266
      0.6690
      0.6870
      0.8509
      1.1353
      1.2839
     12.9164
     10.8633
      6.4588
      2.7112
      0.8067
      0.1820
      0.0505
      0.0327
      0.0263
      0.0245
      0.0475
      0.1217
      0.2552
      0.4237
      0.6336
      1.0203
      1.7397
      2.6007
      3.0073
     10.8633
      9.1367
      5.4334
      2.2849
      0.6915
      0.1809
      0.0869
      0.0791
      0.0647
      0.0416
      0.0330
      0.0641
      0.1607
      0.3542
      0.7254
      1.4818
      2.8038
      4.3195
      5.0240
      6.4588
      5.4334
      3.2367
      1.3795
      0.4647
      0.2125
      0.2070
      0.2175
      0.1745
      0.1024
      0.0505
      0.0507
      0.1292
      0.3341
      0.7786
      1.7042
      3.3024
      5.1190
      5.9608
      2.7113
      2.2852
      1.3817
      0.6486
      0.3519
      0.3640
      0.4588
      0.4720
      0.3614
      0.2015
      0.0852
      0.0487
      0.0986
      0.2659
      0.6461
      1.4381
      2.7938
      4.3275
      5.0370
      0.8073
      0.6935
      0.4748
      0.3685
      0.4607
      0.6693
      0.8299
      0.8030
      0.5850
      0.3134
      0.1236
      0.0474
      0.0600
      0.1587
      0.3975
      0.8992
      1.7544
      2.7180
      3.1631
      0.1846
      0.1862
      0.2376
      0.4206
      0.7446
      1.1021
      1.3141
      1.2358
      0.8900
      0.4768
      0.1866
      0.0574
      0.0333
      0.0775
      0.2179
      0.5477
      1.1347
      1.8037
      2.1133
      0.0563
      0.0957
      0.2496
      0.5811
      1.0916
      1.6704
      2.0904
      2.0833
      1.5886
      0.8960
      0.3657
      0.1082
      0.0332
      0.0594
      0.2292
      0.7190
      1.6610
      2.7603
      3.2718
      0.0423
      0.0920
      0.2801
      0.6949
      1.4176
      2.4288
      3.4047
      3.7115
      3.0132
      1.7738
      0.7459
      0.2234
      0.0602
      0.0989
      0.4385
      1.4726
      3.4994
      5.8787
      6.9874
      0.0393
      0.0869
      0.2730
      0.7291
      1.6717
      3.2280
      4.9435
      5.6873
      4.7602
      2.8516
      1.2119
      0.3652
      0.0977
      0.1600
      0.7214
      2.4408
      5.8177
      9.7846
     11.6336
      0.0372
      0.0820
      0.2617
      0.7303
      1.7741
      3.5941
      5.6691
      6.6255
      5.5901
      3.3628
      1.4326
      0.4322
      0.1156
      0.1897
      0.8562
      2.8987
      6.9108
     11.6242
     13.8212
