      0.2432
      0.2599
      0.2918
      0.3014
      0.2676
      0.2047
      0.1495
      0.1350
      0.1750
      0.2569
      0.3415
      0.3792
      0.3433
      0.2516
      0.1488
      0.0709
      0.0274
      0.0090
      0.0044
      0.2394
      0.2542
      0.2813
      0.2861
      0.2505
      0.1892
      0.1370
      0.1243
      0.1643
      0.2471
      0.3375
      0.3865
      0.3630
      0.2776
      0.1724
      0.0869
      0.0357
      0.0125
      0.0064
      0.2261
      0.2356
      0.2503
      0.2437
      0.2050
      0.1499
      0.1070
      0.1004
      0.1429
      0.2325
      0.3445
      0.4313
      0.4460
      0.3780
      0.2614
      0.1470
      0.0674
      0.0265
      0.0148
      0.2089
      0.2108
      0.2084
      0.1881
      0.1485
      0.1045
      0.0763
      0.0807
      0.1321
      0.2413
      0.3992
      0.5572
      0.6405
      0.6004
      0.4565
      0.2807
      0.1401
      0.0603
      0.0359
      0.2221
      0.2130
      0.1866
      0.1471
      0.1046
      0.0720
      0.0596
      0.0771
      0.1425
      0.2828
      0.5079
      0.7685
      0.9523
      0.9566
      0.7756
      0.5075
      0.2701
      0.1257
      0.0797
      0.3303
      0.3028
      0.2342
      0.1557
      0.0951
      0.0641
      0.0617
      0.0883
      0.1635
      0.3298
      0.6184
      0.9846
      1.2839
      1.3550
      1.1545
      0.7965
      0.4524
      0.2311
      0.1583
      0.5897
      0.5311
      0.3891
      0.2364
      0.1293
      0.0813
      0.0771
      0.1030
      0.1740
      0.3408
      0.6523
      1.0792
      1.4689
      1.6226
      1.4542
      1.0671
      0.6609
      0.3850
      0.2914
      0.9762
      0.8755
      0.6333
      0.3756
      0.1967
      0.1147
      0.0977
      0.1134
      0.1652
      0.3005
      0.5771
      0.9890
      1.4097
      1.6433
      1.5727
      1.2591
      0.8847
      0.6121
      0.5163
      1.3447
      1.2053
      0.8706
      0.5157
      0.2702
      0.1569
      0.1281
      0.1324
      0.1579
      0.2410
      0.4405
      0.7758
      1.1711
      1.4708
      1.5466
      1.4001
      1.1537
      0.9500
      0.8741
      1.4986
      1.3443
      0.9751
      0.5882
      0.3291
      0.2205
      0.2021
      0.2050
      0.2028
      0.2239
      0.3296
      0.5658
      0.9111
      1.2634
      1.4978
      1.5565
      1.4862
      1.3884
      1.3461
      1.3447
      1.2102
      0.8929
      0.5751
      0.3904
      0.3521
      0.3846
      0.4001
      0.3615
      0.3030
      0.3040
      0.4394
      0.7294
      1.1141
      1.4750
      1.7093
      1.7979
      1.8005
      1.7910
      0.9762
      0.8892
      0.6953
      0.5367
      0.5136
      0.6155
      0.7394
      0.7705
      0.6681
      0.4939
      0.3668
      0.3918
      0.6114
      0.9850
      1.3999
      1.7307
      1.9170
      1.9859
      1.9990
      0.5897
      0.5605
      0.5199
      0.5667
      0.7584
      1.0438
      1.2750
      1.3038
      1.0966
      0.7648
      0.4819
      0.3791
      0.5000
      0.8042
      1.1872
      1.5261
      1.7459
      1.8484
      1.8752
      0.3303
      0.3548
      0.4617
      0.7161
      1.1325
      1.6077
      1.9368
      1.9372
      1.5929
      1.0764
      0.6212
      0.3791
      0.3811
      0.5764
      0.8737
      1.1737
      1.4048
      1.5409
      1.5848
      0.2221
      0.2900
      0.5206
      0.9591
      1.5868
      2.2499
      2.6829
      2.6604
      2.1748
      1.4578
      0.8104
      0.4144
      0.2916
      0.3788
      0.6003
      0.8899
      1.1828
      1.4060
      1.4905
      0.2089
      0.3082
      0.6323
      1.2243
      2.0557
      2.9400
      3.5441
      3.5634
      2.9582
      2.0111
      1.1180
      0.5277
      0.2729
      0.2807
      0.4880
      0.8595
      1.3259
      1.7348
      1.9000
      0.2261
      0.3445
      0.7309
      1.4458
      2.4817
      3.6427
      4.5157
      4.6662
      3.9720
      2.7594
      1.5563
      0.7228
      0.3262
      0.2859
      0.5449
      1.0898
      1.8325
      2.5123
      2.7920
      0.2394
      0.3666
      0.7871
      1.5872
      2.7952
      4.2196
      5.3722
      5.6810
      4.9289
      3.4771
      1.9835
      0.9232
      0.4036
      0.3377
      0.6691
      1.3971
      2.4100
      3.3470
      3.7343
      0.2432
      0.3726
      0.8038
      1.6354
      2.9133
      4.4499
      5.7249
      6.1057
      5.3328
      3.7813
      2.1652
      1.0097
      0.4395
      0.3654
      0.7301
      1.5370
      2.6639
      3.7083
      4.1403
