      0.0000
      0.0000
      0.0000
      0.0000
      0.0000
      0.0000
      0.0000
      0.0000
      0.0000
      0.0000
      0.0000
      0.0000
      0.0000
      0.0000
      0.0000
      0.0000
      0.0000
      0.0000
      0.0000
      0.0000
      0.0000
      0.0000
      0.0000
      0.0000
      0.0000
      0.0000
      0.0000
      0.0000
      0.0000
      0.0000
      0.0000
      0.0000
      0.0000
      0.0000
      0.0000
      0.0000
      0.0000
      0.0000
      0.0000
      0.0000
      0.0000
      0.0000
      0.0000
      0.0000
      0.0000
      0.0000
      0.0000
      0.0000
      0.0000
      0.0000
      0.0000
      0.0000
      0.0000
      0.0000
      0.0000
      0.0000
      0.0000
      0.0000
      0.0000
      0.0000
      0.0000
      0.0000
      0.0000
      0.0000
      0.0000
      0.0000
      0.0000
      0.0000
      0.0000
      0.0000
      0.0000
      0.0000
      0.0000
      0.0000
      0.0000
      0.0000
      0.0000
      0.0000
      0.0000
      0.0000
      0.0000
      0.0000
      0.0000
      0.0000
      0.0000
      0.0000
      0.0000
      0.0000
      0.0000
      0.0000
      0.0000
      0.0000
      0.0000
      0.0000
      0.0000
      0.0001
      0.0000
      0.0000
      0.0000
      0.0000
      0.0000
      0.0000
      0.0000
      0.0000
      0.0000
      0.0000
      0.0001
      0.0004
      0.0006
      0.0002
      0.0000
      0.0000
      0.0000
      0.0000
      0.0129
      0.0064
      0.0008
      0.0000
      0.0000
      0.0000
      0.0000
      0.0000
      0.0000
      0.0000
      0.0000
      0.0001
      0.0010
      0.0018
      0.0008
      0.0001
      0.0000
      0.0000
      0.0000
      0.4183
      0.2091
      0.0261
      0.0008
      0.0000
      0.0000
      0.0000
      0.0000
      0.0000
      0.0000
      0.0000
      0.0001
      0.0006
      0.0014
      0.0008
      0.0001
      0.0000
      0.0000
      0.0001
      3.3552
      1.6776
      0.2091
      0.0064
      0.0000
      0.0000
      0.0000
      0.0000
      0.0000
      0.0000
      0.0000
      0.0000
      0.0001
      0.0004
      0.0006
      0.0005
      0.0008
      0.0052
      0.0104
      6.7104
      3.3552
      0.4183
      0.0129
      0.0001
      0.0000
      0.0000
      0.0000
      0.0000
      0.0000
      0.0000
      0.0000
      0.0002
      0.0035
      0.0174
      0.0224
      0.0280
      0.1691
      0.3368
      3.3552
      1.6776
      0.2091
      0.0064
      0.0000
      0.0000
      0.0002
      0.0005
      0.0003
      0.0000
      0.0000
      0.0000
      0.0012
      0.0292
      0.1696
      0.2513
      0.2582
      1.3592
      2.7016
      0.4183
      0.2091
      0.0261
      0.0008
      0.0001
      0.0023
      0.0176
      0.0335
      0.0159
      0.0019
      0.0001
      0.0000
      0.0022
      0.0609
      0.4123
      0.7073
      0.6316
      2.7324
      5.4037
      0.0129
      0.0064
      0.0008
      0.0001
      0.0020
      0.0519
      0.3482
      0.5844
      0.2452
      0.0256
      0.0007
      0.0000
      0.0010
      0.0317
      0.2506
      0.4987
      0.4114
      1.3804
      2.7028
      0.0001
      0.0000
      0.0000
      0.0008
      0.0168
      0.2960
      1.7114
      2.5322
      0.9383
      0.0866
      0.0020
      0.0000
      0.0001
      0.0041
      0.0380
      0.0879
      0.0711
      0.1755
      0.3372
      0.0000
      0.0000
      0.0005
      0.0126
      0.0954
      0.5165
      2.1368
      2.7440
      0.8971
      0.0731
      0.0015
      0.0000
      0.0000
      0.0001
      0.0014
      0.0038
      0.0033
      0.0064
      0.0120
      0.0000
      0.0000
      0.0027
      0.0575
      0.3123
      0.5425
      0.7783
      0.7613
      0.2195
      0.0161
      0.0003
      0.0000
      0.0000
      0.0000
      0.0000
      0.0004
      0.0132
      0.1055
      0.2111
      0.0000
      0.0000
      0.0036
      0.0665
      0.3046
      0.3742
      0.2902
      0.3646
      0.1784
      0.0230
      0.0008
      0.0000
      0.0000
      0.0000
      0.0001
      0.0132
      0.4265
      3.4207
      6.8414
      0.0000
      0.0000
      0.0012
      0.0193
      0.0793
      0.2071
      1.1662
      2.4708
      1.3286
      0.1783
      0.0059
      0.0000
      0.0000
      0.0000
      0.0008
      0.1055
      3.4207
     27.4380
     54.8760
      0.0000
      0.0000
      0.0002
      0.0028
      0.0169
      0.2736
      2.2960
      4.9379
      2.6567
      0.3565
      0.0118
      0.0001
      0.0000
      0.0000
      0.0016
      0.2110
      6.8414
     54.8760
    109.7520
