      0.0639
      0.0661
      0.0712
      0.0766
      0.0824
      0.0923
      0.1109
      0.1428
      0.1924
      0.2570
      0.3156
      0.3349
      0.2957
      0.2133
      0.1246
      0.0588
      0.0227
      0.0077
      0.0040
      0.0647
      0.0665
      0.0705
      0.0743
      0.0780
      0.0855
      0.1016
      0.1311
      0.1787
      0.2430
      0.3051
      0.3323
      0.3026
      0.2263
      0.1379
      0.0683
      0.0277
      0.0099
      0.0053
      0.0734
      0.0735
      0.0727
      0.0702
      0.0678
      0.0698
      0.0811
      0.1061
      0.1505
      0.2163
      0.2905
      0.3420
      0.3399
      0.2797
      0.1888
      0.1041
      0.0470
      0.0185
      0.0104
      0.1208
      0.1142
      0.0975
      0.0776
      0.0623
      0.0576
      0.0662
      0.0900
      0.1347
      0.2078
      0.3059
      0.3996
      0.4423
      0.4049
      0.3028
      0.1841
      0.0914
      0.0397
      0.0241
      0.2870
      0.2612
      0.1981
      0.1297
      0.0821
      0.0646
      0.0728
      0.0998
      0.1482
      0.2331
      0.3642
      0.5154
      0.6195
      0.6130
      0.4932
      0.3220
      0.1730
      0.0836
      0.0555
      0.7103
      0.6385
      0.4656
      0.2815
      0.1555
      0.1040
      0.1058
      0.1341
      0.1827
      0.2736
      0.4329
      0.6419
      0.8151
      0.8521
      0.7250
      0.5045
      0.2966
      0.1660
      0.1238
      1.5109
      1.3546
      0.9784
      0.5785
      0.3019
      0.1779
      0.1556
      0.1745
      0.2117
      0.2921
      0.4566
      0.6986
      0.9281
      1.0205
      0.9213
      0.6961
      0.4677
      0.3203
      0.2725
      2.6158
      2.3437
      1.6890
      0.9913
      0.5028
      0.2698
      0.2032
      0.2002
      0.2152
      0.2689
      0.4093
      0.6447
      0.9009
      1.0549
      1.0357
      0.8869
      0.7199
      0.6141
      0.5815
      3.6413
      3.2622
      2.3498
      1.3760
      0.6892
      0.3515
      0.2397
      0.2132
      0.2044
      0.2248
      0.3221
      0.5205
      0.7775
      0.9980
      1.1093
      1.1243
      1.1145
      1.1229
      1.1325
      4.0660
      3.6433
      2.6264
      1.5429
      0.7818
      0.4107
      0.2887
      0.2548
      0.2275
      0.2116
      0.2569
      0.4062
      0.6549
      0.9465
      1.2169
      1.4476
      1.6559
      1.8273
      1.8977
      3.6413
      3.2649
      2.3627
      1.4118
      0.7642
      0.4768
      0.4082
      0.3928
      0.3461
      0.2788
      0.2572
      0.3488
      0.5823
      0.9332
      1.3465
      1.7768
      2.1897
      2.5145
      2.6419
      2.6158
      2.3510
      1.7240
      1.0885
      0.7058
      0.6065
      0.6507
      0.6719
      0.5898
      0.4396
      0.3231
      0.3373
      0.5311
      0.8961
      1.3815
      1.9239
      2.4534
      2.8635
      3.0219
      1.5109
      1.3690
      1.0474
      0.7691
      0.6971
      0.8262
      1.0063
      1.0615
      0.9201
      0.6567
      0.4207
      0.3358
      0.4550
      0.7699
      1.2327
      1.7768
      2.3182
      2.7372
      2.8981
      0.7103
      0.6616
      0.5754
      0.5815
      0.7705
      1.1014
      1.4005
      1.4737
      1.2590
      0.8745
      0.5166
      0.3275
      0.3532
      0.5784
      0.9660
      1.4658
      1.9960
      2.4207
      2.5860
      0.2870
      0.2925
      0.3464
      0.5322
      0.9012
      1.3855
      1.7815
      1.8688
      1.5871
      1.0905
      0.6182
      0.3309
      0.2697
      0.4201
      0.7727
      1.3155
      1.9674
      2.5290
      2.7546
      0.1208
      0.1523
      0.2776
      0.5677
      1.0647
      1.6858
      2.1932
      2.3212
      1.9890
      1.3770
      0.7752
      0.3812
      0.2486
      0.3802
      0.8166
      1.6036
      2.6422
      3.5829
      3.9687
      0.0734
      0.1167
      0.2789
      0.6390
      1.2506
      2.0272
      2.6882
      2.8970
      2.5263
      1.7776
      1.0114
      0.4882
      0.2937
      0.4616
      1.0978
      2.3160
      3.9780
      5.5090
      6.1411
      0.0647
      0.1133
      0.2965
      0.7073
      1.4180
      2.3432
      3.1603
      3.4583
      3.0578
      2.1785
      1.2521
      0.6062
      0.3619
      0.5833
      1.4340
      3.0859
      5.3583
      7.4601
      8.3295
      0.0639
      0.1144
      0.3050
      0.7358
      1.4882
      2.4774
      3.3629
      3.7003
      3.2877
      2.3521
      1.3567
      0.6584
      0.3940
      0.6399
      1.5835
      3.4196
      5.9491
      8.2906
      9.2594
