      0.4993
      0.5123
      0.5368
      0.5428
      0.5109
      0.4494
      0.3886
      0.3593
      0.3736
      0.4175
      0.4581
      0.4621
      0.4139
      0.3244
      0.2219
      0.1338
      0.0742
      0.0428
      0.0335
      0.5038
      0.5136
      0.5303
      0.5278
      0.4903
      0.4277
      0.3685
      0.3412
      0.3562
      0.3998
      0.4410
      0.4477
      0.4045
      0.3206
      0.2221
      0.1358
      0.0762
      0.0442
      0.0345
      0.5317
      0.5318
      0.5247
      0.4962
      0.4419
      0.3750
      0.3202
      0.2983
      0.3149
      0.3569
      0.3982
      0.4111
      0.3805
      0.3110
      0.2237
      0.1426
      0.0833
      0.0497
      0.0391
      0.6322
      0.6149
      0.5647
      0.4888
      0.4020
      0.3241
      0.2729
      0.2572
      0.2744
      0.3115
      0.3493
      0.3674
      0.3516
      0.3015
      0.2303
      0.1577
      0.1000
      0.0648
      0.0532
      0.8930
      0.8469
      0.7248
      0.5676
      0.4201
      0.3133
      0.2565
      0.2421
      0.2553
      0.2824
      0.3116
      0.3311
      0.3297
      0.3012
      0.2504
      0.1907
      0.1378
      0.1027
      0.0906
      1.4063
      1.3152
      1.0800
      0.7906
      0.5371
      0.3687
      0.2858
      0.2601
      0.2615
      0.2731
      0.2902
      0.3098
      0.3236
      0.3214
      0.2982
      0.2598
      0.2189
      0.1886
      0.1776
      2.1881
      2.0356
      1.6441
      1.1682
      0.7582
      0.4891
      0.3534
      0.3001
      0.2810
      0.2744
      0.2803
      0.3035
      0.3392
      0.3732
      0.3913
      0.3894
      0.3743
      0.3581
      0.3514
      3.0991
      2.8784
      2.3127
      1.6262
      1.0347
      0.6431
      0.4376
      0.3456
      0.3015
      0.2775
      0.2772
      0.3115
      0.3794
      0.4642
      0.5429
      0.5994
      0.6302
      0.6423
      0.6450
      3.8519
      3.5768
      2.8718
      2.0165
      1.2784
      0.7857
      0.5204
      0.3935
      0.3264
      0.2878
      0.2847
      0.3347
      0.4421
      0.5897
      0.7467
      0.8831
      0.9812
      1.0374
      1.0553
      4.1459
      3.8525
      3.1013
      2.1923
      1.4103
      0.8893
      0.6060
      0.4633
      0.3791
      0.3241
      0.3129
      0.3724
      0.5144
      0.7239
      0.9636
      1.1896
      1.3670
      1.4772
      1.5141
      3.8519
      3.5870
      2.9117
      2.1016
      1.4148
      0.9659
      0.7225
      0.5882
      0.4882
      0.4053
      0.3682
      0.4167
      0.5721
      0.8229
      1.1276
      1.4306
      1.6807
      1.8427
      1.8984
      3.0991
      2.9021
      2.4052
      1.8233
      1.3502
      1.0581
      0.9003
      0.7873
      0.6625
      0.5314
      0.4430
      0.4522
      0.5891
      0.8458
      1.1792
      1.5272
      1.8263
      2.0263
      2.0964
      2.1881
      2.0769
      1.8052
      1.5101
      1.3026
      1.1999
      1.1380
      1.0389
      0.8729
      0.6746
      0.5156
      0.4638
      0.5549
      0.7835
      1.1091
      1.4693
      1.7938
      2.0187
      2.0990
      1.4063
      1.3756
      1.3145
      1.2854
      1.3189
      1.3788
      1.3863
      1.2797
      1.0596
      0.7898
      0.5605
      0.4462
      0.4837
      0.6710
      0.9755
      1.3404
      1.6906
      1.9450
      2.0382
      0.8930
      0.9223
      1.0171
      1.1803
      1.3790
      1.5373
      1.5705
      1.4366
      1.1648
      0.8408
      0.5635
      0.4070
      0.4070
      0.5688
      0.8735
      1.2741
      1.6871
      2.0025
      2.1211
      0.6322
      0.6972
      0.8822
      1.1501
      1.4272
      1.6168
      1.6391
      1.4729
      1.1687
      0.8221
      0.5304
      0.3621
      0.3541
      0.5242
      0.8734
      1.3649
      1.8993
      2.3219
      2.4835
      0.5317
      0.6124
      0.8345
      1.1381
      1.4293
      1.6067
      1.6024
      1.4135
      1.1016
      0.7615
      0.4822
      0.3261
      0.3345
      0.5423
      0.9718
      1.5952
      2.2905
      2.8498
      3.0656
      0.5038
      0.5887
      0.8184
      1.1227
      1.4006
      1.5543
      1.5274
      1.3289
      1.0237
      0.7015
      0.4426
      0.3053
      0.3366
      0.5862
      1.0941
      1.8376
      2.6749
      3.3527
      3.6149
      0.4993
      0.5845
      0.8139
      1.1143
      1.3838
      1.5265
      1.4913
      1.2907
      0.9905
      0.6772
      0.4277
      0.2989
      0.3404
      0.6080
      1.1484
      1.9407
      2.8350
      3.5599
      3.8407
