      0.6022
      0.6235
      0.6728
      0.7183
      0.7361
      0.7222
      0.6861
      0.6368
      0.5786
      0.5134
      0.4430
      0.3683
      0.2895
      0.2102
      0.1378
      0.0805
      0.0421
      0.0215
      0.0152
      0.5874
      0.6059
      0.6480
      0.6850
      0.6959
      0.6785
      0.6425
      0.5971
      0.5459
      0.4902
      0.4304
      0.3657
      0.2947
      0.2198
      0.1483
      0.0895
      0.0487
      0.0261
      0.0190
      0.5435
      0.5548
      0.5788
      0.5949
      0.5897
      0.5651
      0.5314
      0.4969
      0.4643
      0.4330
      0.4005
      0.3621
      0.3121
      0.2495
      0.1811
      0.1184
      0.0711
      0.0431
      0.0340
      0.4770
      0.4796
      0.4821
      0.4747
      0.4537
      0.4254
      0.3991
      0.3809
      0.3716
      0.3695
      0.3703
      0.3656
      0.3445
      0.3010
      0.2395
      0.1739
      0.1191
      0.0845
      0.0728
      0.4082
      0.4028
      0.3863
      0.3601
      0.3301
      0.3049
      0.2910
      0.2902
      0.3010
      0.3224
      0.3515
      0.3791
      0.3905
      0.3733
      0.3281
      0.2689
      0.2144
      0.1783
      0.1660
      0.3665
      0.3544
      0.3225
      0.2826
      0.2487
      0.2305
      0.2293
      0.2412
      0.2629
      0.2958
      0.3421
      0.3960
      0.4417
      0.4625
      0.4538
      0.4263
      0.3970
      0.3776
      0.3712
      0.3724
      0.3541
      0.3082
      0.2558
      0.2177
      0.2035
      0.2094
      0.2253
      0.2467
      0.2788
      0.3309
      0.4044
      0.4879
      0.5650
      0.6274
      0.6784
      0.7231
      0.7577
      0.7712
      0.4195
      0.3956
      0.3363
      0.2705
      0.2249
      0.2088
      0.2137
      0.2253
      0.2380
      0.2609
      0.3107
      0.3988
      0.5246
      0.6801
      0.8584
      1.0519
      1.2401
      1.3830
      1.4371
      0.4748
      0.4470
      0.3786
      0.3034
      0.2516
      0.2320
      0.2325
      0.2360
      0.2363
      0.2456
      0.2873
      0.3848
      0.5542
      0.8047
      1.1378
      1.5337
      1.9334
      2.2395
      2.3553
      0.4990
      0.4719
      0.4061
      0.3361
      0.2909
      0.2763
      0.2770
      0.2734
      0.2598
      0.2508
      0.2766
      0.3737
      0.5778
      0.9208
      1.4173
      2.0373
      2.6777
      3.1728
      3.3605
      0.4748
      0.4556
      0.4115
      0.3716
      0.3573
      0.3664
      0.3774
      0.3685
      0.3351
      0.2970
      0.2928
      0.3715
      0.5871
      0.9912
      1.6120
      2.4124
      3.2530
      3.9076
      4.1565
      0.4195
      0.4164
      0.4161
      0.4360
      0.4816
      0.5352
      0.5646
      0.5453
      0.4777
      0.3917
      0.3373
      0.3746
      0.5677
      0.9786
      1.6424
      2.5193
      3.4518
      4.1826
      4.4612
      0.3724
      0.3923
      0.4547
      0.5593
      0.6872
      0.7977
      0.8440
      0.8000
      0.6772
      0.5220
      0.3989
      0.3746
      0.5137
      0.8750
      1.4917
      2.3248
      3.2202
      3.9260
      4.1957
      0.3665
      0.4131
      0.5474
      0.7471
      0.9637
      1.1285
      1.1796
      1.0933
      0.8979
      0.6608
      0.4610
      0.3680
      0.4379
      0.7171
      1.2302
      1.9410
      2.7139
      3.3266
      3.5614
      0.4082
      0.4801
      0.6818
      0.9680
      1.2600
      1.4632
      1.5046
      1.3667
      1.0967
      0.7821
      0.5135
      0.3600
      0.3671
      0.5676
      0.9772
      1.5631
      2.2094
      2.7255
      2.9238
      0.4770
      0.5683
      0.8205
      1.1683
      1.5091
      1.7307
      1.7547
      1.5721
      1.2446
      0.8732
      0.5555
      0.3596
      0.3249
      0.4770
      0.8279
      1.3477
      1.9303
      2.3994
      2.5803
      0.5435
      0.6461
      0.9267
      1.3065
      1.6687
      1.8934
      1.9031
      1.6946
      1.3365
      0.9349
      0.5898
      0.3702
      0.3162
      0.4547
      0.7999
      1.3238
      1.9182
      2.3999
      2.5863
      0.5874
      0.6946
      0.9860
      1.3760
      1.7424
      1.9642
      1.9669
      1.7502
      1.3833
      0.9713
      0.6148
      0.3850
      0.3260
      0.4702
      0.8365
      1.3978
      2.0383
      2.5592
      2.7610
      0.6022
      0.7104
      1.0040
      1.3953
      1.7612
      1.9812
      1.9823
      1.7648
      1.3972
      0.9836
      0.6243
      0.3919
      0.3326
      0.4816
      0.8604
      1.4417
      2.1061
      2.6470
      2.8567
