      0.0363
      0.0469
      0.0690
      0.0814
      0.0741
      0.0589
      0.0507
      0.0478
      0.0420
      0.0347
      0.0313
      0.0296
      0.0240
      0.0147
      0.0066
      0.0022
      0.0005
      0.0001
      0.0000
      0.0380
      0.0480
      0.0679
      0.0773
      0.0680
      0.0522
      0.0435
      0.0404
      0.0359
      0.0315
      0.0320
      0.0347
      0.0323
      0.0230
      0.0121
      0.0047
      0.0013
      0.0003
      0.0001
      0.0392
      0.0468
      0.0605
      0.0634
      0.0513
      0.0359
      0.0274
      0.0247
      0.0240
      0.0285
      0.0443
      0.0673
      0.0806
      0.0709
      0.0449
      0.0203
      0.0066
      0.0015
      0.0005
      0.0420
      0.0448
      0.0479
      0.0431
      0.0308
      0.0190
      0.0129
      0.0120
      0.0171
      0.0390
      0.0937
      0.1768
      0.2417
      0.2357
      0.1632
      0.0800
      0.0277
      0.0070
      0.0024
      0.0967
      0.0860
      0.0613
      0.0360
      0.0181
      0.0086
      0.0054
      0.0069
      0.0195
      0.0685
      0.1947
      0.4011
      0.5873
      0.6093
      0.4475
      0.2327
      0.0861
      0.0242
      0.0100
      0.3872
      0.3273
      0.1980
      0.0864
      0.0280
      0.0079
      0.0042
      0.0073
      0.0258
      0.1008
      0.3069
      0.6698
      1.0358
      1.1337
      0.8791
      0.4853
      0.1969
      0.0700
      0.0407
      1.2887
      1.0843
      0.6454
      0.2716
      0.0813
      0.0190
      0.0069
      0.0090
      0.0276
      0.1085
      0.3467
      0.7974
      1.2992
      1.4996
      1.2324
      0.7395
      0.3656
      0.2121
      0.1832
      3.0675
      2.5800
      1.5340
      0.6438
      0.1911
      0.0424
      0.0113
      0.0095
      0.0220
      0.0834
      0.2780
      0.6736
      1.1580
      1.4172
      1.2627
      0.9033
      0.6934
      0.7139
      0.7655
      5.1590
      4.3389
      2.5796
      1.0824
      0.3208
      0.0697
      0.0158
      0.0091
      0.0141
      0.0464
      0.1588
      0.4058
      0.7421
      0.9880
      1.0424
      1.1154
      1.5191
      2.1590
      2.4851
      6.1340
      5.1589
      3.0672
      1.2874
      0.3824
      0.0851
      0.0221
      0.0141
      0.0136
      0.0229
      0.0675
      0.1802
      0.3627
      0.5777
      0.8912
      1.6403
      3.1516
      4.9812
      5.8446
      5.1590
      4.3391
      2.5806
      1.0860
      0.3302
      0.0888
      0.0451
      0.0419
      0.0350
      0.0254
      0.0299
      0.0695
      0.1674
      0.3799
      0.9350
      2.3696
      5.0996
      8.2917
      9.7793
      3.0675
      2.5809
      1.5394
      0.6613
      0.2327
      0.1189
      0.1195
      0.1234
      0.0981
      0.0581
      0.0308
      0.0360
      0.0993
      0.3098
      0.9672
      2.7076
      5.9962
      9.8205
     11.5989
      1.2887
      1.0882
      0.6662
      0.3335
      0.2144
      0.2395
      0.2912
      0.2886
      0.2169
      0.1205
      0.0513
      0.0299
      0.0678
      0.2356
      0.7878
      2.2576
      5.0304
      8.2514
      9.7488
      0.3872
      0.3388
      0.2566
      0.2515
      0.3586
      0.5148
      0.6148
      0.5805
      0.4201
      0.2267
      0.0905
      0.0333
      0.0410
      0.1376
      0.4688
      1.3510
      3.0118
      4.9393
      5.8351
      0.0967
      0.1100
      0.1826
      0.3720
      0.6817
      1.0251
      1.2504
      1.2139
      0.9065
      0.5039
      0.2039
      0.0619
      0.0269
      0.0614
      0.2100
      0.6111
      1.3664
      2.2425
      2.6495
      0.0420
      0.0813
      0.2354
      0.5803
      1.1637
      1.9287
      2.6101
      2.7700
      2.2103
      1.2876
      0.5380
      0.1603
      0.0387
      0.0311
      0.1050
      0.3243
      0.7452
      1.2358
      1.4640
      0.0392
      0.0887
      0.2866
      0.7753
      1.7648
      3.3489
      5.0465
      5.7432
      4.7764
      2.8509
      1.2090
      0.3622
      0.0800
      0.0373
      0.1234
      0.4083
      0.9673
      1.6231
      1.9287
      0.0380
      0.0877
      0.3006
      0.9057
      2.3387
      4.9068
      7.8646
      9.2511
      7.8251
      4.7120
      2.0080
      0.6031
      0.1322
      0.0572
      0.1888
      0.6332
      1.5086
      2.5369
      3.0162
      0.0363
      0.0844
      0.2992
      0.9519
      2.5889
      5.6216
      9.1780
     10.8938
      9.2543
      5.5843
      2.3823
      0.7159
      0.1569
      0.0675
      0.2228
      0.7479
      1.7826
      2.9983
      3.5649
