      0.2216
      0.2408
      0.2799
      0.3012
      0.2837
      0.2401
      0.2002
      0.1873
      0.2086
      0.2555
      0.3030
      0.3166
      0.2774
      0.1990
      0.1156
      0.0543
      0.0207
      0.0069
      0.0036
      0.2206
      0.2375
      0.2708
      0.2860
      0.2650
      0.2210
      0.1824
      0.1705
      0.1919
      0.2396
      0.2906
      0.3116
      0.2812
      0.2088
      0.1263
      0.0621
      0.0249
      0.0088
      0.0046
      0.2174
      0.2278
      0.2455
      0.2451
      0.2164
      0.1734
      0.1398
      0.1317
      0.1548
      0.2059
      0.2682
      0.3110
      0.3056
      0.2489
      0.1663
      0.0908
      0.0406
      0.0159
      0.0089
      0.2282
      0.2278
      0.2207
      0.1975
      0.1596
      0.1208
      0.0968
      0.0965
      0.1244
      0.1833
      0.2659
      0.3444
      0.3782
      0.3436
      0.2553
      0.1546
      0.0769
      0.0339
      0.0209
      0.3184
      0.2991
      0.2483
      0.1840
      0.1261
      0.0883
      0.0749
      0.0842
      0.1186
      0.1881
      0.2977
      0.4233
      0.5087
      0.5029
      0.4050
      0.2662
      0.1459
      0.0740
      0.0513
      0.6085
      0.5518
      0.4130
      0.2601
      0.1477
      0.0924
      0.0814
      0.0962
      0.1330
      0.2086
      0.3413
      0.5137
      0.6567
      0.6905
      0.5937
      0.4228
      0.2612
      0.1598
      0.1270
      1.2035
      1.0806
      0.7840
      0.4657
      0.2411
      0.1343
      0.1082
      0.1182
      0.1480
      0.2169
      0.3549
      0.5551
      0.7469
      0.8333
      0.7718
      0.6125
      0.4489
      0.3439
      0.3101
      2.0488
      1.8360
      1.3233
      0.7752
      0.3882
      0.1990
      0.1407
      0.1355
      0.1496
      0.1986
      0.3185
      0.5164
      0.7370
      0.8881
      0.9153
      0.8488
      0.7668
      0.7196
      0.7072
      2.8414
      2.5455
      1.8331
      1.0716
      0.5324
      0.2647
      0.1741
      0.1527
      0.1487
      0.1706
      0.2562
      0.4282
      0.6610
      0.8891
      1.0603
      1.1790
      1.2819
      1.3737
      1.4134
      3.1709
      2.8415
      2.0494
      1.2060
      0.6141
      0.3265
      0.2330
      0.2075
      0.1865
      0.1749
      0.2158
      0.3509
      0.5892
      0.9012
      1.2472
      1.6076
      1.9654
      2.2549
      2.3698
      2.8414
      2.5498
      1.8522
      1.1212
      0.6302
      0.4202
      0.3755
      0.3632
      0.3178
      0.2534
      0.2316
      0.3178
      0.5502
      0.9288
      1.4261
      2.0045
      2.5987
      3.0746
      3.2609
      2.0488
      1.8482
      1.3778
      0.9138
      0.6547
      0.6120
      0.6621
      0.6682
      0.5729
      0.4190
      0.3032
      0.3167
      0.5129
      0.9032
      1.4651
      2.1502
      2.8639
      3.4343
      3.6566
      1.2035
      1.1072
      0.9008
      0.7550
      0.7803
      0.9427
      1.0976
      1.1021
      0.9194
      0.6382
      0.4007
      0.3177
      0.4395
      0.7701
      1.2852
      1.9341
      2.6182
      3.1655
      3.3784
      0.6085
      0.5989
      0.6163
      0.7500
      1.0326
      1.3759
      1.6049
      1.5730
      1.2751
      0.8531
      0.4909
      0.3073
      0.3356
      0.5633
      0.9648
      1.4997
      2.0818
      2.5551
      2.7403
      0.3184
      0.3678
      0.5409
      0.8755
      1.3456
      1.8151
      2.0812
      1.9980
      1.5903
      1.0436
      0.5730
      0.3009
      0.2445
      0.3797
      0.6910
      1.1618
      1.7190
      2.1946
      2.3848
      0.2282
      0.3116
      0.5757
      1.0310
      1.6196
      2.1787
      2.4862
      2.3855
      1.9060
      1.2569
      0.6845
      0.3283
      0.2060
      0.2973
      0.6131
      1.1733
      1.9028
      2.5585
      2.8265
      0.2174
      0.3157
      0.6201
      1.1338
      1.7963
      2.4440
      2.8379
      2.7834
      2.2773
      1.5366
      0.8504
      0.4003
      0.2248
      0.3206
      0.7371
      1.5370
      2.6249
      3.6248
      4.0373
      0.2206
      0.3221
      0.6363
      1.1710
      1.8804
      2.6136
      3.1152
      3.1387
      2.6329
      1.8156
      1.0220
      0.4841
      0.2675
      0.3880
      0.9302
      1.9927
      3.4547
      4.8065
      5.3655
      0.2216
      0.3230
      0.6373
      1.1762
      1.9031
      2.6743
      3.2265
      3.2885
      2.7862
      1.9370
      1.0973
      0.5219
      0.2887
      0.4221
      1.0206
      2.1973
      3.8199
      5.3218
      5.9432
