      0.3103
      0.3195
      0.3422
      0.3680
      0.3900
      0.4090
      0.4304
      0.4584
      0.4919
      0.5224
      0.5340
      0.5093
      0.4413
      0.3408
      0.2324
      0.1407
      0.0784
      0.0453
      0.0354
      0.3185
      0.3254
      0.3421
      0.3601
      0.3747
      0.3879
      0.4055
      0.4317
      0.4657
      0.4991
      0.5161
      0.4991
      0.4391
      0.3449
      0.2397
      0.1479
      0.0838
      0.0488
      0.0381
      0.3582
      0.3577
      0.3548
      0.3483
      0.3401
      0.3364
      0.3438
      0.3658
      0.4010
      0.4418
      0.4731
      0.4760
      0.4376
      0.3607
      0.2638
      0.1718
      0.1024
      0.0619
      0.0489
      0.4796
      0.4639
      0.4222
      0.3680
      0.3180
      0.2855
      0.2773
      0.2932
      0.3295
      0.3788
      0.4275
      0.4566
      0.4476
      0.3948
      0.3103
      0.2181
      0.1413
      0.0930
      0.0769
      0.7661
      0.7232
      0.6117
      0.4733
      0.3512
      0.2714
      0.2385
      0.2444
      0.2787
      0.3330
      0.3967
      0.4516
      0.4748
      0.4510
      0.3842
      0.2964
      0.2153
      0.1609
      0.1421
      1.3014
      1.2143
      0.9898
      0.7150
      0.4760
      0.3188
      0.2448
      0.2313
      0.2565
      0.3089
      0.3809
      0.4577
      0.5138
      0.5260
      0.4891
      0.4206
      0.3493
      0.2989
      0.2811
      2.0939
      1.9456
      1.5644
      1.0997
      0.6963
      0.4282
      0.2925
      0.2473
      0.2544
      0.2965
      0.3691
      0.4627
      0.5534
      0.6135
      0.6294
      0.6106
      0.5796
      0.5557
      0.5472
      3.0033
      2.7872
      2.2319
      1.5552
      0.9671
      0.5725
      0.3642
      0.2798
      0.2626
      0.2881
      0.3545
      0.4602
      0.5882
      0.7120
      0.8122
      0.8859
      0.9398
      0.9762
      0.9896
      3.7491
      3.4787
      2.7847
      1.9395
      1.2050
      0.7105
      0.4445
      0.3271
      0.2860
      0.2910
      0.3448
      0.4567
      0.6222
      0.8226
      1.0358
      1.2439
      1.4276
      1.5590
      1.6073
      4.0394
      3.7503
      3.0093
      2.1100
      1.3330
      0.8138
      0.5350
      0.4057
      0.3462
      0.3262
      0.3572
      0.4637
      0.6582
      0.9340
      1.2694
      1.6303
      1.9663
      2.2109
      2.3012
      3.7491
      3.4869
      2.8177
      2.0134
      1.3308
      0.8876
      0.6560
      0.5415
      0.4671
      0.4120
      0.4032
      0.4839
      0.6850
      1.0124
      1.4455
      1.9363
      2.4055
      2.7505
      2.8783
      3.0033
      2.8056
      2.3063
      1.7212
      1.2481
      0.9653
      0.8291
      0.7466
      0.6530
      0.5469
      0.4768
      0.5059
      0.6804
      1.0152
      1.4903
      2.0482
      2.5910
      2.9932
      3.1425
      2.0939
      1.9769
      1.6902
      1.3786
      1.1651
      1.0772
      1.0518
      1.0001
      0.8761
      0.7039
      0.5562
      0.5131
      0.6298
      0.9242
      1.3764
      1.9260
      2.4697
      2.8757
      3.0268
      1.3014
      1.2591
      1.1693
      1.1106
      1.1353
      1.2218
      1.2883
      1.2518
      1.0874
      0.8449
      0.6183
      0.4985
      0.5426
      0.7677
      1.1545
      1.6461
      2.1438
      2.5199
      2.6607
      0.7661
      0.7791
      0.8346
      0.9617
      1.1583
      1.3657
      1.4886
      1.4509
      1.2463
      0.9448
      0.6545
      0.4709
      0.4496
      0.6069
      0.9274
      1.3613
      1.8162
      2.1669
      2.2995
      0.4796
      0.5258
      0.6684
      0.9050
      1.2000
      1.4723
      1.6207
      1.5757
      1.3430
      1.0041
      0.6733
      0.4476
      0.3826
      0.4976
      0.7849
      1.2025
      1.6587
      2.0190
      2.1567
      0.3582
      0.4206
      0.6046
      0.8917
      1.2297
      1.5285
      1.6863
      1.6380
      1.3940
      1.0387
      0.6879
      0.4399
      0.3537
      0.4561
      0.7496
      1.1981
      1.7030
      2.1091
      2.2656
      0.3185
      0.3868
      0.5855
      0.8895
      1.2407
      1.5475
      1.7095
      1.6633
      1.4191
      1.0601
      0.7016
      0.4440
      0.3511
      0.4578
      0.7753
      1.2710
      1.8369
      2.2961
      2.4738
      0.3103
      0.3799
      0.5817
      0.8889
      1.2423
      1.5506
      1.7141
      1.6698
      1.4271
      1.0681
      0.7078
      0.4475
      0.3536
      0.4643
      0.7943
      1.3119
      1.9051
      2.3875
      2.5745
