      0.0666
      0.0882
      0.1327
      0.1562
      0.1354
      0.0914
      0.0576
      0.0414
      0.0330
      0.0276
      0.0261
      0.0253
      0.0204
      0.0124
      0.0054
      0.0017
      0.0004
      0.0001
      0.0000
      0.0705
      0.0907
      0.1308
      0.1484
      0.1246
      0.0815
      0.0498
      0.0351
      0.0282
      0.0249
      0.0258
      0.0278
      0.0251
      0.0172
      0.0087
      0.0032
      0.0009
      0.0002
      0.0000
      0.0728
      0.0884
      0.1162
      0.1216
      0.0945
      0.0572
      0.0322
      0.0218
      0.0188
      0.0212
      0.0312
      0.0452
      0.0523
      0.0447
      0.0278
      0.0124
      0.0039
      0.0009
      0.0003
      0.0635
      0.0719
      0.0841
      0.0794
      0.0562
      0.0310
      0.0162
      0.0115
      0.0135
      0.0262
      0.0582
      0.1067
      0.1440
      0.1394
      0.0960
      0.0469
      0.0162
      0.0041
      0.0014
      0.0650
      0.0638
      0.0576
      0.0439
      0.0268
      0.0140
      0.0088
      0.0095
      0.0171
      0.0446
      0.1163
      0.2350
      0.3424
      0.3545
      0.2602
      0.1354
      0.0504
      0.0145
      0.0063
      0.1578
      0.1359
      0.0874
      0.0432
      0.0180
      0.0095
      0.0105
      0.0154
      0.0265
      0.0669
      0.1823
      0.3899
      0.6007
      0.6574
      0.5106
      0.2835
      0.1176
      0.0449
      0.0283
      0.4878
      0.4110
      0.2461
      0.1054
      0.0349
      0.0156
      0.0178
      0.0241
      0.0338
      0.0748
      0.2063
      0.4635
      0.7532
      0.8709
      0.7206
      0.4420
      0.2334
      0.1513
      0.1372
      1.1530
      0.9699
      0.5771
      0.2436
      0.0768
      0.0277
      0.0244
      0.0285
      0.0326
      0.0604
      0.1662
      0.3920
      0.6737
      0.8309
      0.7579
      0.5784
      0.4951
      0.5429
      0.5881
      1.9379
      1.6300
      0.9694
      0.4084
      0.1261
      0.0386
      0.0255
      0.0254
      0.0241
      0.0358
      0.0957
      0.2378
      0.4382
      0.5995
      0.6766
      0.8062
      1.1683
      1.6675
      1.9124
      2.3041
      1.9379
      1.1527
      0.4856
      0.1494
      0.0436
      0.0253
      0.0231
      0.0191
      0.0193
      0.0421
      0.1089
      0.2262
      0.3870
      0.6607
      1.2857
      2.4627
      3.8382
      4.4785
      1.9379
      1.6302
      0.9709
      0.4128
      0.1355
      0.0537
      0.0445
      0.0439
      0.0348
      0.0228
      0.0216
      0.0469
      0.1197
      0.2942
      0.7521
      1.8836
      3.9638
      6.3516
      7.4557
      1.1530
      0.9716
      0.5861
      0.2700
      0.1313
      0.1128
      0.1272
      0.1237
      0.0928
      0.0526
      0.0263
      0.0288
      0.0814
      0.2571
      0.7857
      2.1335
      4.6220
      7.4813
      8.8042
      0.4878
      0.4183
      0.2830
      0.2081
      0.2343
      0.3040
      0.3388
      0.3008
      0.2076
      0.1090
      0.0447
      0.0255
      0.0579
      0.1967
      0.6342
      1.7637
      3.8589
      6.2726
      7.3908
      0.1578
      0.1574
      0.1945
      0.3291
      0.5414
      0.7149
      0.7386
      0.6028
      0.3878
      0.1928
      0.0731
      0.0268
      0.0348
      0.1155
      0.3818
      1.0757
      2.3670
      3.8576
      4.5488
      0.0650
      0.1089
      0.2788
      0.6200
      1.0496
      1.3523
      1.3653
      1.1065
      0.7189
      0.3645
      0.1396
      0.0418
      0.0218
      0.0592
      0.2108
      0.6238
      1.4044
      2.3100
      2.7306
      0.0635
      0.1388
      0.4114
      0.9311
      1.5866
      2.1170
      2.3018
      2.0607
      1.4769
      0.8106
      0.3283
      0.0969
      0.0289
      0.0557
      0.2359
      0.7721
      1.8159
      3.0384
      3.6077
      0.0728
      0.1601
      0.4724
      1.0806
      1.9461
      2.9013
      3.6384
      3.7096
      2.9157
      1.6942
      0.7096
      0.2125
      0.0582
      0.1026
      0.4628
      1.5617
      3.7180
      6.2504
      7.4307
      0.0705
      0.1515
      0.4438
      1.0547
      2.0933
      3.5717
      5.0663
      5.6117
      4.6207
      2.7504
      1.1664
      0.3515
      0.0960
      0.1682
      0.7638
      2.5858
      6.1645
     10.3686
     12.3282
      0.0666
      0.1414
      0.4143
      1.0126
      2.1244
      3.8544
      5.7199
      6.5004
      5.4215
      3.2469
      1.3811
      0.4167
      0.1138
      0.1996
      0.9068
      3.0707
      7.3213
     12.3149
     14.6425
