      0.0000
      0.0000
      0.0000
      0.0000
      0.0000
      0.0000
      0.0000
      0.0000
      0.0000
      0.0000
      0.0000
      0.0000
      0.0000
      0.0000
      0.0000
      0.0000
      0.0000
      0.0000
      0.0000
      0.0000
      0.0000
      0.0000
      0.0000
      0.0000
      0.0000
      0.0000
      0.0000
      0.0000
      0.0000
      0.0000
      0.0000
      0.0000
      0.0000
      0.0000
      0.0000
      0.0000
      0.0000
      0.0000
      0.0000
      0.0000
      0.0000
      0.0000
      0.0000
      0.0000
      0.0000
      0.0000
      0.0000
      0.0000
      0.0000
      0.0000
      0.0000
      0.0000
      0.0000
      0.0000
      0.0000
      0.0000
      0.0000
      0.0000
      0.0000
      0.0000
      0.0000
      0.0000
      0.0000
      0.0000
      0.0000
      0.0000
      0.0000
      0.0000
      0.0000
      0.0000
      0.0000
      0.0000
      0.0000
      0.0000
      0.0000
      0.0000
      0.0000
      0.0000
      0.0000
      0.0000
      0.0000
      0.0000
      0.0000
      0.0000
      0.0000
      0.0000
      0.0000
      0.0000
      0.0001
      0.0002
      0.0000
      0.0000
      0.0000
      0.0000
      0.0000
      0.0020
      0.0010
      0.0001
      0.0000
      0.0000
      0.0000
      0.0000
      0.0000
      0.0000
      0.0000
      0.0000
      0.0002
      0.0014
      0.0021
      0.0007
      0.0001
      0.0000
      0.0000
      0.0000
      0.2643
      0.1321
      0.0165
      0.0005
      0.0000
      0.0000
      0.0000
      0.0000
      0.0000
      0.0000
      0.0000
      0.0005
      0.0036
      0.0063
      0.0028
      0.0003
      0.0000
      0.0000
      0.0000
      8.5696
      4.2848
      0.5342
      0.0165
      0.0001
      0.0000
      0.0000
      0.0000
      0.0000
      0.0000
      0.0000
      0.0003
      0.0022
      0.0048
      0.0026
      0.0003
      0.0000
      0.0003
      0.0006
     68.7387
     34.3694
      4.2848
      0.1321
      0.0010
      0.0000
      0.0000
      0.0000
      0.0000
      0.0000
      0.0000
      0.0000
      0.0003
      0.0009
      0.0007
      0.0004
      0.0049
      0.0386
      0.0772
    137.4774
     68.7387
      8.5696
      0.2643
      0.0020
      0.0000
      0.0000
      0.0000
      0.0000
      0.0000
      0.0000
      0.0000
      0.0000
      0.0008
      0.0038
      0.0095
      0.1578
      1.2522
      2.5038
     68.7387
     34.3694
      4.2848
      0.1321
      0.0010
      0.0000
      0.0000
      0.0001
      0.0001
      0.0000
      0.0000
      0.0000
      0.0003
      0.0062
      0.0361
      0.0908
      1.2713
     10.0436
     20.0828
      8.5696
      4.2848
      0.5342
      0.0165
      0.0001
      0.0005
      0.0037
      0.0071
      0.0034
      0.0004
      0.0000
      0.0000
      0.0005
      0.0129
      0.0877
      0.2246
      2.5663
     20.0895
     40.1655
      0.2643
      0.1321
      0.0165
      0.0005
      0.0005
      0.0111
      0.0737
      0.1235
      0.0518
      0.0054
      0.0001
      0.0000
      0.0002
      0.0067
      0.0533
      0.1429
      1.3033
     10.0476
     20.0829
      0.0020
      0.0010
      0.0001
      0.0007
      0.0070
      0.0688
      0.3645
      0.5355
      0.1983
      0.0183
      0.0004
      0.0000
      0.0000
      0.0009
      0.0081
      0.0233
      0.1667
      1.2534
      2.5038
      0.0000
      0.0000
      0.0005
      0.0117
      0.0761
      0.1953
      0.4849
      0.5834
      0.1898
      0.0155
      0.0003
      0.0000
      0.0000
      0.0000
      0.0003
      0.0010
      0.0054
      0.0393
      0.0784
      0.0000
      0.0000
      0.0025
      0.0541
      0.2887
      0.4113
      0.2763
      0.1992
      0.0628
      0.0056
      0.0001
      0.0000
      0.0000
      0.0000
      0.0000
      0.0003
      0.0098
      0.0786
      0.1573
      0.0000
      0.0000
      0.0034
      0.0626
      0.2875
      0.3845
      0.5891
      1.0631
      0.5656
      0.0757
      0.0025
      0.0000
      0.0000
      0.0000
      0.0001
      0.0098
      0.3167
      2.5403
      5.0805
      0.0000
      0.0000
      0.0012
      0.0182
      0.0841
      0.5213
      3.9158
      8.3916
      4.5144
      0.6058
      0.0201
      0.0002
      0.0000
      0.0000
      0.0006
      0.0783
      2.5403
     20.3760
     40.7519
      0.0000
      0.0000
      0.0002
      0.0028
      0.0346
      0.9105
      7.7987
     16.7809
      9.0288
      1.2116
      0.0402
      0.0003
      0.0000
      0.0000
      0.0012
      0.1567
      5.0805
     40.7519
     81.5039
