      0.0000
      0.0000
      0.0000
      0.0000
      0.0000
      0.0000
      0.0000
      0.0000
      0.0000
      0.0000
      0.0000
      0.0000
      0.0000
      0.0000
      0.0000
      0.0000
      0.0000
      0.0000
      0.0000
      0.0000
      0.0000
      0.0000
      0.0000
      0.0000
      0.0000
      0.0000
      0.0000
      0.0000
      0.0000
      0.0000
      0.0000
      0.0000
      0.0000
      0.0000
      0.0000
      0.0000
      0.0000
      0.0000
      0.0000
      0.0000
      0.0000
      0.0000
      0.0000
      0.0000
      0.0000
      0.0000
      0.0000
      0.0000
      0.0000
      0.0000
      0.0000
      0.0000
      0.0000
      0.0000
      0.0000
      0.0000
      0.0000
      0.0000
      0.0000
      0.0000
      0.0000
      0.0000
      0.0000
      0.0000
      0.0000
      0.0000
      0.0000
      0.0000
      0.0000
      0.0000
      0.0000
      0.0000
      0.0000
      0.0000
      0.0000
      0.0000
      0.0000
      0.0000
      0.0000
      0.0000
      0.0000
      0.0000
      0.0000
      0.0000
      0.0000
      0.0000
      0.0000
      0.0001
      0.0006
      0.0007
      0.0002
      0.0000
      0.0000
      0.0000
      0.0000
      0.0003
      0.0002
      0.0000
      0.0000
      0.0000
      0.0000
      0.0000
      0.0000
      0.0000
      0.0000
      0.0000
      0.0011
      0.0064
      0.0092
      0.0033
      0.0003
      0.0000
      0.0000
      0.0000
      0.0449
      0.0224
      0.0028
      0.0001
      0.0000
      0.0000
      0.0000
      0.0000
      0.0000
      0.0000
      0.0001
      0.0022
      0.0159
      0.0279
      0.0123
      0.0013
      0.0000
      0.0000
      0.0000
      1.4557
      0.7279
      0.0907
      0.0028
      0.0000
      0.0000
      0.0000
      0.0000
      0.0000
      0.0000
      0.0000
      0.0011
      0.0098
      0.0213
      0.0115
      0.0016
      0.0001
      0.0007
      0.0014
     11.6766
      5.8383
      0.7279
      0.0224
      0.0002
      0.0000
      0.0000
      0.0000
      0.0000
      0.0000
      0.0000
      0.0001
      0.0015
      0.0041
      0.0028
      0.0009
      0.0114
      0.0909
      0.1817
     23.3532
     11.6766
      1.4557
      0.0449
      0.0003
      0.0000
      0.0000
      0.0000
      0.0000
      0.0000
      0.0000
      0.0000
      0.0001
      0.0009
      0.0038
      0.0157
      0.3687
      2.9462
      5.8921
     11.6766
      5.8383
      0.7279
      0.0224
      0.0002
      0.0000
      0.0000
      0.0001
      0.0001
      0.0000
      0.0000
      0.0000
      0.0003
      0.0059
      0.0350
      0.1407
      2.9642
     23.6324
     47.2614
      1.4557
      0.7279
      0.0907
      0.0028
      0.0000
      0.0005
      0.0036
      0.0068
      0.0032
      0.0004
      0.0000
      0.0000
      0.0005
      0.0123
      0.0848
      0.3228
      5.9517
     47.2677
     94.5230
      0.0449
      0.0224
      0.0028
      0.0001
      0.0004
      0.0105
      0.0705
      0.1183
      0.0496
      0.0052
      0.0001
      0.0000
      0.0002
      0.0064
      0.0514
      0.1908
      2.9952
     23.6367
     47.2617
      0.0003
      0.0002
      0.0000
      0.0001
      0.0030
      0.0592
      0.3461
      0.5126
      0.1900
      0.0175
      0.0004
      0.0000
      0.0000
      0.0008
      0.0078
      0.0290
      0.3774
      2.9475
      5.8922
      0.0000
      0.0000
      0.0001
      0.0014
      0.0124
      0.0939
      0.4290
      0.5562
      0.1822
      0.0149
      0.0003
      0.0000
      0.0000
      0.0000
      0.0003
      0.0011
      0.0119
      0.0916
      0.1830
      0.0000
      0.0000
      0.0003
      0.0064
      0.0358
      0.0809
      0.2115
      0.2952
      0.1209
      0.0135
      0.0004
      0.0000
      0.0000
      0.0000
      0.0000
      0.0003
      0.0106
      0.0853
      0.1707
      0.0000
      0.0000
      0.0004
      0.0075
      0.0412
      0.2924
      2.1912
      4.6818
      2.5158
      0.3374
      0.0112
      0.0001
      0.0000
      0.0000
      0.0001
      0.0106
      0.3423
      2.7455
      5.4909
      0.0000
      0.0000
      0.0001
      0.0026
      0.0662
      2.0246
     17.4110
     37.4670
     20.1586
      2.7051
      0.0898
      0.0007
      0.0000
      0.0000
      0.0006
      0.0847
      2.7455
     22.0218
     44.0436
      0.0000
      0.0000
      0.0000
      0.0011
      0.1165
      4.0335
     34.8177
     74.9334
     40.3171
      5.4102
      0.1797
      0.0015
      0.0000
      0.0000
      0.0013
      0.1693
      5.4909
     44.0436
     88.0872
