      0.0499
      0.0657
      0.0982
      0.1154
      0.1002
      0.0682
      0.0441
      0.0342
      0.0329
      0.0386
      0.0489
      0.0536
      0.0444
      0.0266
      0.0114
      0.0035
      0.0008
      0.0001
      0.0000
      0.0527
      0.0675
      0.0968
      0.1097
      0.0922
      0.0608
      0.0381
      0.0290
      0.0283
      0.0347
      0.0465
      0.0543
      0.0485
      0.0318
      0.0152
      0.0053
      0.0013
      0.0003
      0.0001
      0.0547
      0.0661
      0.0864
      0.0901
      0.0701
      0.0427
      0.0247
      0.0181
      0.0192
      0.0285
      0.0476
      0.0686
      0.0757
      0.0618
      0.0368
      0.0158
      0.0049
      0.0011
      0.0003
      0.0532
      0.0584
      0.0654
      0.0602
      0.0421
      0.0233
      0.0126
      0.0100
      0.0144
      0.0321
      0.0731
      0.1321
      0.1754
      0.1673
      0.1140
      0.0552
      0.0190
      0.0047
      0.0016
      0.0897
      0.0822
      0.0636
      0.0414
      0.0227
      0.0114
      0.0076
      0.0093
      0.0186
      0.0514
      0.1360
      0.2743
      0.3984
      0.4114
      0.3013
      0.1563
      0.0578
      0.0161
      0.0066
      0.3170
      0.2690
      0.1650
      0.0742
      0.0262
      0.0108
      0.0106
      0.0158
      0.0286
      0.0759
      0.2098
      0.4498
      0.6930
      0.7578
      0.5877
      0.3248
      0.1317
      0.0461
      0.0262
      1.0396
      0.8749
      0.5215
      0.2206
      0.0687
      0.0226
      0.0190
      0.0247
      0.0360
      0.0842
      0.2368
      0.5339
      0.8679
      1.0027
      0.8263
      0.4976
      0.2446
      0.1366
      0.1145
      2.4710
      2.0783
      1.2360
      0.5200
      0.1583
      0.0447
      0.0272
      0.0294
      0.0344
      0.0677
      0.1909
      0.4524
      0.7780
      0.9577
      0.8613
      0.6192
      0.4611
      0.4487
      0.4703
      4.1552
      3.4947
      2.0781
      0.8734
      0.2635
      0.0678
      0.0311
      0.0279
      0.0267
      0.0409
      0.1111
      0.2777
      0.5138
      0.6992
      0.7539
      0.7902
      0.9969
      1.3375
      1.5134
      4.9404
      4.1552
      2.4709
      1.0389
      0.3142
      0.0818
      0.0384
      0.0340
      0.0287
      0.0269
      0.0526
      0.1351
      0.2842
      0.4758
      0.7240
      1.1887
      2.0456
      3.0629
      3.5415
      4.1552
      3.4950
      2.0797
      0.8793
      0.2795
      0.1006
      0.0822
      0.0862
      0.0713
      0.0459
      0.0365
      0.0711
      0.1792
      0.3995
      0.8328
      1.7278
      3.2918
      5.0796
      5.9089
      2.4710
      2.0798
      1.2446
      0.5488
      0.2300
      0.1812
      0.2251
      0.2421
      0.1936
      0.1132
      0.0557
      0.0560
      0.1437
      0.3762
      0.8917
      1.9807
      3.8674
      6.0099
      7.0015
      1.0396
      0.8809
      0.5534
      0.3187
      0.2887
      0.4018
      0.5234
      0.5323
      0.4034
      0.2235
      0.0942
      0.0538
      0.1094
      0.2985
      0.7370
      1.6652
      3.2628
      5.0708
      5.9069
      0.3170
      0.2859
      0.2521
      0.3230
      0.5332
      0.8008
      0.9711
      0.9180
      0.6582
      0.3493
      0.1371
      0.0524
      0.0664
      0.1776
      0.4514
      1.0353
      2.0368
      3.1669
      3.6888
      0.0897
      0.1168
      0.2375
      0.5166
      0.9363
      1.3507
      1.5574
      1.4241
      1.0065
      0.5333
      0.2076
      0.0636
      0.0369
      0.0862
      0.2439
      0.6163
      1.2805
      2.0379
      2.3883
      0.0532
      0.1094
      0.3203
      0.7522
      1.3780
      2.0322
      2.4538
      2.3824
      1.7886
      1.0007
      0.4068
      0.1202
      0.0367
      0.0646
      0.2485
      0.7785
      1.7976
      2.9867
      3.5400
      0.0547
      0.1213
      0.3678
      0.8895
      1.7457
      2.8728
      3.9077
      4.1857
      3.3685
      1.9751
      0.8291
      0.2480
      0.0664
      0.1064
      0.4701
      1.5785
      3.7508
      6.3007
      7.4891
      0.0527
      0.1154
      0.3540
      0.9094
      1.9948
      3.7206
      5.5838
      6.3615
      5.3016
      3.1702
      1.3463
      0.4055
      0.1076
      0.1718
      0.7725
      2.6136
      6.2296
     10.4774
     12.4573
      0.0499
      0.1085
      0.3361
      0.8979
      2.0878
      4.1036
      6.3713
      7.3934
      6.2195
      3.7369
      1.5912
      0.4799
      0.1274
      0.2036
      0.9168
      3.1037
      7.3996
     12.4463
     14.7987
