      0.0000
      0.0000
      0.0000
      0.0000
      0.0000
      0.0000
      0.0000
      0.0000
      0.0000
      0.0000
      0.0000
      0.0000
      0.0000
      0.0000
      0.0000
      0.0000
      0.0000
      0.0000
      0.0000
      0.0000
      0.0000
      0.0000
      0.0000
      0.0000
      0.0000
      0.0000
      0.0000
      0.0000
      0.0000
      0.0000
      0.0000
      0.0000
      0.0000
      0.0000
      0.0000
      0.0000
      0.0000
      0.0000
      0.0000
      0.0000
      0.0000
      0.0000
      0.0000
      0.0000
      0.0000
      0.0000
      0.0000
      0.0000
      0.0000
      0.0000
      0.0000
      0.0000
      0.0000
      0.0000
      0.0000
      0.0000
      0.0000
      0.0000
      0.0000
      0.0000
      0.0000
      0.0000
      0.0000
      0.0000
      0.0000
      0.0000
      0.0000
      0.0000
      0.0000
      0.0000
      0.0000
      0.0000
      0.0000
      0.0000
      0.0000
      0.0000
      0.0000
      0.0000
      0.0000
      0.0000
      0.0000
      0.0000
      0.0000
      0.0000
      0.0000
      0.0000
      0.0000
      0.0001
      0.0006
      0.0007
      0.0002
      0.0000
      0.0000
      0.0000
      0.0000
      0.0029
      0.0014
      0.0002
      0.0000
      0.0000
      0.0000
      0.0000
      0.0000
      0.0000
      0.0000
      0.0000
      0.0010
      0.0058
      0.0083
      0.0030
      0.0003
      0.0000
      0.0000
      0.0000
      0.3826
      0.1913
      0.0239
      0.0007
      0.0000
      0.0000
      0.0000
      0.0000
      0.0000
      0.0000
      0.0001
      0.0020
      0.0144
      0.0254
      0.0112
      0.0012
      0.0000
      0.0000
      0.0000
     12.4077
      6.2038
      0.7734
      0.0239
      0.0002
      0.0000
      0.0000
      0.0000
      0.0000
      0.0000
      0.0000
      0.0010
      0.0090
      0.0194
      0.0105
      0.0014
      0.0001
      0.0002
      0.0005
     99.5242
     49.7621
      6.2038
      0.1913
      0.0014
      0.0000
      0.0000
      0.0000
      0.0000
      0.0000
      0.0000
      0.0001
      0.0014
      0.0037
      0.0026
      0.0007
      0.0040
      0.0312
      0.0624
    199.0485
     99.5242
     12.4077
      0.3826
      0.0029
      0.0000
      0.0000
      0.0000
      0.0000
      0.0000
      0.0000
      0.0000
      0.0001
      0.0017
      0.0077
      0.0133
      0.1291
      1.0124
      2.0243
     99.5242
     49.7621
      6.2038
      0.1913
      0.0014
      0.0000
      0.0001
      0.0002
      0.0001
      0.0000
      0.0000
      0.0000
      0.0005
      0.0127
      0.0740
      0.1382
      1.0509
      8.1220
     16.2372
     12.4077
      6.2038
      0.7734
      0.0239
      0.0002
      0.0010
      0.0077
      0.0146
      0.0069
      0.0008
      0.0000
      0.0000
      0.0010
      0.0265
      0.1797
      0.3654
      2.1523
     16.2505
     32.4747
      0.3826
      0.1913
      0.0239
      0.0007
      0.0008
      0.0225
      0.1514
      0.2541
      0.1066
      0.0112
      0.0003
      0.0000
      0.0004
      0.0138
      0.1092
      0.2458
      1.1178
      8.1315
     16.2378
      0.0029
      0.0014
      0.0002
      0.0001
      0.0054
      0.1254
      0.7427
      1.1010
      0.4080
      0.0377
      0.0009
      0.0000
      0.0000
      0.0018
      0.0166
      0.0418
      0.1480
      1.0152
      2.0245
      0.0000
      0.0000
      0.0000
      0.0006
      0.0115
      0.1785
      0.9119
      1.1925
      0.3906
      0.0319
      0.0006
      0.0000
      0.0000
      0.0001
      0.0006
      0.0018
      0.0050
      0.0314
      0.0625
      0.0000
      0.0000
      0.0001
      0.0025
      0.0166
      0.0847
      0.3451
      0.4538
      0.1637
      0.0162
      0.0004
      0.0000
      0.0000
      0.0000
      0.0000
      0.0000
      0.0005
      0.0042
      0.0083
      0.0000
      0.0000
      0.0002
      0.0029
      0.0200
      0.2491
      2.0022
      4.2762
      2.2945
      0.3075
      0.0102
      0.0001
      0.0000
      0.0000
      0.0000
      0.0005
      0.0159
      0.1276
      0.2553
      0.0000
      0.0000
      0.0001
      0.0012
      0.0559
      1.8397
     15.8567
     34.1242
     18.3600
      2.4637
      0.0818
      0.0007
      0.0000
      0.0000
      0.0000
      0.0039
      0.1276
      1.0238
      2.0476
      0.0000
      0.0000
      0.0000
      0.0009
      0.1056
      3.6732
     31.7111
     68.2476
     36.7199
      4.9275
      0.1637
      0.0013
      0.0000
      0.0000
      0.0001
      0.0079
      0.2553
      2.0476
      4.0952
