      0.1598
      0.1748
      0.2061
      0.2265
      0.2214
      0.2007
      0.1881
      0.2038
      0.2569
      0.3387
      0.4152
      0.4384
      0.3836
      0.2731
      0.1568
      0.0723
      0.0269
      0.0085
      0.0040
      0.1603
      0.1736
      0.2006
      0.2161
      0.2074
      0.1850
      0.1714
      0.1851
      0.2347
      0.3129
      0.3888
      0.4175
      0.3727
      0.2716
      0.1604
      0.0764
      0.0295
      0.0097
      0.0048
      0.1607
      0.1691
      0.1844
      0.1874
      0.1709
      0.1461
      0.1318
      0.1421
      0.1838
      0.2530
      0.3278
      0.3701
      0.3506
      0.2737
      0.1745
      0.0906
      0.0385
      0.0142
      0.0076
      0.1691
      0.1698
      0.1669
      0.1526
      0.1278
      0.1038
      0.0931
      0.1031
      0.1377
      0.1972
      0.2710
      0.3310
      0.3437
      0.2965
      0.2101
      0.1219
      0.0585
      0.0252
      0.0155
      0.2271
      0.2147
      0.1815
      0.1390
      0.1012
      0.0791
      0.0763
      0.0904
      0.1206
      0.1720
      0.2463
      0.3258
      0.3726
      0.3556
      0.2793
      0.1809
      0.0997
      0.0526
      0.0381
      0.4143
      0.3769
      0.2853
      0.1852
      0.1144
      0.0851
      0.0879
      0.1058
      0.1314
      0.1740
      0.2480
      0.3463
      0.4279
      0.4441
      0.3824
      0.2779
      0.1815
      0.1223
      0.1036
      0.8014
      0.7205
      0.5257
      0.3190
      0.1786
      0.1212
      0.1185
      0.1337
      0.1498
      0.1795
      0.2482
      0.3600
      0.4759
      0.5364
      0.5126
      0.4318
      0.3482
      0.2969
      0.2813
      1.3543
      1.2144
      0.8787
      0.5236
      0.2807
      0.1740
      0.1529
      0.1574
      0.1595
      0.1726
      0.2302
      0.3486
      0.5001
      0.6266
      0.6872
      0.6924
      0.6843
      0.6872
      0.6918
      1.8741
      1.6800
      1.2143
      0.7218
      0.3838
      0.2305
      0.1917
      0.1855
      0.1734
      0.1679
      0.2095
      0.3305
      0.5251
      0.7491
      0.9542
      1.1263
      1.2773
      1.3984
      1.4474
      2.0904
      1.8749
      1.3594
      0.8187
      0.4560
      0.3028
      0.2739
      0.2701
      0.2433
      0.2089
      0.2218
      0.3381
      0.5814
      0.9272
      1.3223
      1.7224
      2.0961
      2.3842
      2.4961
      1.8741
      1.6849
      1.2371
      0.7837
      0.5117
      0.4425
      0.4763
      0.4941
      0.4398
      0.3440
      0.2933
      0.3783
      0.6512
      1.1041
      1.6771
      2.2957
      2.8834
      3.3309
      3.5024
      1.3543
      1.2277
      0.9402
      0.6880
      0.6137
      0.7138
      0.8615
      0.9088
      0.7949
      0.5849
      0.4181
      0.4239
      0.6724
      1.1600
      1.8201
      2.5560
      3.2593
      3.7900
      3.9917
      0.8014
      0.7476
      0.6492
      0.6413
      0.8134
      1.1214
      1.3958
      1.4536
      1.2398
      0.8728
      0.5529
      0.4398
      0.6014
      1.0252
      1.6421
      2.3522
      3.0382
      3.5550
      3.7506
      0.4143
      0.4217
      0.4858
      0.6934
      1.0833
      1.5638
      1.9209
      1.9495
      1.6175
      1.0992
      0.6416
      0.4126
      0.4607
      0.7595
      1.2497
      1.8526
      2.4625
      2.9343
      3.1148
      0.2271
      0.2757
      0.4495
      0.8002
      1.3232
      1.8870
      2.2544
      2.2261
      1.8023
      1.1932
      0.6607
      0.3600
      0.3182
      0.5058
      0.8941
      1.4485
      2.0791
      2.6046
      2.8126
      0.1691
      0.2392
      0.4677
      0.8804
      1.4428
      2.0067
      2.3417
      2.2718
      1.8169
      1.1907
      0.6442
      0.3177
      0.2318
      0.3767
      0.7779
      1.4631
      2.3424
      3.1274
      3.4474
      0.1607
      0.2372
      0.4777
      0.8923
      1.4362
      1.9696
      2.2847
      2.2207
      1.7902
      1.1863
      0.6461
      0.3102
      0.2136
      0.3842
      0.9176
      1.9101
      3.2515
      4.4819
      4.9891
      0.1603
      0.2353
      0.4675
      0.8611
      1.3756
      1.8898
      2.2155
      2.1896
      1.8007
      1.2186
      0.6765
      0.3287
      0.2327
      0.4540
      1.1495
      2.4721
      4.2841
      5.9580
      6.6501
      0.1598
      0.2331
      0.4592
      0.8416
      1.3438
      1.8541
      2.1907
      2.1864
      1.8167
      1.2417
      0.6956
      0.3408
      0.2457
      0.4914
      1.2593
      2.7248
      4.7375
      6.5992
      7.3694
