      0.3025
      0.3333
      0.3980
      0.4405
      0.4298
      0.3802
      0.3231
      0.2719
      0.2216
      0.1700
      0.1240
      0.0883
      0.0612
      0.0391
      0.0218
      0.0104
      0.0045
      0.0022
      0.0017
      0.3021
      0.3290
      0.3841
      0.4165
      0.3994
      0.3482
      0.2927
      0.2452
      0.2008
      0.1567
      0.1180
      0.0882
      0.0646
      0.0438
      0.0259
      0.0131
      0.0058
      0.0027
      0.0020
      0.3019
      0.3180
      0.3472
      0.3534
      0.3215
      0.2684
      0.2189
      0.1818
      0.1520
      0.1260
      0.1055
      0.0909
      0.0772
      0.0598
      0.0399
      0.0225
      0.0109
      0.0051
      0.0035
      0.3330
      0.3312
      0.3186
      0.2848
      0.2328
      0.1795
      0.1404
      0.1174
      0.1044
      0.0979
      0.0982
      0.1027
      0.1031
      0.0914
      0.0686
      0.0433
      0.0240
      0.0136
      0.0105
      0.5129
      0.4782
      0.3889
      0.2799
      0.1849
      0.1217
      0.0901
      0.0795
      0.0791
      0.0861
      0.1024
      0.1254
      0.1425
      0.1401
      0.1165
      0.0841
      0.0575
      0.0428
      0.0386
      1.0547
      0.9531
      0.7054
      0.4327
      0.2295
      0.1203
      0.0801
      0.0730
      0.0770
      0.0883
      0.1127
      0.1500
      0.1854
      0.1993
      0.1869
      0.1626
      0.1451
      0.1397
      0.1396
      2.1423
      1.9215
      1.3876
      0.8113
      0.3948
      0.1794
      0.1018
      0.0847
      0.0839
      0.0912
      0.1156
      0.1612
      0.2152
      0.2588
      0.2882
      0.3197
      0.3670
      0.4175
      0.4399
      3.6750
      3.2915
      2.3659
      1.3693
      0.6506
      0.2768
      0.1358
      0.0964
      0.0851
      0.0843
      0.1034
      0.1511
      0.2243
      0.3181
      0.4444
      0.6257
      0.8552
      1.0634
      1.1491
      5.1074
      4.5734
      3.2847
      1.8971
      0.8945
      0.3682
      0.1629
      0.0995
      0.0776
      0.0693
      0.0815
      0.1277
      0.2215
      0.3893
      0.6803
      1.1366
      1.7134
      2.2271
      2.4363
      5.7020
      5.1063
      3.6688
      2.1213
      1.0026
      0.4131
      0.1793
      0.1033
      0.0745
      0.0598
      0.0641
      0.1061
      0.2200
      0.4736
      0.9720
      1.7921
      2.8426
      3.7803
      4.1621
      5.1074
      4.5764
      3.2968
      1.9230
      0.9347
      0.4167
      0.2097
      0.1360
      0.0990
      0.0721
      0.0628
      0.0950
      0.2194
      0.5395
      1.2133
      2.3567
      3.8411
      5.1738
      5.7179
      3.6750
      3.3016
      2.4063
      1.4571
      0.7890
      0.4477
      0.3062
      0.2350
      0.1737
      0.1166
      0.0803
      0.0921
      0.2064
      0.5390
      1.2708
      2.5387
      4.2030
      5.7060
      6.3212
      2.1423
      1.9464
      1.4878
      1.0281
      0.7352
      0.5988
      0.5193
      0.4241
      0.3052
      0.1907
      0.1109
      0.0909
      0.1731
      0.4555
      1.1002
      2.2346
      3.7367
      5.0998
      5.6591
      1.0547
      1.0017
      0.8999
      0.8499
      0.8765
      0.9052
      0.8479
      0.6867
      0.4741
      0.2791
      0.1453
      0.0887
      0.1287
      0.3273
      0.8014
      1.6477
      2.7767
      3.8057
      4.2287
      0.5129
      0.5535
      0.6892
      0.9183
      1.1623
      1.2884
      1.2113
      0.9599
      0.6427
      0.3650
      0.1788
      0.0892
      0.0931
      0.2203
      0.5468
      1.1409
      1.9405
      2.6729
      2.9746
      0.3330
      0.4250
      0.6914
      1.0733
      1.4304
      1.5954
      1.4885
      1.1698
      0.7798
      0.4424
      0.2150
      0.0989
      0.0815
      0.1800
      0.4569
      0.9733
      1.6762
      2.3237
      2.5911
      0.3019
      0.4142
      0.7298
      1.1626
      1.5501
      1.7226
      1.6114
      1.2836
      0.8769
      0.5137
      0.2577
      0.1197
      0.0938
      0.2050
      0.5311
      1.1479
      1.9934
      2.7751
      3.0984
      0.3021
      0.4168
      0.7343
      1.1605
      1.5362
      1.7080
      1.6182
      1.3230
      0.9371
      0.5714
      0.2977
      0.1428
      0.1147
      0.2544
      0.6644
      1.4430
      2.5125
      3.5024
      3.9120
      0.3025
      0.4157
      0.7275
      1.1432
      1.5086
      1.6800
      1.6042
      1.3297
      0.9583
      0.5947
      0.3147
      0.1530
      0.1246
      0.2782
      0.7281
      1.5827
      2.7571
      3.8442
      4.2941
