      0.0000
      0.0000
      0.0000
      0.0000
      0.0000
      0.0000
      0.0000
      0.0000
      0.0000
      0.0000
      0.0000
      0.0000
      0.0000
      0.0000
      0.0000
      0.0000
      0.0000
      0.0000
      0.0000
      0.0000
      0.0000
      0.0000
      0.0000
      0.0000
      0.0000
      0.0000
      0.0000
      0.0000
      0.0000
      0.0000
      0.0000
      0.0000
      0.0000
      0.0000
      0.0000
      0.0000
      0.0000
      0.0000
      0.0000
      0.0000
      0.0000
      0.0000
      0.0000
      0.0000
      0.0000
      0.0000
      0.0000
      0.0000
      0.0000
      0.0000
      0.0000
      0.0000
      0.0000
      0.0000
      0.0000
      0.0000
      0.0000
      0.0000
      0.0000
      0.0000
      0.0000
      0.0000
      0.0000
      0.0000
      0.0000
      0.0000
      0.0000
      0.0000
      0.0000
      0.0000
      0.0000
      0.0000
      0.0000
      0.0000
      0.0000
      0.0000
      0.0000
      0.0000
      0.0000
      0.0000
      0.0000
      0.0000
      0.0000
      0.0000
      0.0000
      0.0000
      0.0000
      0.0001
      0.0005
      0.0006
      0.0002
      0.0000
      0.0000
      0.0000
      0.0000
      0.0016
      0.0008
      0.0001
      0.0000
      0.0000
      0.0000
      0.0000
      0.0000
      0.0000
      0.0000
      0.0000
      0.0009
      0.0049
      0.0070
      0.0025
      0.0002
      0.0000
      0.0000
      0.0000
      0.2078
      0.1039
      0.0130
      0.0004
      0.0000
      0.0000
      0.0000
      0.0000
      0.0000
      0.0000
      0.0001
      0.0017
      0.0122
      0.0215
      0.0095
      0.0010
      0.0000
      0.0000
      0.0000
      6.7396
      3.3698
      0.4201
      0.0130
      0.0001
      0.0000
      0.0000
      0.0000
      0.0000
      0.0000
      0.0000
      0.0009
      0.0076
      0.0164
      0.0088
      0.0012
      0.0001
      0.0001
      0.0003
     54.0593
     27.0297
      3.3698
      0.1039
      0.0008
      0.0000
      0.0000
      0.0000
      0.0000
      0.0000
      0.0000
      0.0001
      0.0012
      0.0032
      0.0024
      0.0007
      0.0025
      0.0192
      0.0384
    108.1186
     54.0593
      6.7396
      0.2078
      0.0016
      0.0000
      0.0000
      0.0000
      0.0000
      0.0000
      0.0000
      0.0000
      0.0002
      0.0024
      0.0115
      0.0166
      0.0820
      0.6225
      1.2442
     54.0593
     27.0297
      3.3698
      0.1039
      0.0008
      0.0000
      0.0001
      0.0003
      0.0002
      0.0000
      0.0000
      0.0000
      0.0008
      0.0191
      0.1113
      0.1804
      0.6807
      4.9953
      9.9801
      6.7396
      3.3698
      0.4201
      0.0130
      0.0001
      0.0015
      0.0116
      0.0220
      0.0104
      0.0012
      0.0000
      0.0000
      0.0015
      0.0399
      0.2706
      0.4952
      1.4373
     10.0003
     19.9607
      0.2078
      0.1039
      0.0130
      0.0004
      0.0013
      0.0340
      0.2283
      0.3831
      0.1608
      0.0168
      0.0004
      0.0000
      0.0007
      0.0208
      0.1644
      0.3427
      0.7814
      5.0095
      9.9810
      0.0016
      0.0008
      0.0001
      0.0002
      0.0090
      0.1905
      1.1203
      1.6598
      0.6151
      0.0568
      0.0013
      0.0000
      0.0001
      0.0027
      0.0249
      0.0596
      0.1104
      0.6268
      1.2445
      0.0000
      0.0000
      0.0001
      0.0031
      0.0306
      0.2895
      1.3822
      1.7978
      0.5885
      0.0480
      0.0010
      0.0000
      0.0000
      0.0001
      0.0009
      0.0026
      0.0041
      0.0199
      0.0393
      0.0000
      0.0000
      0.0006
      0.0138
      0.0778
      0.1930
      0.5030
      0.5989
      0.2000
      0.0181
      0.0004
      0.0000
      0.0000
      0.0000
      0.0000
      0.0003
      0.0074
      0.0594
      0.1189
      0.0000
      0.0000
      0.0009
      0.0159
      0.0784
      0.2836
      1.7235
      3.6241
      1.9398
      0.2597
      0.0086
      0.0001
      0.0000
      0.0000
      0.0001
      0.0074
      0.2397
      1.9225
      3.8449
      0.0000
      0.0000
      0.0003
      0.0049
      0.0624
      1.5674
     13.3842
     28.7954
     15.4928
      2.0790
      0.0690
      0.0006
      0.0000
      0.0000
      0.0004
      0.0593
      1.9225
     15.4204
     30.8407
      0.0000
      0.0000
      0.0000
      0.0013
      0.0910
      3.1011
     26.7591
     57.5893
     30.9853
      4.1580
      0.1381
      0.0011
      0.0000
      0.0000
      0.0009
      0.1186
      3.8449
     30.8407
     61.6815
