      0.0000
      0.0000
      0.0000
      0.0000
      0.0000
      0.0000
      0.0000
      0.0000
      0.0000
      0.0000
      0.0000
      0.0000
      0.0000
      0.0000
      0.0000
      0.0000
      0.0000
      0.0000
      0.0000
      0.0000
      0.0000
      0.0000
      0.0000
      0.0000
      0.0000
      0.0000
      0.0000
      0.0000
      0.0000
      0.0000
      0.0000
      0.0000
      0.0000
      0.0000
      0.0000
      0.0000
      0.0000
      0.0000
      0.0000
      0.0000
      0.0000
      0.0000
      0.0000
      0.0000
      0.0000
      0.0000
      0.0000
      0.0000
      0.0000
      0.0000
      0.0000
      0.0000
      0.0000
      0.0000
      0.0000
      0.0000
      0.0000
      0.0000
      0.0000
      0.0000
      0.0000
      0.0000
      0.0000
      0.0000
      0.0000
      0.0000
      0.0000
      0.0000
      0.0000
      0.0000
      0.0000
      0.0000
      0.0000
      0.0000
      0.0000
      0.0000
      0.0000
      0.0000
      0.0000
      0.0000
      0.0000
      0.0000
      0.0000
      0.0000
      0.0000
      0.0000
      0.0000
      0.0000
      0.0000
      0.0000
      0.0000
      0.0000
      0.0000
      0.0000
      0.0000
      0.0013
      0.0007
      0.0001
      0.0000
      0.0000
      0.0000
      0.0000
      0.0000
      0.0000
      0.0000
      0.0000
      0.0001
      0.0004
      0.0006
      0.0002
      0.0000
      0.0000
      0.0000
      0.0000
      0.1772
      0.0886
      0.0110
      0.0003
      0.0000
      0.0000
      0.0000
      0.0000
      0.0000
      0.0000
      0.0000
      0.0001
      0.0010
      0.0017
      0.0008
      0.0001
      0.0000
      0.0000
      0.0000
      5.7450
      2.8725
      0.3581
      0.0110
      0.0001
      0.0000
      0.0000
      0.0000
      0.0000
      0.0000
      0.0000
      0.0001
      0.0006
      0.0013
      0.0007
      0.0001
      0.0000
      0.0001
      0.0002
     46.0819
     23.0409
      2.8725
      0.0886
      0.0007
      0.0000
      0.0000
      0.0000
      0.0000
      0.0000
      0.0000
      0.0000
      0.0001
      0.0003
      0.0005
      0.0004
      0.0022
      0.0165
      0.0330
     92.1637
     46.0819
      5.7450
      0.1772
      0.0013
      0.0000
      0.0000
      0.0000
      0.0000
      0.0000
      0.0000
      0.0000
      0.0001
      0.0023
      0.0112
      0.0161
      0.0712
      0.5352
      1.0694
     46.0819
     23.0409
      2.8725
      0.0886
      0.0007
      0.0000
      0.0001
      0.0003
      0.0002
      0.0000
      0.0000
      0.0000
      0.0008
      0.0188
      0.1096
      0.1754
      0.5928
      4.2943
      8.5774
      5.7450
      2.8725
      0.3581
      0.0110
      0.0001
      0.0015
      0.0114
      0.0216
      0.0103
      0.0012
      0.0000
      0.0000
      0.0014
      0.0393
      0.2664
      0.4828
      1.2597
      8.5974
     17.1552
      0.1772
      0.0886
      0.0110
      0.0004
      0.0013
      0.0335
      0.2248
      0.3772
      0.1583
      0.0166
      0.0004
      0.0000
      0.0006
      0.0205
      0.1619
      0.3350
      0.6915
      4.3078
      8.5782
      0.0013
      0.0007
      0.0001
      0.0007
      0.0120
      0.1931
      1.1056
      1.6345
      0.6057
      0.0559
      0.0013
      0.0000
      0.0001
      0.0027
      0.0245
      0.0584
      0.0990
      0.5393
      1.0696
      0.0000
      0.0000
      0.0004
      0.0111
      0.0801
      0.3620
      1.3903
      1.7722
      0.5791
      0.0472
      0.0009
      0.0000
      0.0000
      0.0001
      0.0009
      0.0025
      0.0038
      0.0175
      0.0345
      0.0000
      0.0000
      0.0024
      0.0511
      0.2754
      0.4482
      0.5361
      0.4969
      0.1433
      0.0106
      0.0002
      0.0000
      0.0000
      0.0000
      0.0000
      0.0004
      0.0122
      0.0975
      0.1951
      0.0000
      0.0000
      0.0032
      0.0590
      0.2703
      0.3303
      0.2538
      0.3286
      0.1645
      0.0215
      0.0007
      0.0000
      0.0000
      0.0000
      0.0001
      0.0121
      0.3938
      3.1590
      6.3180
      0.0000
      0.0000
      0.0011
      0.0171
      0.0706
      0.1911
      1.0986
      2.3300
      1.2530
      0.1681
      0.0056
      0.0000
      0.0000
      0.0000
      0.0007
      0.0974
      3.1590
     25.3390
     50.6780
      0.0000
      0.0000
      0.0002
      0.0025
      0.0155
      0.2576
      2.1653
      4.6571
      2.5056
      0.3362
      0.0112
      0.0001
      0.0000
      0.0000
      0.0015
      0.1948
      6.3180
     50.6780
    101.3560
