      0.2958
      0.2990
      0.3041
      0.3011
      0.2848
      0.2588
      0.2333
      0.2169
      0.2120
      0.2145
      0.2155
      0.2059
      0.1813
      0.1442
      0.1033
      0.0681
      0.0440
      0.0313
      0.0275
      0.3042
      0.3055
      0.3055
      0.2971
      0.2773
      0.2509
      0.2278
      0.2155
      0.2154
      0.2225
      0.2281
      0.2225
      0.2003
      0.1632
      0.1196
      0.0800
      0.0514
      0.0354
      0.0304
      0.3498
      0.3441
      0.3269
      0.2994
      0.2667
      0.2378
      0.2209
      0.2198
      0.2321
      0.2513
      0.2683
      0.2733
      0.2580
      0.2212
      0.1702
      0.1178
      0.0756
      0.0497
      0.0411
      0.4974
      0.4763
      0.4208
      0.3501
      0.2867
      0.2468
      0.2357
      0.2483
      0.2750
      0.3073
      0.3375
      0.3561
      0.3514
      0.3166
      0.2559
      0.1848
      0.1218
      0.0802
      0.0660
      0.8511
      0.8002
      0.6697
      0.5125
      0.3827
      0.3100
      0.2935
      0.3131
      0.3476
      0.3857
      0.4237
      0.4549
      0.4642
      0.4363
      0.3694
      0.2801
      0.1947
      0.1354
      0.1144
      1.5118
      1.4103
      1.1517
      0.8435
      0.5909
      0.4454
      0.3977
      0.4060
      0.4323
      0.4621
      0.4979
      0.5378
      0.5641
      0.5519
      0.4907
      0.3951
      0.2963
      0.2249
      0.1992
      2.4860
      2.3129
      1.8715
      1.3443
      0.9061
      0.6393
      0.5256
      0.4971
      0.4961
      0.5034
      0.5270
      0.5708
      0.6161
      0.6306
      0.5946
      0.5166
      0.4273
      0.3597
      0.3349
      3.5999
      3.3459
      2.6976
      1.9188
      1.2611
      0.8417
      0.6356
      0.5507
      0.5101
      0.4882
      0.4950
      0.5390
      0.6033
      0.6536
      0.6640
      0.6345
      0.5869
      0.5472
      0.5323
      4.5109
      4.1912
      3.3735
      2.3862
      1.5414
      0.9850
      0.6899
      0.5485
      0.4705
      0.4233
      0.4153
      0.4570
      0.5370
      0.6261
      0.6977
      0.7427
      0.7672
      0.7798
      0.7839
      4.8652
      4.5203
      3.6370
      2.5668
      1.6429
      1.0222
      0.6790
      0.5037
      0.4031
      0.3410
      0.3223
      0.3589
      0.4475
      0.5695
      0.7032
      0.8325
      0.9442
      1.0227
      1.0513
      4.5109
      4.1934
      3.3799
      2.3932
      1.5384
      0.9586
      0.6305
      0.4554
      0.3495
      0.2796
      0.2504
      0.2763
      0.3630
      0.5044
      0.6866
      0.8894
      1.0821
      1.2238
      1.2764
      3.5999
      3.3527
      2.7207
      1.9570
      1.2986
      0.8527
      0.5959
      0.4482
      0.3452
      0.2653
      0.2188
      0.2251
      0.2985
      0.4438
      0.6550
      0.9105
      1.1660
      1.3592
      1.4317
      2.4860
      2.3278
      1.9265
      1.4492
      1.0478
      0.7821
      0.6237
      0.5122
      0.4073
      0.3059
      0.2300
      0.2073
      0.2601
      0.4018
      0.6340
      0.9352
      1.2497
      1.4932
      1.5855
      1.5118
      1.4365
      1.2509
      1.0446
      0.8900
      0.8001
      0.7370
      0.6549
      0.5359
      0.3983
      0.2805
      0.2221
      0.2552
      0.4038
      0.6787
      1.0588
      1.4712
      1.7977
      1.9227
      0.8511
      0.8383
      0.8169
      0.8199
      0.8607
      0.9138
      0.9287
      0.8655
      0.7222
      0.5368
      0.3675
      0.2710
      0.2950
      0.4806
      0.8538
      1.3927
      1.9930
      2.4756
      2.6618
      0.4974
      0.5247
      0.6098
      0.7525
      0.9300
      1.0895
      1.1665
      1.1176
      0.9477
      0.7106
      0.4855
      0.3520
      0.3819
      0.6429
      1.1827
      1.9775
      2.8740
      3.6001
      3.8811
      0.3498
      0.3995
      0.5454
      0.7717
      1.0374
      1.2733
      1.4009
      1.3673
      1.1764
      0.8923
      0.6149
      0.4493
      0.4964
      0.8556
      1.6006
      2.7040
      3.9545
      4.9701
      5.3637
      0.3042
      0.3645
      0.5402
      0.8100
      1.1259
      1.4105
      1.5747
      1.5554
      1.3522
      1.0351
      0.7193
      0.5311
      0.5961
      1.0403
      1.9593
      3.3223
      4.8692
      6.1268
      6.6144
      0.2958
      0.3591
      0.5436
      0.8269
      1.1595
      1.4612
      1.6391
      1.6259
      1.4188
      1.0898
      0.7597
      0.5633
      0.6358
      1.1138
      2.1014
      3.5666
      5.2299
      6.5825
      7.1069
