      0.0353
      0.0463
      0.0690
      0.0811
      0.0710
      0.0497
      0.0348
      0.0316
      0.0396
      0.0606
      0.0881
      0.1004
      0.0836
      0.0497
      0.0210
      0.0063
      0.0013
      0.0002
      0.0001
      0.0374
      0.0477
      0.0682
      0.0773
      0.0654
      0.0443
      0.0300
      0.0268
      0.0340
      0.0538
      0.0810
      0.0965
      0.0846
      0.0536
      0.0245
      0.0080
      0.0019
      0.0003
      0.0001
      0.0402
      0.0480
      0.0618
      0.0640
      0.0500
      0.0311
      0.0193
      0.0167
      0.0225
      0.0403
      0.0697
      0.0964
      0.0999
      0.0762
      0.0425
      0.0173
      0.0051
      0.0011
      0.0003
      0.0523
      0.0537
      0.0538
      0.0459
      0.0311
      0.0172
      0.0098
      0.0088
      0.0149
      0.0353
      0.0785
      0.1362
      0.1740
      0.1609
      0.1070
      0.0509
      0.0172
      0.0042
      0.0014
      0.1644
      0.1432
      0.0957
      0.0508
      0.0226
      0.0096
      0.0059
      0.0074
      0.0160
      0.0467
      0.1237
      0.2475
      0.3564
      0.3655
      0.2662
      0.1376
      0.0507
      0.0141
      0.0057
      0.7120
      0.6006
      0.3608
      0.1550
      0.0488
      0.0139
      0.0085
      0.0117
      0.0228
      0.0651
      0.1833
      0.3937
      0.6059
      0.6620
      0.5130
      0.2832
      0.1146
      0.0399
      0.0224
      2.3883
      2.0091
      1.1954
      0.5027
      0.1508
      0.0371
      0.0165
      0.0181
      0.0279
      0.0711
      0.2053
      0.4650
      0.7568
      0.8752
      0.7221
      0.4351
      0.2130
      0.1174
      0.0976
      5.6886
      4.7844
      2.8447
      1.1942
      0.3557
      0.0820
      0.0267
      0.0221
      0.0265
      0.0569
      0.1658
      0.3960
      0.6844
      0.8475
      0.7677
      0.5537
      0.4065
      0.3864
      0.4017
      9.5676
      8.0468
      4.7842
      2.0080
      0.5969
      0.1341
      0.0370
      0.0248
      0.0233
      0.0362
      0.0991
      0.2509
      0.4733
      0.6605
      0.7271
      0.7511
      0.8981
      1.1596
      1.2983
     11.3759
      9.5676
      5.6886
      2.3887
      0.7137
      0.1686
      0.0596
      0.0481
      0.0408
      0.0343
      0.0552
      0.1398
      0.3097
      0.5432
      0.8155
      1.2131
      1.8821
      2.6774
      3.0555
      9.5676
      8.0471
      4.7864
      2.0173
      0.6261
      0.2008
      0.1475
      0.1558
      0.1311
      0.0830
      0.0571
      0.1002
      0.2595
      0.5702
      1.0604
      1.8474
      3.0847
      4.4798
      5.1303
      5.6886
      4.7859
      2.8543
      1.2321
      0.4652
      0.3175
      0.3977
      0.4438
      0.3630
      0.2142
      0.1039
      0.0994
      0.2468
      0.5971
      1.2012
      2.1834
      3.6869
      5.3509
      6.1217
      2.3883
      2.0143
      1.2264
      0.6124
      0.4384
      0.6077
      0.8614
      0.9334
      0.7341
      0.4147
      0.1763
      0.1007
      0.1977
      0.4904
      1.0202
      1.8788
      3.1614
      4.5585
      5.2020
      0.7120
      0.6142
      0.4362
      0.3964
      0.6172
      1.0408
      1.4225
      1.4633
      1.1028
      0.6000
      0.2381
      0.0934
      0.1203
      0.2936
      0.6290
      1.1778
      1.9845
      2.8504
      3.2468
      0.1644
      0.1696
      0.2351
      0.4638
      0.9116
      1.4885
      1.9188
      1.8928
      1.3904
      0.7449
      0.2887
      0.0900
      0.0601
      0.1326
      0.3082
      0.6354
      1.1497
      1.7112
      1.9684
      0.0523
      0.0915
      0.2488
      0.6062
      1.2011
      1.9323
      2.4972
      2.5136
      1.9042
      1.0576
      0.4237
      0.1241
      0.0408
      0.0676
      0.2170
      0.6113
      1.3434
      2.1879
      2.5796
      0.0402
      0.0884
      0.2735
      0.6929
      1.4451
      2.5122
      3.5346
      3.8371
      3.0913
      1.8044
      0.7527
      0.2238
      0.0582
      0.0806
      0.3398
      1.1240
      2.6548
      4.4493
      5.2852
      0.0374
      0.0830
      0.2630
      0.7095
      1.6401
      3.1781
      4.8646
      5.5836
      4.6607
      2.7848
      1.1809
      0.3547
      0.0904
      0.1235
      0.5447
      1.8397
      4.3824
      7.3690
      8.7610
      0.0353
      0.0781
      0.2509
      0.7054
      1.7230
      3.4978
      5.5163
      6.4398
      5.4266
      3.2607
      1.3877
      0.4179
      0.1065
      0.1457
      0.6451
      2.1825
      5.2027
      8.7508
     10.4046
