      0.3351
      0.3401
      0.3512
      0.3604
      0.3630
      0.3609
      0.3594
      0.3623
      0.3696
      0.3771
      0.3760
      0.3556
      0.3100
      0.2438
      0.1713
      0.1084
      0.0648
      0.0411
      0.0339
      0.3416
      0.3445
      0.3502
      0.3527
      0.3494
      0.3435
      0.3407
      0.3451
      0.3566
      0.3709
      0.3785
      0.3673
      0.3289
      0.2659
      0.1919
      0.1244
      0.0751
      0.0472
      0.0385
      0.3806
      0.3763
      0.3635
      0.3435
      0.3208
      0.3029
      0.2964
      0.3048
      0.3275
      0.3601
      0.3917
      0.4062
      0.3886
      0.3349
      0.2568
      0.1753
      0.1093
      0.0687
      0.0553
      0.5140
      0.4941
      0.4415
      0.3738
      0.3111
      0.2690
      0.2541
      0.2666
      0.3036
      0.3601
      0.4246
      0.4762
      0.4901
      0.4520
      0.3691
      0.2670
      0.1753
      0.1147
      0.0939
      0.8415
      0.7920
      0.6637
      0.5053
      0.3666
      0.2771
      0.2420
      0.2525
      0.2996
      0.3769
      0.4739
      0.5663
      0.6189
      0.6043
      0.5220
      0.4009
      0.2823
      0.1998
      0.1707
      1.4601
      1.3609
      1.1056
      0.7942
      0.5253
      0.3511
      0.2732
      0.2675
      0.3124
      0.3985
      0.5177
      0.6456
      0.7394
      0.7588
      0.6931
      0.5703
      0.4395
      0.3448
      0.3109
      2.3772
      2.2082
      1.7742
      1.2459
      0.7890
      0.4880
      0.3398
      0.2989
      0.3254
      0.4037
      0.5281
      0.6782
      0.8100
      0.8752
      0.8532
      0.7650
      0.6580
      0.5771
      0.5477
      3.4288
      3.1818
      2.5472
      1.7742
      1.1029
      0.6533
      0.4183
      0.3292
      0.3249
      0.3806
      0.4927
      0.6481
      0.8097
      0.9306
      0.9840
      0.9788
      0.9474
      0.9196
      0.9093
      4.2903
      3.9803
      3.1840
      2.2130
      1.3670
      0.7946
      0.4852
      0.3513
      0.3142
      0.3401
      0.4265
      0.5709
      0.7508
      0.9308
      1.0842
      1.2052
      1.2991
      1.3637
      1.3876
      4.6254
      4.2924
      3.4373
      2.3953
      1.4875
      0.8718
      0.5341
      0.3778
      0.3157
      0.3101
      0.3624
      0.4823
      0.6664
      0.8974
      1.1546
      1.4184
      1.6610
      1.8386
      1.9047
      4.2903
      3.9856
      3.2049
      2.2573
      1.4374
      0.8861
      0.5839
      0.4355
      0.3582
      0.3198
      0.3300
      0.4127
      0.5835
      0.8436
      1.1803
      1.5638
      1.9365
      2.2153
      2.3195
      3.4288
      3.1947
      2.5979
      1.8826
      1.2771
      0.8824
      0.6693
      0.5515
      0.4616
      0.3831
      0.3406
      0.3727
      0.5099
      0.7666
      1.1365
      1.5837
      2.0318
      2.3712
      2.4987
      2.3772
      2.2320
      1.8677
      1.4472
      1.1153
      0.9209
      0.8203
      0.7381
      0.6281
      0.4970
      0.3895
      0.3583
      0.4434
      0.6651
      1.0198
      1.4697
      1.9315
      2.2851
      2.4184
      1.4601
      1.3979
      1.2520
      1.1110
      1.0413
      1.0402
      1.0462
      0.9906
      0.8486
      0.6524
      0.4692
      0.3659
      0.3885
      0.5582
      0.8721
      1.2928
      1.7363
      2.0806
      2.2112
      0.8415
      0.8428
      0.8648
      0.9421
      1.0822
      1.2398
      1.3332
      1.2942
      1.1125
      0.8438
      0.5786
      0.3999
      0.3602
      0.4826
      0.7651
      1.1713
      1.6143
      1.9645
      2.0983
      0.5140
      0.5565
      0.6897
      0.9160
      1.2064
      1.4849
      1.6501
      1.6255
      1.4060
      1.0654
      0.7173
      0.4645
      0.3711
      0.4666
      0.7530
      1.1930
      1.6884
      2.0867
      2.2402
      0.3806
      0.4468
      0.6452
      0.9635
      1.3543
      1.7228
      1.9490
      1.9425
      1.6952
      1.2921
      0.8686
      0.5493
      0.4150
      0.5058
      0.8300
      1.3478
      1.9421
      2.4250
      2.6119
      0.3416
      0.4194
      0.6508
      1.0188
      1.4689
      1.8965
      2.1680
      2.1794
      1.9165
      1.4701
      0.9917
      0.6244
      0.4641
      0.5614
      0.9307
      1.5295
      2.2220
      2.7871
      3.0063
      0.3351
      0.4163
      0.6577
      1.0415
      1.5116
      1.9603
      2.2491
      2.2683
      2.0005
      1.5386
      1.0397
      0.6547
      0.4854
      0.5869
      0.9760
      1.6090
      2.3426
      2.9419
      3.1745
