      0.0006
      0.0015
      0.0037
      0.0051
      0.0038
      0.0016
      0.0007
      0.0006
      0.0015
      0.0052
      0.0127
      0.0170
      0.0123
      0.0048
      0.0010
      0.0001
      0.0000
      0.0000
      0.0000
      0.0009
      0.0020
      0.0043
      0.0054
      0.0036
      0.0014
      0.0005
      0.0005
      0.0011
      0.0043
      0.0111
      0.0161
      0.0128
      0.0055
      0.0013
      0.0002
      0.0000
      0.0000
      0.0000
      0.0012
      0.0023
      0.0043
      0.0046
      0.0027
      0.0009
      0.0003
      0.0002
      0.0005
      0.0024
      0.0072
      0.0125
      0.0121
      0.0066
      0.0021
      0.0004
      0.0000
      0.0000
      0.0000
      0.0013
      0.0018
      0.0026
      0.0024
      0.0012
      0.0003
      0.0001
      0.0000
      0.0002
      0.0011
      0.0050
      0.0130
      0.0197
      0.0171
      0.0084
      0.0023
      0.0003
      0.0000
      0.0000
      0.0128
      0.0097
      0.0044
      0.0014
      0.0004
      0.0001
      0.0000
      0.0000
      0.0001
      0.0016
      0.0107
      0.0388
      0.0761
      0.0809
      0.0466
      0.0145
      0.0024
      0.0002
      0.0000
      0.2064
      0.1518
      0.0603
      0.0129
      0.0015
      0.0001
      0.0000
      0.0000
      0.0002
      0.0031
      0.0236
      0.0954
      0.2074
      0.2435
      0.1544
      0.0528
      0.0098
      0.0011
      0.0003
      1.8114
      1.3313
      0.5279
      0.1125
      0.0128
      0.0008
      0.0001
      0.0001
      0.0003
      0.0036
      0.0294
      0.1303
      0.3105
      0.3994
      0.2777
      0.1047
      0.0234
      0.0079
      0.0079
      8.4967
      6.2447
      2.4762
      0.5279
      0.0601
      0.0036
      0.0002
      0.0001
      0.0002
      0.0022
      0.0198
      0.0964
      0.2522
      0.3572
      0.2764
      0.1249
      0.0650
      0.0966
      0.1265
     21.4277
     15.7485
      6.2447
      1.3313
      0.1517
      0.0092
      0.0005
      0.0003
      0.0002
      0.0008
      0.0073
      0.0397
      0.1184
      0.2007
      0.2089
      0.1960
      0.3751
      0.8251
      1.1066
     29.1551
     21.4277
      8.4967
      1.8114
      0.2066
      0.0137
      0.0037
      0.0049
      0.0039
      0.0018
      0.0022
      0.0138
      0.0647
      0.1936
      0.3801
      0.6810
      1.7215
      3.8705
      5.1915
     21.4277
     15.7485
      6.2448
      1.3316
      0.1551
      0.0257
      0.0434
      0.0606
      0.0460
      0.0189
      0.0052
      0.0137
      0.0967
      0.3906
      0.9289
      1.8000
      4.4371
      9.8015
     13.1067
      8.4967
      6.2447
      2.4765
      0.5313
      0.0876
      0.1274
      0.3034
      0.4028
      0.2893
      0.1122
      0.0244
      0.0175
      0.1212
      0.5329
      1.3554
      2.6586
      6.2336
     13.4249
     17.8704
      1.8114
      1.3314
      0.5295
      0.1299
      0.1344
      0.5014
      1.1479
      1.4369
      0.9753
      0.3575
      0.0710
      0.0171
      0.0849
      0.3984
      1.0765
      2.1409
      4.7692
      9.9604
     13.1779
      0.2064
      0.1524
      0.0678
      0.0702
      0.3145
      1.1220
      2.3637
      2.7739
      1.7768
      0.6158
      0.1149
      0.0148
      0.0325
      0.1609
      0.4622
      0.9368
      1.9867
      4.0028
      5.2539
      0.0128
      0.0120
      0.0280
      0.1326
      0.5152
      1.4747
      2.7489
      2.9963
      1.8155
      0.5994
      0.1068
      0.0108
      0.0070
      0.0350
      0.1071
      0.2240
      0.4595
      0.8942
      1.1634
      0.0013
      0.0066
      0.0475
      0.2097
      0.6185
      1.3958
      2.3345
      2.5031
      1.5604
      0.5436
      0.1042
      0.0110
      0.0013
      0.0042
      0.0154
      0.0476
      0.1456
      0.3300
      0.4411
      0.0012
      0.0077
      0.0536
      0.2220
      0.6579
      1.7014
      3.4574
      4.4283
      3.2190
      1.2848
      0.2781
      0.0323
      0.0021
      0.0009
      0.0112
      0.0926
      0.4290
      1.0790
      1.4675
      0.0009
      0.0054
      0.0371
      0.1759
      0.7709
      2.9204
      7.1506
      9.8938
      7.4745
      3.0555
      0.6723
      0.0791
      0.0050
      0.0017
      0.0261
      0.2287
      1.0728
      2.7054
      3.6810
      0.0006
      0.0037
      0.0258
      0.1498
      0.8669
      3.7495
      9.5390
     13.3412
     10.1174
      4.1436
      0.9128
      0.1075
      0.0068
      0.0024
      0.0355
      0.3111
      1.4595
      3.6807
      5.0081
