      0.0516
      0.0556
      0.0660
      0.0804
      0.0993
      0.1235
      0.1470
      0.1571
      0.1458
      0.1183
      0.0880
      0.0635
      0.0450
      0.0299
      0.0177
      0.0091
      0.0045
      0.0027
      0.0023
      0.0548
      0.0579
      0.0659
      0.0772
      0.0926
      0.1132
      0.1339
      0.1435
      0.1349
      0.1128
      0.0884
      0.0689
      0.0532
      0.0384
      0.0244
      0.0133
      0.0065
      0.0035
      0.0027
      0.0781
      0.0772
      0.0753
      0.0746
      0.0788
      0.0901
      0.1049
      0.1146
      0.1138
      0.1051
      0.0964
      0.0907
      0.0836
      0.0697
      0.0496
      0.0294
      0.0147
      0.0069
      0.0047
      0.1853
      0.1712
      0.1369
      0.1007
      0.0782
      0.0743
      0.0839
      0.0969
      0.1063
      0.1134
      0.1244
      0.1392
      0.1470
      0.1354
      0.1041
      0.0659
      0.0350
      0.0173
      0.0119
      0.5437
      0.4900
      0.3607
      0.2230
      0.1290
      0.0915
      0.0938
      0.1115
      0.1289
      0.1464
      0.1740
      0.2120
      0.2413
      0.2366
      0.1928
      0.1304
      0.0765
      0.0449
      0.0352
      1.4392
      1.2905
      0.9325
      0.5508
      0.2852
      0.1649
      0.1430
      0.1584
      0.1747
      0.1908
      0.2250
      0.2828
      0.3371
      0.3477
      0.3009
      0.2234
      0.1552
      0.1168
      0.1057
      3.1190
      2.7941
      2.0114
      1.1749
      0.5853
      0.3008
      0.2189
      0.2143
      0.2160
      0.2178
      0.2462
      0.3130
      0.3888
      0.4245
      0.4008
      0.3473
      0.3086
      0.2990
      0.3004
      5.4281
      4.8616
      3.4963
      2.0336
      0.9925
      0.4699
      0.2901
      0.2462
      0.2242
      0.2065
      0.2211
      0.2838
      0.3710
      0.4410
      0.4818
      0.5267
      0.6090
      0.7061
      0.7509
      7.5670
      6.7769
      4.8715
      2.8262
      1.3601
      0.6058
      0.3231
      0.2359
      0.1931
      0.1621
      0.1637
      0.2138
      0.3029
      0.4155
      0.5672
      0.8031
      1.1286
      1.4407
      1.5726
      8.4525
      7.5696
      5.4401
      3.1510
      1.5025
      0.6419
      0.3060
      0.1951
      0.1447
      0.1115
      0.1054
      0.1415
      0.2286
      0.3883
      0.6797
      1.1702
      1.8286
      2.4384
      2.6914
      7.5670
      6.7770
      4.8710
      2.8213
      1.3427
      0.5667
      0.2599
      0.1574
      0.1123
      0.0818
      0.0701
      0.0934
      0.1766
      0.3750
      0.7891
      1.5103
      2.4757
      3.3625
      3.7287
      5.4281
      4.8627
      3.4998
      2.0368
      0.9857
      0.4392
      0.2269
      0.1557
      0.1183
      0.0850
      0.0629
      0.0714
      0.1447
      0.3542
      0.8206
      1.6468
      2.7544
      3.7698
      4.1885
      3.1190
      2.7978
      2.0263
      1.2060
      0.6298
      0.3452
      0.2442
      0.2062
      0.1674
      0.1183
      0.0763
      0.0653
      0.1192
      0.3063
      0.7406
      1.5182
      2.5629
      3.5206
      3.9155
      1.4392
      1.2986
      0.9661
      0.6281
      0.4163
      0.3403
      0.3305
      0.3139
      0.2590
      0.1787
      0.1056
      0.0692
      0.0993
      0.2521
      0.6252
      1.3022
      2.2157
      3.0544
      3.4004
      0.5437
      0.5033
      0.4174
      0.3577
      0.3687
      0.4340
      0.4940
      0.4905
      0.4076
      0.2791
      0.1590
      0.0890
      0.1001
      0.2475
      0.6325
      1.3451
      2.3145
      3.2078
      3.5769
      0.1853
      0.1894
      0.2161
      0.2942
      0.4348
      0.6066
      0.7377
      0.7547
      0.6384
      0.4420
      0.2518
      0.1348
      0.1375
      0.3394
      0.8896
      1.9227
      3.3373
      4.6449
      5.1857
      0.0781
      0.0991
      0.1723
      0.3191
      0.5472
      0.8180
      1.0350
      1.0887
      0.9403
      0.6615
      0.3811
      0.2045
      0.2076
      0.5179
      1.3711
      2.9803
      5.1891
      7.2330
      8.0787
      0.0548
      0.0817
      0.1736
      0.3569
      0.6460
      0.9998
      1.2976
      1.3914
      1.2191
      0.8670
      0.5037
      0.2722
      0.2790
      0.7005
      1.8598
      4.0484
      7.0540
      9.8360
     10.9873
      0.0516
      0.0800
      0.1772
      0.3727
      0.6850
      1.0727
      1.4047
      1.5163
      1.3351
      0.9529
      0.5551
      0.3009
      0.3095
      0.7785
      2.0678
      4.5023
      7.8459
     10.9409
     12.2216
