      0.0481
      0.0635
      0.0952
      0.1118
      0.0967
      0.0650
      0.0404
      0.0282
      0.0208
      0.0143
      0.0102
      0.0083
      0.0066
      0.0042
      0.0020
      0.0007
      0.0002
      0.0000
      0.0000
      0.0510
      0.0654
      0.0938
      0.1063
      0.0890
      0.0580
      0.0349
      0.0239
      0.0179
      0.0133
      0.0115
      0.0119
      0.0116
      0.0089
      0.0050
      0.0021
      0.0006
      0.0001
      0.0001
      0.0544
      0.0652
      0.0843
      0.0874
      0.0676
      0.0407
      0.0227
      0.0150
      0.0124
      0.0134
      0.0203
      0.0317
      0.0393
      0.0356
      0.0230
      0.0106
      0.0035
      0.0008
      0.0003
      0.0672
      0.0697
      0.0710
      0.0613
      0.0415
      0.0224
      0.0118
      0.0086
      0.0106
      0.0216
      0.0499
      0.0938
      0.1288
      0.1262
      0.0877
      0.0431
      0.0150
      0.0038
      0.0013
      0.1981
      0.1731
      0.1170
      0.0632
      0.0287
      0.0124
      0.0077
      0.0090
      0.0161
      0.0413
      0.1075
      0.2177
      0.3180
      0.3300
      0.2425
      0.1262
      0.0468
      0.0132
      0.0055
      0.8478
      0.7153
      0.4300
      0.1851
      0.0588
      0.0177
      0.0121
      0.0163
      0.0266
      0.0639
      0.1711
      0.3649
      0.5622
      0.6152
      0.4774
      0.2641
      0.1076
      0.0383
      0.0222
      2.8414
      2.3903
      1.4223
      0.5983
      0.1803
      0.0462
      0.0234
      0.0262
      0.0347
      0.0721
      0.1942
      0.4345
      0.7054
      0.8144
      0.6710
      0.4049
      0.2016
      0.1163
      0.0993
      6.7677
      5.6920
      3.3844
      1.4211
      0.4243
      0.1003
      0.0364
      0.0315
      0.0338
      0.0585
      0.1564
      0.3669
      0.6286
      0.7707
      0.6911
      0.5001
      0.3844
      0.3877
      0.4110
     11.3827
      9.5733
      5.6918
      2.3891
      0.7104
      0.1598
      0.0437
      0.0280
      0.0245
      0.0344
      0.0894
      0.2202
      0.4013
      0.5365
      0.5733
      0.6201
      0.8322
      1.1575
      1.3216
     13.5341
     11.3827
      6.7676
      2.8403
      0.8430
      0.1848
      0.0420
      0.0202
      0.0146
      0.0156
      0.0369
      0.0955
      0.1909
      0.3057
      0.4809
      0.8921
      1.6930
      2.6406
      3.0832
     11.3827
      9.5735
      5.6927
      2.3911
      0.7131
      0.1605
      0.0400
      0.0202
      0.0135
      0.0094
      0.0131
      0.0327
      0.0785
      0.1836
      0.4785
      1.2484
      2.6913
      4.3541
      5.1230
      6.7677
      5.6932
      3.3902
      1.4367
      0.4523
      0.1347
      0.0653
      0.0463
      0.0303
      0.0163
      0.0089
      0.0124
      0.0377
      0.1340
      0.4702
      1.3887
      3.1202
      5.1173
      6.0414
      2.8414
      2.3953
      1.4473
      0.6652
      0.3009
      0.2016
      0.1700
      0.1281
      0.0781
      0.0378
      0.0149
      0.0085
      0.0223
      0.0955
      0.3705
      1.1385
      2.5985
      4.2895
      5.0733
      0.8478
      0.7304
      0.5045
      0.3799
      0.4024
      0.4541
      0.4266
      0.3189
      0.1909
      0.0909
      0.0338
      0.0113
      0.0134
      0.0559
      0.2251
      0.7044
      1.6222
      2.6893
      3.1849
      0.1981
      0.2052
      0.2735
      0.4680
      0.7394
      0.9290
      0.9238
      0.7444
      0.4869
      0.2512
      0.0983
      0.0291
      0.0120
      0.0350
      0.1484
      0.4804
      1.1238
      1.8757
      2.2256
      0.0672
      0.1177
      0.3063
      0.6774
      1.1642
      1.5920
      1.7939
      1.6681
      1.2342
      0.6936
      0.2856
      0.0851
      0.0249
      0.0512
      0.2315
      0.7776
      1.8479
      3.1043
      3.6897
      0.0544
      0.1173
      0.3458
      0.8077
      1.5130
      2.3747
      3.1246
      3.2952
      2.6423
      1.5525
      0.6544
      0.1969
      0.0557
      0.1084
      0.4959
      1.6785
      4.0007
      6.7286
      8.0001
      0.0510
      0.1104
      0.3306
      0.8191
      1.7214
      3.1015
      4.5645
      5.1573
      4.2875
      2.5637
      1.0897
      0.3290
      0.0931
      0.1803
      0.8261
      2.7978
      6.6705
     11.2201
     13.3408
      0.0481
      0.1034
      0.3122
      0.8026
      1.7904
      3.4161
      5.2227
      6.0219
      5.0550
      3.0360
      1.2930
      0.3908
      0.1106
      0.2142
      0.9814
      3.3242
      7.9258
     13.3317
     15.8516
