      0.0477
      0.0526
      0.0651
      0.0816
      0.1019
      0.1286
      0.1619
      0.1996
      0.2424
      0.2899
      0.3286
      0.3317
      0.2837
      0.1996
      0.1140
      0.0528
      0.0205
      0.0078
      0.0048
      0.0544
      0.0582
      0.0679
      0.0805
      0.0963
      0.1181
      0.1466
      0.1801
      0.2196
      0.2653
      0.3045
      0.3121
      0.2716
      0.1950
      0.1140
      0.0542
      0.0215
      0.0082
      0.0050
      0.0920
      0.0908
      0.0876
      0.0844
      0.0853
      0.0937
      0.1105
      0.1342
      0.1659
      0.2063
      0.2461
      0.2639
      0.2418
      0.1841
      0.1149
      0.0587
      0.0250
      0.0099
      0.0060
      0.2432
      0.2242
      0.1778
      0.1266
      0.0897
      0.0738
      0.0755
      0.0890
      0.1121
      0.1455
      0.1842
      0.2125
      0.2115
      0.1763
      0.1214
      0.0690
      0.0333
      0.0154
      0.0104
      0.7275
      0.6556
      0.4812
      0.2919
      0.1543
      0.0840
      0.0624
      0.0659
      0.0815
      0.1075
      0.1435
      0.1800
      0.1981
      0.1839
      0.1422
      0.0928
      0.0547
      0.0342
      0.0282
      1.9237
      1.7246
      1.2433
      0.7238
      0.3477
      0.1523
      0.0817
      0.0691
      0.0763
      0.0943
      0.1267
      0.1698
      0.2053
      0.2120
      0.1862
      0.1456
      0.1128
      0.0967
      0.0927
      4.1614
      3.7267
      2.6767
      1.5448
      0.7254
      0.2957
      0.1321
      0.0891
      0.0836
      0.0923
      0.1203
      0.1696
      0.2243
      0.2600
      0.2673
      0.2617
      0.2649
      0.2794
      0.2880
      7.2360
      6.4787
      4.6500
      2.6783
      1.2495
      0.4958
      0.2011
      0.1146
      0.0924
      0.0911
      0.1145
      0.1713
      0.2531
      0.3393
      0.4199
      0.5077
      0.6147
      0.7170
      0.7608
     10.0842
      9.0286
      6.4797
      3.7320
      1.7406
      0.6887
      0.2744
      0.1485
      0.1107
      0.0983
      0.1162
      0.1833
      0.3060
      0.4761
      0.6892
      0.9549
      1.2631
      1.5351
      1.6468
     11.2633
     10.0850
      7.2408
      4.1783
      1.9657
      0.8062
      0.3575
      0.2223
      0.1727
      0.1415
      0.1440
      0.2178
      0.3907
      0.6727
      1.0685
      1.5824
      2.1705
      2.6772
      2.8823
     10.0842
      9.0316
      6.4944
      3.7740
      1.8315
      0.8451
      0.4910
      0.3897
      0.3261
      0.2523
      0.2117
      0.2704
      0.4790
      0.8637
      1.4357
      2.1897
      3.0449
      3.7719
      4.0638
      7.2360
      6.4864
      4.6875
      2.7844
      1.4759
      0.8789
      0.7219
      0.6836
      0.5900
      0.4367
      0.3130
      0.3176
      0.5164
      0.9405
      1.5993
      2.4745
      3.4592
      4.2875
      4.6181
      4.1614
      3.7413
      2.7471
      1.7404
      1.1345
      0.9741
      1.0345
      1.0535
      0.9072
      0.6472
      0.4146
      0.3337
      0.4696
      0.8434
      1.4546
      2.2750
      3.1931
      3.9589
      4.2631
      1.9237
      1.7468
      1.3487
      1.0108
      0.9343
      1.1023
      1.3168
      1.3591
      1.1516
      0.7962
      0.4716
      0.3094
      0.3589
      0.6229
      1.0920
      1.7383
      2.4663
      3.0730
      3.3135
      0.7275
      0.6832
      0.6101
      0.6353
      0.8390
      1.1661
      1.4365
      1.4679
      1.2201
      0.8226
      0.4619
      0.2577
      0.2394
      0.3981
      0.7281
      1.2169
      1.7913
      2.2802
      2.4756
      0.2432
      0.2529
      0.3094
      0.4702
      0.7596
      1.1093
      1.3630
      1.3744
      1.1267
      0.7485
      0.4081
      0.2048
      0.1573
      0.2620
      0.5366
      0.9979
      1.5851
      2.1072
      2.3196
      0.0920
      0.1165
      0.2048
      0.3857
      0.6634
      0.9748
      1.1920
      1.1981
      0.9825
      0.6545
      0.3560
      0.1720
      0.1242
      0.2293
      0.5421
      1.1167
      1.8886
      2.5947
      2.8855
      0.0544
      0.0801
      0.1669
      0.3333
      0.5792
      0.8525
      1.0475
      1.0633
      0.8841
      0.5986
      0.3308
      0.1616
      0.1222
      0.2516
      0.6394
      1.3717
      2.3727
      3.2967
      3.6786
      0.0477
      0.0728
      0.1562
      0.3140
      0.5461
      0.8056
      0.9950
      1.0175
      0.8535
      0.5834
      0.3256
      0.1609
      0.1255
      0.2679
      0.6921
      1.4969
      2.6007
      3.6213
      4.0434
