      0.0003
      0.0007
      0.0018
      0.0024
      0.0018
      0.0008
      0.0005
      0.0006
      0.0012
      0.0041
      0.0100
      0.0134
      0.0097
      0.0038
      0.0008
      0.0001
      0.0000
      0.0000
      0.0000
      0.0004
      0.0009
      0.0021
      0.0026
      0.0017
      0.0007
      0.0004
      0.0004
      0.0009
      0.0034
      0.0088
      0.0127
      0.0101
      0.0044
      0.0010
      0.0001
      0.0000
      0.0000
      0.0000
      0.0006
      0.0011
      0.0020
      0.0022
      0.0013
      0.0005
      0.0002
      0.0002
      0.0004
      0.0019
      0.0058
      0.0102
      0.0101
      0.0057
      0.0019
      0.0004
      0.0000
      0.0000
      0.0000
      0.0007
      0.0009
      0.0013
      0.0011
      0.0006
      0.0002
      0.0000
      0.0000
      0.0002
      0.0010
      0.0049
      0.0134
      0.0213
      0.0191
      0.0096
      0.0026
      0.0004
      0.0000
      0.0000
      0.0080
      0.0060
      0.0027
      0.0008
      0.0002
      0.0000
      0.0000
      0.0000
      0.0002
      0.0019
      0.0126
      0.0456
      0.0898
      0.0957
      0.0552
      0.0172
      0.0029
      0.0003
      0.0000
      0.1290
      0.0948
      0.0377
      0.0081
      0.0009
      0.0001
      0.0001
      0.0001
      0.0004
      0.0038
      0.0281
      0.1133
      0.2463
      0.2891
      0.1833
      0.0627
      0.0116
      0.0013
      0.0004
      1.1319
      0.8319
      0.3299
      0.0703
      0.0080
      0.0005
      0.0002
      0.0003
      0.0005
      0.0043
      0.0350
      0.1547
      0.3687
      0.4743
      0.3297
      0.1241
      0.0272
      0.0081
      0.0077
      5.3095
      3.9023
      1.5474
      0.3299
      0.0376
      0.0024
      0.0003
      0.0004
      0.0004
      0.0027
      0.0236
      0.1144
      0.2991
      0.4229
      0.3254
      0.1438
      0.0673
      0.0938
      0.1225
     13.3900
      9.8411
      3.9023
      0.8319
      0.0948
      0.0059
      0.0005
      0.0005
      0.0004
      0.0010
      0.0087
      0.0466
      0.1371
      0.2258
      0.2219
      0.1910
      0.3583
      0.7968
      1.0715
     18.2187
     13.3900
      5.3095
      1.1319
      0.1292
      0.0088
      0.0029
      0.0039
      0.0031
      0.0015
      0.0023
      0.0141
      0.0613
      0.1702
      0.3211
      0.5999
      1.6277
      3.7367
      5.0276
     13.3900
      9.8411
      3.9023
      0.8322
      0.0975
      0.0188
      0.0342
      0.0478
      0.0363
      0.0149
      0.0041
      0.0112
      0.0775
      0.3111
      0.7501
      1.5631
      4.1806
      9.4590
     12.6931
      5.3095
      3.9023
      1.5475
      0.3325
      0.0590
      0.0995
      0.2389
      0.3173
      0.2280
      0.0884
      0.0192
      0.0138
      0.0957
      0.4214
      1.0905
      2.2929
      5.8468
     12.9438
     17.3027
      1.1319
      0.8320
      0.3309
      0.0829
      0.1010
      0.3912
      0.9018
      1.1314
      0.7685
      0.2817
      0.0560
      0.0135
      0.0669
      0.3150
      0.8650
      1.8335
      4.4471
      9.5891
     12.7532
      0.1290
      0.0952
      0.0420
      0.0457
      0.2297
      0.8615
      1.8483
      2.1824
      1.4009
      0.4859
      0.0907
      0.0117
      0.0256
      0.1272
      0.3709
      0.7971
      1.8421
      3.8522
      5.0900
      0.0080
      0.0071
      0.0149
      0.0771
      0.3463
      1.0977
      2.1444
      2.3819
      1.4562
      0.4838
      0.0868
      0.0088
      0.0055
      0.0277
      0.0870
      0.1994
      0.4695
      0.9757
      1.2856
      0.0007
      0.0032
      0.0236
      0.1128
      0.3918
      1.0608
      1.9959
      2.2773
      1.4762
      0.5309
      0.1048
      0.0113
      0.0012
      0.0040
      0.0228
      0.1308
      0.5523
      1.3636
      1.8491
      0.0006
      0.0037
      0.0268
      0.1263
      0.4915
      1.6433
      3.7590
      5.0197
      3.7111
      1.4948
      0.3255
      0.0380
      0.0025
      0.0037
      0.0579
      0.5040
      2.3599
      5.9491
      8.0940
      0.0004
      0.0027
      0.0202
      0.1276
      0.7636
      3.3062
      8.3844
     11.6993
      8.8593
      3.6248
      0.7980
      0.0939
      0.0061
      0.0089
      0.1444
      1.2670
      5.9432
     14.9880
     20.3930
      0.0003
      0.0019
      0.0157
      0.1302
      0.9473
      4.3750
     11.2875
     15.8321
     12.0141
      4.9212
      1.0841
      0.1277
      0.0083
      0.0121
      0.1964
      1.7239
      8.0863
     20.3928
     27.7469
