      0.2592
      0.2856
      0.3408
      0.3761
      0.3642
      0.3182
      0.2678
      0.2284
      0.1985
      0.1741
      0.1534
      0.1316
      0.1035
      0.0703
      0.0397
      0.0185
      0.0072
      0.0028
      0.0018
      0.2588
      0.2819
      0.3290
      0.3558
      0.3388
      0.2919
      0.2433
      0.2069
      0.1810
      0.1613
      0.1452
      0.1279
      0.1034
      0.0725
      0.0424
      0.0205
      0.0083
      0.0033
      0.0020
      0.2567
      0.2709
      0.2966
      0.3019
      0.2736
      0.2269
      0.1849
      0.1576
      0.1418
      0.1327
      0.1275
      0.1209
      0.1058
      0.0806
      0.0517
      0.0276
      0.0124
      0.0053
      0.0033
      0.2731
      0.2730
      0.2659
      0.2407
      0.1989
      0.1560
      0.1266
      0.1128
      0.1089
      0.1102
      0.1151
      0.1199
      0.1164
      0.0989
      0.0711
      0.0430
      0.0227
      0.0120
      0.0089
      0.3920
      0.3676
      0.3041
      0.2254
      0.1568
      0.1140
      0.0981
      0.0984
      0.1031
      0.1084
      0.1174
      0.1305
      0.1387
      0.1307
      0.1056
      0.0742
      0.0492
      0.0355
      0.0315
      0.7688
      0.6964
      0.5199
      0.3270
      0.1877
      0.1218
      0.1092
      0.1172
      0.1229
      0.1233
      0.1290
      0.1468
      0.1673
      0.1738
      0.1602
      0.1372
      0.1199
      0.1132
      0.1123
      1.5375
      1.3802
      1.0009
      0.5953
      0.3113
      0.1790
      0.1473
      0.1501
      0.1475
      0.1364
      0.1346
      0.1549
      0.1904
      0.2232
      0.2458
      0.2682
      0.3012
      0.3369
      0.3529
      2.6271
      2.3542
      1.6971
      0.9954
      0.5014
      0.2616
      0.1872
      0.1714
      0.1551
      0.1322
      0.1239
      0.1478
      0.2035
      0.2826
      0.3869
      0.5287
      0.7024
      0.8579
      0.9217
      3.6477
      3.2678
      2.3528
      1.3743
      0.6799
      0.3319
      0.2088
      0.1708
      0.1425
      0.1131
      0.1029
      0.1327
      0.2151
      0.3643
      0.6077
      0.9685
      1.4104
      1.7984
      1.9557
      4.0717
      3.6480
      2.6277
      1.5361
      0.7592
      0.3646
      0.2181
      0.1677
      0.1328
      0.1002
      0.0884
      0.1232
      0.2341
      0.4665
      0.8863
      1.5378
      2.3465
      3.0578
      3.3459
      3.6477
      3.2707
      2.3645
      1.3995
      0.7192
      0.3792
      0.2543
      0.2059
      0.1634
      0.1188
      0.0951
      0.1249
      0.2529
      0.5516
      1.1233
      2.0357
      3.1824
      4.1965
      4.6081
      2.6271
      2.3638
      1.7362
      1.0823
      0.6425
      0.4421
      0.3740
      0.3291
      0.2614
      0.1814
      0.1248
      0.1316
      0.2513
      0.5656
      1.1923
      2.2119
      3.5057
      4.6556
      5.1234
      1.5375
      1.4035
      1.0962
      0.8072
      0.6562
      0.6231
      0.6115
      0.5468
      0.4208
      0.2761
      0.1664
      0.1337
      0.2186
      0.4898
      1.0531
      1.9845
      3.1762
      4.2403
      4.6740
      0.7688
      0.7409
      0.7007
      0.7242
      0.8246
      0.9274
      0.9364
      0.8130
      0.5977
      0.3712
      0.2025
      0.1277
      0.1681
      0.3685
      0.8113
      1.5601
      2.5293
      3.3999
      3.7557
      0.3920
      0.4354
      0.5772
      0.8172
      1.0875
      1.2642
      1.2498
      1.0440
      0.7358
      0.4372
      0.2234
      0.1186
      0.1278
      0.2817
      0.6555
      1.3141
      2.1858
      2.9778
      3.3030
      0.2731
      0.3561
      0.5989
      0.9548
      1.3049
      1.4973
      1.4427
      1.1732
      0.8076
      0.4705
      0.2344
      0.1165
      0.1197
      0.2873
      0.7247
      1.5286
      2.6173
      3.6181
      4.0311
      0.2567
      0.3551
      0.6332
      1.0206
      1.3787
      1.5559
      1.4801
      1.1979
      0.8285
      0.4888
      0.2476
      0.1266
      0.1443
      0.3810
      1.0068
      2.1763
      3.7761
      5.2544
      5.8656
      0.2588
      0.3580
      0.6336
      1.0066
      1.3404
      1.4997
      1.4287
      1.1718
      0.8299
      0.5045
      0.2643
      0.1426
      0.1794
      0.4961
      1.3297
      2.8935
      5.0381
      7.0223
      7.8433
      0.2592
      0.3567
      0.6261
      0.9867
      1.3062
      1.4588
      1.3948
      1.1549
      0.8292
      0.5121
      0.2725
      0.1504
      0.1957
      0.5475
      1.4716
      3.2059
      5.5854
      7.7876
      8.6988
