      0.0333
      0.0437
      0.0652
      0.0771
      0.0688
      0.0514
      0.0402
      0.0372
      0.0381
      0.0443
      0.0553
      0.0600
      0.0494
      0.0295
      0.0125
      0.0038
      0.0008
      0.0001
      0.0000
      0.0353
      0.0450
      0.0644
      0.0733
      0.0633
      0.0456
      0.0346
      0.0314
      0.0326
      0.0393
      0.0515
      0.0591
      0.0519
      0.0334
      0.0156
      0.0053
      0.0013
      0.0002
      0.0001
      0.0387
      0.0459
      0.0586
      0.0607
      0.0481
      0.0317
      0.0220
      0.0193
      0.0212
      0.0301
      0.0479
      0.0664
      0.0710
      0.0562
      0.0326
      0.0137
      0.0042
      0.0009
      0.0003
      0.0583
      0.0581
      0.0550
      0.0451
      0.0302
      0.0173
      0.0107
      0.0096
      0.0136
      0.0287
      0.0633
      0.1121
      0.1466
      0.1383
      0.0934
      0.0450
      0.0154
      0.0038
      0.0013
      0.2191
      0.1888
      0.1221
      0.0612
      0.0252
      0.0099
      0.0056
      0.0065
      0.0139
      0.0409
      0.1098
      0.2216
      0.3211
      0.3308
      0.2418
      0.1254
      0.0465
      0.0133
      0.0057
      0.9832
      0.8285
      0.4959
      0.2114
      0.0651
      0.0165
      0.0073
      0.0091
      0.0191
      0.0580
      0.1666
      0.3595
      0.5542
      0.6060
      0.4700
      0.2604
      0.1075
      0.0408
      0.0256
      3.3101
      2.7843
      1.6562
      0.6957
      0.2071
      0.0471
      0.0148
      0.0137
      0.0227
      0.0632
      0.1873
      0.4260
      0.6935
      0.8018
      0.6625
      0.4045
      0.2118
      0.1369
      0.1246
      7.8871
      6.6334
      3.9439
      1.6549
      0.4906
      0.1074
      0.0261
      0.0167
      0.0209
      0.0500
      0.1509
      0.3616
      0.6237
      0.7707
      0.7023
      0.5316
      0.4504
      0.4948
      0.5378
     13.2657
     11.1570
      6.6331
      2.7830
      0.8240
      0.1776
      0.0377
      0.0183
      0.0170
      0.0304
      0.0886
      0.2244
      0.4190
      0.5803
      0.6556
      0.7634
      1.0812
      1.5358
      1.7623
     15.7730
     13.2657
      7.8870
      3.3097
      0.9819
      0.2160
      0.0530
      0.0312
      0.0255
      0.0237
      0.0445
      0.1148
      0.2482
      0.4350
      0.7136
      1.2777
      2.3271
      3.5718
      4.1573
     13.2657
     11.1572
      6.6346
      2.7890
      0.8418
      0.2171
      0.1020
      0.0937
      0.0776
      0.0498
      0.0370
      0.0690
      0.1787
      0.4146
      0.9033
      1.9508
      3.8163
      5.9675
      6.9690
      7.8871
      6.6345
      3.9509
      1.6808
      0.5610
      0.2524
      0.2483
      0.2650
      0.2148
      0.1267
      0.0620
      0.0610
      0.1570
      0.4166
      1.0058
      2.2806
      4.5238
      7.0916
      8.2839
      3.3101
      2.7886
      1.6805
      0.7762
      0.4037
      0.4151
      0.5384
      0.5668
      0.4403
      0.2475
      0.1051
      0.0603
      0.1231
      0.3377
      0.8432
      1.9321
      3.8292
      5.9892
      6.9905
      0.9832
      0.8404
      0.5591
      0.4016
      0.4826
      0.7225
      0.9313
      0.9270
      0.6869
      0.3711
      0.1470
      0.0572
      0.0748
      0.2012
      0.5132
      1.1838
      2.3410
      3.6512
      4.2573
      0.2191
      0.2126
      0.2441
      0.4075
      0.7302
      1.1169
      1.3728
      1.3167
      0.9562
      0.5123
      0.1997
      0.0618
      0.0388
      0.0909
      0.2455
      0.5946
      1.2052
      1.8974
      2.2173
      0.0583
      0.0927
      0.2309
      0.5374
      1.0238
      1.5911
      2.0107
      2.0083
      1.5261
      0.8552
      0.3465
      0.1020
      0.0310
      0.0477
      0.1626
      0.4791
      1.0759
      1.7681
      2.0896
      0.0387
      0.0833
      0.2531
      0.6301
      1.2910
      2.2163
      3.1039
      3.3743
      2.7302
      1.6019
      0.6716
      0.2003
      0.0499
      0.0589
      0.2457
      0.8160
      1.9310
      3.2386
      3.8479
      0.0353
      0.0780
      0.2449
      0.6541
      1.4986
      2.8896
      4.4177
      5.0745
      4.2419
      2.5385
      1.0779
      0.3239
      0.0794
      0.0909
      0.3920
      1.3237
      3.1538
      5.3035
      6.3054
      0.0333
      0.0734
      0.2341
      0.6528
      1.5832
      3.2022
      5.0446
      5.8901
      4.9663
      2.9861
      1.2716
      0.3827
      0.0938
      0.1073
      0.4640
      1.5693
      3.7410
      6.2923
      7.4815
