      0.0061
      0.0078
      0.0117
      0.0151
      0.0181
      0.0243
      0.0352
      0.0497
      0.0737
      0.1194
      0.1759
      0.2007
      0.1663
      0.0982
      0.0410
      0.0120
      0.0025
      0.0004
      0.0001
      0.0066
      0.0083
      0.0119
      0.0147
      0.0167
      0.0213
      0.0300
      0.0419
      0.0630
      0.1043
      0.1578
      0.1856
      0.1593
      0.0980
      0.0429
      0.0133
      0.0029
      0.0005
      0.0001
      0.0082
      0.0095
      0.0119
      0.0130
      0.0130
      0.0143
      0.0185
      0.0255
      0.0397
      0.0705
      0.1158
      0.1489
      0.1414
      0.0974
      0.0485
      0.0174
      0.0045
      0.0009
      0.0002
      0.0189
      0.0179
      0.0153
      0.0118
      0.0088
      0.0077
      0.0088
      0.0120
      0.0203
      0.0414
      0.0791
      0.1198
      0.1353
      0.1120
      0.0674
      0.0294
      0.0093
      0.0022
      0.0008
      0.0911
      0.0778
      0.0489
      0.0234
      0.0095
      0.0049
      0.0050
      0.0072
      0.0131
      0.0304
      0.0704
      0.1300
      0.1772
      0.1743
      0.1230
      0.0622
      0.0230
      0.0072
      0.0038
      0.4210
      0.3546
      0.2119
      0.0902
      0.0282
      0.0089
      0.0071
      0.0098
      0.0151
      0.0327
      0.0828
      0.1721
      0.2613
      0.2834
      0.2194
      0.1233
      0.0556
      0.0285
      0.0232
      1.4194
      1.1940
      0.7103
      0.2987
      0.0902
      0.0239
      0.0135
      0.0154
      0.0191
      0.0348
      0.0887
      0.1967
      0.3205
      0.3743
      0.3176
      0.2112
      0.1429
      0.1324
      0.1382
      3.3819
      2.8443
      1.6912
      0.7103
      0.2128
      0.0520
      0.0215
      0.0198
      0.0202
      0.0296
      0.0733
      0.1734
      0.3081
      0.4027
      0.4088
      0.3858
      0.4406
      0.5716
      0.6444
      5.6880
      4.7838
      2.8444
      1.1945
      0.3576
      0.0863
      0.0332
      0.0283
      0.0250
      0.0254
      0.0517
      0.1328
      0.2779
      0.4530
      0.6250
      0.8685
      1.3221
      1.8954
      2.1742
      6.7630
      5.6880
      3.3825
      1.4229
      0.4343
      0.1252
      0.0792
      0.0828
      0.0717
      0.0503
      0.0520
      0.1245
      0.3200
      0.6604
      1.1451
      1.8936
      3.1114
      4.5339
      5.2079
      5.6880
      4.7842
      2.8477
      1.2108
      0.4131
      0.2203
      0.2620
      0.3047
      0.2604
      0.1626
      0.0989
      0.1555
      0.4241
      0.9790
      1.8538
      3.2119
      5.3195
      7.7119
      8.8348
      3.3819
      2.8459
      1.7033
      0.7674
      0.4015
      0.4927
      0.7501
      0.8728
      0.7249
      0.4303
      0.2068
      0.1912
      0.4737
      1.1417
      2.2465
      3.9462
      6.4881
      9.3096
     10.6239
      1.4194
      1.1979
      0.7403
      0.4353
      0.5243
      1.0019
      1.5769
      1.7875
      1.4385
      0.8222
      0.3515
      0.2014
      0.3940
      0.9646
      1.9514
      3.4569
      5.6305
      7.9869
      9.0751
      0.4210
      0.3620
      0.2660
      0.3239
      0.7376
      1.5457
      2.3798
      2.6137
      2.0379
      1.1266
      0.4503
      0.1802
      0.2401
      0.5809
      1.2084
      2.1688
      3.5171
      4.9443
      5.5968
      0.0911
      0.0883
      0.1212
      0.3174
      0.8573
      1.7671
      2.6343
      2.8081
      2.1304
      1.1469
      0.4404
      0.1403
      0.1114
      0.2542
      0.5586
      1.0634
      1.7967
      2.5735
      2.9268
      0.0189
      0.0294
      0.0902
      0.2994
      0.8011
      1.6039
      2.3440
      2.4701
      1.8640
      1.0028
      0.3841
      0.1102
      0.0486
      0.1004
      0.2822
      0.7054
      1.4500
      2.2935
      2.6829
      0.0082
      0.0199
      0.0774
      0.2594
      0.6895
      1.3966
      2.0953
      2.2881
      1.8004
      1.0144
      0.4074
      0.1179
      0.0369
      0.0784
      0.3257
      1.0503
      2.4534
      4.0938
      4.8573
      0.0066
      0.0168
      0.0672
      0.2319
      0.6479
      1.3910
      2.2110
      2.5487
      2.1080
      1.2431
      0.5203
      0.1553
      0.0471
      0.1078
      0.4952
      1.6698
      3.9736
      6.6786
      7.9392
      0.0061
      0.0156
      0.0631
      0.2249
      0.6510
      1.4418
      2.3501
      2.7639
      2.3233
      1.3885
      0.5876
      0.1770
      0.0540
      0.1259
      0.5837
      1.9760
      4.7096
      7.9208
      9.4176
