      0.0034
      0.0082
      0.0201
      0.0273
      0.0200
      0.0080
      0.0019
      0.0005
      0.0004
      0.0007
      0.0015
      0.0020
      0.0014
      0.0006
      0.0001
      0.0000
      0.0000
      0.0000
      0.0000
      0.0048
      0.0104
      0.0232
      0.0287
      0.0193
      0.0072
      0.0016
      0.0004
      0.0003
      0.0006
      0.0013
      0.0019
      0.0015
      0.0007
      0.0002
      0.0000
      0.0000
      0.0000
      0.0000
      0.0063
      0.0121
      0.0230
      0.0246
      0.0143
      0.0046
      0.0009
      0.0002
      0.0001
      0.0003
      0.0011
      0.0022
      0.0026
      0.0018
      0.0007
      0.0002
      0.0000
      0.0000
      0.0000
      0.0049
      0.0082
      0.0135
      0.0127
      0.0064
      0.0018
      0.0003
      0.0000
      0.0001
      0.0004
      0.0025
      0.0079
      0.0138
      0.0132
      0.0069
      0.0019
      0.0003
      0.0000
      0.0000
      0.0056
      0.0056
      0.0054
      0.0038
      0.0016
      0.0004
      0.0001
      0.0000
      0.0001
      0.0014
      0.0094
      0.0344
      0.0682
      0.0730
      0.0422
      0.0132
      0.0022
      0.0002
      0.0000
      0.0601
      0.0444
      0.0181
      0.0042
      0.0006
      0.0001
      0.0001
      0.0001
      0.0003
      0.0029
      0.0215
      0.0869
      0.1889
      0.2218
      0.1407
      0.0481
      0.0089
      0.0010
      0.0002
      0.5237
      0.3849
      0.1527
      0.0326
      0.0037
      0.0003
      0.0002
      0.0003
      0.0005
      0.0034
      0.0268
      0.1187
      0.2830
      0.3639
      0.2530
      0.0955
      0.0210
      0.0057
      0.0049
      2.4563
      1.8053
      0.7159
      0.1526
      0.0174
      0.0012
      0.0003
      0.0004
      0.0004
      0.0021
      0.0181
      0.0877
      0.2291
      0.3232
      0.2483
      0.1105
      0.0500
      0.0611
      0.0768
      6.1945
      4.5527
      1.8053
      0.3849
      0.0439
      0.0028
      0.0004
      0.0003
      0.0003
      0.0007
      0.0066
      0.0351
      0.1011
      0.1596
      0.1476
      0.1260
      0.2366
      0.5019
      0.6635
      8.4284
      6.1945
      2.4563
      0.5236
      0.0597
      0.0038
      0.0006
      0.0007
      0.0005
      0.0003
      0.0014
      0.0081
      0.0283
      0.0611
      0.1098
      0.2967
      0.9935
      2.3064
      3.0851
      6.1945
      4.5527
      1.8053
      0.3850
      0.0444
      0.0049
      0.0053
      0.0071
      0.0054
      0.0022
      0.0007
      0.0023
      0.0141
      0.0558
      0.1761
      0.6596
      2.4187
      5.7503
      7.7330
      2.4563
      1.8053
      0.7162
      0.1544
      0.0245
      0.0212
      0.0398
      0.0486
      0.0339
      0.0130
      0.0028
      0.0021
      0.0144
      0.0674
      0.2293
      0.8737
      3.2412
      7.7708
     10.4772
      0.5237
      0.3853
      0.1566
      0.0530
      0.0651
      0.1238
      0.1820
      0.1861
      0.1172
      0.0419
      0.0083
      0.0020
      0.0099
      0.0493
      0.1723
      0.6460
      2.3724
      5.6908
      7.6793
      0.0601
      0.0473
      0.0465
      0.1365
      0.3399
      0.5236
      0.5513
      0.4290
      0.2299
      0.0749
      0.0137
      0.0018
      0.0038
      0.0197
      0.0715
      0.2633
      0.9479
      2.2633
      3.0530
      0.0056
      0.0172
      0.1149
      0.4789
      1.1031
      1.4502
      1.1952
      0.7122
      0.3219
      0.0982
      0.0178
      0.0019
      0.0009
      0.0044
      0.0176
      0.0713
      0.2651
      0.6368
      0.8599
      0.0049
      0.0331
      0.2405
      0.9435
      2.0293
      2.5174
      2.0701
      1.3872
      0.7581
      0.2750
      0.0575
      0.0066
      0.0005
      0.0013
      0.0151
      0.1225
      0.5658
      1.4226
      1.9347
      0.0063
      0.0406
      0.2762
      1.0239
      2.1704
      3.0740
      3.7606
      3.9593
      2.7766
      1.1146
      0.2441
      0.0287
      0.0019
      0.0038
      0.0619
      0.5428
      2.5454
      6.4188
      8.7334
      0.0048
      0.0286
      0.1821
      0.6605
      1.6071
      3.5279
      6.9341
      9.0952
      6.8031
      2.7783
      0.6117
      0.0720
      0.0048
      0.0096
      0.1558
      1.3677
      6.4155
     16.1790
     22.0135
      0.0034
      0.0191
      0.1167
      0.4326
      1.2966
      3.8822
      8.9197
     12.2147
      9.2271
      3.7766
      0.8319
      0.0980
      0.0065
      0.0130
      0.2120
      1.8609
      8.7290
     22.0134
     29.9520
