      0.0450
      0.0593
      0.0888
      0.1045
      0.0909
      0.0624
      0.0418
      0.0369
      0.0474
      0.0750
      0.1106
      0.1266
      0.1053
      0.0625
      0.0263
      0.0078
      0.0016
      0.0003
      0.0001
      0.0477
      0.0611
      0.0877
      0.0995
      0.0838
      0.0557
      0.0361
      0.0313
      0.0407
      0.0663
      0.1011
      0.1203
      0.1050
      0.0661
      0.0298
      0.0097
      0.0023
      0.0004
      0.0001
      0.0506
      0.0608
      0.0791
      0.0823
      0.0640
      0.0392
      0.0233
      0.0193
      0.0266
      0.0484
      0.0836
      0.1140
      0.1160
      0.0867
      0.0473
      0.0188
      0.0054
      0.0011
      0.0003
      0.0572
      0.0607
      0.0643
      0.0570
      0.0392
      0.0215
      0.0115
      0.0096
      0.0162
      0.0387
      0.0851
      0.1451
      0.1824
      0.1665
      0.1094
      0.0515
      0.0173
      0.0043
      0.0015
      0.1418
      0.1256
      0.0883
      0.0507
      0.0245
      0.0106
      0.0056
      0.0062
      0.0148
      0.0462
      0.1242
      0.2481
      0.3559
      0.3638
      0.2643
      0.1364
      0.0502
      0.0140
      0.0058
      0.5782
      0.4885
      0.2952
      0.1284
      0.0412
      0.0115
      0.0059
      0.0080
      0.0190
      0.0617
      0.1799
      0.3883
      0.5979
      0.6531
      0.5062
      0.2799
      0.1141
      0.0408
      0.0237
      1.9270
      1.6212
      0.9650
      0.4061
      0.1216
      0.0288
      0.0109
      0.0117
      0.0218
      0.0662
      0.2004
      0.4575
      0.7458
      0.8636
      0.7146
      0.4340
      0.2177
      0.1259
      0.1073
      4.5869
      3.8578
      2.2938
      0.9628
      0.2862
      0.0644
      0.0185
      0.0143
      0.0199
      0.0523
      0.1619
      0.3907
      0.6779
      0.8442
      0.7733
      0.5717
      0.4377
      0.4290
      0.4491
      7.7141
      6.4879
      3.8573
      1.6189
      0.4808
      0.1073
      0.0289
      0.0194
      0.0195
      0.0341
      0.0981
      0.2517
      0.4807
      0.6835
      0.7740
      0.8274
      1.0088
      1.3041
      1.4582
      9.1721
      7.7141
      4.5867
      1.9266
      0.5778
      0.1421
      0.0593
      0.0533
      0.0463
      0.0383
      0.0588
      0.1493
      0.3391
      0.6125
      0.9403
      1.4025
      2.1480
      3.0213
      3.4351
      7.7141
      6.4883
      3.8602
      1.6311
      0.5194
      0.1958
      0.1757
      0.1937
      0.1639
      0.1035
      0.0691
      0.1186
      0.3112
      0.6904
      1.2762
      2.1729
      3.5370
      5.0603
      5.7695
      4.5869
      3.8597
      2.3062
      1.0115
      0.4273
      0.3683
      0.4981
      0.5606
      0.4589
      0.2707
      0.1308
      0.1240
      0.3076
      0.7404
      1.4633
      2.5811
      4.2356
      6.0483
      6.8867
      1.9270
      1.6279
      1.0047
      0.5463
      0.4886
      0.7563
      1.0880
      1.1794
      0.9269
      0.5232
      0.2222
      0.1269
      0.2485
      0.6111
      1.2460
      2.2244
      3.6340
      5.1505
      5.8475
      0.5782
      0.5061
      0.3919
      0.4364
      0.7629
      1.3097
      1.7874
      1.8331
      1.3780
      0.7481
      0.2964
      0.1166
      0.1510
      0.3652
      0.7646
      1.3825
      2.2525
      3.1709
      3.5897
      0.1418
      0.1595
      0.2663
      0.5745
      1.1403
      1.8444
      2.3496
      2.2932
      1.6692
      0.8871
      0.3414
      0.1066
      0.0735
      0.1599
      0.3524
      0.6761
      1.1491
      1.6507
      1.8787
      0.0572
      0.1089
      0.3110
      0.7553
      1.4636
      2.2865
      2.8707
      2.8210
      2.0979
      1.1485
      0.4549
      0.1324
      0.0437
      0.0654
      0.1808
      0.4555
      0.9412
      1.4922
      1.7467
      0.0506
      0.1117
      0.3413
      0.8384
      1.6723
      2.7749
      3.7627
      3.9866
      3.1641
      1.8298
      0.7586
      0.2243
      0.0549
      0.0555
      0.2132
      0.6878
      1.6081
      2.6843
      3.1853
      0.0477
      0.1045
      0.3208
      0.8233
      1.7972
      3.3255
      4.9491
      5.5974
      4.6377
      2.7604
      1.1680
      0.3498
      0.0830
      0.0783
      0.3257
      1.0960
      2.6081
      4.3838
      5.2114
      0.0450
      0.0977
      0.3018
      0.8009
      1.8447
      3.5934
      5.5419
      6.4015
      5.3681
      3.2182
      1.3679
      0.4109
      0.0974
      0.0917
      0.3840
      1.2972
      3.0917
      5.1997
      6.1823
