      0.3566
      0.3556
      0.3487
      0.3280
      0.2907
      0.2434
      0.1990
      0.1690
      0.1579
      0.1623
      0.1725
      0.1769
      0.1673
      0.1423
      0.1087
      0.0761
      0.0519
      0.0383
      0.0340
      0.3643
      0.3614
      0.3495
      0.3235
      0.2831
      0.2359
      0.1947
      0.1702
      0.1662
      0.1790
      0.1983
      0.2109
      0.2058
      0.1801
      0.1405
      0.0990
      0.0659
      0.0461
      0.0396
      0.4136
      0.4033
      0.3731
      0.3269
      0.2730
      0.2233
      0.1896
      0.1795
      0.1947
      0.2306
      0.2756
      0.3120
      0.3216
      0.2952
      0.2390
      0.1712
      0.1115
      0.0727
      0.0596
      0.5858
      0.5579
      0.4840
      0.3878
      0.2970
      0.2320
      0.2025
      0.2091
      0.2487
      0.3154
      0.3972
      0.4706
      0.5061
      0.4831
      0.4047
      0.2972
      0.1953
      0.1257
      0.1013
      1.0091
      0.9457
      0.7820
      0.5806
      0.4056
      0.2943
      0.2519
      0.2661
      0.3239
      0.4178
      0.5369
      0.6536
      0.7252
      0.7150
      0.6184
      0.4687
      0.3178
      0.2106
      0.1724
      1.8054
      1.6806
      1.3606
      0.9723
      0.6408
      0.4313
      0.3431
      0.3426
      0.4003
      0.5050
      0.6489
      0.8038
      0.9156
      0.9307
      0.8324
      0.6555
      0.4659
      0.3265
      0.2760
      2.9813
      2.7690
      2.2249
      1.5654
      1.0000
      0.6338
      0.4594
      0.4153
      0.4490
      0.5413
      0.6876
      0.8628
      1.0085
      1.0589
      0.9841
      0.8130
      0.6158
      0.4656
      0.4102
      4.3256
      4.0146
      3.2167
      2.2474
      1.4097
      0.8535
      0.5661
      0.4572
      0.4485
      0.5090
      0.6344
      0.8056
      0.9687
      1.0561
      1.0292
      0.9050
      0.7443
      0.6161
      0.5680
      5.4247
      5.0334
      4.0286
      2.8042
      1.7385
      1.0177
      0.6268
      0.4540
      0.4001
      0.4215
      0.5113
      0.6567
      0.8164
      0.9328
      0.9667
      0.9217
      0.8375
      0.7636
      0.7350
      5.8520
      5.4299
      4.3453
      3.0209
      1.8620
      1.0686
      0.6256
      0.4150
      0.3290
      0.3164
      0.3670
      0.4742
      0.6128
      0.7433
      0.8343
      0.8783
      0.8896
      0.8878
      0.8859
      5.4247
      5.0357
      4.0357
      2.8139
      1.7422
      1.0033
      0.5830
      0.3729
      0.2735
      0.2358
      0.2499
      0.3152
      0.4222
      0.5510
      0.6815
      0.8006
      0.8995
      0.9673
      0.9917
      4.3256
      4.0215
      3.2411
      2.2900
      1.4581
      0.8841
      0.5520
      0.3739
      0.2724
      0.2121
      0.1900
      0.2130
      0.2840
      0.3988
      0.5483
      0.7177
      0.8813
      1.0031
      1.0486
      2.9813
      2.7847
      2.2833
      1.6797
      1.1614
      0.8091
      0.5994
      0.4663
      0.3600
      0.2675
      0.2004
      0.1771
      0.2106
      0.3075
      0.4665
      0.6722
      0.8871
      1.0537
      1.1169
      1.8054
      1.7095
      1.4711
      1.2004
      0.9902
      0.8634
      0.7812
      0.6906
      0.5660
      0.4205
      0.2892
      0.2080
      0.2026
      0.2883
      0.4697
      0.7298
      1.0159
      1.2438
      1.3313
      1.0091
      0.9907
      0.9577
      0.9549
      1.0048
      1.0806
      1.1198
      1.0662
      0.9080
      0.6842
      0.4618
      0.3048
      0.2580
      0.3495
      0.5902
      0.9580
      1.3748
      1.7121
      1.8424
      0.5858
      0.6196
      0.7286
      0.9210
      1.1761
      1.4285
      1.5844
      1.5680
      1.3675
      1.0457
      0.7082
      0.4577
      0.3680
      0.4857
      0.8311
      1.3732
      1.9956
      2.5024
      2.6988
      0.4136
      0.4795
      0.6788
      1.0047
      1.4151
      1.8162
      2.0809
      2.1038
      1.8632
      1.4408
      0.9825
      0.6345
      0.5044
      0.6614
      1.1370
      1.8902
      2.7585
      3.4672
      3.7422
      0.3643
      0.4474
      0.6973
      1.1034
      1.6151
      2.1216
      2.4688
      2.5248
      2.2559
      1.7565
      1.2038
      0.7793
      0.6192
      0.8118
      1.3982
      2.3292
      3.4037
      4.2814
      4.6221
      0.3566
      0.4452
      0.7115
      1.1447
      1.6924
      2.2376
      2.6163
      2.6855
      2.4066
      1.8781
      1.2893
      0.8356
      0.6643
      0.8712
      1.5015
      2.5023
      3.6579
      4.6019
      4.9684
