      0.0244
      0.0318
      0.0471
      0.0554
      0.0493
      0.0366
      0.0292
      0.0312
      0.0453
      0.0762
      0.1146
      0.1318
      0.1098
      0.0652
      0.0274
      0.0081
      0.0017
      0.0003
      0.0001
      0.0257
      0.0327
      0.0466
      0.0529
      0.0455
      0.0326
      0.0251
      0.0265
      0.0390
      0.0673
      0.1045
      0.1248
      0.1088
      0.0683
      0.0307
      0.0099
      0.0023
      0.0004
      0.0001
      0.0274
      0.0328
      0.0423
      0.0440
      0.0349
      0.0229
      0.0161
      0.0165
      0.0257
      0.0490
      0.0852
      0.1157
      0.1168
      0.0866
      0.0468
      0.0185
      0.0053
      0.0011
      0.0003
      0.0333
      0.0347
      0.0358
      0.0313
      0.0217
      0.0128
      0.0085
      0.0092
      0.0168
      0.0390
      0.0838
      0.1411
      0.1758
      0.1593
      0.1041
      0.0488
      0.0164
      0.0040
      0.0014
      0.0932
      0.0818
      0.0562
      0.0312
      0.0149
      0.0075
      0.0064
      0.0092
      0.0182
      0.0472
      0.1194
      0.2348
      0.3352
      0.3418
      0.2480
      0.1277
      0.0469
      0.0130
      0.0053
      0.3919
      0.3309
      0.1994
      0.0865
      0.0286
      0.0110
      0.0112
      0.0164
      0.0271
      0.0647
      0.1721
      0.3650
      0.5600
      0.6111
      0.4732
      0.2611
      0.1056
      0.0369
      0.0209
      1.3098
      1.1019
      0.6559
      0.2766
      0.0852
      0.0266
      0.0209
      0.0264
      0.0350
      0.0717
      0.1921
      0.4295
      0.6979
      0.8075
      0.6668
      0.4023
      0.1976
      0.1098
      0.0918
      3.1184
      2.6228
      1.5597
      0.6558
      0.1988
      0.0543
      0.0308
      0.0322
      0.0350
      0.0589
      0.1559
      0.3672
      0.6354
      0.7902
      0.7203
      0.5229
      0.3855
      0.3667
      0.3812
      5.2446
      4.4110
      2.6228
      1.1023
      0.3322
      0.0849
      0.0387
      0.0349
      0.0318
      0.0395
      0.0953
      0.2382
      0.4547
      0.6461
      0.7231
      0.7477
      0.8763
      1.1128
      1.2403
      6.2358
      5.2447
      3.1189
      1.3120
      0.3996
      0.1119
      0.0647
      0.0642
      0.0548
      0.0424
      0.0587
      0.1452
      0.3307
      0.5952
      0.8927
      1.2733
      1.8745
      2.5914
      2.9353
      5.2446
      4.4113
      2.6253
      1.1133
      0.3682
      0.1692
      0.1803
      0.2044
      0.1732
      0.1089
      0.0715
      0.1204
      0.3148
      0.6898
      1.2340
      1.9985
      3.1173
      4.3687
      4.9553
      3.1184
      2.6243
      1.5698
      0.6987
      0.3305
      0.3485
      0.5049
      0.5784
      0.4768
      0.2821
      0.1364
      0.1286
      0.3167
      0.7500
      1.4329
      2.4040
      3.7713
      5.2575
      5.9471
      1.3098
      1.1065
      0.6856
      0.3918
      0.4133
      0.7171
      1.0814
      1.2000
      0.9549
      0.5426
      0.2313
      0.1322
      0.2573
      0.6232
      1.2314
      2.0968
      3.2743
      4.5211
      5.0940
      0.3919
      0.3419
      0.2652
      0.3181
      0.6293
      1.1852
      1.7169
      1.8252
      1.4000
      0.7682
      0.3060
      0.1210
      0.1568
      0.3751
      0.7672
      1.3392
      2.1079
      2.9058
      3.2688
      0.0932
      0.1020
      0.1685
      0.3931
      0.8726
      1.5645
      2.1523
      2.2063
      1.6510
      0.8898
      0.3446
      0.1084
      0.0769
      0.1715
      0.3896
      0.7787
      1.3735
      2.0165
      2.3104
      0.0333
      0.0625
      0.1853
      0.4909
      1.0634
      1.8528
      2.5290
      2.6177
      2.0005
      1.1085
      0.4408
      0.1289
      0.0473
      0.0931
      0.3098
      0.8859
      1.9609
      3.2033
      3.7799
      0.0274
      0.0621
      0.2022
      0.5481
      1.2323
      2.2765
      3.3190
      3.6575
      2.9564
      1.7221
      0.7155
      0.2125
      0.0615
      0.1188
      0.5208
      1.7295
      4.0905
      6.8590
      8.1487
      0.0257
      0.0587
      0.1962
      0.5678
      1.4044
      2.8470
      4.4574
      5.1623
      4.3201
      2.5812
      1.0936
      0.3292
      0.0937
      0.1845
      0.8430
      2.8503
      6.7909
     11.4193
     13.5766
      0.0244
      0.0555
      0.1891
      0.5717
      1.4874
      3.1372
      5.0372
      5.9223
      5.0020
      3.0069
      1.2795
      0.3863
      0.1101
      0.2178
      0.9991
      3.3833
      8.0656
     13.5662
     16.1302
