      0.0000
      0.0000
      0.0000
      0.0000
      0.0000
      0.0000
      0.0000
      0.0000
      0.0000
      0.0000
      0.0000
      0.0000
      0.0000
      0.0000
      0.0000
      0.0000
      0.0000
      0.0000
      0.0000
      0.0000
      0.0000
      0.0000
      0.0000
      0.0000
      0.0000
      0.0000
      0.0000
      0.0000
      0.0000
      0.0000
      0.0000
      0.0000
      0.0000
      0.0000
      0.0000
      0.0000
      0.0000
      0.0000
      0.0000
      0.0000
      0.0000
      0.0000
      0.0000
      0.0000
      0.0000
      0.0000
      0.0000
      0.0000
      0.0000
      0.0000
      0.0000
      0.0000
      0.0000
      0.0000
      0.0000
      0.0000
      0.0000
      0.0000
      0.0000
      0.0000
      0.0000
      0.0000
      0.0000
      0.0000
      0.0000
      0.0000
      0.0000
      0.0000
      0.0000
      0.0000
      0.0000
      0.0000
      0.0000
      0.0000
      0.0000
      0.0000
      0.0000
      0.0000
      0.0000
      0.0000
      0.0000
      0.0000
      0.0000
      0.0000
      0.0000
      0.0000
      0.0000
      0.0001
      0.0006
      0.0007
      0.0002
      0.0000
      0.0000
      0.0000
      0.0000
      0.0015
      0.0007
      0.0001
      0.0000
      0.0000
      0.0000
      0.0000
      0.0000
      0.0000
      0.0000
      0.0000
      0.0010
      0.0058
      0.0083
      0.0030
      0.0003
      0.0000
      0.0000
      0.0000
      0.1955
      0.0977
      0.0122
      0.0004
      0.0000
      0.0000
      0.0000
      0.0000
      0.0000
      0.0000
      0.0001
      0.0020
      0.0143
      0.0252
      0.0111
      0.0012
      0.0000
      0.0000
      0.0000
      6.3384
      3.1692
      0.3951
      0.0122
      0.0001
      0.0000
      0.0000
      0.0000
      0.0000
      0.0000
      0.0000
      0.0010
      0.0089
      0.0192
      0.0104
      0.0014
      0.0001
      0.0001
      0.0002
     50.8418
     25.4209
      3.1692
      0.0977
      0.0007
      0.0000
      0.0000
      0.0000
      0.0000
      0.0000
      0.0000
      0.0001
      0.0014
      0.0037
      0.0026
      0.0006
      0.0018
      0.0136
      0.0273
    101.6835
     50.8418
      6.3384
      0.1955
      0.0015
      0.0000
      0.0000
      0.0000
      0.0000
      0.0000
      0.0000
      0.0000
      0.0001
      0.0015
      0.0068
      0.0100
      0.0577
      0.4422
      0.8839
     50.8418
     25.4209
      3.1692
      0.0977
      0.0007
      0.0000
      0.0001
      0.0002
      0.0001
      0.0000
      0.0000
      0.0000
      0.0005
      0.0111
      0.0647
      0.1073
      0.4759
      3.5482
      7.0903
      6.3384
      3.1692
      0.3951
      0.0122
      0.0001
      0.0009
      0.0067
      0.0128
      0.0061
      0.0007
      0.0000
      0.0000
      0.0008
      0.0232
      0.1572
      0.2926
      0.9961
      7.1020
     14.1810
      0.1955
      0.0977
      0.0122
      0.0004
      0.0007
      0.0197
      0.1326
      0.2226
      0.0934
      0.0098
      0.0003
      0.0000
      0.0004
      0.0121
      0.0955
      0.2016
      0.5345
      3.5565
      7.0909
      0.0015
      0.0007
      0.0001
      0.0001
      0.0046
      0.1095
      0.6503
      0.9641
      0.3573
      0.0330
      0.0008
      0.0000
      0.0000
      0.0016
      0.0145
      0.0349
      0.0742
      0.4447
      0.8841
      0.0000
      0.0000
      0.0000
      0.0002
      0.0078
      0.1528
      0.7973
      1.0443
      0.3421
      0.0279
      0.0006
      0.0000
      0.0000
      0.0001
      0.0005
      0.0015
      0.0028
      0.0149
      0.0295
      0.0000
      0.0000
      0.0000
      0.0005
      0.0055
      0.0629
      0.3053
      0.4123
      0.1516
      0.0153
      0.0004
      0.0000
      0.0000
      0.0000
      0.0000
      0.0006
      0.0188
      0.1510
      0.3019
      0.0000
      0.0000
      0.0000
      0.0006
      0.0093
      0.2344
      1.9795
      4.2376
      2.2746
      0.3049
      0.0101
      0.0001
      0.0000
      0.0000
      0.0001
      0.0188
      0.6098
      4.8916
      9.7832
      0.0000
      0.0000
      0.0000
      0.0005
      0.0528
      1.8217
     15.7231
     33.8381
     18.2061
      2.4431
      0.0811
      0.0007
      0.0000
      0.0000
      0.0011
      0.1508
      4.8916
     39.2365
     78.4731
      0.0000
      0.0000
      0.0000
      0.0008
      0.1044
      3.6421
     31.4452
     67.6756
     36.4121
      4.8862
      0.1623
      0.0013
      0.0000
      0.0000
      0.0023
      0.3017
      9.7832
     78.4731
    156.9461
