      0.0005
      0.0013
      0.0031
      0.0043
      0.0032
      0.0014
      0.0007
      0.0007
      0.0012
      0.0039
      0.0093
      0.0125
      0.0091
      0.0035
      0.0007
      0.0001
      0.0000
      0.0000
      0.0000
      0.0008
      0.0016
      0.0036
      0.0045
      0.0031
      0.0012
      0.0005
      0.0005
      0.0010
      0.0032
      0.0082
      0.0119
      0.0094
      0.0041
      0.0010
      0.0001
      0.0000
      0.0000
      0.0000
      0.0010
      0.0019
      0.0036
      0.0039
      0.0023
      0.0008
      0.0003
      0.0002
      0.0004
      0.0018
      0.0054
      0.0093
      0.0092
      0.0051
      0.0017
      0.0003
      0.0000
      0.0000
      0.0000
      0.0009
      0.0014
      0.0022
      0.0020
      0.0010
      0.0003
      0.0001
      0.0001
      0.0001
      0.0009
      0.0041
      0.0112
      0.0175
      0.0156
      0.0077
      0.0021
      0.0003
      0.0000
      0.0000
      0.0037
      0.0029
      0.0017
      0.0008
      0.0003
      0.0001
      0.0000
      0.0000
      0.0002
      0.0015
      0.0100
      0.0364
      0.0715
      0.0762
      0.0439
      0.0137
      0.0023
      0.0002
      0.0000
      0.0555
      0.0408
      0.0163
      0.0035
      0.0004
      0.0000
      0.0001
      0.0001
      0.0003
      0.0030
      0.0223
      0.0901
      0.1958
      0.2299
      0.1458
      0.0499
      0.0092
      0.0011
      0.0004
      0.4864
      0.3575
      0.1417
      0.0302
      0.0035
      0.0003
      0.0002
      0.0003
      0.0005
      0.0035
      0.0278
      0.1230
      0.2932
      0.3771
      0.2622
      0.0990
      0.0226
      0.0089
      0.0094
      2.2814
      1.6767
      0.6649
      0.1417
      0.0162
      0.0011
      0.0004
      0.0005
      0.0005
      0.0022
      0.0187
      0.0910
      0.2379
      0.3366
      0.2599
      0.1187
      0.0703
      0.1152
      0.1523
      5.7533
      4.2284
      1.6767
      0.3574
      0.0408
      0.0026
      0.0005
      0.0005
      0.0004
      0.0008
      0.0069
      0.0372
      0.1100
      0.1832
      0.1869
      0.1901
      0.4310
      0.9893
      1.3335
      7.8281
      5.7533
      2.2814
      0.4864
      0.0556
      0.0043
      0.0026
      0.0037
      0.0030
      0.0014
      0.0019
      0.0118
      0.0530
      0.1525
      0.3053
      0.6572
      1.9785
      4.6381
      6.2547
      5.7533
      4.2284
      1.6767
      0.3577
      0.0433
      0.0147
      0.0318
      0.0446
      0.0339
      0.0139
      0.0038
      0.0103
      0.0718
      0.2911
      0.7281
      1.7072
      5.0556
     11.7249
     15.7832
      2.2814
      1.6767
      0.6650
      0.1443
      0.0364
      0.0921
      0.2231
      0.2962
      0.2127
      0.0825
      0.0179
      0.0129
      0.0893
      0.3954
      1.0560
      2.4751
      7.0215
     16.0171
     21.5013
      0.4864
      0.3575
      0.1430
      0.0434
      0.0938
      0.3696
      0.8449
      1.0568
      0.7171
      0.2628
      0.0522
      0.0126
      0.0625
      0.2955
      0.8350
      1.9561
      5.2980
     11.8404
     15.8347
      0.0555
      0.0413
      0.0224
      0.0481
      0.2366
      0.8329
      1.7441
      2.0426
      1.3076
      0.4531
      0.0846
      0.0109
      0.0239
      0.1193
      0.3571
      0.8410
      2.1747
      4.7435
      6.3126
      0.0037
      0.0048
      0.0211
      0.1064
      0.4004
      1.1145
      2.0514
      2.2283
      1.3508
      0.4469
      0.0799
      0.0081
      0.0051
      0.0260
      0.0839
      0.2104
      0.5522
      1.1982
      1.5910
      0.0009
      0.0053
      0.0396
      0.1733
      0.5025
      1.1165
      1.8658
      2.0220
      1.2801
      0.4537
      0.0885
      0.0095
      0.0011
      0.0039
      0.0252
      0.1566
      0.6775
      1.6812
      2.2817
      0.0010
      0.0064
      0.0450
      0.1877
      0.5674
      1.5127
      3.1424
      4.0745
      2.9841
      1.1972
      0.2601
      0.0303
      0.0020
      0.0045
      0.0713
      0.6215
      2.9114
      7.3402
      9.9867
      0.0008
      0.0046
      0.0315
      0.1537
      0.7034
      2.7270
      6.7245
      9.3241
      7.0500
      2.8832
      0.6346
      0.0747
      0.0050
      0.0109
      0.1781
      1.5633
      7.3330
     18.4929
     25.1618
      0.0005
      0.0031
      0.0222
      0.1343
      0.8061
      3.5280
      8.9999
     12.5950
      9.5533
      3.9128
      0.8619
      0.1015
      0.0068
      0.0148
      0.2423
      2.1270
      9.9773
     25.1615
     34.2354
