      0.0285
      0.0377
      0.0567
      0.0671
      0.0597
      0.0439
      0.0339
      0.0337
      0.0433
      0.0662
      0.0956
      0.1086
      0.0901
      0.0533
      0.0223
      0.0066
      0.0014
      0.0002
      0.0001
      0.0303
      0.0389
      0.0561
      0.0640
      0.0550
      0.0391
      0.0292
      0.0285
      0.0371
      0.0581
      0.0866
      0.1019
      0.0881
      0.0548
      0.0244
      0.0077
      0.0018
      0.0003
      0.0001
      0.0332
      0.0397
      0.0511
      0.0532
      0.0420
      0.0273
      0.0187
      0.0177
      0.0240
      0.0410
      0.0677
      0.0893
      0.0880
      0.0635
      0.0334
      0.0128
      0.0035
      0.0007
      0.0002
      0.0461
      0.0468
      0.0460
      0.0388
      0.0264
      0.0152
      0.0097
      0.0094
      0.0145
      0.0294
      0.0588
      0.0949
      0.1148
      0.1016
      0.0651
      0.0300
      0.0099
      0.0024
      0.0008
      0.1562
      0.1355
      0.0894
      0.0465
      0.0204
      0.0092
      0.0068
      0.0087
      0.0144
      0.0316
      0.0742
      0.1421
      0.2003
      0.2027
      0.1463
      0.0752
      0.0278
      0.0081
      0.0037
      0.6864
      0.5788
      0.3472
      0.1489
      0.0472
      0.0149
      0.0115
      0.0155
      0.0218
      0.0423
      0.1029
      0.2138
      0.3265
      0.3558
      0.2759
      0.1536
      0.0649
      0.0268
      0.0183
      2.3055
      1.9394
      1.1539
      0.4855
      0.1468
      0.0392
      0.0223
      0.0253
      0.0295
      0.0477
      0.1143
      0.2502
      0.4057
      0.4708
      0.3928
      0.2464
      0.1392
      0.1010
      0.0963
      5.4920
      4.6191
      2.7465
      1.1535
      0.3455
      0.0842
      0.0344
      0.0313
      0.0306
      0.0405
      0.0934
      0.2152
      0.3736
      0.4714
      0.4473
      0.3654
      0.3406
      0.3915
      0.4285
      9.2371
      7.7688
      4.6191
      1.9394
      0.5787
      0.1350
      0.0444
      0.0334
      0.0282
      0.0287
      0.0587
      0.1443
      0.2817
      0.4195
      0.5181
      0.6405
      0.9002
      1.2478
      1.4192
     10.9829
      9.2371
      5.4923
      2.3071
      0.6916
      0.1685
      0.0665
      0.0563
      0.0466
      0.0337
      0.0405
      0.0980
      0.2333
      0.4499
      0.7501
      1.2274
      2.0166
      2.9342
      3.3665
      9.2371
      7.7691
      4.6212
      1.9488
      0.6087
      0.2041
      0.1596
      0.1709
      0.1437
      0.0896
      0.0568
      0.0931
      0.2500
      0.5735
      1.1057
      1.9825
      3.3716
      4.9397
      5.6709
      5.4920
      4.6205
      2.7559
      1.1915
      0.4583
      0.3310
      0.4270
      0.4805
      0.3945
      0.2330
      0.1122
      0.1050
      0.2618
      0.6396
      1.2985
      2.3827
      4.0567
      5.9168
      6.7796
      2.3055
      1.9442
      1.1829
      0.5923
      0.4371
      0.6307
      0.9127
      0.9994
      0.7904
      0.4477
      0.1905
      0.1090
      0.2144
      0.5334
      1.1139
      2.0630
      3.4920
      5.0545
      5.7752
      0.6864
      0.5907
      0.4151
      0.3741
      0.5981
      1.0427
      1.4580
      1.5195
      1.1523
      0.6282
      0.2493
      0.0988
      0.1306
      0.3212
      0.6920
      1.3067
      2.2202
      3.2054
      3.6569
      0.1562
      0.1580
      0.2099
      0.4121
      0.8285
      1.3842
      1.8093
      1.7914
      1.3102
      0.6953
      0.2663
      0.0839
      0.0631
      0.1480
      0.3545
      0.7556
      1.4036
      2.1186
      2.4470
      0.0461
      0.0782
      0.2080
      0.5043
      0.9920
      1.5711
      1.9822
      1.9389
      1.4255
      0.7687
      0.2996
      0.0870
      0.0360
      0.0842
      0.2945
      0.8633
      1.9339
      3.1746
      3.7509
      0.0332
      0.0721
      0.2184
      0.5337
      1.0539
      1.7206
      2.2889
      2.3810
      1.8601
      1.0615
      0.4353
      0.1288
      0.0432
      0.1127
      0.5074
      1.6909
      4.0043
      6.7178
      7.9821
      0.0303
      0.0661
      0.2004
      0.5031
      1.0662
      1.9180
      2.7964
      3.1217
      2.5653
      1.5187
      0.6402
      0.1931
      0.0645
      0.1763
      0.8240
      2.7881
      6.6436
     11.1722
     13.2830
      0.0285
      0.0615
      0.1863
      0.4802
      1.0686
      2.0250
      3.0705
      3.5140
      2.9319
      1.7525
      0.7437
      0.2253
      0.0756
      0.2084
      0.9769
      3.3097
      7.8904
     13.2716
     15.7799
