      0.0015
      0.0035
      0.0087
      0.0118
      0.0087
      0.0035
      0.0009
      0.0005
      0.0011
      0.0040
      0.0098
      0.0131
      0.0095
      0.0037
      0.0008
      0.0001
      0.0000
      0.0000
      0.0000
      0.0021
      0.0045
      0.0100
      0.0124
      0.0084
      0.0031
      0.0008
      0.0003
      0.0008
      0.0033
      0.0086
      0.0125
      0.0099
      0.0043
      0.0010
      0.0001
      0.0000
      0.0000
      0.0000
      0.0028
      0.0052
      0.0100
      0.0107
      0.0062
      0.0020
      0.0004
      0.0001
      0.0004
      0.0018
      0.0055
      0.0094
      0.0090
      0.0048
      0.0014
      0.0002
      0.0000
      0.0000
      0.0000
      0.0026
      0.0039
      0.0060
      0.0055
      0.0028
      0.0008
      0.0001
      0.0000
      0.0001
      0.0008
      0.0032
      0.0080
      0.0116
      0.0096
      0.0046
      0.0012
      0.0002
      0.0000
      0.0000
      0.0162
      0.0126
      0.0064
      0.0025
      0.0008
      0.0002
      0.0000
      0.0000
      0.0001
      0.0009
      0.0057
      0.0204
      0.0397
      0.0421
      0.0242
      0.0075
      0.0013
      0.0001
      0.0000
      0.2543
      0.1870
      0.0744
      0.0160
      0.0019
      0.0001
      0.0000
      0.0001
      0.0002
      0.0017
      0.0123
      0.0494
      0.1074
      0.1260
      0.0799
      0.0273
      0.0051
      0.0006
      0.0002
      2.2304
      1.6392
      0.6500
      0.1386
      0.0158
      0.0010
      0.0001
      0.0002
      0.0003
      0.0019
      0.0152
      0.0674
      0.1606
      0.2066
      0.1438
      0.0545
      0.0125
      0.0046
      0.0046
     10.4622
      7.6892
      3.0490
      0.6500
      0.0741
      0.0045
      0.0003
      0.0003
      0.0003
      0.0012
      0.0103
      0.0499
      0.1307
      0.1858
      0.1452
      0.0681
      0.0387
      0.0573
      0.0741
     26.3843
     19.3913
      7.6892
      1.6392
      0.1868
      0.0114
      0.0006
      0.0004
      0.0003
      0.0005
      0.0038
      0.0209
      0.0635
      0.1122
      0.1261
      0.1281
      0.2326
      0.4873
      0.6466
     35.8991
     26.3843
     10.4622
      2.2304
      0.2543
      0.0163
      0.0031
      0.0038
      0.0031
      0.0014
      0.0014
      0.0085
      0.0435
      0.1389
      0.2815
      0.4742
      1.0612
      2.2757
      3.0259
     26.3843
     19.3913
      7.6893
      1.6395
      0.1895
      0.0242
      0.0337
      0.0469
      0.0356
      0.0146
      0.0040
      0.0104
      0.0739
      0.3002
      0.7045
      1.2533
      2.7273
      5.7503
      7.6278
     10.4622
      7.6893
      3.0493
      0.6530
      0.0965
      0.1018
      0.2359
      0.3119
      0.2237
      0.0867
      0.0188
      0.0135
      0.0936
      0.4108
      1.0269
      1.8550
      3.8417
      7.8740
     10.3929
      2.2304
      1.6394
      0.6524
      0.1574
      0.1237
      0.4072
      0.9016
      1.1162
      0.7549
      0.2764
      0.0549
      0.0132
      0.0656
      0.3070
      0.8154
      1.5027
      2.9594
      5.8503
      7.6647
      0.2543
      0.1883
      0.0883
      0.0973
      0.3330
      0.9825
      1.9067
      2.1728
      1.3781
      0.4761
      0.0888
      0.0114
      0.0251
      0.1239
      0.3503
      0.6631
      1.2472
      2.3635
      3.0659
      0.0162
      0.0177
      0.0560
      0.2393
      0.7034
      1.5046
      2.3503
      2.3771
      1.4009
      0.4573
      0.0810
      0.0082
      0.0054
      0.0270
      0.0821
      0.1672
      0.3269
      0.6198
      0.8020
      0.0026
      0.0147
      0.1059
      0.4307
      1.0327
      1.6630
      2.0466
      1.8525
      1.0682
      0.3565
      0.0662
      0.0068
      0.0009
      0.0037
      0.0190
      0.0990
      0.4042
      0.9906
      1.3417
      0.0028
      0.0176
      0.1204
      0.4543
      1.0191
      1.6442
      2.3099
      2.5365
      1.7523
      0.6860
      0.1470
      0.0170
      0.0012
      0.0028
      0.0427
      0.3702
      1.7326
      4.3672
      5.9417
      0.0021
      0.0124
      0.0794
      0.2950
      0.7734
      1.8881
      3.9143
      5.1934
      3.8851
      1.5840
      0.3482
      0.0410
      0.0028
      0.0065
      0.1060
      0.9303
      4.3635
     11.0042
     14.9725
      0.0015
      0.0083
      0.0511
      0.1977
      0.6553
      2.1327
      5.0334
      6.9299
      5.2387
      2.1440
      0.4722
      0.0556
      0.0037
      0.0088
      0.1442
      1.2657
      5.9370
     14.9724
     20.3717
