      0.2429
      0.2627
      0.3022
      0.3216
      0.2986
      0.2459
      0.1941
      0.1652
      0.1639
      0.1834
      0.2070
      0.2128
      0.1868
      0.1357
      0.0805
      0.0389
      0.0156
      0.0058
      0.0034
      0.2418
      0.2589
      0.2921
      0.3051
      0.2786
      0.2262
      0.1769
      0.1506
      0.1522
      0.1757
      0.2061
      0.2206
      0.2024
      0.1544
      0.0967
      0.0495
      0.0210
      0.0081
      0.0046
      0.2421
      0.2517
      0.2670
      0.2622
      0.2275
      0.1772
      0.1354
      0.1173
      0.1274
      0.1637
      0.2153
      0.2577
      0.2639
      0.2247
      0.1570
      0.0895
      0.0419
      0.0172
      0.0100
      0.2784
      0.2738
      0.2561
      0.2203
      0.1712
      0.1239
      0.0931
      0.0871
      0.1106
      0.1685
      0.2572
      0.3496
      0.4000
      0.3762
      0.2878
      0.1786
      0.0905
      0.0404
      0.0250
      0.4624
      0.4284
      0.3419
      0.2382
      0.1501
      0.0941
      0.0710
      0.0766
      0.1142
      0.1977
      0.3345
      0.4958
      0.6114
      0.6147
      0.5007
      0.3310
      0.1808
      0.0898
      0.0609
      0.9925
      0.8956
      0.6593
      0.4004
      0.2092
      0.1089
      0.0772
      0.0864
      0.1313
      0.2328
      0.4116
      0.6421
      0.8327
      0.8800
      0.7556
      0.5326
      0.3202
      0.1857
      0.1421
      2.0398
      1.8291
      1.3199
      0.7710
      0.3758
      0.1739
      0.1061
      0.1045
      0.1434
      0.2433
      0.4360
      0.7055
      0.9559
      1.0609
      0.9680
      0.7453
      0.5178
      0.3704
      0.3224
      3.5072
      3.1413
      2.2581
      1.3081
      0.6248
      0.2721
      0.1436
      0.1179
      0.1387
      0.2160
      0.3852
      0.6449
      0.9175
      1.0840
      1.0798
      0.9520
      0.8080
      0.7193
      0.6929
      4.8760
      4.3665
      3.1370
      1.8147
      0.8622
      0.3667
      0.1786
      0.1275
      0.1263
      0.1698
      0.2900
      0.5007
      0.7595
      0.9835
      1.1179
      1.1836
      1.2395
      1.3024
      1.3328
      5.4439
      4.8757
      3.5051
      2.0330
      0.9754
      0.4278
      0.2201
      0.1578
      0.1376
      0.1444
      0.2075
      0.3554
      0.5838
      0.8584
      1.1500
      1.4611
      1.7899
      2.0691
      2.1824
      4.8760
      4.3699
      3.1520
      1.8516
      0.9313
      0.4709
      0.3071
      0.2540
      0.2135
      0.1757
      0.1779
      0.2633
      0.4571
      0.7639
      1.1818
      1.7049
      2.2809
      2.7624
      2.9542
      3.5072
      3.1516
      2.3029
      1.4170
      0.8237
      0.5650
      0.4961
      0.4593
      0.3811
      0.2768
      0.2052
      0.2246
      0.3737
      0.6743
      1.1387
      1.7583
      2.4546
      3.0368
      3.2681
      2.0398
      1.8529
      1.4216
      1.0124
      0.8048
      0.7870
      0.8232
      0.7853
      0.6369
      0.4347
      0.2702
      0.2136
      0.3003
      0.5471
      0.9649
      1.5435
      2.2027
      2.7557
      2.9754
      0.9925
      0.9399
      0.8461
      0.8356
      0.9645
      1.1612
      1.2803
      1.2123
      0.9612
      0.6339
      0.3593
      0.2169
      0.2285
      0.3932
      0.7123
      1.1762
      1.7172
      2.1759
      2.3588
      0.4624
      0.4962
      0.6256
      0.8934
      1.2756
      1.6477
      1.8379
      1.7349
      1.3694
      0.8966
      0.4904
      0.2479
      0.1807
      0.2701
      0.5109
      0.9004
      1.3813
      1.8014
      1.9711
      0.2784
      0.3602
      0.6193
      1.0646
      1.6370
      2.1784
      2.4779
      2.3850
      1.9210
      1.2810
      0.7039
      0.3314
      0.1815
      0.2263
      0.4639
      0.9063
      1.4925
      2.0235
      2.2412
      0.2421
      0.3465
      0.6712
      1.2241
      1.9493
      2.6800
      3.1555
      3.1433
      2.6124
      1.7888
      1.0013
      0.4671
      0.2296
      0.2607
      0.5698
      1.1896
      2.0392
      2.8220
      3.1452
      0.2418
      0.3538
      0.7048
      1.3158
      2.1536
      3.0573
      3.7192
      3.8151
      3.2483
      2.2667
      1.2864
      0.6031
      0.2906
      0.3238
      0.7248
      1.5443
      2.6785
      3.7282
      4.1624
      0.2429
      0.3564
      0.7134
      1.3429
      2.2240
      3.2006
      3.9447
      4.0912
      3.5134
      2.4675
      1.4068
      0.6613
      0.3181
      0.3541
      0.7965
      1.7035
      2.9608
      4.1256
      4.6075
