      0.2225
      0.2252
      0.2327
      0.2438
      0.2593
      0.2817
      0.3137
      0.3562
      0.4060
      0.4539
      0.4832
      0.4753
      0.4218
      0.3322
      0.2307
      0.1422
      0.0808
      0.0476
      0.0375
      0.2323
      0.2335
      0.2367
      0.2423
      0.2521
      0.2699
      0.2988
      0.3400
      0.3909
      0.4423
      0.4778
      0.4780
      0.4323
      0.3477
      0.2468
      0.1555
      0.0898
      0.0531
      0.0416
      0.2793
      0.2747
      0.2627
      0.2486
      0.2400
      0.2438
      0.2644
      0.3029
      0.3567
      0.4178
      0.4704
      0.4929
      0.4687
      0.3977
      0.2985
      0.1984
      0.1198
      0.0724
      0.0569
      0.4186
      0.4005
      0.3537
      0.2968
      0.2504
      0.2284
      0.2355
      0.2700
      0.3277
      0.4015
      0.4770
      0.5309
      0.5381
      0.4874
      0.3905
      0.2768
      0.1776
      0.1133
      0.0915
      0.7384
      0.6935
      0.5782
      0.4385
      0.3212
      0.2531
      0.2370
      0.2632
      0.3215
      0.4049
      0.5025
      0.5901
      0.6342
      0.6101
      0.5197
      0.3934
      0.2724
      0.1892
      0.1601
      1.3234
      1.2331
      1.0016
      0.7218
      0.4846
      0.3375
      0.2796
      0.2863
      0.3359
      0.4195
      0.5307
      0.6475
      0.7302
      0.7410
      0.6702
      0.5453
      0.4143
      0.3199
      0.2861
      2.1777
      2.0235
      1.6283
      1.1499
      0.7409
      0.4777
      0.3544
      0.3259
      0.3537
      0.4245
      0.5362
      0.6722
      0.7920
      0.8485
      0.8205
      0.7279
      0.6169
      0.5327
      0.5020
      3.1503
      2.9246
      2.3460
      1.6443
      1.0401
      0.6420
      0.4392
      0.3647
      0.3611
      0.4079
      0.5070
      0.6500
      0.8021
      0.9153
      0.9596
      0.9415
      0.8946
      0.8534
      0.8379
      3.9444
      3.6613
      2.9354
      2.0541
      1.2924
      0.7843
      0.5150
      0.3993
      0.3637
      0.3812
      0.4573
      0.5948
      0.7718
      0.9480
      1.0889
      1.1847
      1.2451
      1.2805
      1.2927
      4.2529
      3.9492
      3.1711
      2.2279
      1.4145
      0.8724
      0.5819
      0.4477
      0.3881
      0.3745
      0.4185
      0.5372
      0.7270
      0.9609
      1.2048
      1.4320
      1.6221
      1.7526
      1.7997
      3.9444
      3.6673
      2.9597
      2.1081
      1.3834
      0.9106
      0.6619
      0.5401
      0.4655
      0.4163
      0.4162
      0.4996
      0.6825
      0.9532
      1.2799
      1.6215
      1.9294
      2.1479
      2.2276
      3.1503
      2.9385
      2.4020
      1.7694
      1.2520
      0.9370
      0.7835
      0.6971
      0.6096
      0.5148
      0.4549
      0.4836
      0.6341
      0.9071
      1.2738
      1.6835
      2.0671
      2.3443
      2.4460
      2.1777
      2.0474
      1.7253
      1.3677
      1.1114
      0.9947
      0.9590
      0.9138
      0.8068
      0.6540
      0.5203
      0.4778
      0.5724
      0.8127
      1.1733
      1.5998
      2.0121
      2.3151
      2.4271
      1.3234
      1.2682
      1.1446
      1.0436
      1.0329
      1.1035
      1.1768
      1.1640
      1.0288
      0.8105
      0.5969
      0.4762
      0.5033
      0.6923
      1.0225
      1.4413
      1.8632
      2.1807
      2.2993
      0.7384
      0.7392
      0.7642
      0.8579
      1.0370
      1.2546
      1.4132
      1.4215
      1.2545
      0.9716
      0.6811
      0.4860
      0.4500
      0.5942
      0.9063
      1.3378
      1.7952
      2.1503
      2.2849
      0.4186
      0.4545
      0.5738
      0.7942
      1.1016
      1.4238
      1.6465
      1.6713
      1.4774
      1.1377
      0.7787
      0.5192
      0.4351
      0.5597
      0.8924
      1.3884
      1.9382
      2.3763
      2.5445
      0.2793
      0.3343
      0.5059
      0.7999
      1.1875
      1.5819
      1.8549
      1.8975
      1.6861
      1.3014
      0.8853
      0.5741
      0.4594
      0.5902
      0.9793
      1.5836
      2.2702
      2.8256
      3.0402
      0.2323
      0.2961
      0.4929
      0.8245
      1.2572
      1.6969
      2.0057
      2.0647
      1.8449
      1.4304
      0.9746
      0.6281
      0.4973
      0.6447
      1.0942
      1.8026
      2.6156
      3.2771
      3.5334
      0.2225
      0.2888
      0.4929
      0.8362
      1.2837
      1.7394
      2.0618
      2.1277
      1.9056
      1.4805
      1.0101
      0.6508
      0.5150
      0.6707
      1.1461
      1.8976
      2.7621
      3.4667
      3.7399
