      0.5164
      0.5257
      0.5433
      0.5479
      0.5253
      0.4783
      0.4211
      0.3673
      0.3233
      0.2888
      0.2596
      0.2298
      0.1944
      0.1525
      0.1090
      0.0712
      0.0443
      0.0293
      0.0247
      0.5117
      0.5185
      0.5300
      0.5279
      0.5009
      0.4532
      0.3990
      0.3512
      0.3154
      0.2909
      0.2724
      0.2521
      0.2226
      0.1817
      0.1343
      0.0899
      0.0562
      0.0364
      0.0300
      0.5123
      0.5116
      0.5046
      0.4821
      0.4418
      0.3918
      0.3458
      0.3141
      0.3004
      0.3026
      0.3131
      0.3194
      0.3075
      0.2702
      0.2125
      0.1489
      0.0951
      0.0609
      0.0493
      0.5659
      0.5516
      0.5109
      0.4513
      0.3857
      0.3289
      0.2924
      0.2814
      0.2959
      0.3325
      0.3822
      0.4270
      0.4434
      0.4151
      0.3448
      0.2537
      0.1694
      0.1125
      0.0927
      0.7529
      0.7157
      0.6181
      0.4940
      0.3808
      0.3035
      0.2695
      0.2744
      0.3120
      0.3785
      0.4661
      0.5533
      0.6063
      0.5964
      0.5202
      0.4040
      0.2881
      0.2064
      0.1775
      1.1545
      1.0812
      0.8925
      0.6624
      0.4648
      0.3400
      0.2896
      0.2951
      0.3406
      0.4217
      0.5347
      0.6583
      0.7515
      0.7730
      0.7103
      0.5894
      0.4591
      0.3640
      0.3297
      1.7851
      1.6619
      1.3463
      0.9649
      0.6403
      0.4342
      0.3417
      0.3267
      0.3604
      0.4360
      0.5546
      0.7002
      0.8305
      0.8973
      0.8786
      0.7941
      0.6900
      0.6106
      0.5816
      2.5280
      2.3490
      1.8907
      1.3364
      0.8618
      0.5525
      0.3988
      0.3468
      0.3532
      0.4067
      0.5119
      0.6606
      0.8185
      0.9402
      0.9995
      1.0043
      0.9838
      0.9643
      0.9571
      3.1445
      2.9204
      2.3462
      1.6498
      1.0489
      0.6485
      0.4359
      0.3446
      0.3196
      0.3436
      0.4226
      0.5576
      0.7292
      0.9067
      1.0676
      1.2068
      1.3239
      1.4080
      1.4394
      3.3856
      3.1452
      2.5289
      1.7802
      1.1307
      0.6915
      0.4489
      0.3320
      0.2815
      0.2765
      0.3235
      0.4325
      0.6025
      0.8244
      1.0871
      1.3751
      1.6536
      1.8633
      1.9421
      3.1445
      2.9255
      2.3645
      1.6839
      1.0936
      0.6916
      0.4627
      0.3410
      0.2727
      0.2396
      0.2511
      0.3252
      0.4779
      0.7208
      1.0571
      1.4657
      1.8824
      2.2028
      2.3242
      2.5280
      2.3623
      1.9399
      1.4322
      0.9966
      0.7004
      0.5234
      0.4111
      0.3246
      0.2573
      0.2262
      0.2570
      0.3769
      0.6115
      0.9743
      1.4429
      1.9361
      2.3209
      2.4674
      1.7851
      1.6885
      1.4465
      1.1657
      0.9364
      0.7835
      0.6767
      0.5741
      0.4579
      0.3411
      0.2547
      0.2325
      0.3071
      0.5084
      0.8539
      1.3220
      1.8264
      2.2247
      2.3771
      1.1545
      1.1255
      1.0613
      1.0072
      0.9873
      0.9817
      0.9448
      0.8432
      0.6808
      0.4952
      0.3370
      0.2513
      0.2735
      0.4326
      0.7447
      1.1881
      1.6767
      2.0667
      2.2167
      0.7529
      0.7791
      0.8613
      0.9980
      1.1601
      1.2871
      1.3140
      1.2078
      0.9885
      0.7185
      0.4729
      0.3139
      0.2837
      0.4112
      0.7108
      1.1581
      1.6614
      2.0675
      2.2242
      0.5659
      0.6312
      0.8190
      1.0984
      1.4046
      1.6458
      1.7348
      1.6292
      1.3551
      0.9957
      0.6540
      0.4162
      0.3391
      0.4581
      0.7890
      1.3023
      1.8887
      2.3653
      2.5499
      0.5123
      0.6019
      0.8573
      1.2328
      1.6447
      1.9803
      2.1308
      2.0373
      1.7221
      1.2828
      0.8497
      0.5372
      0.4227
      0.5542
      0.9528
      1.5823
      2.3069
      2.8978
      3.1270
      0.5117
      0.6141
      0.9059
      1.3365
      1.8146
      2.2161
      2.4161
      2.3394
      2.0009
      1.5060
      1.0057
      0.6378
      0.4988
      0.6493
      1.1164
      1.8584
      2.7146
      3.4137
      3.6850
      0.5164
      0.6227
      0.9258
      1.3744
      1.8753
      2.3009
      2.5204
      2.4516
      2.1059
      1.5911
      1.0657
      0.6772
      0.5295
      0.6888
      1.1846
      1.9732
      2.8836
      3.6272
      3.9159
