      0.0012
      0.0028
      0.0070
      0.0095
      0.0070
      0.0029
      0.0009
      0.0005
      0.0005
      0.0013
      0.0029
      0.0039
      0.0028
      0.0011
      0.0002
      0.0000
      0.0000
      0.0000
      0.0000
      0.0017
      0.0036
      0.0081
      0.0100
      0.0067
      0.0026
      0.0007
      0.0004
      0.0004
      0.0010
      0.0026
      0.0037
      0.0030
      0.0013
      0.0003
      0.0000
      0.0000
      0.0000
      0.0000
      0.0022
      0.0042
      0.0080
      0.0086
      0.0050
      0.0016
      0.0004
      0.0001
      0.0002
      0.0006
      0.0019
      0.0038
      0.0043
      0.0029
      0.0011
      0.0003
      0.0000
      0.0000
      0.0000
      0.0020
      0.0031
      0.0048
      0.0044
      0.0022
      0.0006
      0.0001
      0.0000
      0.0001
      0.0007
      0.0035
      0.0111
      0.0192
      0.0182
      0.0095
      0.0027
      0.0004
      0.0000
      0.0000
      0.0102
      0.0080
      0.0043
      0.0018
      0.0006
      0.0001
      0.0000
      0.0000
      0.0002
      0.0019
      0.0128
      0.0470
      0.0931
      0.0996
      0.0576
      0.0180
      0.0030
      0.0003
      0.0000
      0.1571
      0.1155
      0.0460
      0.0099
      0.0012
      0.0001
      0.0001
      0.0001
      0.0004
      0.0040
      0.0293
      0.1185
      0.2577
      0.3025
      0.1919
      0.0656
      0.0121
      0.0013
      0.0003
      1.3773
      1.0123
      0.4014
      0.0856
      0.0098
      0.0007
      0.0002
      0.0004
      0.0006
      0.0046
      0.0366
      0.1619
      0.3859
      0.4963
      0.3449
      0.1298
      0.0280
      0.0074
      0.0064
      6.4606
      4.7483
      1.8828
      0.4014
      0.0458
      0.0029
      0.0004
      0.0005
      0.0005
      0.0029
      0.0247
      0.1196
      0.3124
      0.4406
      0.3372
      0.1464
      0.0621
      0.0785
      0.1012
     16.2929
     11.9746
      4.7483
      1.0123
      0.1154
      0.0071
      0.0006
      0.0004
      0.0003
      0.0010
      0.0090
      0.0480
      0.1384
      0.2182
      0.1975
      0.1542
      0.2923
      0.6562
      0.8818
     22.1685
     16.2929
      6.4606
      1.3773
      0.1570
      0.0098
      0.0012
      0.0013
      0.0010
      0.0006
      0.0019
      0.0115
      0.0410
      0.0905
      0.1530
      0.3729
      1.2761
      3.0563
      4.1268
     16.2929
     11.9746
      4.7483
      1.0124
      0.1162
      0.0108
      0.0101
      0.0139
      0.0105
      0.0043
      0.0013
      0.0041
      0.0255
      0.0992
      0.2763
      0.8931
      3.2000
      7.6933
     10.3952
      6.4606
      4.7483
      1.8830
      0.4026
      0.0532
      0.0328
      0.0706
      0.0923
      0.0660
      0.0256
      0.0056
      0.0040
      0.0280
      0.1266
      0.3843
      1.2447
      4.3752
     10.4679
     14.1372
      1.3773
      1.0124
      0.4030
      0.0953
      0.0522
      0.1351
      0.2769
      0.3335
      0.2235
      0.0816
      0.0162
      0.0039
      0.0194
      0.0941
      0.2988
      0.9517
      3.2486
      7.7053
     10.3924
      0.1571
      0.1165
      0.0563
      0.0623
      0.1674
      0.3797
      0.6281
      0.6698
      0.4155
      0.1427
      0.0266
      0.0034
      0.0074
      0.0379
      0.1263
      0.3971
      1.3120
      3.0759
      4.1400
      0.0102
      0.0121
      0.0430
      0.1758
      0.4474
      0.7553
      0.9514
      0.8688
      0.5033
      0.1680
      0.0310
      0.0032
      0.0016
      0.0083
      0.0306
      0.1056
      0.3604
      0.8482
      1.1419
      0.0020
      0.0118
      0.0845
      0.3389
      0.7882
      1.2271
      1.5453
      1.5473
      1.0174
      0.3874
      0.0814
      0.0093
      0.0008
      0.0020
      0.0197
      0.1533
      0.7012
      1.7598
      2.3927
      0.0022
      0.0142
      0.0976
      0.3809
      0.9717
      2.0987
      3.9541
      5.0608
      3.7434
      1.5200
      0.3335
      0.0392
      0.0026
      0.0047
      0.0763
      0.6687
      3.1354
      7.9065
     10.7577
      0.0017
      0.0101
      0.0667
      0.2866
      1.0724
      3.7103
      8.8745
     12.2408
      9.2550
      3.7877
      0.8342
      0.0982
      0.0065
      0.0118
      0.1919
      1.6846
      7.9020
     19.9279
     27.1143
      0.0012
      0.0068
      0.0451
      0.2272
      1.1461
      4.7187
     11.8775
     16.5820
     12.5734
      5.1499
      1.1346
      0.1336
      0.0088
      0.0160
      0.2611
      2.2920
     10.7516
     27.1142
     36.8922
