      0.1173
      0.1269
      0.1485
      0.1680
      0.1794
      0.1874
      0.1967
      0.2043
      0.2062
      0.2042
      0.1994
      0.1852
      0.1536
      0.1083
      0.0631
      0.0302
      0.0122
      0.0048
      0.0030
      0.1186
      0.1269
      0.1449
      0.1600
      0.1672
      0.1717
      0.1785
      0.1854
      0.1891
      0.1916
      0.1935
      0.1867
      0.1615
      0.1192
      0.0731
      0.0369
      0.0156
      0.0062
      0.0038
      0.1311
      0.1345
      0.1406
      0.1419
      0.1377
      0.1340
      0.1357
      0.1419
      0.1514
      0.1663
      0.1868
      0.2019
      0.1954
      0.1611
      0.1103
      0.0621
      0.0289
      0.0121
      0.0073
      0.1997
      0.1911
      0.1680
      0.1383
      0.1119
      0.0967
      0.0946
      0.1031
      0.1212
      0.1534
      0.2014
      0.2515
      0.2759
      0.2540
      0.1921
      0.1188
      0.0608
      0.0283
      0.0184
      0.4508
      0.4110
      0.3134
      0.2053
      0.1254
      0.0860
      0.0788
      0.0909
      0.1175
      0.1662
      0.2448
      0.3390
      0.4059
      0.4032
      0.3275
      0.2183
      0.1237
      0.0676
      0.0502
      1.1033
      0.9916
      0.7214
      0.4303
      0.2227
      0.1220
      0.0965
      0.1070
      0.1357
      0.1923
      0.2941
      0.4302
      0.5450
      0.5726
      0.4951
      0.3599
      0.2361
      0.1621
      0.1393
      2.3465
      2.1027
      1.5147
      0.8836
      0.4340
      0.2102
      0.1394
      0.1350
      0.1546
      0.2046
      0.3110
      0.4704
      0.6249
      0.6953
      0.6509
      0.5398
      0.4392
      0.3875
      0.3747
      4.0659
      3.6414
      2.6178
      1.5187
      0.7318
      0.3305
      0.1874
      0.1547
      0.1558
      0.1872
      0.2772
      0.4322
      0.6070
      0.7313
      0.7758
      0.7836
      0.8164
      0.8770
      0.9089
      5.6623
      5.0707
      3.6437
      2.1103
      1.0083
      0.4380
      0.2229
      0.1605
      0.1425
      0.1518
      0.2131
      0.3426
      0.5209
      0.7103
      0.9048
      1.1461
      1.4559
      1.7516
      1.8773
      6.3236
      5.6633
      4.0706
      2.3595
      1.1297
      0.4921
      0.2489
      0.1737
      0.1429
      0.1309
      0.1597
      0.2563
      0.4317
      0.6933
      1.0748
      1.6258
      2.3157
      2.9389
      3.1957
      5.6623
      5.0727
      3.6523
      2.1315
      1.0481
      0.4985
      0.2983
      0.2358
      0.1955
      0.1562
      0.1467
      0.2071
      0.3744
      0.6949
      1.2404
      2.0720
      3.1124
      4.0405
      4.4198
      4.0659
      3.6473
      2.6437
      1.5835
      0.8540
      0.5158
      0.4166
      0.3825
      0.3232
      0.2387
      0.1763
      0.1910
      0.3337
      0.6678
      1.2826
      2.2425
      3.4452
      4.5139
      4.9495
      2.3465
      2.1159
      1.5726
      1.0270
      0.7010
      0.6095
      0.6259
      0.6136
      0.5148
      0.3620
      0.2303
      0.1871
      0.2814
      0.5694
      1.1312
      2.0220
      3.1404
      4.1325
      4.5364
      1.1033
      1.0155
      0.8250
      0.6825
      0.6834
      0.7981
      0.9070
      0.8960
      0.7379
      0.5018
      0.2923
      0.1850
      0.2172
      0.4236
      0.8620
      1.5743
      2.4755
      3.2767
      3.6030
      0.4508
      0.4466
      0.4667
      0.5745
      0.7915
      1.0530
      1.2297
      1.2109
      0.9877
      0.6623
      0.3696
      0.1959
      0.1688
      0.3056
      0.6518
      1.2467
      2.0190
      2.7137
      2.9978
      0.1997
      0.2359
      0.3615
      0.6055
      0.9595
      1.3378
      1.5903
      1.5843
      1.3067
      0.8842
      0.4913
      0.2402
      0.1631
      0.2773
      0.6410
      1.3132
      2.2171
      3.0441
      3.3847
      0.1311
      0.1840
      0.3565
      0.6731
      1.1251
      1.6209
      1.9813
      2.0258
      1.7109
      1.1821
      0.6661
      0.3214
      0.2012
      0.3391
      0.8293
      1.7691
      3.0558
      4.2433
      4.7342
      0.1186
      0.1771
      0.3679
      0.7228
      1.2454
      1.8465
      2.3188
      2.4279
      2.0919
      1.4691
      0.8383
      0.4067
      0.2525
      0.4301
      1.0722
      2.3146
      4.0242
      5.6062
      6.2606
      0.1173
      0.1769
      0.3723
      0.7398
      1.2897
      1.9353
      2.4568
      2.5959
      2.2530
      1.5913
      0.9120
      0.4437
      0.2761
      0.4722
      1.1819
      2.5569
      4.4507
      6.2040
      6.9294
