      0.0781
      0.1044
      0.1585
      0.1871
      0.1617
      0.1078
      0.0659
      0.0471
      0.0416
      0.0445
      0.0529
      0.0562
      0.0457
      0.0268
      0.0112
      0.0033
      0.0007
      0.0001
      0.0000
      0.0832
      0.1078
      0.1564
      0.1779
      0.1489
      0.0962
      0.0570
      0.0399
      0.0354
      0.0388
      0.0478
      0.0526
      0.0446
      0.0275
      0.0122
      0.0038
      0.0009
      0.0001
      0.0000
      0.0886
      0.1072
      0.1403
      0.1463
      0.1132
      0.0676
      0.0369
      0.0244
      0.0220
      0.0264
      0.0364
      0.0451
      0.0433
      0.0306
      0.0158
      0.0059
      0.0016
      0.0003
      0.0001
      0.0962
      0.1031
      0.1111
      0.0997
      0.0686
      0.0368
      0.0180
      0.0112
      0.0110
      0.0164
      0.0285
      0.0436
      0.0513
      0.0444
      0.0279
      0.0127
      0.0042
      0.0011
      0.0004
      0.2183
      0.1946
      0.1395
      0.0822
      0.0405
      0.0172
      0.0077
      0.0055
      0.0069
      0.0138
      0.0312
      0.0587
      0.0819
      0.0823
      0.0592
      0.0307
      0.0120
      0.0045
      0.0029
      0.8685
      0.7343
      0.4446
      0.1941
      0.0625
      0.0165
      0.0063
      0.0058
      0.0080
      0.0163
      0.0406
      0.0847
      0.1293
      0.1414
      0.1112
      0.0656
      0.0342
      0.0227
      0.0210
      2.8879
      2.4298
      1.4464
      0.6086
      0.1815
      0.0407
      0.0114
      0.0088
      0.0102
      0.0178
      0.0444
      0.0982
      0.1604
      0.1896
      0.1677
      0.1272
      0.1104
      0.1216
      0.1314
      6.8734
      5.7809
      3.4372
      1.4423
      0.4272
      0.0925
      0.0207
      0.0114
      0.0106
      0.0150
      0.0363
      0.0853
      0.1516
      0.2035
      0.2298
      0.2737
      0.3870
      0.5386
      0.6123
     11.5597
      9.7221
      5.7801
      2.4250
      0.7176
      0.1537
      0.0311
      0.0137
      0.0106
      0.0111
      0.0235
      0.0598
      0.1246
      0.2157
      0.3602
      0.6523
      1.1703
      1.7631
      2.0373
     13.7444
     11.5596
      6.8727
      2.8843
      0.8560
      0.1888
      0.0468
      0.0277
      0.0218
      0.0156
      0.0181
      0.0453
      0.1194
      0.2791
      0.6248
      1.3697
      2.6655
      4.1274
      4.8004
     11.5597
      9.7225
      5.7824
      2.4333
      0.7396
      0.1982
      0.0992
      0.0909
      0.0739
      0.0455
      0.0284
      0.0472
      0.1385
      0.3767
      0.9418
      2.1935
      4.3851
      6.8650
      8.0083
      6.8734
      5.7832
      3.4498
      1.4826
      0.5223
      0.2656
      0.2631
      0.2678
      0.2100
      0.1212
      0.0577
      0.0544
      0.1461
      0.4160
      1.0771
      2.5555
      5.1553
      8.1061
      9.4690
      2.8879
      2.4389
      1.4946
      0.7501
      0.4804
      0.5236
      0.6184
      0.5969
      0.4381
      0.2381
      0.0992
      0.0565
      0.1185
      0.3402
      0.8954
      2.1378
      4.3205
      6.7995
      7.9453
      0.8685
      0.7608
      0.5787
      0.5628
      0.7701
      1.0360
      1.1458
      1.0011
      0.6757
      0.3437
      0.1313
      0.0511
      0.0714
      0.2009
      0.5367
      1.2874
      2.6008
      4.0899
      4.7780
      0.2183
      0.2492
      0.4083
      0.7863
      1.2980
      1.6661
      1.6640
      1.3101
      0.8108
      0.3865
      0.1389
      0.0424
      0.0335
      0.0881
      0.2453
      0.6064
      1.2425
      1.9643
      2.2978
      0.0962
      0.1825
      0.4957
      1.0760
      1.7325
      2.0911
      1.9486
      1.4432
      0.8578
      0.4021
      0.1441
      0.0400
      0.0167
      0.0393
      0.1346
      0.3888
      0.8642
      1.4139
      1.6691
      0.0886
      0.1895
      0.5363
      1.1371
      1.7716
      2.0916
      1.9565
      1.5058
      0.9560
      0.4834
      0.1859
      0.0532
      0.0168
      0.0395
      0.1741
      0.5759
      1.3594
      2.2778
      2.7056
      0.0832
      0.1737
      0.4744
      0.9756
      1.5039
      1.8274
      1.8540
      1.6045
      1.1424
      0.6306
      0.2575
      0.0764
      0.0238
      0.0585
      0.2711
      0.9165
      2.1832
      3.6709
      4.3642
      0.0781
      0.1598
      0.4267
      0.8656
      1.3378
      1.6765
      1.8040
      1.6660
      1.2465
      0.7095
      0.2948
      0.0884
      0.0278
      0.0688
      0.3203
      1.0848
      2.5860
      4.3496
      5.1716
