      0.0011
      0.0026
      0.0063
      0.0085
      0.0063
      0.0025
      0.0006
      0.0004
      0.0013
      0.0055
      0.0135
      0.0181
      0.0132
      0.0052
      0.0011
      0.0001
      0.0000
      0.0000
      0.0000
      0.0015
      0.0033
      0.0072
      0.0090
      0.0061
      0.0023
      0.0005
      0.0003
      0.0010
      0.0045
      0.0119
      0.0173
      0.0137
      0.0059
      0.0014
      0.0002
      0.0000
      0.0000
      0.0000
      0.0020
      0.0038
      0.0072
      0.0077
      0.0045
      0.0014
      0.0003
      0.0001
      0.0005
      0.0025
      0.0078
      0.0137
      0.0135
      0.0076
      0.0025
      0.0005
      0.0001
      0.0000
      0.0000
      0.0019
      0.0028
      0.0043
      0.0040
      0.0020
      0.0006
      0.0001
      0.0000
      0.0002
      0.0013
      0.0062
      0.0169
      0.0265
      0.0236
      0.0118
      0.0032
      0.0005
      0.0000
      0.0000
      0.0124
      0.0096
      0.0048
      0.0019
      0.0006
      0.0001
      0.0000
      0.0000
      0.0002
      0.0023
      0.0153
      0.0556
      0.1094
      0.1166
      0.0672
      0.0209
      0.0035
      0.0003
      0.0000
      0.1945
      0.1431
      0.0569
      0.0122
      0.0014
      0.0001
      0.0000
      0.0000
      0.0003
      0.0045
      0.0341
      0.1378
      0.2997
      0.3518
      0.2231
      0.0763
      0.0140
      0.0014
      0.0002
      1.7062
      1.2540
      0.4972
      0.1060
      0.0121
      0.0007
      0.0001
      0.0001
      0.0004
      0.0052
      0.0425
      0.1882
      0.4486
      0.5771
      0.4011
      0.1508
      0.0313
      0.0052
      0.0029
      8.0032
      5.8820
      2.3324
      0.4972
      0.0567
      0.0034
      0.0002
      0.0001
      0.0003
      0.0032
      0.0286
      0.1392
      0.3640
      0.5149
      0.3962
      0.1698
      0.0523
      0.0365
      0.0426
     20.1832
     14.8338
      5.8820
      1.2539
      0.1429
      0.0087
      0.0005
      0.0003
      0.0003
      0.0011
      0.0105
      0.0568
      0.1678
      0.2780
      0.2714
      0.1851
      0.1723
      0.2854
      0.3685
     27.4617
     20.1832
      8.0032
      1.7062
      0.1946
      0.0130
      0.0039
      0.0052
      0.0042
      0.0020
      0.0029
      0.0178
      0.0789
      0.2222
      0.3964
      0.5036
      0.7355
      1.3309
      1.7254
     20.1832
     14.8338
      5.8821
      1.2544
      0.1466
      0.0264
      0.0464
      0.0648
      0.0493
      0.0203
      0.0056
      0.0150
      0.1045
      0.4163
      0.9299
      1.3339
      1.9425
      3.3911
      4.3610
      8.0032
      5.8820
      2.3327
      0.5010
      0.0865
      0.1365
      0.3251
      0.4311
      0.3095
      0.1200
      0.0261
      0.0187
      0.1296
      0.5648
      1.3586
      2.0323
      2.8444
      4.7015
      5.9677
      1.7062
      1.2541
      0.4994
      0.1267
      0.1477
      0.5439
      1.2337
      1.5395
      1.0438
      0.3825
      0.0760
      0.0183
      0.0907
      0.4221
      1.0837
      1.6915
      2.2877
      3.5519
      4.4299
      0.1945
      0.1440
      0.0682
      0.0881
      0.3714
      1.2463
      2.5619
      2.9815
      1.9047
      0.6596
      0.1231
      0.0159
      0.0347
      0.1705
      0.4674
      0.7644
      1.0088
      1.4650
      1.7870
      0.0124
      0.0133
      0.0423
      0.1956
      0.6735
      1.7331
      3.0613
      3.2742
      1.9753
      0.6528
      0.1167
      0.0119
      0.0075
      0.0371
      0.1089
      0.1898
      0.2576
      0.3666
      0.4417
      0.0019
      0.0107
      0.0781
      0.3322
      0.9016
      1.8300
      2.8725
      3.0390
      1.9139
      0.6790
      0.1328
      0.0142
      0.0016
      0.0045
      0.0167
      0.0532
      0.1663
      0.3796
      0.5080
      0.0020
      0.0128
      0.0890
      0.3600
      1.0082
      2.4533
      4.8697
      6.2354
      4.5564
      1.8282
      0.3973
      0.0464
      0.0029
      0.0013
      0.0162
      0.1364
      0.6341
      1.5961
      2.1711
      0.0015
      0.0091
      0.0613
      0.2795
      1.1566
      4.2503
     10.3284
     14.2763
     10.7881
      4.4117
      0.9710
      0.1143
      0.0072
      0.0026
      0.0387
      0.3398
      1.5936
      4.0188
      5.4680
      0.0011
      0.0062
      0.0421
      0.2317
      1.2783
      5.4400
     13.7924
     19.2788
     14.6196
      5.9876
      1.3190
      0.1554
      0.0098
      0.0035
      0.0527
      0.4622
      2.1682
      5.4679
      7.4398
