      0.0000
      0.0000
      0.0000
      0.0000
      0.0000
      0.0000
      0.0000
      0.0000
      0.0000
      0.0000
      0.0000
      0.0000
      0.0000
      0.0000
      0.0000
      0.0000
      0.0000
      0.0000
      0.0000
      0.0000
      0.0000
      0.0000
      0.0000
      0.0000
      0.0000
      0.0000
      0.0000
      0.0000
      0.0000
      0.0000
      0.0000
      0.0000
      0.0000
      0.0000
      0.0000
      0.0000
      0.0000
      0.0000
      0.0000
      0.0000
      0.0000
      0.0000
      0.0000
      0.0000
      0.0000
      0.0000
      0.0000
      0.0000
      0.0000
      0.0000
      0.0000
      0.0000
      0.0000
      0.0000
      0.0000
      0.0000
      0.0000
      0.0000
      0.0000
      0.0000
      0.0000
      0.0000
      0.0000
      0.0000
      0.0000
      0.0000
      0.0000
      0.0000
      0.0000
      0.0000
      0.0000
      0.0000
      0.0000
      0.0000
      0.0000
      0.0000
      0.0000
      0.0000
      0.0000
      0.0000
      0.0000
      0.0000
      0.0000
      0.0000
      0.0000
      0.0000
      0.0000
      0.0001
      0.0003
      0.0004
      0.0001
      0.0000
      0.0000
      0.0000
      0.0000
      0.0023
      0.0012
      0.0001
      0.0000
      0.0000
      0.0000
      0.0000
      0.0000
      0.0000
      0.0000
      0.0000
      0.0006
      0.0032
      0.0046
      0.0016
      0.0001
      0.0000
      0.0000
      0.0000
      0.3096
      0.1548
      0.0193
      0.0006
      0.0000
      0.0000
      0.0000
      0.0000
      0.0000
      0.0000
      0.0000
      0.0011
      0.0079
      0.0139
      0.0061
      0.0007
      0.0000
      0.0000
      0.0000
     10.0389
      5.0195
      0.6258
      0.0193
      0.0001
      0.0000
      0.0000
      0.0000
      0.0000
      0.0000
      0.0000
      0.0006
      0.0049
      0.0106
      0.0057
      0.0008
      0.0000
      0.0002
      0.0004
     80.5241
     40.2621
      5.0195
      0.1548
      0.0012
      0.0000
      0.0000
      0.0000
      0.0000
      0.0000
      0.0000
      0.0001
      0.0008
      0.0021
      0.0015
      0.0005
      0.0030
      0.0237
      0.0473
    161.0483
     80.5241
     10.0389
      0.3096
      0.0023
      0.0000
      0.0000
      0.0000
      0.0000
      0.0000
      0.0000
      0.0000
      0.0001
      0.0014
      0.0068
      0.0113
      0.0983
      0.7673
      1.5342
     80.5241
     40.2621
      5.0195
      0.1548
      0.0012
      0.0000
      0.0001
      0.0002
      0.0001
      0.0000
      0.0000
      0.0000
      0.0005
      0.0113
      0.0657
      0.1187
      0.8017
      6.1562
     12.3059
     10.0389
      5.0195
      0.6258
      0.0193
      0.0002
      0.0009
      0.0068
      0.0129
      0.0062
      0.0007
      0.0000
      0.0000
      0.0009
      0.0235
      0.1597
      0.3166
      1.6480
     12.3178
     24.6120
      0.3096
      0.1548
      0.0193
      0.0006
      0.0008
      0.0200
      0.1346
      0.2258
      0.0948
      0.0099
      0.0003
      0.0000
      0.0004
      0.0123
      0.0970
      0.2143
      0.8610
      6.1644
     12.3064
      0.0023
      0.0012
      0.0002
      0.0003
      0.0061
      0.1137
      0.6610
      0.9784
      0.3626
      0.0335
      0.0008
      0.0000
      0.0000
      0.0016
      0.0147
      0.0367
      0.1150
      0.7698
      1.5343
      0.0000
      0.0000
      0.0002
      0.0039
      0.0311
      0.1907
      0.8225
      1.0605
      0.3469
      0.0283
      0.0006
      0.0000
      0.0000
      0.0001
      0.0006
      0.0016
      0.0040
      0.0245
      0.0487
      0.0000
      0.0000
      0.0008
      0.0179
      0.0977
      0.1827
      0.3223
      0.3615
      0.1215
      0.0111
      0.0003
      0.0000
      0.0000
      0.0000
      0.0000
      0.0004
      0.0113
      0.0906
      0.1811
      0.0000
      0.0000
      0.0011
      0.0207
      0.0981
      0.2373
      1.1314
      2.3500
      1.2578
      0.1684
      0.0056
      0.0000
      0.0000
      0.0000
      0.0001
      0.0113
      0.3654
      2.9310
      5.8619
      0.0000
      0.0000
      0.0004
      0.0062
      0.0522
      1.0282
      8.6845
     18.6785
     10.0495
      1.3485
      0.0448
      0.0004
      0.0000
      0.0000
      0.0007
      0.0904
      2.9310
     23.5099
     47.0198
      0.0000
      0.0000
      0.0001
      0.0013
      0.0605
      2.0128
     17.3577
     37.3556
     20.0988
      2.6971
      0.0896
      0.0007
      0.0000
      0.0000
      0.0014
      0.1808
      5.8619
     47.0198
     94.0396
