      0.0000
      0.0000
      0.0000
      0.0000
      0.0000
      0.0000
      0.0000
      0.0000
      0.0000
      0.0000
      0.0000
      0.0000
      0.0000
      0.0000
      0.0000
      0.0000
      0.0000
      0.0000
      0.0000
      0.0000
      0.0000
      0.0000
      0.0000
      0.0000
      0.0000
      0.0000
      0.0000
      0.0000
      0.0000
      0.0000
      0.0000
      0.0000
      0.0000
      0.0000
      0.0000
      0.0000
      0.0000
      0.0000
      0.0000
      0.0000
      0.0000
      0.0000
      0.0000
      0.0000
      0.0000
      0.0000
      0.0000
      0.0000
      0.0000
      0.0000
      0.0000
      0.0000
      0.0000
      0.0000
      0.0000
      0.0000
      0.0000
      0.0000
      0.0000
      0.0000
      0.0000
      0.0000
      0.0000
      0.0000
      0.0000
      0.0000
      0.0000
      0.0000
      0.0000
      0.0000
      0.0000
      0.0000
      0.0000
      0.0000
      0.0000
      0.0000
      0.0000
      0.0000
      0.0000
      0.0000
      0.0000
      0.0000
      0.0000
      0.0000
      0.0000
      0.0000
      0.0000
      0.0001
      0.0003
      0.0003
      0.0001
      0.0000
      0.0000
      0.0000
      0.0000
      0.0002
      0.0001
      0.0000
      0.0000
      0.0000
      0.0000
      0.0000
      0.0000
      0.0000
      0.0000
      0.0000
      0.0005
      0.0029
      0.0041
      0.0015
      0.0001
      0.0000
      0.0000
      0.0000
      0.0231
      0.0115
      0.0014
      0.0000
      0.0000
      0.0000
      0.0000
      0.0000
      0.0000
      0.0000
      0.0000
      0.0010
      0.0071
      0.0125
      0.0055
      0.0006
      0.0000
      0.0000
      0.0000
      0.7489
      0.3745
      0.0467
      0.0014
      0.0000
      0.0000
      0.0000
      0.0000
      0.0000
      0.0000
      0.0000
      0.0005
      0.0044
      0.0095
      0.0052
      0.0007
      0.0001
      0.0007
      0.0013
      6.0072
      3.0036
      0.3745
      0.0115
      0.0001
      0.0000
      0.0000
      0.0000
      0.0000
      0.0000
      0.0000
      0.0001
      0.0007
      0.0019
      0.0015
      0.0008
      0.0112
      0.0889
      0.1777
     12.0143
      6.0072
      0.7489
      0.0231
      0.0002
      0.0000
      0.0000
      0.0000
      0.0000
      0.0000
      0.0000
      0.0000
      0.0001
      0.0023
      0.0114
      0.0251
      0.3637
      2.8815
      5.7621
      6.0072
      3.0036
      0.3745
      0.0115
      0.0001
      0.0000
      0.0001
      0.0003
      0.0002
      0.0000
      0.0000
      0.0000
      0.0008
      0.0188
      0.1101
      0.2477
      2.9390
     23.1148
     46.2190
      0.7489
      0.3745
      0.0467
      0.0014
      0.0001
      0.0015
      0.0114
      0.0216
      0.0103
      0.0012
      0.0000
      0.0000
      0.0014
      0.0393
      0.2675
      0.6276
      5.9524
     46.2389
     92.4383
      0.0231
      0.0115
      0.0014
      0.0001
      0.0013
      0.0335
      0.2248
      0.3773
      0.1583
      0.0166
      0.0004
      0.0000
      0.0006
      0.0205
      0.1624
      0.4075
      3.0379
     23.1286
     46.2198
      0.0002
      0.0001
      0.0000
      0.0004
      0.0103
      0.1902
      1.1045
      1.6348
      0.6058
      0.0559
      0.0013
      0.0000
      0.0001
      0.0027
      0.0246
      0.0674
      0.3915
      2.8857
      5.7624
      0.0000
      0.0000
      0.0003
      0.0069
      0.0538
      0.3215
      1.3752
      1.7716
      0.5794
      0.0472
      0.0009
      0.0000
      0.0000
      0.0001
      0.0009
      0.0028
      0.0127
      0.0893
      0.1780
      0.0000
      0.0000
      0.0015
      0.0313
      0.1707
      0.3124
      0.5160
      0.5488
      0.1731
      0.0146
      0.0003
      0.0000
      0.0000
      0.0000
      0.0000
      0.0001
      0.0026
      0.0207
      0.0413
      0.0000
      0.0000
      0.0020
      0.0362
      0.1687
      0.3084
      1.0578
      2.1296
      1.1347
      0.1517
      0.0050
      0.0000
      0.0000
      0.0000
      0.0000
      0.0025
      0.0808
      0.6485
      1.2970
      0.0000
      0.0000
      0.0007
      0.0107
      0.0670
      0.9442
      7.8135
     16.7946
      9.0357
      1.2125
      0.0403
      0.0003
      0.0000
      0.0000
      0.0002
      0.0200
      0.6485
      5.2016
     10.4033
      0.0000
      0.0000
      0.0001
      0.0019
      0.0568
      1.8118
     15.6069
     33.5870
     18.0711
      2.4250
      0.0805
      0.0007
      0.0000
      0.0000
      0.0003
      0.0400
      1.2970
     10.4033
     20.8066
