      0.0000
      0.0000
      0.0000
      0.0000
      0.0000
      0.0000
      0.0000
      0.0000
      0.0000
      0.0000
      0.0000
      0.0000
      0.0000
      0.0000
      0.0000
      0.0000
      0.0000
      0.0000
      0.0000
      0.0000
      0.0000
      0.0000
      0.0000
      0.0000
      0.0000
      0.0000
      0.0000
      0.0000
      0.0000
      0.0000
      0.0000
      0.0000
      0.0000
      0.0000
      0.0000
      0.0000
      0.0000
      0.0000
      0.0000
      0.0000
      0.0000
      0.0000
      0.0000
      0.0000
      0.0000
      0.0000
      0.0000
      0.0000
      0.0000
      0.0000
      0.0000
      0.0000
      0.0000
      0.0000
      0.0000
      0.0000
      0.0000
      0.0000
      0.0000
      0.0000
      0.0000
      0.0000
      0.0000
      0.0000
      0.0000
      0.0000
      0.0000
      0.0000
      0.0000
      0.0000
      0.0000
      0.0000
      0.0000
      0.0000
      0.0000
      0.0000
      0.0000
      0.0000
      0.0000
      0.0000
      0.0000
      0.0000
      0.0000
      0.0000
      0.0000
      0.0000
      0.0000
      0.0000
      0.0002
      0.0002
      0.0001
      0.0000
      0.0000
      0.0000
      0.0000
      0.0017
      0.0008
      0.0001
      0.0000
      0.0000
      0.0000
      0.0000
      0.0000
      0.0000
      0.0000
      0.0000
      0.0003
      0.0017
      0.0024
      0.0009
      0.0001
      0.0000
      0.0000
      0.0000
      0.2195
      0.1098
      0.0137
      0.0004
      0.0000
      0.0000
      0.0000
      0.0000
      0.0000
      0.0000
      0.0000
      0.0006
      0.0041
      0.0072
      0.0032
      0.0003
      0.0000
      0.0000
      0.0000
      7.1186
      3.5593
      0.4437
      0.0137
      0.0001
      0.0000
      0.0000
      0.0000
      0.0000
      0.0000
      0.0000
      0.0003
      0.0025
      0.0055
      0.0030
      0.0004
      0.0001
      0.0004
      0.0008
     57.0995
     28.5497
      3.5593
      0.1098
      0.0008
      0.0000
      0.0000
      0.0000
      0.0000
      0.0000
      0.0000
      0.0000
      0.0004
      0.0011
      0.0008
      0.0004
      0.0065
      0.0522
      0.1044
    114.1990
     57.0995
      7.1186
      0.2195
      0.0017
      0.0000
      0.0000
      0.0000
      0.0000
      0.0000
      0.0000
      0.0000
      0.0000
      0.0005
      0.0025
      0.0095
      0.2122
      1.6936
      3.3869
     57.0995
     28.5497
      3.5593
      0.1098
      0.0008
      0.0000
      0.0000
      0.0001
      0.0000
      0.0000
      0.0000
      0.0000
      0.0002
      0.0040
      0.0235
      0.0859
      1.7060
     13.5849
     27.1670
      7.1186
      3.5593
      0.4437
      0.0137
      0.0001
      0.0003
      0.0024
      0.0046
      0.0022
      0.0003
      0.0000
      0.0000
      0.0003
      0.0083
      0.0570
      0.1995
      3.4273
     27.1713
     54.3339
      0.2195
      0.1098
      0.0137
      0.0004
      0.0003
      0.0071
      0.0475
      0.0797
      0.0334
      0.0035
      0.0001
      0.0000
      0.0001
      0.0043
      0.0346
      0.1195
      1.7266
     13.5875
     27.1671
      0.0017
      0.0008
      0.0001
      0.0004
      0.0044
      0.0442
      0.2350
      0.3454
      0.1279
      0.0118
      0.0003
      0.0000
      0.0000
      0.0006
      0.0052
      0.0184
      0.2179
      1.6944
      3.3870
      0.0000
      0.0000
      0.0003
      0.0073
      0.0473
      0.1233
      0.3118
      0.3763
      0.1225
      0.0100
      0.0002
      0.0000
      0.0000
      0.0000
      0.0002
      0.0007
      0.0070
      0.0533
      0.1065
      0.0000
      0.0000
      0.0016
      0.0336
      0.1793
      0.2569
      0.1828
      0.1447
      0.0494
      0.0048
      0.0001
      0.0000
      0.0000
      0.0000
      0.0000
      0.0005
      0.0167
      0.1338
      0.2677
      0.0000
      0.0000
      0.0021
      0.0389
      0.1793
      0.2687
      0.6256
      1.2190
      0.6519
      0.0873
      0.0029
      0.0000
      0.0000
      0.0000
      0.0001
      0.0166
      0.5395
      4.3275
      8.6550
      0.0000
      0.0000
      0.0007
      0.0114
      0.0591
      0.5648
      4.5136
      9.6918
      5.2142
      0.6997
      0.0232
      0.0002
      0.0000
      0.0000
      0.0010
      0.1335
      4.3275
     34.7116
     69.4233
      0.0000
      0.0000
      0.0001
      0.0018
      0.0353
      1.0477
      9.0068
     19.3821
     10.4283
      1.3994
      0.0465
      0.0004
      0.0000
      0.0000
      0.0020
      0.2669
      8.6550
     69.4233
    138.8466
