      0.0652
      0.0865
      0.1302
      0.1530
      0.1316
      0.0864
      0.0506
      0.0333
      0.0255
      0.0216
      0.0211
      0.0208
      0.0169
      0.0103
      0.0045
      0.0014
      0.0003
      0.0001
      0.0000
      0.0692
      0.0891
      0.1284
      0.1454
      0.1211
      0.0772
      0.0439
      0.0283
      0.0219
      0.0196
      0.0211
      0.0231
      0.0211
      0.0146
      0.0074
      0.0028
      0.0008
      0.0002
      0.0001
      0.0737
      0.0887
      0.1152
      0.1196
      0.0921
      0.0543
      0.0285
      0.0176
      0.0146
      0.0171
      0.0263
      0.0389
      0.0453
      0.0389
      0.0242
      0.0108
      0.0035
      0.0008
      0.0003
      0.0860
      0.0904
      0.0944
      0.0828
      0.0562
      0.0297
      0.0143
      0.0090
      0.0105
      0.0219
      0.0504
      0.0933
      0.1263
      0.1224
      0.0844
      0.0412
      0.0143
      0.0036
      0.0013
      0.2288
      0.2014
      0.1391
      0.0776
      0.0362
      0.0149
      0.0071
      0.0066
      0.0129
      0.0375
      0.1013
      0.2063
      0.3010
      0.3118
      0.2289
      0.1191
      0.0443
      0.0126
      0.0054
      0.9546
      0.8060
      0.4857
      0.2100
      0.0665
      0.0177
      0.0080
      0.0096
      0.0190
      0.0557
      0.1587
      0.3424
      0.5284
      0.5784
      0.4492
      0.2493
      0.1027
      0.0381
      0.0231
      3.1910
      2.6845
      1.5975
      0.6718
      0.2006
      0.0462
      0.0154
      0.0146
      0.0231
      0.0613
      0.1794
      0.4071
      0.6625
      0.7663
      0.6338
      0.3871
      0.1997
      0.1226
      0.1079
      7.5985
      6.3907
      3.7997
      1.5946
      0.4730
      0.1042
      0.0264
      0.0176
      0.0213
      0.0486
      0.1442
      0.3443
      0.5925
      0.7308
      0.6647
      0.4985
      0.4066
      0.4256
      0.4543
     12.7797
     10.7482
      6.3901
      2.6811
      0.7938
      0.1710
      0.0359
      0.0168
      0.0154
      0.0282
      0.0829
      0.2087
      0.3850
      0.5254
      0.5850
      0.6695
      0.9250
      1.2869
      1.4658
     15.1950
     12.7796
      7.5979
      3.1881
      0.9442
      0.2032
      0.0416
      0.0178
      0.0133
      0.0151
      0.0362
      0.0952
      0.1974
      0.3337
      0.5518
      1.0286
      1.9132
      2.9408
      3.4179
     12.7797
     10.7485
      6.3916
      2.6855
      0.8035
      0.1869
      0.0565
      0.0372
      0.0279
      0.0184
      0.0181
      0.0402
      0.1020
      0.2453
      0.6066
      1.4755
      3.0505
      4.8455
      5.6730
      7.5985
      6.3924
      3.8084
      1.6199
      0.5250
      0.1847
      0.1227
      0.1063
      0.0775
      0.0435
      0.0217
      0.0240
      0.0673
      0.2085
      0.6213
      1.6529
      3.5367
      5.6893
      6.6829
      3.1910
      2.6915
      1.6334
      0.7707
      0.3900
      0.3154
      0.3089
      0.2627
      0.1768
      0.0912
      0.0370
      0.0210
      0.0471
      0.1571
      0.4959
      1.3564
      2.9390
      4.7546
      5.5944
      0.9546
      0.8270
      0.5900
      0.4867
      0.5678
      0.6821
      0.6785
      0.5376
      0.3372
      0.1645
      0.0616
      0.0223
      0.0282
      0.0911
      0.2945
      0.8163
      1.7806
      2.8900
      3.4038
      0.2288
      0.2456
      0.3549
      0.6370
      1.0200
      1.2824
      1.2645
      0.9996
      0.6357
      0.3178
      0.1208
      0.0358
      0.0175
      0.0441
      0.1512
      0.4376
      0.9744
      1.5953
      1.8835
      0.0860
      0.1559
      0.4136
      0.9083
      1.5227
      1.9928
      2.1173
      1.8557
      1.3105
      0.7134
      0.2879
      0.0846
      0.0232
      0.0351
      0.1414
      0.4567
      1.0681
      1.7834
      2.1164
      0.0737
      0.1586
      0.4610
      1.0416
      1.8424
      2.6840
      3.2932
      3.3075
      2.5785
      1.4926
      0.6242
      0.1864
      0.0468
      0.0599
      0.2601
      0.8756
      2.0832
      3.5011
      4.1620
      0.0692
      0.1480
      0.4296
      1.0044
      1.9474
      3.2452
      4.5274
      4.9701
      4.0756
      2.4218
      1.0263
      0.3085
      0.0771
      0.0973
      0.4262
      1.4416
      3.4363
      5.7797
      6.8719
      0.0652
      0.1378
      0.3994
      0.9576
      1.9591
      3.4767
      5.0894
      5.7454
      4.7780
      2.8582
      1.2151
      0.3658
      0.0915
      0.1153
      0.5057
      1.7111
      4.0795
      6.8619
      8.1588
