      0.2418
      0.2456
      0.2576
      0.2801
      0.3156
      0.3638
      0.4202
      0.4784
      0.5318
      0.5731
      0.5901
      0.5673
      0.4971
      0.3895
      0.2700
      0.1661
      0.0937
      0.0541
      0.0420
      0.2505
      0.2526
      0.2601
      0.2760
      0.3037
      0.3441
      0.3942
      0.4491
      0.5038
      0.5513
      0.5790
      0.5692
      0.5107
      0.4101
      0.2916
      0.1839
      0.1058
      0.0617
      0.0479
      0.2944
      0.2906
      0.2818
      0.2750
      0.2780
      0.2956
      0.3284
      0.3749
      0.4333
      0.4985
      0.5563
      0.5831
      0.5577
      0.4769
      0.3607
      0.2412
      0.1460
      0.0880
      0.0690
      0.4293
      0.4115
      0.3659
      0.3111
      0.2668
      0.2456
      0.2520
      0.2869
      0.3511
      0.4416
      0.5428
      0.6231
      0.6472
      0.5965
      0.4839
      0.3462
      0.2241
      0.1442
      0.1169
      0.7436
      0.6983
      0.5811
      0.4365
      0.3095
      0.2269
      0.1959
      0.2150
      0.2838
      0.4000
      0.5477
      0.6884
      0.7712
      0.7600
      0.6571
      0.5031
      0.3528
      0.2490
      0.2126
      1.3220
      1.2302
      0.9929
      0.7002
      0.4408
      0.2644
      0.1790
      0.1738
      0.2400
      0.3733
      0.5580
      0.7529
      0.8958
      0.9344
      0.8586
      0.7082
      0.5477
      0.4319
      0.3906
      2.1687
      2.0117
      1.6066
      1.1078
      0.6661
      0.3627
      0.2045
      0.1637
      0.2157
      0.3493
      0.5505
      0.7812
      0.9775
      1.0777
      1.0603
      0.9569
      0.8296
      0.7338
      0.6993
      3.1334
      2.9040
      2.3126
      1.5856
      0.9433
      0.5012
      0.2638
      0.1816
      0.2086
      0.3236
      0.5154
      0.7565
      0.9933
      1.1666
      1.2470
      1.2506
      1.2206
      1.1934
      1.1837
      3.9213
      3.6342
      2.8948
      1.9881
      1.1901
      0.6434
      0.3476
      0.2318
      0.2296
      0.3106
      0.4691
      0.6951
      0.9566
      1.2089
      1.4206
      1.5872
      1.7171
      1.8073
      1.8408
      4.2275
      3.9204
      3.1309
      2.1674
      1.3272
      0.7597
      0.4562
      0.3300
      0.3014
      0.3374
      0.4433
      0.6321
      0.8999
      1.2237
      1.5751
      1.9284
      2.2488
      2.4818
      2.5684
      3.9213
      3.6421
      2.9278
      2.0655
      1.3291
      0.8489
      0.6027
      0.4951
      0.4444
      0.4255
      0.4619
      0.5926
      0.8423
      1.2095
      1.6709
      2.1819
      2.6684
      3.0277
      3.1614
      3.1334
      2.9213
      2.3845
      1.7533
      1.2419
      0.9391
      0.8031
      0.7348
      0.6610
      0.5750
      0.5253
      0.5771
      0.7776
      1.1406
      1.6455
      2.2352
      2.8104
      3.2385
      3.3980
      2.1687
      2.0402
      1.7249
      1.3819
      1.1497
      1.0646
      1.0602
      1.0352
      0.9307
      0.7653
      0.6161
      0.5711
      0.6912
      0.9958
      1.4634
      2.0318
      2.5950
      3.0163
      3.1735
      1.3220
      1.2710
      1.1615
      1.0883
      1.1202
      1.2414
      1.3593
      1.3683
      1.2242
      0.9725
      0.7179
      0.5668
      0.5855
      0.7906
      1.1567
      1.6227
      2.0919
      2.4447
      2.5764
      0.7436
      0.7509
      0.7976
      0.9329
      1.1734
      1.4617
      1.6790
      1.7117
      1.5252
      1.1881
      0.8302
      0.5731
      0.4848
      0.5749
      0.8132
      1.1423
      1.4822
      1.7402
      1.8368
      0.4293
      0.4741
      0.6229
      0.8991
      1.2880
      1.7024
      1.9999
      2.0536
      1.8306
      1.4159
      0.9616
      0.6051
      0.4171
      0.4016
      0.5230
      0.7272
      0.9499
      1.1222
      1.1871
      0.2944
      0.3605
      0.5692
      0.9328
      1.4213
      1.9294
      2.2941
      2.3714
      2.1230
      1.6440
      1.1057
      0.6625
      0.3919
      0.2951
      0.3319
      0.4492
      0.5920
      0.7067
      0.7505
      0.2505
      0.3272
      0.5667
      0.9783
      1.5268
      2.0968
      2.5110
      2.6100
      2.3480
      1.8247
      1.2260
      0.7207
      0.3940
      0.2468
      0.2355
      0.3065
      0.4083
      0.4940
      0.5273
      0.2418
      0.3217
      0.5707
      0.9979
      1.5669
      2.1593
      2.5922
      2.7004
      2.4342
      1.8949
      1.2737
      0.7455
      0.3986
      0.2343
      0.2079
      0.2650
      0.3549
      0.4324
      0.4627
