      0.1976
      0.2183
      0.2615
      0.2896
      0.2814
      0.2486
      0.2190
      0.2131
      0.2368
      0.2824
      0.3256
      0.3327
      0.2858
      0.2011
      0.1144
      0.0526
      0.0200
      0.0071
      0.0041
      0.2015
      0.2193
      0.2557
      0.2763
      0.2632
      0.2287
      0.1989
      0.1924
      0.2144
      0.2578
      0.3005
      0.3109
      0.2711
      0.1939
      0.1125
      0.0528
      0.0205
      0.0074
      0.0042
      0.2203
      0.2295
      0.2450
      0.2439
      0.2176
      0.1793
      0.1502
      0.1432
      0.1610
      0.1979
      0.2374
      0.2543
      0.2307
      0.1727
      0.1054
      0.0523
      0.0215
      0.0082
      0.0048
      0.3062
      0.2971
      0.2692
      0.2245
      0.1723
      0.1270
      0.0999
      0.0938
      0.1065
      0.1334
      0.1650
      0.1846
      0.1771
      0.1416
      0.0933
      0.0509
      0.0239
      0.0112
      0.0078
      0.6207
      0.5693
      0.4413
      0.2937
      0.1748
      0.1031
      0.0721
      0.0665
      0.0741
      0.0892
      0.1088
      0.1254
      0.1284
      0.1126
      0.0840
      0.0552
      0.0352
      0.0255
      0.0229
      1.4509
      1.3056
      0.9528
      0.5679
      0.2848
      0.1341
      0.0779
      0.0661
      0.0670
      0.0704
      0.0778
      0.0896
      0.1002
      0.1027
      0.0961
      0.0872
      0.0824
      0.0825
      0.0834
      3.0468
      2.7305
      1.9660
      1.1409
      0.5434
      0.2311
      0.1138
      0.0829
      0.0739
      0.0671
      0.0664
      0.0785
      0.1027
      0.1322
      0.1625
      0.1946
      0.2297
      0.2603
      0.2730
      5.2628
      4.7128
      3.3847
      1.9537
      0.9188
      0.3761
      0.1669
      0.1054
      0.0840
      0.0699
      0.0679
      0.0909
      0.1448
      0.2268
      0.3311
      0.4536
      0.5835
      0.6905
      0.7329
      7.3236
      6.5575
      4.7083
      2.7166
      1.2768
      0.5210
      0.2273
      0.1377
      0.1049
      0.0844
      0.0846
      0.1285
      0.2336
      0.4055
      0.6402
      0.9274
      1.2346
      1.4864
      1.5858
      8.1778
      7.3233
      5.2619
      3.0458
      1.4512
      0.6237
      0.3096
      0.2145
      0.1711
      0.1351
      0.1277
      0.1898
      0.3569
      0.6464
      1.0576
      1.5715
      2.1251
      2.5786
      2.7576
      7.3236
      6.5620
      4.7290
      2.7715
      1.3875
      0.7011
      0.4660
      0.3959
      0.3330
      0.2531
      0.2063
      0.2607
      0.4706
      0.8635
      1.4396
      2.1692
      2.9572
      3.6021
      3.8561
      5.2628
      4.7254
      3.4419
      2.1015
      1.2085
      0.8333
      0.7557
      0.7246
      0.6153
      0.4466
      0.3143
      0.3163
      0.5174
      0.9451
      1.5952
      2.4272
      3.3260
      4.0592
      4.3474
      3.0468
      2.7573
      2.0848
      1.4382
      1.1044
      1.0830
      1.1710
      1.1566
      0.9632
      0.6690
      0.4199
      0.3344
      0.4707
      0.8427
      1.4370
      2.2086
      3.0432
      3.7220
      3.9882
      1.4509
      1.3518
      1.1522
      1.0498
      1.1571
      1.4020
      1.5864
      1.5386
      1.2399
      0.8258
      0.4762
      0.3081
      0.3573
      0.6176
      1.0698
      1.6756
      2.3401
      2.8834
      3.0966
      0.6207
      0.6338
      0.7140
      0.9311
      1.2812
      1.6383
      1.8154
      1.6927
      1.3103
      0.8376
      0.4528
      0.2484
      0.2341
      0.3919
      0.7113
      1.1753
      1.7126
      2.1655
      2.3456
      0.3062
      0.3707
      0.5748
      0.9176
      1.3279
      1.6571
      1.7518
      1.5556
      1.1518
      0.7069
      0.3634
      0.1784
      0.1459
      0.2564
      0.5286
      0.9805
      1.5532
      2.0613
      2.2679
      0.2203
      0.2995
      0.5312
      0.8765
      1.2343
      1.4648
      1.4652
      1.2352
      0.8743
      0.5167
      0.2563
      0.1206
      0.1043
      0.2236
      0.5413
      1.1173
      1.8898
      2.5962
      2.8870
      0.2015
      0.2791
      0.4975
      0.8000
      1.0791
      1.2178
      1.1573
      0.9310
      0.6342
      0.3644
      0.1778
      0.0864
      0.0941
      0.2450
      0.6426
      1.3826
      2.3923
      3.3240
      3.7091
      0.1976
      0.2727
      0.4808
      0.7602
      1.0044
      1.1074
      1.0279
      0.8094
      0.5421
      0.3082
      0.1501
      0.0757
      0.0939
      0.2608
      0.6966
      1.5110
      2.6260
      3.6567
      4.0829
