      0.2638
      0.2870
      0.3354
      0.3668
      0.3584
      0.3234
      0.2898
      0.2735
      0.2762
      0.2934
      0.3114
      0.3063
      0.2616
      0.1863
      0.1085
      0.0513
      0.0197
      0.0066
      0.0034
      0.2614
      0.2818
      0.3234
      0.3472
      0.3336
      0.2964
      0.2624
      0.2469
      0.2518
      0.2738
      0.2998
      0.3054
      0.2709
      0.2012
      0.1228
      0.0611
      0.0249
      0.0088
      0.0046
      0.2518
      0.2649
      0.2886
      0.2939
      0.2688
      0.2282
      0.1953
      0.1828
      0.1945
      0.2304
      0.2804
      0.3180
      0.3134
      0.2587
      0.1759
      0.0978
      0.0446
      0.0178
      0.0102
      0.2447
      0.2469
      0.2454
      0.2267
      0.1897
      0.1490
      0.1207
      0.1145
      0.1371
      0.1951
      0.2843
      0.3749
      0.4197
      0.3879
      0.2925
      0.1797
      0.0909
      0.0412
      0.0262
      0.2926
      0.2783
      0.2389
      0.1848
      0.1301
      0.0878
      0.0651
      0.0662
      0.1010
      0.1852
      0.3237
      0.4844
      0.5968
      0.5981
      0.4863
      0.3231
      0.1809
      0.0960
      0.0694
      0.4941
      0.4501
      0.3413
      0.2175
      0.1196
      0.0611
      0.0369
      0.0416
      0.0846
      0.1896
      0.3723
      0.6023
      0.7904
      0.8400
      0.7279
      0.5263
      0.3378
      0.2220
      0.1855
      0.9348
      0.8398
      0.6092
      0.3577
      0.1717
      0.0705
      0.0317
      0.0327
      0.0749
      0.1839
      0.3843
      0.6551
      0.9050
      1.0193
      0.9549
      0.7804
      0.6104
      0.5111
      0.4820
      1.5738
      1.4099
      1.0135
      0.5850
      0.2729
      0.1069
      0.0432
      0.0346
      0.0666
      0.1585
      0.3397
      0.6055
      0.8863
      1.0796
      1.1375
      1.1132
      1.0988
      1.1234
      1.1427
      2.1774
      1.9498
      1.4003
      0.8086
      0.3811
      0.1578
      0.0739
      0.0567
      0.0730
      0.1325
      0.2662
      0.4902
      0.7751
      1.0612
      1.3209
      1.5916
      1.9079
      2.2028
      2.3277
      2.4288
      2.1758
      1.5667
      0.9151
      0.4530
      0.2230
      0.1458
      0.1295
      0.1271
      0.1433
      0.2154
      0.3825
      0.6608
      1.0473
      1.5539
      2.2115
      2.9813
      3.6551
      3.9296
      2.1774
      1.9543
      1.4212
      0.8632
      0.4905
      0.3344
      0.3062
      0.3024
      0.2714
      0.2263
      0.2228
      0.3259
      0.5882
      1.0533
      1.7719
      2.7757
      3.9619
      4.9889
      5.4036
      1.5738
      1.4230
      1.0719
      0.7334
      0.5587
      0.5515
      0.6088
      0.6172
      0.5313
      0.3918
      0.2887
      0.3116
      0.5305
      1.0074
      1.8093
      2.9663
      4.3416
      5.5290
      6.0072
      0.9348
      0.8687
      0.7350
      0.6657
      0.7404
      0.9178
      1.0670
      1.0644
      0.8842
      0.6131
      0.3853
      0.3084
      0.4459
      0.8460
      1.5625
      2.6147
      3.8682
      4.9486
      5.3830
      0.4941
      0.5022
      0.5636
      0.7461
      1.0609
      1.4106
      1.6266
      1.5778
      1.2704
      0.8471
      0.4857
      0.3016
      0.3344
      0.5967
      1.1095
      1.8747
      2.7870
      3.5714
      3.8863
      0.2926
      0.3557
      0.5656
      0.9475
      1.4579
      1.9462
      2.2064
      2.1006
      1.6644
      1.0905
      0.5973
      0.3071
      0.2346
      0.3522
      0.6429
      1.0914
      1.6278
      2.0881
      2.2725
      0.2447
      0.3430
      0.6501
      1.1690
      1.8261
      2.4388
      2.7679
      2.6492
      2.1175
      1.3998
      0.7628
      0.3556
      0.1834
      0.1854
      0.3103
      0.5267
      0.7906
      1.0176
      1.1086
      0.2518
      0.3674
      0.7242
      1.3225
      2.0905
      2.8407
      3.3003
      3.2444
      2.6640
      1.8048
      0.9999
      0.4550
      0.1857
      0.1075
      0.1386
      0.2326
      0.3563
      0.4649
      0.5087
      0.2614
      0.3819
      0.7549
      1.3902
      2.2359
      3.1160
      3.7268
      3.7692
      3.1738
      2.1957
      1.2357
      0.5633
      0.2135
      0.0857
      0.0754
      0.1230
      0.1965
      0.2638
      0.2914
      0.2638
      0.3846
      0.7599
      1.4053
      2.2805
      3.2166
      3.8965
      3.9867
      3.3894
      2.3626
      1.3371
      0.6110
      0.2286
      0.0835
      0.0620
      0.0994
      0.1628
      0.2222
      0.2467
