      0.0000
      0.0000
      0.0000
      0.0000
      0.0000
      0.0000
      0.0000
      0.0000
      0.0000
      0.0000
      0.0000
      0.0000
      0.0000
      0.0000
      0.0000
      0.0000
      0.0000
      0.0000
      0.0000
      0.0000
      0.0000
      0.0000
      0.0000
      0.0000
      0.0000
      0.0000
      0.0000
      0.0000
      0.0000
      0.0000
      0.0000
      0.0000
      0.0000
      0.0000
      0.0000
      0.0000
      0.0000
      0.0000
      0.0000
      0.0000
      0.0000
      0.0000
      0.0000
      0.0000
      0.0000
      0.0000
      0.0000
      0.0000
      0.0000
      0.0000
      0.0000
      0.0000
      0.0000
      0.0000
      0.0000
      0.0000
      0.0000
      0.0000
      0.0000
      0.0000
      0.0000
      0.0000
      0.0000
      0.0000
      0.0000
      0.0000
      0.0000
      0.0000
      0.0000
      0.0000
      0.0000
      0.0000
      0.0000
      0.0000
      0.0000
      0.0000
      0.0000
      0.0000
      0.0000
      0.0000
      0.0000
      0.0000
      0.0000
      0.0000
      0.0000
      0.0000
      0.0000
      0.0001
      0.0005
      0.0005
      0.0002
      0.0000
      0.0000
      0.0000
      0.0000
      0.0006
      0.0003
      0.0000
      0.0000
      0.0000
      0.0000
      0.0000
      0.0000
      0.0000
      0.0000
      0.0000
      0.0008
      0.0045
      0.0065
      0.0023
      0.0002
      0.0000
      0.0000
      0.0000
      0.0758
      0.0379
      0.0047
      0.0001
      0.0000
      0.0000
      0.0000
      0.0000
      0.0000
      0.0000
      0.0001
      0.0016
      0.0112
      0.0197
      0.0087
      0.0010
      0.0000
      0.0000
      0.0000
      2.4583
      1.2291
      0.1532
      0.0047
      0.0000
      0.0000
      0.0000
      0.0000
      0.0000
      0.0000
      0.0000
      0.0008
      0.0070
      0.0150
      0.0081
      0.0011
      0.0001
      0.0004
      0.0009
     19.7185
      9.8592
      1.2291
      0.0379
      0.0003
      0.0000
      0.0000
      0.0000
      0.0000
      0.0000
      0.0000
      0.0001
      0.0011
      0.0029
      0.0021
      0.0008
      0.0075
      0.0591
      0.1183
     39.4370
     19.7185
      2.4583
      0.0758
      0.0006
      0.0000
      0.0000
      0.0000
      0.0000
      0.0000
      0.0000
      0.0000
      0.0001
      0.0021
      0.0099
      0.0195
      0.2429
      1.9179
      3.8351
     19.7185
      9.8592
      1.2291
      0.0379
      0.0003
      0.0000
      0.0001
      0.0003
      0.0001
      0.0000
      0.0000
      0.0000
      0.0007
      0.0163
      0.0950
      0.1964
      1.9675
     15.3858
     30.7624
      2.4583
      1.2291
      0.1532
      0.0047
      0.0001
      0.0013
      0.0098
      0.0187
      0.0089
      0.0011
      0.0000
      0.0000
      0.0012
      0.0339
      0.2309
      0.5070
      3.9995
     30.7796
     61.5252
      0.0758
      0.0379
      0.0047
      0.0002
      0.0011
      0.0289
      0.1942
      0.3260
      0.1368
      0.0143
      0.0004
      0.0000
      0.0006
      0.0177
      0.1402
      0.3344
      2.0531
     15.3977
     30.7631
      0.0006
      0.0003
      0.0000
      0.0003
      0.0083
      0.1633
      0.9539
      1.4125
      0.5234
      0.0483
      0.0011
      0.0000
      0.0001
      0.0023
      0.0213
      0.0560
      0.2670
      1.9216
      3.8354
      0.0000
      0.0000
      0.0002
      0.0044
      0.0370
      0.2632
      1.1827
      1.5305
      0.5008
      0.0408
      0.0008
      0.0000
      0.0000
      0.0001
      0.0008
      0.0024
      0.0089
      0.0598
      0.1192
      0.0000
      0.0000
      0.0009
      0.0199
      0.1098
      0.2223
      0.4507
      0.5188
      0.1743
      0.0159
      0.0004
      0.0000
      0.0000
      0.0000
      0.0000
      0.0003
      0.0078
      0.0628
      0.1256
      0.0000
      0.0000
      0.0013
      0.0231
      0.1105
      0.3039
      1.5947
      3.3304
      1.7828
      0.2387
      0.0079
      0.0001
      0.0000
      0.0000
      0.0001
      0.0078
      0.2520
      2.0216
      4.0431
      0.0000
      0.0000
      0.0004
      0.0069
      0.0669
      1.4504
     12.3068
     26.4727
     14.2430
      1.9113
      0.0635
      0.0005
      0.0000
      0.0000
      0.0005
      0.0623
      2.0216
     16.2153
     32.4306
      0.0000
      0.0000
      0.0001
      0.0015
      0.0848
      2.8519
     24.6007
     52.9438
     28.4859
      3.8226
      0.1270
      0.0010
      0.0000
      0.0000
      0.0009
      0.1247
      4.0431
     32.4306
     64.8611
