      0.4822
      0.4974
      0.5318
      0.5618
      0.5699
      0.5552
      0.5273
      0.4958
      0.4640
      0.4307
      0.3916
      0.3420
      0.2795
      0.2088
      0.1405
      0.0855
      0.0490
      0.0298
      0.0241
      0.4809
      0.4932
      0.5203
      0.5416
      0.5427
      0.5242
      0.4960
      0.4670
      0.4401
      0.4134
      0.3820
      0.3400
      0.2838
      0.2169
      0.1495
      0.0931
      0.0543
      0.0332
      0.0268
      0.4887
      0.4925
      0.4981
      0.4942
      0.4753
      0.4466
      0.4179
      0.3960
      0.3819
      0.3720
      0.3602
      0.3379
      0.2986
      0.2423
      0.1776
      0.1177
      0.0726
      0.0462
      0.0377
      0.5460
      0.5352
      0.5041
      0.4577
      0.4060
      0.3610
      0.3312
      0.3185
      0.3197
      0.3293
      0.3407
      0.3436
      0.3274
      0.2870
      0.2280
      0.1646
      0.1118
      0.0784
      0.0672
      0.7240
      0.6902
      0.6012
      0.4877
      0.3836
      0.3108
      0.2744
      0.2672
      0.2791
      0.3028
      0.3327
      0.3595
      0.3690
      0.3502
      0.3039
      0.2439
      0.1886
      0.1516
      0.1388
      1.0978
      1.0291
      0.8518
      0.6346
      0.4461
      0.3233
      0.2661
      0.2537
      0.2658
      0.2928
      0.3323
      0.3780
      0.4150
      0.4271
      0.4093
      0.3718
      0.3326
      0.3054
      0.2960
      1.6822
      1.5663
      1.2689
      0.9081
      0.5985
      0.3975
      0.2995
      0.2672
      0.2673
      0.2868
      0.3269
      0.3869
      0.4545
      0.5122
      0.5500
      0.5712
      0.5851
      0.5957
      0.6000
      2.3709
      2.2028
      1.7719
      1.2496
      0.8004
      0.5044
      0.3518
      0.2888
      0.2688
      0.2741
      0.3092
      0.3803
      0.4827
      0.6037
      0.7320
      0.8612
      0.9812
      1.0706
      1.1042
      2.9429
      2.7331
      2.1952
      1.5427
      0.9794
      0.6037
      0.4026
      0.3102
      0.2693
      0.2586
      0.2853
      0.3640
      0.5025
      0.6998
      0.9490
      1.2323
      1.5102
      1.7199
      1.7988
      3.1668
      2.9426
      2.3683
      1.6725
      1.0723
      0.6706
      0.4515
      0.3437
      0.2866
      0.2587
      0.2716
      0.3501
      0.5172
      0.7885
      1.1653
      1.6199
      2.0790
      2.4292
      2.5612
      2.9429
      2.7403
      2.2228
      1.5998
      1.0677
      0.7155
      0.5220
      0.4176
      0.3468
      0.2950
      0.2825
      0.3453
      0.5215
      0.8418
      1.3166
      1.9111
      2.5228
      2.9936
      3.1716
      2.3709
      2.2202
      1.8388
      1.3887
      1.0167
      0.7796
      0.6470
      0.5560
      0.4651
      0.3751
      0.3199
      0.3468
      0.5037
      0.8302
      1.3418
      2.0005
      2.6882
      3.2211
      3.4233
      1.6822
      1.5981
      1.3914
      1.1633
      0.9959
      0.9033
      0.8418
      0.7583
      0.6324
      0.4871
      0.3730
      0.3466
      0.4584
      0.7478
      1.2302
      1.8677
      2.5420
      3.0681
      3.2683
      1.0978
      1.0777
      1.0392
      1.0245
      1.0517
      1.0912
      1.0857
      0.9932
      0.8174
      0.6061
      0.4268
      0.3412
      0.3965
      0.6261
      1.0418
      1.6085
      2.2170
      2.6956
      2.8782
      0.7240
      0.7540
      0.8467
      0.9972
      1.1715
      1.3045
      1.3285
      1.2129
      0.9835
      0.7099
      0.4724
      0.3355
      0.3419
      0.5191
      0.8770
      1.3839
      1.9390
      2.3801
      2.5492
      0.5460
      0.6083
      0.7850
      1.0395
      1.3027
      1.4869
      1.5196
      1.3796
      1.1082
      0.7890
      0.5101
      0.3382
      0.3152
      0.4689
      0.8122
      1.3168
      1.8802
      2.3331
      2.5076
      0.4887
      0.5679
      0.7878
      1.0935
      1.3979
      1.6029
      1.6360
      1.4818
      1.1885
      0.8448
      0.5426
      0.3519
      0.3191
      0.4791
      0.8524
      1.4127
      2.0466
      2.5599
      2.7585
      0.4809
      0.5669
      0.8032
      1.1272
      1.4447
      1.6554
      1.6886
      1.5311
      1.2320
      0.8796
      0.5674
      0.3689
      0.3371
      0.5155
      0.9330
      1.5640
      2.2819
      2.8653
      3.0913
      0.4822
      0.5697
      0.8097
      1.1373
      1.4569
      1.6684
      1.7020
      1.5450
      1.2457
      0.8918
      0.5770
      0.3766
      0.3465
      0.5342
      0.9721
      1.6347
      2.3896
      3.0036
      3.2416
