      0.3506
      0.3784
      0.4317
      0.4492
      0.3949
      0.2886
      0.1835
      0.1240
      0.1231
      0.1658
      0.2188
      0.2449
      0.2243
      0.1665
      0.0999
      0.0485
      0.0191
      0.0065
      0.0033
      0.3454
      0.3698
      0.4151
      0.4250
      0.3685
      0.2662
      0.1682
      0.1146
      0.1175
      0.1641
      0.2242
      0.2607
      0.2495
      0.1948
      0.1237
      0.0639
      0.0269
      0.0098
      0.0052
      0.3247
      0.3404
      0.3656
      0.3580
      0.2986
      0.2095
      0.1313
      0.0942
      0.1086
      0.1691
      0.2540
      0.3257
      0.3454
      0.2999
      0.2122
      0.1220
      0.0570
      0.0229
      0.0130
      0.2909
      0.2953
      0.2955
      0.2691
      0.2116
      0.1436
      0.0930
      0.0788
      0.1121
      0.1995
      0.3330
      0.4721
      0.5512
      0.5239
      0.4033
      0.2508
      0.1265
      0.0550
      0.0330
      0.2841
      0.2747
      0.2453
      0.1973
      0.1416
      0.0951
      0.0717
      0.0803
      0.1345
      0.2572
      0.4581
      0.6944
      0.8646
      0.8730
      0.7116
      0.4680
      0.2506
      0.1175
      0.0749
      0.3825
      0.3522
      0.2761
      0.1874
      0.1171
      0.0794
      0.0735
      0.0969
      0.1644
      0.3141
      0.5762
      0.9119
      1.1887
      1.2566
      1.0736
      0.7437
      0.4247
      0.2185
      0.1504
      0.6528
      0.5885
      0.4329
      0.2653
      0.1478
      0.0955
      0.0910
      0.1159
      0.1802
      0.3303
      0.6137
      1.0054
      1.3652
      1.5086
      1.3551
      0.9986
      0.6223
      0.3647
      0.2769
      1.0690
      0.9590
      0.6944
      0.4131
      0.2183
      0.1297
      0.1114
      0.1256
      0.1709
      0.2908
      0.5406
      0.9158
      1.3001
      1.5141
      1.4512
      1.1666
      0.8241
      0.5720
      0.4824
      1.4697
      1.3175
      0.9516
      0.5633
      0.2936
      0.1668
      0.1312
      0.1310
      0.1508
      0.2233
      0.4013
      0.7006
      1.0511
      1.3150
      1.3822
      1.2557
      1.0403
      0.8591
      0.7906
      1.6377
      1.4688
      1.0641
      0.6369
      0.3441
      0.2100
      0.1729
      0.1647
      0.1596
      0.1804
      0.2758
      0.4790
      0.7677
      1.0588
      1.2560
      1.3162
      1.2725
      1.2009
      1.1686
      1.4697
      1.3221
      0.9716
      0.6119
      0.3827
      0.2985
      0.2899
      0.2823
      0.2467
      0.2077
      0.2197
      0.3318
      0.5559
      0.8513
      1.1394
      1.3482
      1.4545
      1.4866
      1.4903
      1.0690
      0.9732
      0.7549
      0.5576
      0.4774
      0.5028
      0.5500
      0.5382
      0.4470
      0.3222
      0.2400
      0.2645
      0.4219
      0.6909
      1.0057
      1.2850
      1.4757
      1.5734
      1.6015
      0.6528
      0.6215
      0.5719
      0.5904
      0.7146
      0.8883
      0.9978
      0.9557
      0.7650
      0.5142
      0.3155
      0.2447
      0.3250
      0.5340
      0.8139
      1.0904
      1.3043
      1.4312
      1.4723
      0.3825
      0.4142
      0.5351
      0.7831
      1.1341
      1.4704
      1.6342
      1.5301
      1.1961
      0.7785
      0.4354
      0.2548
      0.2469
      0.3780
      0.5976
      0.8493
      1.0791
      1.2404
      1.2987
      0.2841
      0.3705
      0.6438
      1.1088
      1.6886
      2.2031
      2.4399
      2.2798
      1.7840
      1.1607
      0.6310
      0.3118
      0.2060
      0.2676
      0.4551
      0.7363
      1.0585
      1.3268
      1.4327
      0.2909
      0.4185
      0.8113
      1.4612
      2.2669
      3.0056
      3.3982
      3.2553
      2.6154
      1.7429
      0.9575
      0.4463
      0.2264
      0.2432
      0.4665
      0.8895
      1.4463
      1.9481
      2.1533
      0.3247
      0.4765
      0.9451
      1.7330
      2.7538
      3.7724
      4.4296
      4.4074
      3.6640
      2.5118
      1.4075
      0.6531
      0.3031
      0.2990
      0.6210
      1.2864
      2.2010
      3.0435
      3.3913
      0.3454
      0.5068
      1.0104
      1.8823
      3.0720
      4.3516
      5.2885
      5.4250
      4.6225
      3.2291
      1.8338
      0.8556
      0.3910
      0.3799
      0.8099
      1.7161
      2.9744
      4.1395
      4.6214
      0.3506
      0.5139
      1.0264
      1.9263
      3.1820
      4.5716
      5.6312
      5.8416
      5.0201
      3.5287
      2.0128
      0.9414
      0.4298
      0.4172
      0.8941
      1.9022
      3.3045
      4.6040
      5.1418
