      0.2714
      0.2928
      0.3346
      0.3512
      0.3163
      0.2441
      0.1704
      0.1211
      0.1014
      0.1035
      0.1141
      0.1184
      0.1065
      0.0799
      0.0494
      0.0253
      0.0113
      0.0053
      0.0038
      0.2720
      0.2902
      0.3245
      0.3336
      0.2954
      0.2248
      0.1554
      0.1108
      0.0958
      0.1036
      0.1221
      0.1353
      0.1297
      0.1039
      0.0685
      0.0372
      0.0171
      0.0076
      0.0050
      0.2861
      0.2944
      0.3051
      0.2914
      0.2432
      0.1769
      0.1191
      0.0871
      0.0851
      0.1108
      0.1549
      0.1977
      0.2140
      0.1912
      0.1393
      0.0825
      0.0401
      0.0173
      0.0106
      0.3878
      0.3738
      0.3324
      0.2681
      0.1936
      0.1265
      0.0814
      0.0652
      0.0819
      0.1367
      0.2266
      0.3254
      0.3863
      0.3730
      0.2911
      0.1834
      0.0941
      0.0422
      0.0261
      0.7925
      0.7248
      0.5564
      0.3623
      0.2048
      0.1068
      0.0613
      0.0562
      0.0914
      0.1805
      0.3304
      0.5092
      0.6405
      0.6513
      0.5341
      0.3539
      0.1922
      0.0932
      0.0616
      1.8750
      1.6857
      1.2260
      0.7239
      0.3518
      0.1490
      0.0697
      0.0611
      0.1058
      0.2209
      0.4245
      0.6843
      0.8984
      0.9533
      0.8177
      0.5716
      0.3349
      0.1834
      0.1338
      3.9584
      3.5464
      2.5502
      1.4729
      0.6876
      0.2694
      0.1066
      0.0731
      0.1115
      0.2300
      0.4538
      0.7586
      1.0362
      1.1481
      1.0373
      0.7791
      0.5122
      0.3350
      0.2760
      6.8498
      6.1331
      4.4014
      2.5317
      1.1717
      0.4478
      0.1608
      0.0846
      0.1022
      0.1983
      0.3968
      0.6871
      0.9801
      1.1449
      1.1113
      0.9313
      0.7265
      0.5882
      0.5424
      9.5374
      8.5387
      6.1259
      3.5216
      1.6275
      0.6177
      0.2131
      0.0941
      0.0859
      0.1450
      0.2866
      0.5137
      0.7734
      0.9736
      1.0541
      1.0382
      0.9982
      0.9795
      0.9773
     10.6512
      9.5362
      6.8434
      3.9382
      1.8269
      0.7026
      0.2510
      0.1118
      0.0828
      0.1038
      0.1818
      0.3302
      0.5334
      0.7498
      0.9476
      1.1313
      1.3141
      1.4687
      1.5318
      9.5374
      8.5416
      6.1382
      3.5503
      1.6774
      0.6873
      0.2919
      0.1632
      0.1177
      0.1016
      0.1226
      0.2017
      0.3494
      0.5641
      0.8445
      1.1906
      1.5700
      1.8859
      2.0114
      6.8498
      6.1424
      4.4401
      2.6206
      1.3233
      0.6543
      0.3900
      0.2855
      0.2137
      0.1502
      0.1160
      0.1379
      0.2363
      0.4280
      0.7296
      1.1433
      1.6160
      2.0133
      2.1712
      3.9584
      3.5689
      2.6431
      1.6827
      1.0378
      0.7356
      0.6132
      0.5167
      0.3898
      0.2539
      0.1529
      0.1187
      0.1679
      0.3142
      0.5752
      0.9537
      1.3976
      1.7747
      1.9251
      1.8750
      1.7295
      1.4058
      1.1263
      1.0155
      1.0226
      1.0123
      0.8941
      0.6753
      0.4300
      0.2355
      0.1320
      0.1255
      0.2138
      0.4022
      0.6909
      1.0382
      1.3371
      1.4570
      0.7925
      0.7942
      0.8416
      1.0023
      1.2660
      1.5169
      1.6087
      1.4656
      1.1302
      0.7299
      0.3941
      0.1884
      0.1129
      0.1443
      0.2709
      0.4877
      0.7608
      1.0014
      1.0988
      0.3878
      0.4648
      0.7105
      1.1316
      1.6621
      2.1448
      2.3886
      2.2701
      1.8190
      1.2134
      0.6674
      0.3067
      0.1401
      0.1237
      0.2272
      0.4404
      0.7267
      0.9866
      1.0933
      0.2861
      0.3965
      0.7375
      1.3104
      2.0501
      2.7842
      3.2553
      3.2354
      2.6926
      1.8503
      1.0389
      0.4780
      0.2013
      0.1467
      0.2656
      0.5424
      0.9283
      1.2845
      1.4316
      0.2720
      0.3940
      0.7738
      1.4289
      2.3198
      3.2763
      3.9775
      4.0817
      3.4823
      2.4365
      1.3851
      0.6408
      0.2659
      0.1843
      0.3329
      0.6915
      1.1967
      1.6654
      1.8594
      0.2714
      0.3957
      0.7852
      1.4668
      2.4151
      3.4635
      4.2642
      4.4257
      3.8073
      2.6795
      1.5291
      0.7090
      0.2938
      0.2021
      0.3649
      0.7603
      1.3186
      1.8370
      2.0516
