      0.0000
      0.0000
      0.0000
      0.0000
      0.0000
      0.0000
      0.0000
      0.0000
      0.0000
      0.0000
      0.0000
      0.0000
      0.0000
      0.0000
      0.0000
      0.0000
      0.0000
      0.0000
      0.0000
      0.0000
      0.0000
      0.0000
      0.0000
      0.0000
      0.0000
      0.0000
      0.0000
      0.0000
      0.0000
      0.0000
      0.0000
      0.0000
      0.0000
      0.0000
      0.0000
      0.0000
      0.0000
      0.0000
      0.0000
      0.0000
      0.0000
      0.0000
      0.0000
      0.0000
      0.0000
      0.0000
      0.0000
      0.0000
      0.0000
      0.0000
      0.0000
      0.0000
      0.0000
      0.0000
      0.0000
      0.0000
      0.0000
      0.0000
      0.0000
      0.0000
      0.0000
      0.0000
      0.0000
      0.0000
      0.0000
      0.0000
      0.0000
      0.0000
      0.0000
      0.0000
      0.0000
      0.0000
      0.0000
      0.0000
      0.0000
      0.0000
      0.0000
      0.0000
      0.0000
      0.0000
      0.0000
      0.0000
      0.0000
      0.0000
      0.0000
      0.0000
      0.0000
      0.0000
      0.0001
      0.0001
      0.0000
      0.0000
      0.0000
      0.0000
      0.0000
      0.0023
      0.0011
      0.0001
      0.0000
      0.0000
      0.0000
      0.0000
      0.0000
      0.0000
      0.0000
      0.0000
      0.0002
      0.0009
      0.0012
      0.0004
      0.0000
      0.0000
      0.0000
      0.0000
      0.3039
      0.1519
      0.0189
      0.0006
      0.0000
      0.0000
      0.0000
      0.0000
      0.0000
      0.0000
      0.0000
      0.0003
      0.0021
      0.0038
      0.0017
      0.0002
      0.0000
      0.0000
      0.0000
      9.8535
      4.9267
      0.6142
      0.0189
      0.0001
      0.0000
      0.0000
      0.0000
      0.0000
      0.0000
      0.0000
      0.0002
      0.0013
      0.0029
      0.0016
      0.0002
      0.0001
      0.0004
      0.0008
     79.0366
     39.5183
      4.9267
      0.1519
      0.0011
      0.0000
      0.0000
      0.0000
      0.0000
      0.0000
      0.0000
      0.0000
      0.0002
      0.0006
      0.0004
      0.0003
      0.0069
      0.0551
      0.1102
    158.0733
     79.0366
      9.8535
      0.3039
      0.0023
      0.0000
      0.0000
      0.0000
      0.0000
      0.0000
      0.0000
      0.0000
      0.0000
      0.0001
      0.0006
      0.0077
      0.2233
      1.7868
      3.5732
     79.0366
     39.5183
      4.9267
      0.1519
      0.0011
      0.0000
      0.0000
      0.0000
      0.0000
      0.0000
      0.0000
      0.0000
      0.0000
      0.0009
      0.0059
      0.0633
      1.7903
     14.3315
     28.6612
      9.8535
      4.9267
      0.6142
      0.0189
      0.0001
      0.0001
      0.0006
      0.0011
      0.0005
      0.0001
      0.0000
      0.0000
      0.0001
      0.0020
      0.0141
      0.1328
      3.5832
     28.6625
     57.3221
      0.3039
      0.1519
      0.0189
      0.0006
      0.0002
      0.0019
      0.0113
      0.0189
      0.0079
      0.0008
      0.0000
      0.0000
      0.0000
      0.0010
      0.0085
      0.0710
      1.7945
     14.3315
     28.6610
      0.0023
      0.0011
      0.0002
      0.0008
      0.0061
      0.0195
      0.0597
      0.0823
      0.0303
      0.0028
      0.0001
      0.0000
      0.0000
      0.0001
      0.0013
      0.0097
      0.2244
      1.7868
      3.5732
      0.0000
      0.0000
      0.0006
      0.0147
      0.0916
      0.1531
      0.1216
      0.0938
      0.0292
      0.0024
      0.0000
      0.0000
      0.0000
      0.0000
      0.0000
      0.0003
      0.0070
      0.0555
      0.1109
      0.0000
      0.0000
      0.0032
      0.0683
      0.3628
      0.4858
      0.1888
      0.0565
      0.0177
      0.0019
      0.0001
      0.0000
      0.0000
      0.0000
      0.0000
      0.0002
      0.0058
      0.0466
      0.0932
      0.0000
      0.0001
      0.0043
      0.0791
      0.3618
      0.4456
      0.4127
      0.6427
      0.3410
      0.0457
      0.0015
      0.0000
      0.0000
      0.0000
      0.0000
      0.0058
      0.1868
      1.4984
      2.9968
      0.0000
      0.0000
      0.0015
      0.0230
      0.0976
      0.3611
      2.3800
      5.0771
      2.7310
      0.3665
      0.0122
      0.0001
      0.0000
      0.0000
      0.0003
      0.0462
      1.4984
     12.0188
     24.0375
      0.0000
      0.0000
      0.0002
      0.0034
      0.0267
      0.5556
      4.7188
     10.1516
      5.4619
      0.7329
      0.0243
      0.0002
      0.0000
      0.0000
      0.0007
      0.0924
      2.9968
     24.0375
     48.0751
