      0.0541
      0.0707
      0.1047
      0.1221
      0.1043
      0.0674
      0.0380
      0.0251
      0.0237
      0.0303
      0.0411
      0.0465
      0.0392
      0.0239
      0.0105
      0.0033
      0.0007
      0.0001
      0.0000
      0.0569
      0.0725
      0.1032
      0.1161
      0.0961
      0.0602
      0.0330
      0.0214
      0.0206
      0.0281
      0.0411
      0.0505
      0.0471
      0.0323
      0.0163
      0.0060
      0.0016
      0.0003
      0.0001
      0.0591
      0.0711
      0.0921
      0.0954
      0.0732
      0.0425
      0.0216
      0.0136
      0.0152
      0.0272
      0.0519
      0.0809
      0.0946
      0.0809
      0.0501
      0.0223
      0.0071
      0.0016
      0.0005
      0.0617
      0.0664
      0.0720
      0.0647
      0.0443
      0.0234
      0.0111
      0.0080
      0.0143
      0.0402
      0.1008
      0.1898
      0.2575
      0.2493
      0.1716
      0.0838
      0.0289
      0.0072
      0.0024
      0.1303
      0.1168
      0.0850
      0.0511
      0.0258
      0.0114
      0.0062
      0.0076
      0.0211
      0.0724
      0.2039
      0.4185
      0.6114
      0.6334
      0.4647
      0.2412
      0.0887
      0.0239
      0.0090
      0.5070
      0.4289
      0.2603
      0.1143
      0.0376
      0.0116
      0.0075
      0.0118
      0.0312
      0.1078
      0.3198
      0.6948
      1.0733
      1.1743
      0.9100
      0.5003
      0.1976
      0.0613
      0.0287
      1.6816
      1.4149
      0.8425
      0.3549
      0.1071
      0.0273
      0.0136
      0.0172
      0.0359
      0.1173
      0.3612
      0.8263
      1.3455
      1.5526
      1.2728
      0.7494
      0.3341
      0.1413
      0.0953
      4.0015
      3.3655
      2.0012
      0.8403
      0.2508
      0.0590
      0.0211
      0.0196
      0.0310
      0.0914
      0.2901
      0.6987
      1.2010
      1.4684
      1.2910
      0.8535
      0.4995
      0.3568
      0.3335
      6.7295
      5.6598
      3.3651
      1.4125
      0.4202
      0.0951
      0.0271
      0.0190
      0.0220
      0.0523
      0.1667
      0.4234
      0.7755
      1.0257
      1.0200
      0.8705
      0.8239
      0.9325
      1.0109
      8.0013
      6.7295
      4.0012
      1.6800
      0.5011
      0.1157
      0.0362
      0.0263
      0.0232
      0.0292
      0.0735
      0.1936
      0.3913
      0.6012
      0.7740
      1.0087
      1.4645
      2.0400
      2.3174
      6.7295
      5.6601
      3.3667
      1.4183
      0.4356
      0.1263
      0.0750
      0.0727
      0.0600
      0.0404
      0.0389
      0.0835
      0.1977
      0.3944
      0.7110
      1.2834
      2.2425
      3.3299
      3.8338
      4.0015
      3.3670
      2.0098
      0.8684
      0.3187
      0.1853
      0.2006
      0.2094
      0.1657
      0.0966
      0.0488
      0.0521
      0.1301
      0.3191
      0.6927
      1.4086
      2.5914
      3.9132
      4.5223
      1.6816
      1.4211
      0.8751
      0.4528
      0.3203
      0.3840
      0.4764
      0.4737
      0.3544
      0.1949
      0.0819
      0.0466
      0.0924
      0.2414
      0.5570
      1.1684
      2.1723
      3.2896
      3.8039
      0.5070
      0.4466
      0.3508
      0.3697
      0.5489
      0.7925
      0.9405
      0.8777
      0.6259
      0.3322
      0.1305
      0.0485
      0.0560
      0.1416
      0.3370
      0.7203
      1.3479
      2.0444
      2.3646
      0.1303
      0.1535
      0.2692
      0.5550
      0.9982
      1.4504
      1.6978
      1.5840
      1.1442
      0.6195
      0.2457
      0.0746
      0.0346
      0.0670
      0.1744
      0.4121
      0.8218
      1.2832
      1.4961
      0.0617
      0.1212
      0.3486
      0.8311
      1.5768
      2.4443
      3.1127
      3.1610
      2.4527
      1.4043
      0.5804
      0.1722
      0.0443
      0.0460
      0.1578
      0.4799
      1.0946
      1.8097
      2.1422
      0.0591
      0.1318
      0.4098
      1.0391
      2.1837
      3.8596
      5.5464
      6.1473
      5.0433
      2.9891
      1.2628
      0.3780
      0.0882
      0.0717
      0.2845
      0.9496
      2.2531
      3.7828
      4.4957
      0.0569
      0.1274
      0.4096
      1.1326
      2.6969
      5.3599
      8.3486
      9.6899
      8.1470
      4.8924
      2.0822
      0.6257
      0.1450
      0.1149
      0.4648
      1.5680
      3.7368
      6.2844
      7.4719
      0.0541
      0.1209
      0.3973
      1.1538
      2.9101
      6.0432
      9.6567
     11.3548
      9.6076
      5.7877
      2.4673
      0.7421
      0.1719
      0.1361
      0.5513
      1.8616
      4.4380
      7.4648
      8.8756
