      0.2790
      0.2929
      0.3306
      0.3831
      0.4415
      0.4964
      0.5349
      0.5419
      0.5091
      0.4423
      0.3577
      0.2724
      0.1963
      0.1333
      0.0845
      0.0501
      0.0290
      0.0184
      0.0153
      0.2794
      0.2913
      0.3237
      0.3691
      0.4202
      0.4691
      0.5046
      0.5125
      0.4848
      0.4257
      0.3496
      0.2715
      0.2004
      0.1398
      0.0911
      0.0555
      0.0328
      0.0210
      0.0174
      0.2891
      0.2952
      0.3121
      0.3372
      0.3685
      0.4025
      0.4313
      0.4427
      0.4279
      0.3881
      0.3327
      0.2726
      0.2142
      0.1600
      0.1121
      0.0736
      0.0467
      0.0315
      0.0267
      0.3368
      0.3328
      0.3236
      0.3163
      0.3189
      0.3342
      0.3567
      0.3738
      0.3742
      0.3552
      0.3221
      0.2825
      0.2400
      0.1953
      0.1504
      0.1099
      0.0791
      0.0607
      0.0548
      0.4720
      0.4521
      0.4025
      0.3473
      0.3107
      0.3039
      0.3204
      0.3420
      0.3523
      0.3453
      0.3262
      0.3023
      0.2760
      0.2454
      0.2105
      0.1763
      0.1495
      0.1337
      0.1287
      0.7452
      0.7013
      0.5912
      0.4652
      0.3719
      0.3326
      0.3365
      0.3550
      0.3634
      0.3547
      0.3377
      0.3234
      0.3148
      0.3080
      0.3003
      0.2946
      0.2945
      0.2987
      0.3013
      1.1648
      1.0887
      0.8967
      0.6740
      0.5007
      0.4111
      0.3882
      0.3903
      0.3841
      0.3626
      0.3399
      0.3330
      0.3483
      0.3827
      0.4327
      0.4966
      0.5672
      0.6257
      0.6487
      1.6549
      1.5430
      1.2598
      0.9273
      0.6596
      0.5048
      0.4412
      0.4155
      0.3873
      0.3497
      0.3214
      0.3252
      0.3742
      0.4725
      0.6207
      0.8113
      1.0151
      1.1773
      1.2398
      2.0601
      1.9192
      1.5618
      1.1382
      0.7887
      0.5730
      0.4676
      0.4130
      0.3650
      0.3162
      0.2872
      0.3062
      0.3970
      0.5783
      0.8616
      1.2334
      1.6319
      1.9475
      2.0686
      2.2183
      2.0669
      1.6818
      1.2231
      0.8395
      0.5948
      0.4663
      0.3947
      0.3359
      0.2824
      0.2553
      0.2885
      0.4194
      0.6866
      1.1167
      1.6916
      2.3120
      2.8040
      2.9928
      2.0601
      1.9221
      1.5715
      1.1547
      0.8066
      0.5838
      0.4641
      0.3933
      0.3318
      0.2741
      0.2435
      0.2802
      0.4354
      0.7660
      1.3136
      2.0564
      2.8635
      3.5053
      3.7517
      1.6549
      1.5508
      1.2884
      0.9815
      0.7324
      0.5794
      0.4979
      0.4403
      0.3754
      0.3045
      0.2568
      0.2794
      0.4325
      0.7841
      1.3836
      2.2081
      3.1094
      3.8281
      4.1044
      1.1648
      1.1046
      0.9568
      0.7943
      0.6778
      0.6194
      0.5881
      0.5430
      0.4648
      0.3666
      0.2870
      0.2791
      0.4057
      0.7354
      1.3179
      2.1299
      3.0231
      3.7375
      4.0124
      0.7452
      0.7272
      0.6901
      0.6682
      0.6806
      0.7122
      0.7234
      0.6796
      0.5754
      0.4391
      0.3202
      0.2760
      0.3671
      0.6569
      1.1909
      1.9471
      2.7850
      3.4575
      3.7167
      0.4720
      0.4870
      0.5364
      0.6241
      0.7357
      0.8327
      0.8680
      0.8134
      0.6771
      0.5022
      0.3481
      0.2749
      0.3418
      0.6094
      1.1228
      1.8614
      2.6866
      3.3519
      3.6088
      0.3368
      0.3732
      0.4784
      0.6357
      0.8080
      0.9413
      0.9846
      0.9149
      0.7516
      0.5479
      0.3705
      0.2833
      0.3496
      0.6368
      1.1981
      2.0141
      2.9319
      3.6747
      3.9622
      0.2891
      0.3367
      0.4710
      0.6634
      0.8643
      1.0123
      1.0555
      0.9754
      0.7968
      0.5781
      0.3901
      0.3026
      0.3887
      0.7317
      1.4001
      2.3754
      3.4761
      4.3691
      4.7149
      0.2794
      0.3317
      0.4775
      0.6829
      0.8932
      1.0449
      1.0870
      1.0031
      0.8196
      0.5961
      0.4057
      0.3236
      0.4339
      0.8362
      1.6145
      2.7506
      4.0343
      5.0766
      5.4806
      0.2790
      0.3324
      0.4809
      0.6891
      0.9011
      1.0531
      1.0949
      1.0105
      0.8265
      0.6024
      0.4120
      0.3328
      0.4537
      0.8812
      1.7059
      2.9095
      4.2698
      5.3746
      5.8028
