      0.0018
      0.0044
      0.0107
      0.0145
      0.0107
      0.0043
      0.0011
      0.0004
      0.0008
      0.0030
      0.0074
      0.0099
      0.0072
      0.0028
      0.0006
      0.0001
      0.0000
      0.0000
      0.0000
      0.0026
      0.0056
      0.0123
      0.0153
      0.0103
      0.0038
      0.0009
      0.0003
      0.0006
      0.0025
      0.0065
      0.0095
      0.0075
      0.0033
      0.0008
      0.0001
      0.0000
      0.0000
      0.0000
      0.0034
      0.0064
      0.0122
      0.0131
      0.0076
      0.0024
      0.0005
      0.0001
      0.0003
      0.0014
      0.0045
      0.0083
      0.0087
      0.0053
      0.0019
      0.0004
      0.0000
      0.0000
      0.0000
      0.0029
      0.0046
      0.0073
      0.0068
      0.0034
      0.0010
      0.0002
      0.0000
      0.0001
      0.0011
      0.0055
      0.0165
      0.0276
      0.0257
      0.0132
      0.0037
      0.0006
      0.0000
      0.0000
      0.0102
      0.0083
      0.0050
      0.0025
      0.0009
      0.0002
      0.0000
      0.0000
      0.0002
      0.0026
      0.0176
      0.0645
      0.1275
      0.1363
      0.0787
      0.0245
      0.0041
      0.0004
      0.0000
      0.1511
      0.1112
      0.0444
      0.0097
      0.0012
      0.0001
      0.0000
      0.0000
      0.0004
      0.0053
      0.0400
      0.1618
      0.3518
      0.4131
      0.2620
      0.0896
      0.0165
      0.0017
      0.0003
      1.3245
      0.9734
      0.3860
      0.0823
      0.0094
      0.0006
      0.0001
      0.0001
      0.0005
      0.0061
      0.0499
      0.2211
      0.5269
      0.6776
      0.4709
      0.1770
      0.0370
      0.0068
      0.0042
      6.2127
      4.5661
      1.8106
      0.3860
      0.0440
      0.0027
      0.0002
      0.0001
      0.0003
      0.0037
      0.0336
      0.1634
      0.4268
      0.6025
      0.4616
      0.1970
      0.0640
      0.0522
      0.0629
     15.6678
     11.5151
      4.5661
      0.9734
      0.1109
      0.0068
      0.0004
      0.0002
      0.0002
      0.0013
      0.0123
      0.0658
      0.1913
      0.3061
      0.2813
      0.1870
      0.2169
      0.4133
      0.5435
     21.3180
     15.6678
      6.2127
      1.3245
      0.1510
      0.0098
      0.0022
      0.0029
      0.0023
      0.0012
      0.0029
      0.0172
      0.0665
      0.1624
      0.2694
      0.4090
      0.8952
      1.9113
      2.5371
     15.6678
     11.5151
      4.5661
      0.9737
      0.1130
      0.0165
      0.0254
      0.0353
      0.0268
      0.0110
      0.0032
      0.0090
      0.0600
      0.2349
      0.5473
      1.0013
      2.2616
      4.8118
      6.3854
      6.2127
      4.5661
      1.8109
      0.3886
      0.0617
      0.0772
      0.1787
      0.2354
      0.1686
      0.0653
      0.0142
      0.0103
      0.0709
      0.3108
      0.7829
      1.4604
      3.1592
      6.5710
      8.6886
      1.3245
      0.9737
      0.3886
      0.1004
      0.1007
      0.3205
      0.6897
      0.8453
      0.5697
      0.2084
      0.0414
      0.0100
      0.0494
      0.2316
      0.6196
      1.1743
      2.4175
      4.8703
      6.3999
      0.1511
      0.1128
      0.0607
      0.0974
      0.3149
      0.8250
      1.4996
      1.6661
      1.0482
      0.3614
      0.0674
      0.0087
      0.0189
      0.0935
      0.2658
      0.5153
      1.0118
      1.9604
      2.5535
      0.0102
      0.0145
      0.0649
      0.2785
      0.7560
      1.4326
      2.0319
      1.9752
      1.1605
      0.3840
      0.0695
      0.0072
      0.0041
      0.0203
      0.0619
      0.1264
      0.2485
      0.4724
      0.6115
      0.0029
      0.0179
      0.1297
      0.5241
      1.2439
      2.0070
      2.5920
      2.5698
      1.6424
      0.6066
      0.1241
      0.0138
      0.0012
      0.0026
      0.0116
      0.0504
      0.1911
      0.4602
      0.6216
      0.0034
      0.0217
      0.1492
      0.5801
      1.4584
      3.0528
      5.5950
      7.0603
      5.1851
      2.0963
      0.4586
      0.0538
      0.0034
      0.0014
      0.0190
      0.1638
      0.7653
      1.9283
      2.6233
      0.0026
      0.0154
      0.1014
      0.4264
      1.5308
      5.1400
     12.1710
     16.7423
     12.6477
      5.1743
      1.1394
      0.1342
      0.0085
      0.0031
      0.0468
      0.4105
      1.9252
      4.8552
      6.6060
      0.0018
      0.0104
      0.0680
      0.3307
      1.6005
      6.4769
     16.2359
     22.6463
     17.1680
      7.0314
      1.5490
      0.1825
      0.0115
      0.0042
      0.0636
      0.5584
      2.6194
      6.6059
      8.9882
