      0.0000
      0.0000
      0.0000
      0.0000
      0.0000
      0.0000
      0.0000
      0.0000
      0.0000
      0.0000
      0.0000
      0.0000
      0.0000
      0.0000
      0.0000
      0.0000
      0.0000
      0.0000
      0.0000
      0.0000
      0.0000
      0.0000
      0.0000
      0.0000
      0.0000
      0.0000
      0.0000
      0.0000
      0.0000
      0.0000
      0.0000
      0.0000
      0.0000
      0.0000
      0.0000
      0.0000
      0.0000
      0.0000
      0.0000
      0.0000
      0.0000
      0.0000
      0.0000
      0.0000
      0.0000
      0.0000
      0.0000
      0.0000
      0.0000
      0.0000
      0.0000
      0.0000
      0.0000
      0.0000
      0.0000
      0.0000
      0.0000
      0.0000
      0.0000
      0.0000
      0.0000
      0.0000
      0.0000
      0.0000
      0.0000
      0.0000
      0.0000
      0.0000
      0.0000
      0.0000
      0.0000
      0.0000
      0.0000
      0.0000
      0.0000
      0.0000
      0.0000
      0.0000
      0.0000
      0.0000
      0.0000
      0.0000
      0.0000
      0.0000
      0.0000
      0.0000
      0.0000
      0.0001
      0.0005
      0.0005
      0.0002
      0.0000
      0.0000
      0.0000
      0.0000
      0.0016
      0.0008
      0.0001
      0.0000
      0.0000
      0.0000
      0.0000
      0.0000
      0.0000
      0.0000
      0.0000
      0.0008
      0.0046
      0.0066
      0.0024
      0.0002
      0.0000
      0.0000
      0.0000
      0.2186
      0.1093
      0.0136
      0.0004
      0.0000
      0.0000
      0.0000
      0.0000
      0.0000
      0.0000
      0.0001
      0.0016
      0.0114
      0.0201
      0.0088
      0.0010
      0.0000
      0.0000
      0.0000
      7.0901
      3.5450
      0.4420
      0.0136
      0.0001
      0.0000
      0.0000
      0.0000
      0.0000
      0.0000
      0.0000
      0.0008
      0.0071
      0.0153
      0.0083
      0.0011
      0.0001
      0.0001
      0.0002
     56.8710
     28.4355
      3.5450
      0.1093
      0.0008
      0.0000
      0.0000
      0.0000
      0.0000
      0.0000
      0.0000
      0.0001
      0.0011
      0.0030
      0.0021
      0.0006
      0.0021
      0.0161
      0.0321
    113.7420
     56.8710
      7.0901
      0.2186
      0.0016
      0.0000
      0.0000
      0.0000
      0.0000
      0.0000
      0.0000
      0.0000
      0.0001
      0.0018
      0.0084
      0.0123
      0.0683
      0.5209
      1.0410
     56.8710
     28.4355
      3.5450
      0.1093
      0.0008
      0.0000
      0.0001
      0.0002
      0.0001
      0.0000
      0.0000
      0.0000
      0.0006
      0.0138
      0.0803
      0.1325
      0.5632
      4.1789
      8.3496
      7.0901
      3.5450
      0.4420
      0.0136
      0.0001
      0.0011
      0.0083
      0.0158
      0.0075
      0.0009
      0.0000
      0.0000
      0.0011
      0.0288
      0.1952
      0.3617
      1.1805
      8.3643
     16.6994
      0.2186
      0.1093
      0.0136
      0.0004
      0.0010
      0.0246
      0.1647
      0.2764
      0.1160
      0.0121
      0.0003
      0.0000
      0.0005
      0.0150
      0.1186
      0.2494
      0.6354
      4.1888
      8.3501
      0.0016
      0.0008
      0.0001
      0.0006
      0.0094
      0.1426
      0.8106
      1.1977
      0.4438
      0.0410
      0.0009
      0.0000
      0.0001
      0.0020
      0.0180
      0.0433
      0.0886
      0.5238
      1.0411
      0.0000
      0.0000
      0.0004
      0.0098
      0.0688
      0.2808
      1.0250
      1.2998
      0.4247
      0.0346
      0.0007
      0.0000
      0.0000
      0.0001
      0.0007
      0.0019
      0.0032
      0.0165
      0.0327
      0.0000
      0.0000
      0.0021
      0.0450
      0.2422
      0.3869
      0.4555
      0.4624
      0.1571
      0.0148
      0.0004
      0.0000
      0.0000
      0.0000
      0.0000
      0.0002
      0.0046
      0.0366
      0.0731
      0.0000
      0.0000
      0.0028
      0.0521
      0.2429
      0.4567
      1.6588
      3.3836
      1.8110
      0.2426
      0.0081
      0.0001
      0.0000
      0.0000
      0.0000
      0.0045
      0.1473
      1.1815
      2.3631
      0.0000
      0.0000
      0.0010
      0.0154
      0.1006
      1.5061
     12.5173
     26.9093
     14.4777
      1.9428
      0.0645
      0.0005
      0.0000
      0.0000
      0.0003
      0.0364
      1.1815
      9.4774
     18.9549
      0.0000
      0.0000
      0.0002
      0.0027
      0.0902
      2.9023
     25.0068
     53.8162
     28.9552
      3.8855
      0.1290
      0.0010
      0.0000
      0.0000
      0.0005
      0.0729
      2.3631
     18.9549
     37.9097
