      0.2096
      0.2248
      0.2567
      0.2777
      0.2737
      0.2536
      0.2323
      0.2134
      0.1930
      0.1718
      0.1538
      0.1369
      0.1140
      0.0832
      0.0511
      0.0260
      0.0113
      0.0048
      0.0031
      0.2079
      0.2211
      0.2478
      0.2629
      0.2545
      0.2322
      0.2105
      0.1934
      0.1782
      0.1663
      0.1606
      0.1560
      0.1412
      0.1112
      0.0733
      0.0399
      0.0181
      0.0076
      0.0046
      0.2100
      0.2167
      0.2277
      0.2260
      0.2063
      0.1791
      0.1575
      0.1462
      0.1459
      0.1609
      0.1927
      0.2276
      0.2403
      0.2138
      0.1563
      0.0930
      0.0452
      0.0193
      0.0116
      0.2594
      0.2523
      0.2306
      0.1958
      0.1554
      0.1210
      0.1009
      0.0985
      0.1196
      0.1756
      0.2696
      0.3765
      0.4438
      0.4286
      0.3353
      0.2120
      0.1094
      0.0499
      0.0315
      0.4833
      0.4443
      0.3470
      0.2344
      0.1429
      0.0869
      0.0637
      0.0693
      0.1123
      0.2142
      0.3861
      0.5924
      0.7449
      0.7580
      0.6226
      0.4146
      0.2291
      0.1165
      0.0809
      1.1023
      0.9923
      0.7250
      0.4326
      0.2157
      0.0981
      0.0548
      0.0601
      0.1164
      0.2531
      0.4932
      0.7987
      1.0502
      1.1154
      0.9598
      0.6795
      0.4149
      0.2502
      0.1975
      2.3060
      2.0665
      1.4874
      0.8610
      0.4045
      0.1622
      0.0705
      0.0615
      0.1152
      0.2591
      0.5259
      0.8863
      1.2133
      1.3473
      1.2284
      0.9531
      0.6834
      0.5185
      0.4675
      3.9823
      3.5658
      2.5595
      1.4732
      0.6836
      0.2642
      0.1004
      0.0647
      0.1007
      0.2206
      0.4587
      0.8021
      1.1475
      1.3496
      1.3439
      1.2105
      1.0889
      1.0428
      1.0383
      5.5423
      4.9620
      3.5604
      2.0479
      0.9487
      0.3642
      0.1322
      0.0693
      0.0814
      0.1593
      0.3299
      0.5979
      0.9060
      1.1638
      1.3378
      1.4933
      1.7062
      1.9353
      2.0385
      6.1890
      5.5414
      3.9776
      2.2915
      1.0683
      0.4198
      0.1626
      0.0869
      0.0785
      0.1125
      0.2077
      0.3826
      0.6287
      0.9287
      1.3077
      1.8332
      2.5015
      3.1175
      3.3739
      5.5423
      4.9643
      3.5703
      2.0718
      0.9925
      0.4288
      0.2102
      0.1417
      0.1164
      0.1094
      0.1388
      0.2332
      0.4203
      0.7434
      1.2865
      2.1319
      3.2115
      4.1854
      4.5853
      3.9823
      3.5730
      2.5902
      1.5460
      0.8129
      0.4498
      0.3183
      0.2664
      0.2164
      0.1614
      0.1303
      0.1601
      0.2944
      0.6049
      1.2053
      2.1876
      3.4525
      4.5905
      5.0563
      2.3060
      2.0838
      1.5602
      1.0303
      0.6986
      0.5731
      0.5417
      0.4962
      0.3978
      0.2723
      0.1708
      0.1385
      0.2159
      0.4678
      0.9986
      1.8897
      3.0449
      4.0851
      4.5107
      1.1023
      1.0261
      0.8662
      0.7580
      0.7743
      0.8699
      0.9333
      0.8777
      0.6985
      0.4645
      0.2635
      0.1534
      0.1617
      0.3230
      0.7029
      1.3553
      2.2060
      2.9731
      3.2872
      0.4833
      0.4986
      0.5747
      0.7622
      1.0572
      1.3662
      1.5456
      1.4887
      1.2019
      0.8043
      0.4458
      0.2179
      0.1389
      0.2041
      0.4305
      0.8391
      1.3776
      1.8648
      2.0645
      0.2594
      0.3257
      0.5427
      0.9361
      1.4772
      2.0380
      2.4090
      2.4044
      1.9993
      1.3689
      0.7661
      0.3553
      0.1621
      0.1434
      0.2692
      0.5312
      0.8863
      1.2105
      1.3437
      0.2100
      0.3027
      0.6022
      1.1463
      1.9225
      2.7850
      3.4348
      3.5522
      3.0379
      2.1245
      1.2054
      0.5560
      0.2263
      0.1399
      0.2257
      0.4518
      0.7702
      1.0643
      1.1858
      0.2079
      0.3126
      0.6559
      1.3009
      2.2663
      3.4020
      4.3257
      4.5818
      3.9882
      2.8245
      1.6164
      0.7476
      0.2968
      0.1628
      0.2442
      0.4925
      0.8492
      1.1809
      1.3181
      0.2096
      0.3176
      0.6747
      1.3563
      2.3965
      3.6456
      4.6861
      5.0042
      4.3812
      3.1153
      1.7877
      0.8279
      0.3275
      0.1758
      0.2596
      0.5245
      0.9067
      1.2625
      1.4098
