      0.5021
      0.5077
      0.5157
      0.5075
      0.4721
      0.4160
      0.3582
      0.3172
      0.3011
      0.3047
      0.3129
      0.3081
      0.2787
      0.2261
      0.1632
      0.1063
      0.0656
      0.0432
      0.0363
      0.5048
      0.5078
      0.5091
      0.4934
      0.4528
      0.3951
      0.3391
      0.3025
      0.2927
      0.3049
      0.3234
      0.3289
      0.3070
      0.2568
      0.1908
      0.1270
      0.0788
      0.0508
      0.0419
      0.5353
      0.5294
      0.5085
      0.4677
      0.4090
      0.3446
      0.2924
      0.2671
      0.2747
      0.3104
      0.3579
      0.3931
      0.3938
      0.3513
      0.2766
      0.1926
      0.1219
      0.0772
      0.0623
      0.6645
      0.6402
      0.5733
      0.4796
      0.3805
      0.2968
      0.2442
      0.2315
      0.2615
      0.3294
      0.4185
      0.4989
      0.5358
      0.5084
      0.4227
      0.3087
      0.2029
      0.1315
      0.1068
      1.0084
      0.9503
      0.7974
      0.6026
      0.4215
      0.2905
      0.2218
      0.2137
      0.2618
      0.3604
      0.4936
      0.6261
      0.7097
      0.7074
      0.6167
      0.4731
      0.3283
      0.2260
      0.1896
      1.6811
      1.5668
      1.2707
      0.9041
      0.5778
      0.3539
      0.2405
      0.2189
      0.2711
      0.3877
      0.5542
      0.7337
      0.8673
      0.9021
      0.8242
      0.6687
      0.4991
      0.3741
      0.3288
      2.6952
      2.5021
      2.0043
      1.3928
      0.8546
      0.4879
      0.2970
      0.2393
      0.2764
      0.3906
      0.5688
      0.7769
      0.9539
      1.0369
      0.9996
      0.8701
      0.7119
      0.5897
      0.5446
      3.8674
      3.5862
      2.8619
      1.9739
      1.1931
      0.6590
      0.3717
      0.2629
      0.2692
      0.3608
      0.5252
      0.7363
      0.9409
      1.0773
      1.1111
      1.0560
      0.9613
      0.8810
      0.8505
      4.8313
      4.4790
      3.5722
      2.4607
      1.4829
      0.8111
      0.4419
      0.2850
      0.2556
      0.3117
      0.4416
      0.6309
      0.8432
      1.0293
      1.1542
      1.2143
      1.2318
      1.2324
      1.2312
      5.2068
      4.8288
      3.8561
      2.6652
      1.6186
      0.8988
      0.4983
      0.3159
      0.2562
      0.2723
      0.3555
      0.5048
      0.7051
      0.9272
      1.1417
      1.3304
      1.4822
      1.5842
      1.6207
      4.8313
      4.4858
      3.5983
      2.5155
      1.5688
      0.9208
      0.5574
      0.3799
      0.2983
      0.2722
      0.3014
      0.3990
      0.5698
      0.8043
      1.0823
      1.3756
      1.6445
      1.8381
      1.9092
      3.8674
      3.6026
      2.9255
      2.1074
      1.4029
      0.9280
      0.6581
      0.5069
      0.4045
      0.3293
      0.2966
      0.3333
      0.4585
      0.6764
      0.9746
      1.3204
      1.6559
      1.9047
      1.9972
      2.6952
      2.5327
      2.1229
      1.6425
      1.2481
      0.9948
      0.8426
      0.7208
      0.5879
      0.4498
      0.3435
      0.3095
      0.3751
      0.5501
      0.8253
      1.1672
      1.5118
      1.7724
      1.8701
      1.6811
      1.6154
      1.4599
      1.3036
      1.2103
      1.1739
      1.1343
      1.0321
      0.8535
      0.6356
      0.4411
      0.3257
      0.3217
      0.4384
      0.6659
      0.9708
      1.2895
      1.5351
      1.6279
      1.0084
      1.0182
      1.0624
      1.1654
      1.3196
      1.4672
      1.5246
      1.4336
      1.1992
      0.8881
      0.5914
      0.3841
      0.3053
      0.3632
      0.5448
      0.8155
      1.1116
      1.3449
      1.4339
      0.6645
      0.7249
      0.9055
      1.1917
      1.5309
      1.8269
      1.9706
      1.8928
      1.6049
      1.1964
      0.7889
      0.4828
      0.3299
      0.3399
      0.4972
      0.7636
      1.0688
      1.3147
      1.4094
      0.5353
      0.6257
      0.8893
      1.2932
      1.7619
      2.1746
      2.3974
      2.3413
      2.0128
      1.5165
      1.0036
      0.6029
      0.3837
      0.3613
      0.5188
      0.8120
      1.1587
      1.4423
      1.5522
      0.5048
      0.6104
      0.9173
      1.3869
      1.9347
      2.4268
      2.7104
      2.6776
      2.3256
      1.7674
      1.1760
      0.7045
      0.4379
      0.3977
      0.5668
      0.8957
      1.2902
      1.6149
      1.7412
      0.5021
      0.6122
      0.9325
      1.4232
      1.9981
      2.5190
      2.8261
      2.8035
      2.4441
      1.8634
      1.2428
      0.7446
      0.4606
      0.4148
      0.5902
      0.9353
      1.3506
      1.6931
      1.8263
