      0.0007
      0.0017
      0.0042
      0.0058
      0.0043
      0.0018
      0.0006
      0.0005
      0.0012
      0.0042
      0.0101
      0.0136
      0.0099
      0.0039
      0.0008
      0.0001
      0.0000
      0.0000
      0.0000
      0.0010
      0.0022
      0.0049
      0.0061
      0.0041
      0.0016
      0.0005
      0.0004
      0.0009
      0.0034
      0.0089
      0.0129
      0.0103
      0.0044
      0.0010
      0.0001
      0.0000
      0.0000
      0.0000
      0.0014
      0.0026
      0.0049
      0.0052
      0.0030
      0.0010
      0.0002
      0.0002
      0.0004
      0.0019
      0.0058
      0.0102
      0.0100
      0.0056
      0.0018
      0.0003
      0.0000
      0.0000
      0.0000
      0.0015
      0.0021
      0.0030
      0.0027
      0.0014
      0.0004
      0.0001
      0.0000
      0.0001
      0.0010
      0.0045
      0.0120
      0.0187
      0.0166
      0.0082
      0.0022
      0.0003
      0.0000
      0.0000
      0.0157
      0.0119
      0.0054
      0.0017
      0.0004
      0.0001
      0.0000
      0.0000
      0.0001
      0.0016
      0.0107
      0.0387
      0.0760
      0.0810
      0.0467
      0.0145
      0.0024
      0.0002
      0.0000
      0.2530
      0.1860
      0.0739
      0.0158
      0.0018
      0.0001
      0.0000
      0.0001
      0.0003
      0.0032
      0.0237
      0.0957
      0.2081
      0.2443
      0.1549
      0.0530
      0.0098
      0.0011
      0.0003
      2.2197
      1.6314
      0.6469
      0.1379
      0.0157
      0.0010
      0.0001
      0.0001
      0.0004
      0.0036
      0.0295
      0.1307
      0.3115
      0.4007
      0.2786
      0.1050
      0.0229
      0.0066
      0.0061
     10.4120
      7.6523
      3.0344
      0.6469
      0.0737
      0.0045
      0.0003
      0.0002
      0.0003
      0.0022
      0.0199
      0.0967
      0.2528
      0.3578
      0.2759
      0.1224
      0.0558
      0.0743
      0.0961
     26.2577
     19.2983
      7.6523
      1.6313
      0.1859
      0.0113
      0.0006
      0.0003
      0.0003
      0.0008
      0.0073
      0.0395
      0.1171
      0.1951
      0.1960
      0.1682
      0.2917
      0.6280
      0.8401
     35.7269
     26.2577
     10.4120
      2.2197
      0.2531
      0.0162
      0.0032
      0.0040
      0.0032
      0.0015
      0.0021
      0.0127
      0.0571
      0.1640
      0.3120
      0.5389
      1.3203
      2.9414
      3.9392
     26.2577
     19.2983
      7.6524
      1.6317
      0.1886
      0.0245
      0.0349
      0.0486
      0.0369
      0.0152
      0.0042
      0.0112
      0.0781
      0.3141
      0.7427
      1.4120
      3.3983
      7.4455
      9.9426
     10.4120
      7.6524
      3.0346
      0.6497
      0.0960
      0.1040
      0.2434
      0.3228
      0.2318
      0.0899
      0.0195
      0.0140
      0.0972
      0.4268
      1.0813
      2.0854
      4.7763
     10.1976
     13.5548
      2.2197
      1.6315
      0.6484
      0.1530
      0.1161
      0.4062
      0.9227
      1.1524
      0.7816
      0.2864
      0.0569
      0.0137
      0.0680
      0.3190
      0.8587
      1.6812
      3.6588
      7.5679
      9.9958
      0.2530
      0.1867
      0.0817
      0.0697
      0.2718
      0.9241
      1.9118
      2.2299
      1.4256
      0.4938
      0.0922
      0.0119
      0.0260
      0.1288
      0.3687
      0.7371
      1.5282
      3.0461
      3.9903
      0.0157
      0.0144
      0.0310
      0.1361
      0.4797
      1.2665
      2.2680
      2.4378
      1.4723
      0.4865
      0.0869
      0.0088
      0.0056
      0.0280
      0.0859
      0.1810
      0.3752
      0.7344
      0.9565
      0.0015
      0.0074
      0.0530
      0.2271
      0.6267
      1.3019
      2.0737
      2.2005
      1.3820
      0.4881
      0.0950
      0.0101
      0.0011
      0.0036
      0.0168
      0.0771
      0.2995
      0.7256
      0.9810
      0.0014
      0.0087
      0.0603
      0.2448
      0.6930
      1.7064
      3.4022
      4.3555
      3.1787
      1.2739
      0.2766
      0.0323
      0.0021
      0.0020
      0.0300
      0.2587
      1.2090
      3.0467
      4.1449
      0.0010
      0.0061
      0.0415
      0.1907
      0.7976
      2.9477
      7.1731
      9.9166
      7.4931
      3.0640
      0.6743
      0.0794
      0.0051
      0.0046
      0.0739
      0.6485
      3.0420
      7.6714
     10.4379
      0.0007
      0.0042
      0.0286
      0.1589
      0.8843
      3.7746
      9.5762
     13.3869
     10.1517
      4.1577
      0.9159
      0.1079
      0.0069
      0.0063
      0.1005
      0.8823
      4.1388
     10.4377
     14.2017
