      0.0007
      0.0016
      0.0040
      0.0054
      0.0040
      0.0017
      0.0006
      0.0004
      0.0005
      0.0012
      0.0026
      0.0035
      0.0026
      0.0010
      0.0002
      0.0000
      0.0000
      0.0000
      0.0000
      0.0010
      0.0021
      0.0046
      0.0057
      0.0038
      0.0015
      0.0005
      0.0003
      0.0004
      0.0010
      0.0023
      0.0034
      0.0027
      0.0012
      0.0003
      0.0000
      0.0000
      0.0000
      0.0000
      0.0013
      0.0024
      0.0045
      0.0049
      0.0028
      0.0009
      0.0002
      0.0001
      0.0002
      0.0006
      0.0018
      0.0035
      0.0041
      0.0028
      0.0011
      0.0003
      0.0000
      0.0000
      0.0000
      0.0014
      0.0019
      0.0028
      0.0025
      0.0013
      0.0004
      0.0001
      0.0000
      0.0001
      0.0006
      0.0036
      0.0112
      0.0194
      0.0186
      0.0097
      0.0027
      0.0004
      0.0000
      0.0000
      0.0134
      0.0102
      0.0047
      0.0015
      0.0004
      0.0001
      0.0000
      0.0000
      0.0002
      0.0019
      0.0131
      0.0480
      0.0951
      0.1018
      0.0589
      0.0184
      0.0031
      0.0003
      0.0000
      0.2160
      0.1588
      0.0631
      0.0135
      0.0016
      0.0001
      0.0001
      0.0002
      0.0004
      0.0041
      0.0300
      0.1211
      0.2634
      0.3092
      0.1961
      0.0671
      0.0124
      0.0013
      0.0003
      1.8948
      1.3926
      0.5522
      0.1177
      0.0134
      0.0009
      0.0003
      0.0004
      0.0006
      0.0047
      0.0374
      0.1655
      0.3944
      0.5073
      0.3525
      0.1325
      0.0284
      0.0072
      0.0062
      8.8881
      6.5324
      2.5903
      0.5522
      0.0629
      0.0039
      0.0005
      0.0005
      0.0006
      0.0029
      0.0252
      0.1223
      0.3193
      0.4502
      0.3442
      0.1484
      0.0607
      0.0751
      0.0968
     22.4147
     16.4738
      6.5324
      1.3926
      0.1587
      0.0097
      0.0007
      0.0005
      0.0004
      0.0010
      0.0092
      0.0490
      0.1412
      0.2220
      0.1988
      0.1495
      0.2775
      0.6273
      0.8450
     30.4979
     22.4147
      8.8881
      1.8948
      0.2159
      0.0134
      0.0013
      0.0012
      0.0009
      0.0005
      0.0020
      0.0116
      0.0409
      0.0882
      0.1442
      0.3489
      1.2130
      2.9265
      3.9584
     22.4147
     16.4738
      6.5324
      1.3927
      0.1594
      0.0131
      0.0093
      0.0126
      0.0096
      0.0039
      0.0012
      0.0038
      0.0236
      0.0910
      0.2536
      0.8378
      3.0517
      7.3757
      9.9773
      8.8881
      6.5324
      2.5904
      0.5531
      0.0693
      0.0304
      0.0638
      0.0838
      0.0601
      0.0233
      0.0051
      0.0037
      0.0255
      0.1154
      0.3534
      1.1717
      4.1801
     10.0434
     13.5752
      1.8948
      1.3927
      0.5532
      0.1243
      0.0463
      0.1153
      0.2461
      0.3013
      0.2030
      0.0743
      0.0147
      0.0035
      0.0177
      0.0858
      0.2752
      0.8969
      3.1061
      7.3962
      9.9825
      0.2160
      0.1594
      0.0691
      0.0458
      0.1158
      0.2979
      0.5388
      0.5979
      0.3764
      0.1299
      0.0243
      0.0031
      0.0068
      0.0346
      0.1164
      0.3742
      1.2550
      2.9544
      3.9793
      0.0134
      0.0125
      0.0268
      0.1037
      0.2808
      0.5370
      0.7746
      0.7685
      0.4614
      0.1564
      0.0291
      0.0031
      0.0015
      0.0076
      0.0285
      0.1015
      0.3532
      0.8358
      1.1262
      0.0014
      0.0068
      0.0483
      0.1971
      0.4888
      0.8819
      1.3255
      1.4698
      1.0040
      0.3876
      0.0820
      0.0094
      0.0007
      0.0019
      0.0206
      0.1628
      0.7478
      1.8780
      2.5537
      0.0013
      0.0081
      0.0561
      0.2302
      0.6797
      1.8086
      3.8407
      5.1026
      3.8101
      1.5509
      0.3405
      0.0400
      0.0027
      0.0051
      0.0818
      0.7167
      3.3608
      8.4750
     11.5311
      0.0010
      0.0058
      0.0398
      0.1969
      0.9206
      3.6187
      8.9772
     12.4837
      9.4550
      3.8711
      0.8526
      0.1004
      0.0067
      0.0126
      0.2057
      1.8058
      8.4706
     21.3619
     29.0655
      0.0007
      0.0039
      0.0283
      0.1755
      1.0742
      4.7329
     12.0953
     16.9370
     12.8501
      5.2639
      1.1597
      0.1366
      0.0091
      0.0172
      0.2799
      2.4570
     11.5253
     29.0654
     39.5470
