      0.1773
      0.1916
      0.2203
      0.2346
      0.2184
      0.1829
      0.1557
      0.1620
      0.2133
      0.2993
      0.3827
      0.4139
      0.3674
      0.2644
      0.1534
      0.0718
      0.0275
      0.0095
      0.0051
      0.1791
      0.1915
      0.2154
      0.2245
      0.2052
      0.1690
      0.1420
      0.1473
      0.1958
      0.2790
      0.3635
      0.4018
      0.3660
      0.2715
      0.1632
      0.0795
      0.0318
      0.0113
      0.0061
      0.1915
      0.1975
      0.2063
      0.1997
      0.1716
      0.1343
      0.1089
      0.1129
      0.1555
      0.2336
      0.3234
      0.3829
      0.3765
      0.3040
      0.2005
      0.1079
      0.0476
      0.0184
      0.0104
      0.2582
      0.2501
      0.2253
      0.1854
      0.1383
      0.0974
      0.0749
      0.0795
      0.1184
      0.1954
      0.2993
      0.3939
      0.4318
      0.3887
      0.2856
      0.1708
      0.0837
      0.0360
      0.0218
      0.5113
      0.4692
      0.3640
      0.2419
      0.1423
      0.0814
      0.0569
      0.0629
      0.1016
      0.1839
      0.3116
      0.4539
      0.5479
      0.5400
      0.4321
      0.2812
      0.1511
      0.0734
      0.0489
      1.1834
      1.0652
      0.7778
      0.4638
      0.2317
      0.1076
      0.0632
      0.0650
      0.1026
      0.1901
      0.3417
      0.5330
      0.6884
      0.7243
      0.6196
      0.4349
      0.2591
      0.1475
      0.1111
      2.4771
      2.2200
      1.5987
      0.9276
      0.4409
      0.1861
      0.0921
      0.0779
      0.1072
      0.1900
      0.3491
      0.5709
      0.7785
      0.8694
      0.7979
      0.6157
      0.4234
      0.2947
      0.2517
      4.2743
      3.8277
      2.7491
      1.5866
      0.7456
      0.3047
      0.1366
      0.0958
      0.1088
      0.1728
      0.3146
      0.5360
      0.7761
      0.9339
      0.9442
      0.8326
      0.6873
      0.5834
      0.5481
      5.9462
      5.3243
      3.8232
      2.2070
      1.0399
      0.4295
      0.1957
      0.1312
      0.1244
      0.1585
      0.2631
      0.4594
      0.7177
      0.9571
      1.1004
      1.1348
      1.1111
      1.0847
      1.0759
      6.6393
      5.9460
      4.2742
      2.4796
      1.1941
      0.5357
      0.2948
      0.2277
      0.2005
      0.1919
      0.2431
      0.4014
      0.6733
      1.0053
      1.3128
      1.5396
      1.6858
      1.7726
      1.8031
      5.9462
      5.3292
      3.8463
      2.2704
      1.1724
      0.6509
      0.4944
      0.4543
      0.3968
      0.3176
      0.2886
      0.3908
      0.6626
      1.0718
      1.5266
      1.9322
      2.2396
      2.4345
      2.5027
      4.2743
      3.8409
      2.8106
      1.7516
      1.0810
      0.8505
      0.8552
      0.8570
      0.7411
      0.5459
      0.3954
      0.4076
      0.6396
      1.0665
      1.5914
      2.0951
      2.4950
      2.7516
      2.8409
      2.4771
      2.2472
      1.7223
      1.2491
      1.0730
      1.1818
      1.3643
      1.3910
      1.1785
      0.8274
      0.5235
      0.4146
      0.5568
      0.9192
      1.4059
      1.8963
      2.2968
      2.5557
      2.6456
      1.1834
      1.1107
      0.9810
      0.9769
      1.2070
      1.5939
      1.9059
      1.9188
      1.5880
      1.0779
      0.6272
      0.3960
      0.4234
      0.6660
      1.0376
      1.4389
      1.7853
      2.0185
      2.1010
      0.5113
      0.5329
      0.6432
      0.9306
      1.4169
      1.9735
      2.3491
      2.3261
      1.8929
      1.2604
      0.6991
      0.3704
      0.2945
      0.4177
      0.6723
      0.9929
      1.3115
      1.5519
      1.6424
      0.2582
      0.3253
      0.5529
      0.9852
      1.6023
      2.2512
      2.6696
      2.6367
      2.1476
      1.4323
      0.7843
      0.3750
      0.2198
      0.2641
      0.4622
      0.7841
      1.1711
      1.5024
      1.6350
      0.1915
      0.2754
      0.5465
      1.0360
      1.7180
      2.4411
      2.9347
      2.9490
      2.4490
      1.6652
      0.9233
      0.4280
      0.2089
      0.2180
      0.4301
      0.8440
      1.3969
      1.8986
      2.1045
      0.1791
      0.2664
      0.5468
      1.0538
      1.7741
      2.5698
      3.1597
      3.2495
      2.7588
      1.9137
      1.0780
      0.5004
      0.2317
      0.2312
      0.4881
      1.0199
      1.7527
      2.4286
      2.7078
      0.1773
      0.2645
      0.5450
      1.0554
      1.7905
      2.6196
      3.2555
      3.3823
      2.8975
      2.0255
      1.1481
      0.5345
      0.2457
      0.2441
      0.5240
      1.1091
      1.9201
      2.6704
      2.9807
