      0.1656
      0.1818
      0.2154
      0.2359
      0.2265
      0.1978
      0.1762
      0.1846
      0.2328
      0.3111
      0.3850
      0.4083
      0.3574
      0.2541
      0.1455
      0.0670
      0.0249
      0.0080
      0.0039
      0.1669
      0.1811
      0.2098
      0.2251
      0.2123
      0.1826
      0.1608
      0.1680
      0.2128
      0.2869
      0.3592
      0.3864
      0.3442
      0.2499
      0.1467
      0.0694
      0.0266
      0.0088
      0.0044
      0.1703
      0.1791
      0.1945
      0.1960
      0.1755
      0.1450
      0.1249
      0.1304
      0.1675
      0.2308
      0.2979
      0.3338
      0.3128
      0.2410
      0.1515
      0.0774
      0.0323
      0.0118
      0.0063
      0.1903
      0.1896
      0.1830
      0.1637
      0.1337
      0.1053
      0.0914
      0.0985
      0.1281
      0.1779
      0.2369
      0.2811
      0.2845
      0.2398
      0.1664
      0.0947
      0.0448
      0.0192
      0.0118
      0.2858
      0.2676
      0.2206
      0.1628
      0.1137
      0.0860
      0.0814
      0.0939
      0.1180
      0.1542
      0.2034
      0.2538
      0.2798
      0.2608
      0.2018
      0.1299
      0.0720
      0.0391
      0.0290
      0.5671
      0.5139
      0.3843
      0.2436
      0.1444
      0.1021
      0.1018
      0.1183
      0.1359
      0.1577
      0.1965
      0.2521
      0.2998
      0.3072
      0.2652
      0.1963
      0.1332
      0.0948
      0.0827
      1.1315
      1.0162
      0.7386
      0.4435
      0.2411
      0.1540
      0.1425
      0.1544
      0.1608
      0.1665
      0.1949
      0.2562
      0.3285
      0.3721
      0.3646
      0.3204
      0.2727
      0.2434
      0.2346
      1.9287
      1.7289
      1.2488
      0.7391
      0.3866
      0.2251
      0.1850
      0.1826
      0.1740
      0.1643
      0.1842
      0.2540
      0.3598
      0.4620
      0.5273
      0.5557
      0.5699
      0.5839
      0.5911
      2.6750
      2.3973
      1.7300
      1.0211
      0.5279
      0.2947
      0.2252
      0.2078
      0.1853
      0.1622
      0.1755
      0.2578
      0.4115
      0.6049
      0.7958
      0.9621
      1.1029
      1.2087
      1.2499
      2.9850
      2.6761
      1.9349
      1.1513
      0.6126
      0.3658
      0.2985
      0.2803
      0.2451
      0.2007
      0.1969
      0.2873
      0.4969
      0.8065
      1.1646
      1.5207
      1.8394
      2.0752
      2.1648
      2.6750
      2.4019
      1.7515
      1.0788
      0.6453
      0.4865
      0.4799
      0.4822
      0.4232
      0.3260
      0.2705
      0.3411
      0.5869
      0.9989
      1.5148
      2.0549
      2.5468
      2.9081
      3.0440
      1.9287
      1.7418
      1.3081
      0.8956
      0.6990
      0.7251
      0.8343
      0.8660
      0.7520
      0.5503
      0.3902
      0.3921
      0.6201
      1.0665
      1.6603
      2.3013
      2.8899
      3.3196
      3.4800
      1.1315
      1.0430
      0.8596
      0.7551
      0.8464
      1.0959
      1.3323
      1.3736
      1.1650
      0.8169
      0.5158
      0.4095
      0.5592
      0.9491
      1.5072
      2.1323
      2.7172
      3.1462
      3.3063
      0.5671
      0.5586
      0.5824
      0.7392
      1.0759
      1.5042
      1.8184
      1.8273
      1.5056
      1.0178
      0.5924
      0.3820
      0.4297
      0.7097
      1.1646
      1.7188
      2.2739
      2.6998
      2.8621
      0.2858
      0.3287
      0.4861
      0.8082
      1.2864
      1.7910
      2.1023
      2.0473
      1.6390
      1.0754
      0.5921
      0.3252
      0.2977
      0.4876
      0.8773
      1.4423
      2.0943
      2.6430
      2.8610
      0.1903
      0.2587
      0.4788
      0.8662
      1.3744
      1.8572
      2.1118
      2.0028
      1.5708
      1.0126
      0.5416
      0.2708
      0.2182
      0.3913
      0.8416
      1.6177
      2.6243
      3.5288
      3.8985
      0.1703
      0.2456
      0.4768
      0.8575
      1.3254
      1.7438
      1.9449
      1.8255
      1.4285
      0.9237
      0.4947
      0.2433
      0.2026
      0.4301
      1.0661
      2.2427
      3.8362
      5.3004
      5.9045
      0.1669
      0.2399
      0.4587
      0.8068
      1.2221
      1.5886
      1.7684
      1.6724
      1.3276
      0.8745
      0.4777
      0.2415
      0.2216
      0.5241
      1.3677
      2.9546
      5.1272
      7.1348
      7.9650
      0.1656
      0.2366
      0.4473
      0.7789
      1.1719
      1.5205
      1.6980
      1.6174
      1.2965
      0.8632
      0.4768
      0.2450
      0.2343
      0.5708
      1.5052
      3.2674
      5.6846
      7.9205
      8.8455
