      0.0709
      0.0925
      0.1365
      0.1582
      0.1323
      0.0788
      0.0336
      0.0113
      0.0059
      0.0087
      0.0144
      0.0181
      0.0166
      0.0110
      0.0053
      0.0019
      0.0005
      0.0001
      0.0000
      0.0745
      0.0947
      0.1344
      0.1504
      0.1220
      0.0707
      0.0295
      0.0099
      0.0057
      0.0101
      0.0192
      0.0279
      0.0299
      0.0234
      0.0134
      0.0055
      0.0016
      0.0004
      0.0001
      0.0773
      0.0928
      0.1199
      0.1235
      0.0930
      0.0504
      0.0199
      0.0069
      0.0069
      0.0190
      0.0461
      0.0817
      0.1041
      0.0949
      0.0617
      0.0284
      0.0093
      0.0022
      0.0007
      0.0822
      0.0879
      0.0944
      0.0840
      0.0565
      0.0279
      0.0104
      0.0051
      0.0128
      0.0465
      0.1276
      0.2492
      0.3453
      0.3391
      0.2359
      0.1160
      0.0402
      0.0100
      0.0033
      0.1840
      0.1640
      0.1175
      0.0691
      0.0336
      0.0134
      0.0051
      0.0058
      0.0241
      0.0962
      0.2810
      0.5831
      0.8560
      0.8891
      0.6534
      0.3395
      0.1245
      0.0329
      0.0117
      0.7306
      0.6177
      0.3739
      0.1632
      0.0523
      0.0134
      0.0048
      0.0082
      0.0352
      0.1455
      0.4476
      0.9792
      1.5150
      1.6583
      1.2847
      0.7044
      0.2738
      0.0778
      0.0302
      2.4295
      2.0441
      1.2168
      0.5119
      0.1524
      0.0336
      0.0087
      0.0102
      0.0374
      0.1568
      0.5063
      1.1665
      1.9008
      2.1920
      1.7916
      1.0405
      0.4335
      0.1378
      0.0621
      5.7825
      4.8634
      2.8916
      1.2133
      0.3590
      0.0767
      0.0158
      0.0103
      0.0289
      0.1200
      0.4058
      0.9846
      1.6909
      2.0582
      1.7839
      1.1129
      0.5170
      0.2041
      0.1191
      9.7250
      8.1791
      4.8627
      2.0399
      0.6029
      0.1274
      0.0232
      0.0093
      0.0169
      0.0655
      0.2305
      0.5897
      1.0709
      1.3866
      1.2975
      0.9084
      0.5201
      0.2978
      0.2329
     11.5630
      9.7249
      5.7818
      2.4258
      0.7178
      0.1529
      0.0291
      0.0112
      0.0112
      0.0278
      0.0943
      0.2536
      0.4931
      0.6972
      0.7436
      0.6474
      0.5228
      0.4435
      0.4184
      9.7250
      8.1794
      4.8641
      2.0444
      0.6127
      0.1436
      0.0438
      0.0283
      0.0215
      0.0181
      0.0323
      0.0838
      0.1805
      0.2997
      0.4046
      0.4832
      0.5437
      0.5845
      0.5987
      5.7825
      4.8651
      2.9005
      1.2387
      0.4102
      0.1541
      0.1056
      0.0886
      0.0623
      0.0346
      0.0201
      0.0287
      0.0681
      0.1430
      0.2502
      0.3778
      0.5049
      0.6004
      0.6360
      2.4295
      2.0513
      1.2536
      0.6127
      0.3434
      0.3005
      0.2939
      0.2439
      0.1601
      0.0811
      0.0326
      0.0180
      0.0335
      0.0803
      0.1591
      0.2617
      0.3710
      0.4595
      0.4944
      0.7306
      0.6396
      0.4826
      0.4528
      0.5818
      0.7282
      0.7486
      0.6170
      0.4042
      0.2055
      0.0792
      0.0261
      0.0199
      0.0422
      0.0868
      0.1489
      0.2206
      0.2844
      0.3110
      0.1840
      0.2105
      0.3474
      0.6794
      1.1592
      1.5871
      1.7592
      1.5863
      1.1359
      0.6213
      0.2510
      0.0745
      0.0213
      0.0210
      0.0463
      0.0978
      0.1789
      0.2661
      0.3057
      0.0822
      0.1586
      0.4488
      1.0570
      1.9820
      3.0494
      3.8858
      3.9784
      3.1241
      1.8118
      0.7577
      0.2256
      0.0499
      0.0201
      0.0522
      0.1576
      0.3597
      0.5946
      0.7038
      0.0773
      0.1722
      0.5359
      1.3663
      2.8994
      5.1867
      7.5366
      8.4259
      6.9572
      4.1435
      1.7570
      0.5264
      0.1137
      0.0376
      0.1030
      0.3402
      0.8075
      1.3561
      1.6117
      0.0745
      0.1675
      0.5438
      1.5262
      3.6932
      7.4310
     11.6623
     13.5937
     11.4574
      6.8909
      2.9357
      0.8814
      0.1902
      0.0617
      0.1700
      0.5670
      1.3510
      2.2722
      2.7015
      0.0709
      0.1596
      0.5312
      1.5699
      4.0239
      8.4445
     13.5693
     16.0003
     13.5578
      8.1739
      3.4861
      1.0472
      0.2259
      0.0732
      0.2019
      0.6737
      1.6057
      2.7008
      3.2113
