      0.0000
      0.0000
      0.0000
      0.0000
      0.0000
      0.0001
      0.0003
      0.0005
      0.0012
      0.0043
      0.0103
      0.0138
      0.0100
      0.0039
      0.0008
      0.0001
      0.0000
      0.0000
      0.0000
      0.0000
      0.0000
      0.0000
      0.0000
      0.0000
      0.0001
      0.0002
      0.0004
      0.0009
      0.0035
      0.0091
      0.0131
      0.0104
      0.0045
      0.0011
      0.0001
      0.0000
      0.0000
      0.0000
      0.0000
      0.0000
      0.0000
      0.0000
      0.0000
      0.0000
      0.0001
      0.0002
      0.0004
      0.0019
      0.0059
      0.0101
      0.0098
      0.0054
      0.0017
      0.0003
      0.0000
      0.0000
      0.0000
      0.0005
      0.0004
      0.0002
      0.0001
      0.0000
      0.0000
      0.0000
      0.0000
      0.0001
      0.0009
      0.0041
      0.0106
      0.0161
      0.0140
      0.0069
      0.0019
      0.0003
      0.0000
      0.0000
      0.0163
      0.0120
      0.0048
      0.0010
      0.0001
      0.0000
      0.0000
      0.0000
      0.0001
      0.0013
      0.0088
      0.0318
      0.0623
      0.0663
      0.0382
      0.0119
      0.0020
      0.0002
      0.0000
      0.2699
      0.1983
      0.0787
      0.0168
      0.0019
      0.0001
      0.0001
      0.0001
      0.0003
      0.0026
      0.0194
      0.0782
      0.1699
      0.1994
      0.1264
      0.0432
      0.0080
      0.0009
      0.0003
      2.3687
      1.7409
      0.6903
      0.1472
      0.0168
      0.0011
      0.0002
      0.0003
      0.0004
      0.0030
      0.0241
      0.1067
      0.2543
      0.3271
      0.2274
      0.0857
      0.0191
      0.0066
      0.0066
     11.1114
      8.1664
      3.2382
      0.6903
      0.0787
      0.0048
      0.0004
      0.0004
      0.0004
      0.0019
      0.0163
      0.0789
      0.2065
      0.2925
      0.2261
      0.1018
      0.0533
      0.0808
      0.1063
     28.0216
     20.5947
      8.1664
      1.7409
      0.1984
      0.0121
      0.0007
      0.0004
      0.0004
      0.0007
      0.0060
      0.0325
      0.0969
      0.1640
      0.1698
      0.1588
      0.3106
      0.6926
      0.9317
     38.1268
     28.0216
     11.1114
      2.3688
      0.2701
      0.0173
      0.0033
      0.0041
      0.0032
      0.0015
      0.0018
      0.0112
      0.0528
      0.1575
      0.3082
      0.5565
      1.4346
      3.2551
      4.3748
     28.0216
     20.5947
      8.1664
      1.7412
      0.2011
      0.0254
      0.0355
      0.0494
      0.0375
      0.0154
      0.0042
      0.0112
      0.0787
      0.3178
      0.7562
      1.4798
      3.7094
      8.2528
     11.0521
     11.1114
      8.1664
      3.2384
      0.6929
      0.1004
      0.1046
      0.2465
      0.3277
      0.2355
      0.0914
      0.0198
      0.0142
      0.0987
      0.4339
      1.1056
      2.1909
      5.2180
     11.3110
     15.0754
      2.3687
      1.7410
      0.6911
      0.1585
      0.1085
      0.3986
      0.9273
      1.1672
      0.7936
      0.2911
      0.0578
      0.0139
      0.0691
      0.3245
      0.8788
      1.7652
      3.9929
      8.3945
     11.1199
      0.2699
      0.1984
      0.0806
      0.0440
      0.2101
      0.8532
      1.8827
      2.2432
      1.4438
      0.5012
      0.0936
      0.0121
      0.0264
      0.1311
      0.3774
      0.7727
      1.6651
      3.3803
      4.4433
      0.0163
      0.0121
      0.0075
      0.0370
      0.2592
      1.0069
      2.1120
      2.3958
      1.4704
      0.4875
      0.0870
      0.0088
      0.0057
      0.0286
      0.0885
      0.1943
      0.4302
      0.8697
      1.1400
      0.0005
      0.0005
      0.0025
      0.0296
      0.2075
      0.8020
      1.6985
      1.9746
      1.2617
      0.4428
      0.0851
      0.0090
      0.0011
      0.0040
      0.0225
      0.1259
      0.5273
      1.2994
      1.7616
      0.0000
      0.0001
      0.0022
      0.0299
      0.2405
      1.0767
      2.6491
      3.5693
      2.6262
      1.0512
      0.2277
      0.0265
      0.0018
      0.0036
      0.0556
      0.4830
      2.2614
      5.7007
      7.7560
      0.0000
      0.0001
      0.0032
      0.0522
      0.4638
      2.2268
      5.7687
      8.0784
      6.1183
      2.5024
      0.5507
      0.0648
      0.0043
      0.0085
      0.1384
      1.2142
      5.6955
     14.3632
     19.5429
      0.0000
      0.0001
      0.0041
      0.0684
      0.6170
      2.9850
      7.7702
     10.9161
      8.2855
      3.3939
      0.7476
      0.0881
      0.0059
      0.0115
      0.1882
      1.6520
      7.7492
     19.5427
     26.5902
