      0.0578
      0.0768
      0.1158
      0.1363
      0.1174
      0.0776
      0.0473
      0.0382
      0.0498
      0.0826
      0.1242
      0.1428
      0.1188
      0.0703
      0.0295
      0.0087
      0.0018
      0.0003
      0.0001
      0.0614
      0.0792
      0.1144
      0.1298
      0.1083
      0.0693
      0.0409
      0.0324
      0.0427
      0.0727
      0.1126
      0.1340
      0.1162
      0.0723
      0.0322
      0.0102
      0.0023
      0.0004
      0.0001
      0.0638
      0.0776
      0.1023
      0.1069
      0.0826
      0.0490
      0.0267
      0.0202
      0.0277
      0.0515
      0.0882
      0.1175
      0.1160
      0.0837
      0.0440
      0.0168
      0.0047
      0.0009
      0.0003
      0.0554
      0.0630
      0.0743
      0.0703
      0.0496
      0.0269
      0.0136
      0.0105
      0.0165
      0.0367
      0.0763
      0.1244
      0.1507
      0.1333
      0.0853
      0.0393
      0.0130
      0.0032
      0.0011
      0.0515
      0.0516
      0.0484
      0.0381
      0.0236
      0.0123
      0.0076
      0.0084
      0.0153
      0.0386
      0.0955
      0.1852
      0.2617
      0.2649
      0.1911
      0.0982
      0.0362
      0.0103
      0.0045
      0.1076
      0.0935
      0.0617
      0.0319
      0.0142
      0.0081
      0.0093
      0.0135
      0.0216
      0.0502
      0.1317
      0.2780
      0.4258
      0.4644
      0.3602
      0.2002
      0.0833
      0.0319
      0.0201
      0.3212
      0.2709
      0.1626
      0.0702
      0.0242
      0.0126
      0.0158
      0.0213
      0.0279
      0.0552
      0.1458
      0.3253
      0.5291
      0.6146
      0.5128
      0.3189
      0.1705
      0.1096
      0.0983
      0.7559
      0.6359
      0.3786
      0.1603
      0.0518
      0.0216
      0.0220
      0.0261
      0.0282
      0.0457
      0.1187
      0.2799
      0.4878
      0.6165
      0.5825
      0.4589
      0.3856
      0.4000
      0.4232
      1.2699
      1.0681
      0.6354
      0.2684
      0.0854
      0.0318
      0.0278
      0.0300
      0.0276
      0.0323
      0.0747
      0.1882
      0.3690
      0.5491
      0.6642
      0.7625
      0.9622
      1.2422
      1.3832
      1.5098
      1.2699
      0.7559
      0.3210
      0.1075
      0.0520
      0.0569
      0.0647
      0.0560
      0.0416
      0.0522
      0.1285
      0.3065
      0.5855
      0.9369
      1.4053
      2.1014
      2.8892
      3.2593
      1.2699
      1.0686
      0.6388
      0.2824
      0.1286
      0.1299
      0.1894
      0.2215
      0.1876
      0.1171
      0.0744
      0.1225
      0.3279
      0.7392
      1.3570
      2.2314
      3.4786
      4.8397
      5.4705
      0.7559
      0.6383
      0.3935
      0.2176
      0.2148
      0.3676
      0.5628
      0.6388
      0.5220
      0.3072
      0.1475
      0.1381
      0.3423
      0.8189
      1.5802
      2.6653
      4.1721
      5.7860
      6.5293
      0.3212
      0.2793
      0.2116
      0.2393
      0.4569
      0.8548
      1.2465
      1.3447
      1.0522
      0.5923
      0.2511
      0.1432
      0.2796
      0.6802
      1.3502
      2.3041
      3.5913
      4.9417
      5.5592
      0.1076
      0.1158
      0.1830
      0.4101
      0.8778
      1.5241
      2.0493
      2.0749
      1.5460
      0.8343
      0.3292
      0.1299
      0.1700
      0.4076
      0.8337
      1.4514
      2.2728
      3.1187
      3.5022
      0.0515
      0.0950
      0.2736
      0.6857
      1.3600
      2.1304
      2.6237
      2.4903
      1.7742
      0.9273
      0.3521
      0.1103
      0.0813
      0.1827
      0.4069
      0.7901
      1.3575
      1.9623
      2.2376
      0.0554
      0.1246
      0.3844
      0.9207
      1.6998
      2.4886
      2.9232
      2.7143
      1.9324
      1.0236
      0.3951
      0.1139
      0.0441
      0.0886
      0.2796
      0.7697
      1.6707
      2.7068
      3.1870
      0.0638
      0.1414
      0.4224
      0.9808
      1.7897
      2.6726
      3.2990
      3.2685
      2.4862
      1.4002
      0.5706
      0.1677
      0.0495
      0.0992
      0.4302
      1.4199
      3.3494
      5.6105
      6.6637
      0.0614
      0.1317
      0.3834
      0.8959
      1.7240
      2.8297
      3.8755
      4.1834
      3.3842
      1.9897
      0.8363
      0.2508
      0.0727
      0.1501
      0.6879
      2.3246
      5.5369
      9.3098
     11.0683
      0.0578
      0.1221
      0.3522
      0.8352
      1.6765
      2.9115
      4.1870
      4.6693
      3.8520
      2.2917
      0.9706
      0.2925
      0.0850
      0.1769
      0.8144
      2.7577
      6.5740
     11.0571
     13.1467
