      0.0019
      0.0045
      0.0110
      0.0149
      0.0110
      0.0043
      0.0009
      0.0002
      0.0010
      0.0046
      0.0115
      0.0155
      0.0113
      0.0044
      0.0009
      0.0001
      0.0000
      0.0000
      0.0000
      0.0026
      0.0057
      0.0127
      0.0157
      0.0106
      0.0039
      0.0008
      0.0002
      0.0008
      0.0038
      0.0102
      0.0147
      0.0117
      0.0050
      0.0012
      0.0001
      0.0000
      0.0000
      0.0000
      0.0035
      0.0066
      0.0126
      0.0135
      0.0079
      0.0025
      0.0004
      0.0001
      0.0004
      0.0021
      0.0064
      0.0110
      0.0104
      0.0055
      0.0016
      0.0003
      0.0000
      0.0000
      0.0000
      0.0034
      0.0050
      0.0076
      0.0070
      0.0035
      0.0010
      0.0001
      0.0000
      0.0001
      0.0008
      0.0035
      0.0084
      0.0117
      0.0094
      0.0044
      0.0011
      0.0002
      0.0000
      0.0000
      0.0248
      0.0191
      0.0093
      0.0034
      0.0010
      0.0002
      0.0000
      0.0000
      0.0001
      0.0008
      0.0053
      0.0189
      0.0366
      0.0386
      0.0222
      0.0069
      0.0011
      0.0001
      0.0000
      0.3932
      0.2892
      0.1149
      0.0247
      0.0029
      0.0002
      0.0000
      0.0000
      0.0001
      0.0015
      0.0112
      0.0451
      0.0981
      0.1151
      0.0730
      0.0250
      0.0046
      0.0005
      0.0001
      3.4495
      2.5352
      1.0053
      0.2143
      0.0244
      0.0015
      0.0001
      0.0001
      0.0002
      0.0017
      0.0139
      0.0615
      0.1467
      0.1887
      0.1314
      0.0496
      0.0104
      0.0016
      0.0006
     16.1809
     11.8923
      4.7156
      1.0053
      0.1145
      0.0069
      0.0003
      0.0001
      0.0001
      0.0011
      0.0094
      0.0456
      0.1196
      0.1704
      0.1337
      0.0603
      0.0191
      0.0085
      0.0074
     40.8062
     29.9908
     11.8922
      2.5352
      0.2888
      0.0175
      0.0007
      0.0003
      0.0002
      0.0004
      0.0035
      0.0193
      0.0598
      0.1089
      0.1248
      0.0997
      0.0685
      0.0586
      0.0601
     55.5219
     40.8062
     16.1809
      3.4495
      0.3932
      0.0248
      0.0038
      0.0045
      0.0036
      0.0016
      0.0014
      0.0090
      0.0479
      0.1571
      0.3048
      0.3547
      0.2934
      0.2627
      0.2726
     40.8062
     29.9908
     11.8923
      2.5356
      0.2920
      0.0327
      0.0401
      0.0555
      0.0421
      0.0173
      0.0047
      0.0121
      0.0870
      0.3511
      0.7748
      0.9668
      0.7989
      0.6737
      0.6821
     16.1809
     11.8923
      4.7160
      1.0089
      0.1412
      0.1224
      0.2795
      0.3692
      0.2648
      0.1026
      0.0223
      0.0160
      0.1107
      0.4814
      1.1356
      1.4917
      1.2397
      0.9735
      0.9433
      3.4495
      2.5355
      1.0083
      0.2373
      0.1539
      0.4847
      1.0690
      1.3220
      0.8937
      0.3272
      0.0650
      0.0156
      0.0775
      0.3598
      0.9063
      1.2606
      1.0708
      0.7891
      0.7233
      0.3932
      0.2908
      0.1324
      0.1254
      0.4056
      1.1769
      2.2663
      2.5749
      1.6315
      0.5633
      0.1050
      0.0135
      0.0296
      0.1453
      0.3913
      0.5789
      0.5095
      0.3591
      0.3110
      0.0248
      0.0255
      0.0719
      0.3000
      0.8690
      1.8223
      2.8021
      2.8110
      1.6502
      0.5374
      0.0950
      0.0096
      0.0063
      0.0316
      0.0913
      0.1466
      0.1464
      0.1269
      0.1238
      0.0034
      0.0187
      0.1338
      0.5418
      1.2844
      2.0145
      2.3877
      2.0927
      1.1793
      0.3863
      0.0704
      0.0071
      0.0010
      0.0039
      0.0145
      0.0469
      0.1488
      0.3412
      0.4571
      0.0035
      0.0223
      0.1519
      0.5693
      1.2442
      1.8705
      2.3893
      2.4721
      1.6638
      0.6433
      0.1368
      0.0157
      0.0010
      0.0012
      0.0156
      0.1318
      0.6132
      1.5438
      2.1000
      0.0026
      0.0157
      0.0997
      0.3618
      0.8768
      1.8989
      3.6791
      4.7835
      3.5596
      1.4490
      0.3183
      0.0374
      0.0024
      0.0023
      0.0375
      0.3290
      1.5429
      3.8910
      5.2941
      0.0019
      0.0105
      0.0637
      0.2350
      0.6920
      2.0354
      4.6421
      6.3419
      4.7863
      1.9581
      0.4312
      0.0508
      0.0033
      0.0032
      0.0510
      0.4475
      2.0993
      5.2941
      7.2033
