      0.4552
      0.4628
      0.4776
      0.4827
      0.4670
      0.4337
      0.3952
      0.3630
      0.3421
      0.3295
      0.3172
      0.2948
      0.2556
      0.2017
      0.1433
      0.0927
      0.0576
      0.0386
      0.0328
      0.4593
      0.4643
      0.4723
      0.4694
      0.4476
      0.4114
      0.3734
      0.3447
      0.3296
      0.3252
      0.3224
      0.3094
      0.2772
      0.2257
      0.1651
      0.1092
      0.0681
      0.0447
      0.0373
      0.4929
      0.4890
      0.4746
      0.4456
      0.4036
      0.3577
      0.3204
      0.3006
      0.3013
      0.3186
      0.3422
      0.3556
      0.3433
      0.2995
      0.2328
      0.1615
      0.1028
      0.0663
      0.0541
      0.6236
      0.6016
      0.5416
      0.4593
      0.3750
      0.3067
      0.2655
      0.2556
      0.2759
      0.3219
      0.3817
      0.4337
      0.4525
      0.4226
      0.3490
      0.2553
      0.1698
      0.1127
      0.0930
      0.9626
      0.9075
      0.7633
      0.5815
      0.4154
      0.2986
      0.2394
      0.2318
      0.2671
      0.3388
      0.4348
      0.5297
      0.5875
      0.5800
      0.5055
      0.3917
      0.2785
      0.1992
      0.1711
      1.6191
      1.5095
      1.2262
      0.8772
      0.5695
      0.3616
      0.2581
      0.2359
      0.2728
      0.3576
      0.4795
      0.6120
      0.7115
      0.7376
      0.6793
      0.5637
      0.4385
      0.3470
      0.3141
      2.6049
      2.4190
      1.9403
      1.3542
      0.8413
      0.4952
      0.3163
      0.2585
      0.2794
      0.3596
      0.4894
      0.6454
      0.7829
      0.8546
      0.8403
      0.7602
      0.6600
      0.5831
      0.5550
      3.7424
      3.4712
      2.7734
      1.9198
      1.1722
      0.6639
      0.3915
      0.2838
      0.2753
      0.3350
      0.4535
      0.6144
      0.7805
      0.9068
      0.9681
      0.9726
      0.9499
      0.9279
      0.9195
      4.6770
      4.3370
      3.4625
      2.3923
      1.4534
      0.8110
      0.4583
      0.3043
      0.2633
      0.2937
      0.3862
      0.5342
      0.7156
      0.8982
      1.0584
      1.1900
      1.2952
      1.3680
      1.3949
      5.0411
      4.6760
      3.7371
      2.5889
      1.5819
      0.8911
      0.5070
      0.3288
      0.2623
      0.2611
      0.3185
      0.4396
      0.6212
      0.8502
      1.1107
      1.3843
      1.6398
      1.8280
      1.8982
      4.6770
      4.3431
      3.4855
      2.4400
      1.5271
      0.9034
      0.5540
      0.3818
      0.2984
      0.2638
      0.2792
      0.3618
      0.5265
      0.7791
      1.1134
      1.5028
      1.8875
      2.1776
      2.2864
      3.7424
      3.4859
      2.8302
      2.0380
      1.3562
      0.8971
      0.6371
      0.4919
      0.3928
      0.3176
      0.2816
      0.3145
      0.4441
      0.6884
      1.0487
      1.4946
      1.9491
      2.2969
      2.4281
      2.6049
      2.4466
      2.0469
      1.5774
      1.1909
      0.9422
      0.7941
      0.6786
      0.5541
      0.4247
      0.3252
      0.2973
      0.3752
      0.5811
      0.9182
      1.3557
      1.8124
      2.1658
      2.2997
      1.6191
      1.5532
      1.3958
      1.2339
      1.1312
      1.0851
      1.0411
      0.9441
      0.7797
      0.5812
      0.4059
      0.3080
      0.3244
      0.4751
      0.7616
      1.1535
      1.5725
      1.9008
      2.0258
      0.9626
      0.9680
      0.9986
      1.0787
      1.2037
      1.3231
      1.3634
      1.2739
      1.0605
      0.7830
      0.5230
      0.3492
      0.3026
      0.4006
      0.6417
      0.9951
      1.3845
      1.6941
      1.8128
      0.6236
      0.6759
      0.8320
      1.0777
      1.3653
      1.6101
      1.7191
      1.6364
      1.3768
      1.0203
      0.6726
      0.4217
      0.3176
      0.3793
      0.6044
      0.9597
      1.3630
      1.6884
      1.8140
      0.4929
      0.5721
      0.8015
      1.1486
      1.5433
      1.8803
      2.0484
      1.9792
      1.6860
      1.2615
      0.8337
      0.5122
      0.3612
      0.4062
      0.6460
      1.0435
      1.5039
      1.8790
      2.0243
      0.4593
      0.5516
      0.8175
      1.2180
      1.6747
      2.0715
      2.2841
      2.2310
      1.9196
      1.4487
      0.9629
      0.5900
      0.4076
      0.4486
      0.7142
      1.1637
      1.6887
      2.1183
      2.2850
      0.4552
      0.5512
      0.8280
      1.2451
      1.7223
      2.1404
      2.3700
      2.3244
      2.0076
      1.5202
      1.0129
      0.6209
      0.4274
      0.4684
      0.7462
      1.2188
      1.7719
      2.2249
      2.4008
