      0.0000
      0.0000
      0.0000
      0.0000
      0.0000
      0.0000
      0.0000
      0.0000
      0.0000
      0.0000
      0.0000
      0.0000
      0.0000
      0.0000
      0.0000
      0.0000
      0.0000
      0.0000
      0.0000
      0.0000
      0.0000
      0.0000
      0.0000
      0.0000
      0.0000
      0.0000
      0.0000
      0.0000
      0.0000
      0.0000
      0.0000
      0.0000
      0.0000
      0.0000
      0.0000
      0.0000
      0.0000
      0.0000
      0.0000
      0.0000
      0.0000
      0.0000
      0.0000
      0.0000
      0.0000
      0.0000
      0.0000
      0.0000
      0.0000
      0.0000
      0.0000
      0.0000
      0.0000
      0.0000
      0.0000
      0.0000
      0.0000
      0.0000
      0.0000
      0.0000
      0.0000
      0.0000
      0.0000
      0.0000
      0.0000
      0.0000
      0.0000
      0.0000
      0.0000
      0.0000
      0.0000
      0.0000
      0.0000
      0.0000
      0.0000
      0.0000
      0.0000
      0.0000
      0.0000
      0.0000
      0.0000
      0.0000
      0.0000
      0.0000
      0.0000
      0.0000
      0.0000
      0.0001
      0.0006
      0.0007
      0.0002
      0.0000
      0.0000
      0.0000
      0.0000
      0.0021
      0.0010
      0.0001
      0.0000
      0.0000
      0.0000
      0.0000
      0.0000
      0.0000
      0.0000
      0.0000
      0.0010
      0.0057
      0.0082
      0.0029
      0.0003
      0.0000
      0.0000
      0.0000
      0.2748
      0.1374
      0.0171
      0.0005
      0.0000
      0.0000
      0.0000
      0.0000
      0.0000
      0.0000
      0.0001
      0.0020
      0.0141
      0.0249
      0.0110
      0.0012
      0.0000
      0.0000
      0.0000
      8.9102
      4.4551
      0.5554
      0.0171
      0.0001
      0.0000
      0.0000
      0.0000
      0.0000
      0.0000
      0.0000
      0.0010
      0.0088
      0.0190
      0.0103
      0.0014
      0.0001
      0.0002
      0.0004
     71.4702
     35.7351
      4.4551
      0.1374
      0.0010
      0.0000
      0.0000
      0.0000
      0.0000
      0.0000
      0.0000
      0.0001
      0.0014
      0.0036
      0.0024
      0.0006
      0.0032
      0.0252
      0.0503
    142.9405
     71.4702
      8.9102
      0.2748
      0.0021
      0.0000
      0.0000
      0.0000
      0.0000
      0.0000
      0.0000
      0.0000
      0.0001
      0.0006
      0.0022
      0.0058
      0.1028
      0.8158
      1.6311
     71.4702
     35.7351
      4.4551
      0.1374
      0.0010
      0.0000
      0.0000
      0.0001
      0.0000
      0.0000
      0.0000
      0.0000
      0.0001
      0.0034
      0.0201
      0.0542
      0.8267
      6.5429
     13.0828
      8.9102
      4.4551
      0.5554
      0.0171
      0.0001
      0.0003
      0.0021
      0.0039
      0.0019
      0.0002
      0.0000
      0.0000
      0.0003
      0.0071
      0.0487
      0.1320
      1.6659
     13.0866
     26.1653
      0.2748
      0.1374
      0.0171
      0.0005
      0.0003
      0.0062
      0.0409
      0.0685
      0.0287
      0.0030
      0.0001
      0.0000
      0.0001
      0.0037
      0.0295
      0.0830
      0.8440
      6.5448
     13.0827
      0.0021
      0.0010
      0.0002
      0.0007
      0.0065
      0.0429
      0.2042
      0.2970
      0.1099
      0.0101
      0.0002
      0.0000
      0.0000
      0.0005
      0.0045
      0.0134
      0.1075
      0.8163
      1.6310
      0.0000
      0.0000
      0.0005
      0.0134
      0.0847
      0.1738
      0.2944
      0.3266
      0.1057
      0.0086
      0.0002
      0.0000
      0.0000
      0.0000
      0.0002
      0.0005
      0.0034
      0.0253
      0.0504
      0.0000
      0.0000
      0.0029
      0.0619
      0.3295
      0.4582
      0.2788
      0.2271
      0.0945
      0.0111
      0.0003
      0.0000
      0.0000
      0.0000
      0.0000
      0.0000
      0.0009
      0.0072
      0.0144
      0.0000
      0.0001
      0.0039
      0.0717
      0.3334
      0.5981
      2.0475
      4.1794
      2.2431
      0.3009
      0.0100
      0.0001
      0.0000
      0.0000
      0.0000
      0.0009
      0.0284
      0.2275
      0.4549
      0.0000
      0.0000
      0.0013
      0.0211
      0.1328
      1.8781
     15.5464
     33.4177
     17.9794
      2.4127
      0.0801
      0.0007
      0.0000
      0.0000
      0.0001
      0.0070
      0.2275
      1.8245
      3.6490
      0.0000
      0.0000
      0.0002
      0.0037
      0.1130
      3.6051
     31.0554
     66.8329
     35.9587
      4.8253
      0.1603
      0.0013
      0.0000
      0.0000
      0.0001
      0.0140
      0.4549
      3.6490
      7.2979
