      0.0824
      0.1088
      0.1630
      0.1904
      0.1607
      0.0985
      0.0472
      0.0238
      0.0224
      0.0352
      0.0533
      0.0621
      0.0524
      0.0316
      0.0136
      0.0042
      0.0009
      0.0002
      0.0000
      0.0872
      0.1119
      0.1607
      0.1811
      0.1481
      0.0883
      0.0412
      0.0204
      0.0195
      0.0322
      0.0515
      0.0638
      0.0581
      0.0386
      0.0186
      0.0066
      0.0017
      0.0003
      0.0001
      0.0915
      0.1104
      0.1438
      0.1489
      0.1130
      0.0628
      0.0274
      0.0130
      0.0141
      0.0287
      0.0558
      0.0846
      0.0952
      0.0785
      0.0471
      0.0204
      0.0064
      0.0014
      0.0004
      0.0960
      0.1035
      0.1124
      0.1010
      0.0685
      0.0345
      0.0138
      0.0070
      0.0122
      0.0364
      0.0917
      0.1704
      0.2280
      0.2184
      0.1492
      0.0724
      0.0249
      0.0062
      0.0021
      0.2030
      0.1820
      0.1325
      0.0797
      0.0396
      0.0161
      0.0060
      0.0049
      0.0161
      0.0608
      0.1745
      0.3586
      0.5229
      0.5406
      0.3960
      0.2054
      0.0755
      0.0203
      0.0076
      0.7891
      0.6676
      0.4051
      0.1776
      0.0573
      0.0146
      0.0044
      0.0056
      0.0217
      0.0882
      0.2699
      0.5894
      0.9111
      0.9969
      0.7729
      0.4255
      0.1681
      0.0515
      0.0234
      2.6174
      2.2023
      1.3112
      0.5518
      0.1642
      0.0356
      0.0079
      0.0069
      0.0230
      0.0944
      0.3039
      0.6999
      1.1413
      1.3188
      1.0838
      0.6405
      0.2848
      0.1150
      0.0728
      6.2282
      5.2383
      3.1145
      1.3067
      0.3863
      0.0817
      0.0154
      0.0077
      0.0182
      0.0726
      0.2440
      0.5928
      1.0224
      1.2557
      1.1127
      0.7408
      0.4224
      0.2731
      0.2390
     10.4742
      8.8092
      5.2373
      2.1970
      0.6493
      0.1373
      0.0254
      0.0101
      0.0135
      0.0417
      0.1412
      0.3630
      0.6714
      0.9016
      0.9140
      0.7768
      0.6744
      0.6748
      0.6958
     12.4538
     10.4742
      6.2274
      2.6134
      0.7757
      0.1713
      0.0432
      0.0268
      0.0236
      0.0278
      0.0658
      0.1741
      0.3620
      0.5767
      0.7536
      0.9165
      1.1499
      1.4252
      1.5563
     10.4742
      8.8097
      5.2398
      2.2061
      0.6737
      0.1873
      0.1025
      0.0972
      0.0799
      0.0521
      0.0435
      0.0875
      0.2144
      0.4368
      0.7459
      1.1586
      1.7088
      2.2767
      2.5326
      6.2282
      5.2406
      3.1277
      1.3494
      0.4884
      0.2703
      0.2823
      0.2906
      0.2282
      0.1319
      0.0648
      0.0657
      0.1628
      0.3848
      0.7441
      1.2567
      1.9406
      2.6396
      2.9534
      2.6174
      2.2118
      1.3612
      0.7000
      0.4815
      0.5564
      0.6724
      0.6562
      0.4844
      0.2638
      0.1099
      0.0622
      0.1212
      0.2973
      0.5989
      1.0344
      1.6110
      2.1979
      2.4614
      0.7891
      0.6951
      0.5444
      0.5646
      0.8141
      1.1347
      1.2974
      1.1700
      0.8114
      0.4216
      0.1633
      0.0613
      0.0730
      0.1733
      0.3572
      0.6247
      0.9747
      1.3276
      1.4856
      0.2030
      0.2387
      0.4140
      0.8326
      1.4381
      1.9718
      2.1549
      1.8817
      1.2881
      0.6702
      0.2585
      0.0782
      0.0403
      0.0753
      0.1603
      0.2950
      0.4799
      0.6692
      0.7543
      0.0960
      0.1870
      0.5257
      1.1999
      2.1170
      2.9746
      3.4207
      3.1999
      2.3501
      1.3011
      0.5268
      0.1546
      0.0396
      0.0317
      0.0757
      0.1809
      0.3623
      0.5657
      0.6593
      0.0915
      0.2002
      0.5955
      1.3961
      2.6179
      4.0964
      5.3525
      5.5963
      4.4505
      2.5963
      1.0878
      0.3237
      0.0710
      0.0287
      0.0809
      0.2555
      0.5940
      0.9894
      1.1734
      0.0872
      0.1888
      0.5641
      1.3883
      2.8884
      5.1492
      7.5160
      8.4460
      6.9970
      4.1740
      1.7710
      0.5306
      0.1150
      0.0413
      0.1211
      0.4030
      0.9584
      1.6106
      1.9145
      0.0824
      0.1766
      0.5302
      1.3493
      2.9727
      5.6126
      8.5238
      9.7918
      8.2027
      4.9205
      2.0937
      0.6283
      0.1361
      0.0484
      0.1426
      0.4766
      1.1356
      1.9098
      2.2707
