      0.0000
      0.0000
      0.0000
      0.0000
      0.0000
      0.0000
      0.0000
      0.0000
      0.0000
      0.0000
      0.0000
      0.0000
      0.0000
      0.0000
      0.0000
      0.0000
      0.0000
      0.0000
      0.0000
      0.0000
      0.0000
      0.0000
      0.0000
      0.0000
      0.0000
      0.0000
      0.0000
      0.0000
      0.0000
      0.0000
      0.0000
      0.0000
      0.0000
      0.0000
      0.0000
      0.0000
      0.0000
      0.0000
      0.0000
      0.0000
      0.0000
      0.0000
      0.0000
      0.0000
      0.0000
      0.0000
      0.0000
      0.0000
      0.0000
      0.0000
      0.0000
      0.0000
      0.0000
      0.0000
      0.0000
      0.0000
      0.0000
      0.0000
      0.0000
      0.0000
      0.0000
      0.0000
      0.0000
      0.0000
      0.0000
      0.0000
      0.0000
      0.0000
      0.0000
      0.0000
      0.0000
      0.0000
      0.0000
      0.0000
      0.0000
      0.0000
      0.0000
      0.0000
      0.0000
      0.0000
      0.0000
      0.0000
      0.0000
      0.0000
      0.0000
      0.0000
      0.0000
      0.0001
      0.0004
      0.0005
      0.0001
      0.0000
      0.0000
      0.0000
      0.0000
      0.0020
      0.0010
      0.0001
      0.0000
      0.0000
      0.0000
      0.0000
      0.0000
      0.0000
      0.0000
      0.0000
      0.0007
      0.0039
      0.0055
      0.0020
      0.0002
      0.0000
      0.0000
      0.0000
      0.2662
      0.1331
      0.0166
      0.0005
      0.0000
      0.0000
      0.0000
      0.0000
      0.0000
      0.0000
      0.0000
      0.0014
      0.0096
      0.0169
      0.0074
      0.0008
      0.0000
      0.0000
      0.0000
      8.6322
      4.3161
      0.5381
      0.0166
      0.0001
      0.0000
      0.0000
      0.0000
      0.0000
      0.0000
      0.0000
      0.0007
      0.0059
      0.0129
      0.0069
      0.0009
      0.0001
      0.0002
      0.0004
     69.2404
     34.6202
      4.3161
      0.1331
      0.0010
      0.0000
      0.0000
      0.0000
      0.0000
      0.0000
      0.0000
      0.0001
      0.0009
      0.0025
      0.0018
      0.0006
      0.0034
      0.0269
      0.0537
    138.4808
     69.2404
      8.6322
      0.2662
      0.0020
      0.0000
      0.0000
      0.0000
      0.0000
      0.0000
      0.0000
      0.0000
      0.0001
      0.0019
      0.0090
      0.0145
      0.1121
      0.8708
      1.7410
     69.2404
     34.6202
      4.3161
      0.1331
      0.0010
      0.0000
      0.0001
      0.0002
      0.0001
      0.0000
      0.0000
      0.0000
      0.0006
      0.0150
      0.0873
      0.1532
      0.9166
      6.9866
     13.9647
      8.6322
      4.3161
      0.5381
      0.0166
      0.0002
      0.0012
      0.0090
      0.0172
      0.0082
      0.0010
      0.0000
      0.0000
      0.0011
      0.0312
      0.2121
      0.4115
      1.8923
     13.9805
     27.9297
      0.2662
      0.1331
      0.0166
      0.0005
      0.0010
      0.0266
      0.1788
      0.3001
      0.1259
      0.0132
      0.0003
      0.0000
      0.0005
      0.0163
      0.1288
      0.2802
      0.9952
      6.9975
     13.9653
      0.0020
      0.0010
      0.0001
      0.0004
      0.0085
      0.1519
      0.8786
      1.3000
      0.4817
      0.0445
      0.0010
      0.0000
      0.0001
      0.0021
      0.0195
      0.0481
      0.1342
      0.8742
      1.7412
      0.0000
      0.0000
      0.0002
      0.0063
      0.0479
      0.2636
      1.0967
      1.4094
      0.4609
      0.0376
      0.0008
      0.0000
      0.0000
      0.0001
      0.0007
      0.0021
      0.0047
      0.0273
      0.0542
      0.0000
      0.0000
      0.0013
      0.0288
      0.1563
      0.2774
      0.4359
      0.4729
      0.1569
      0.0142
      0.0003
      0.0000
      0.0000
      0.0000
      0.0000
      0.0002
      0.0045
      0.0363
      0.0726
      0.0000
      0.0000
      0.0018
      0.0333
      0.1563
      0.3308
      1.3857
      2.8516
      1.5252
      0.2042
      0.0068
      0.0001
      0.0000
      0.0000
      0.0000
      0.0045
      0.1459
      1.1705
      2.3409
      0.0000
      0.0000
      0.0006
      0.0099
      0.0726
      1.2555
     10.5291
     22.6409
     12.1813
      1.6346
      0.0543
      0.0004
      0.0000
      0.0000
      0.0003
      0.0361
      1.1705
      9.3885
     18.7769
      0.0000
      0.0000
      0.0001
      0.0019
      0.0744
      2.4407
     21.0399
     45.2799
     24.3624
      3.2692
      0.1086
      0.0009
      0.0000
      0.0000
      0.0005
      0.0722
      2.3409
     18.7769
     37.5538
