      0.0015
      0.0037
      0.0090
      0.0122
      0.0090
      0.0038
      0.0014
      0.0010
      0.0009
      0.0010
      0.0018
      0.0023
      0.0017
      0.0007
      0.0001
      0.0000
      0.0000
      0.0000
      0.0000
      0.0022
      0.0047
      0.0104
      0.0129
      0.0087
      0.0034
      0.0011
      0.0008
      0.0006
      0.0008
      0.0016
      0.0022
      0.0018
      0.0008
      0.0002
      0.0000
      0.0000
      0.0000
      0.0000
      0.0028
      0.0054
      0.0103
      0.0110
      0.0065
      0.0021
      0.0006
      0.0003
      0.0003
      0.0004
      0.0010
      0.0018
      0.0018
      0.0010
      0.0003
      0.0001
      0.0000
      0.0000
      0.0000
      0.0023
      0.0038
      0.0061
      0.0057
      0.0029
      0.0008
      0.0002
      0.0001
      0.0001
      0.0002
      0.0009
      0.0025
      0.0040
      0.0036
      0.0018
      0.0005
      0.0001
      0.0000
      0.0000
      0.0058
      0.0049
      0.0034
      0.0019
      0.0008
      0.0002
      0.0000
      0.0000
      0.0001
      0.0004
      0.0024
      0.0086
      0.0170
      0.0181
      0.0105
      0.0033
      0.0005
      0.0001
      0.0000
      0.0810
      0.0597
      0.0239
      0.0053
      0.0007
      0.0001
      0.0001
      0.0001
      0.0002
      0.0008
      0.0053
      0.0215
      0.0467
      0.0548
      0.0348
      0.0119
      0.0023
      0.0006
      0.0005
      0.7094
      0.5214
      0.2068
      0.0441
      0.0050
      0.0004
      0.0002
      0.0003
      0.0003
      0.0009
      0.0067
      0.0293
      0.0699
      0.0899
      0.0627
      0.0246
      0.0093
      0.0115
      0.0148
      3.3276
      2.4457
      0.9698
      0.2067
      0.0236
      0.0015
      0.0004
      0.0004
      0.0004
      0.0006
      0.0045
      0.0217
      0.0567
      0.0804
      0.0640
      0.0428
      0.0792
      0.1809
      0.2438
      8.3918
      6.1676
      2.4457
      0.5214
      0.0594
      0.0037
      0.0004
      0.0004
      0.0002
      0.0002
      0.0017
      0.0088
      0.0260
      0.0439
      0.0583
      0.1642
      0.6419
      1.5767
      2.1361
     11.4181
      8.3918
      3.3276
      0.7094
      0.0809
      0.0051
      0.0007
      0.0008
      0.0006
      0.0003
      0.0004
      0.0026
      0.0114
      0.0356
      0.1284
      0.6932
      2.9744
      7.3775
     10.0088
      8.3918
      6.1676
      2.4457
      0.5214
      0.0599
      0.0060
      0.0061
      0.0084
      0.0063
      0.0026
      0.0007
      0.0020
      0.0139
      0.0653
      0.3018
      1.7289
      7.4750
     18.5806
     25.2220
      3.3276
      2.4457
      0.9699
      0.2078
      0.0290
      0.0209
      0.0435
      0.0559
      0.0397
      0.0154
      0.0033
      0.0024
      0.0171
      0.0872
      0.4161
      2.3613
     10.1665
     25.2659
     34.3017
      0.7094
      0.5216
      0.2086
      0.0544
      0.0421
      0.0971
      0.1780
      0.2049
      0.1351
      0.0491
      0.0097
      0.0023
      0.0119
      0.0646
      0.3145
      1.7534
      7.4841
     18.5688
     25.2052
      0.0810
      0.0610
      0.0368
      0.0674
      0.1743
      0.3231
      0.4420
      0.4243
      0.2523
      0.0853
      0.0158
      0.0020
      0.0046
      0.0260
      0.1292
      0.7064
      2.9813
      7.3764
     10.0084
      0.0058
      0.0101
      0.0527
      0.2184
      0.5200
      0.7479
      0.7376
      0.5434
      0.2783
      0.0870
      0.0153
      0.0016
      0.0010
      0.0057
      0.0302
      0.1674
      0.7040
      1.7387
      2.3583
      0.0023
      0.0149
      0.1080
      0.4246
      0.9186
      1.1512
      0.9467
      0.6052
      0.3025
      0.1003
      0.0194
      0.0021
      0.0002
      0.0015
      0.0175
      0.1416
      0.6538
      1.6437
      2.2353
      0.0028
      0.0182
      0.1236
      0.4555
      0.9391
      1.2053
      1.2197
      1.1036
      0.7263
      0.2847
      0.0616
      0.0072
      0.0006
      0.0040
      0.0664
      0.5817
      2.7281
      6.8797
      9.3606
      0.0022
      0.0128
      0.0810
      0.2852
      0.6205
      1.0952
      1.8380
      2.2882
      1.6897
      0.6878
      0.1513
      0.0178
      0.0014
      0.0101
      0.1668
      1.4643
      6.8690
     17.3227
     23.5697
      0.0015
      0.0086
      0.0514
      0.1788
      0.4439
      1.0741
      2.2617
      3.0336
      2.2818
      0.9331
      0.2055
      0.0242
      0.0019
      0.0138
      0.2270
      1.9924
      9.3459
     23.5692
     32.0688
