      0.4291
      0.4384
      0.4580
      0.4704
      0.4648
      0.4455
      0.4282
      0.4278
      0.4489
      0.4817
      0.5044
      0.4931
      0.4361
      0.3421
      0.2360
      0.1435
      0.0793
      0.0445
      0.0338
      0.4293
      0.4364
      0.4502
      0.4557
      0.4445
      0.4221
      0.4040
      0.4046
      0.4282
      0.4654
      0.4949
      0.4922
      0.4436
      0.3552
      0.2505
      0.1560
      0.0880
      0.0500
      0.0381
      0.4418
      0.4419
      0.4380
      0.4228
      0.3950
      0.3638
      0.3439
      0.3475
      0.3780
      0.4272
      0.4750
      0.4958
      0.4703
      0.3977
      0.2969
      0.1959
      0.1168
      0.0693
      0.0539
      0.5062
      0.4934
      0.4571
      0.4044
      0.3474
      0.3011
      0.2780
      0.2858
      0.3253
      0.3898
      0.4621
      0.5156
      0.5235
      0.4742
      0.3797
      0.2692
      0.1732
      0.1111
      0.0900
      0.6906
      0.6563
      0.5656
      0.4498
      0.3429
      0.2689
      0.2368
      0.2457
      0.2916
      0.3689
      0.4649
      0.5533
      0.6000
      0.5809
      0.4984
      0.3815
      0.2690
      0.1915
      0.1644
      1.0655
      0.9974
      0.8213
      0.6046
      0.4151
      0.2908
      0.2358
      0.2367
      0.2806
      0.3621
      0.4738
      0.5928
      0.6802
      0.7003
      0.6440
      0.5364
      0.4211
      0.3373
      0.3071
      1.6433
      1.5290
      1.2355
      0.8781
      0.5695
      0.3676
      0.2713
      0.2507
      0.2811
      0.3549
      0.4703
      0.6107
      0.7380
      0.8092
      0.8042
      0.7387
      0.6525
      0.5851
      0.5602
      2.3195
      2.1543
      1.7303
      1.2152
      0.7706
      0.4768
      0.3276
      0.2763
      0.2839
      0.3391
      0.4453
      0.5956
      0.7596
      0.8949
      0.9725
      0.9940
      0.9835
      0.9673
      0.9606
      2.8795
      2.6737
      2.1461
      1.5060
      0.9537
      0.5865
      0.3937
      0.3140
      0.2962
      0.3254
      0.4108
      0.5586
      0.7527
      0.9594
      1.1458
      1.2957
      1.4067
      1.4775
      1.5022
      3.0983
      2.8793
      2.3188
      1.6417
      1.0614
      0.6786
      0.4763
      0.3836
      0.3430
      0.3400
      0.3925
      0.5227
      0.7337
      1.0057
      1.3061
      1.6012
      1.8563
      2.0332
      2.0971
      2.8795
      2.6827
      2.1820
      1.5847
      1.0843
      0.7654
      0.6007
      0.5150
      0.4527
      0.4072
      0.4106
      0.5034
      0.7082
      1.0199
      1.4086
      1.8260
      2.2081
      2.4809
      2.5804
      2.3195
      2.1751
      1.8129
      1.3957
      1.0688
      0.8826
      0.7939
      0.7269
      0.6359
      0.5317
      0.4661
      0.4984
      0.6668
      0.9768
      1.4011
      1.8826
      2.3380
      2.6687
      2.7902
      1.6433
      1.5653
      1.3792
      1.1905
      1.0824
      1.0600
      1.0601
      1.0080
      0.8746
      0.6946
      0.5432
      0.4959
      0.6003
      0.8662
      1.2679
      1.7465
      2.2113
      2.5536
      2.6802
      1.0655
      1.0511
      1.0335
      1.0639
      1.1643
      1.2945
      1.3701
      1.3190
      1.1309
      0.8667
      0.6237
      0.4901
      0.5168
      0.7139
      1.0574
      1.4914
      1.9269
      2.2536
      2.3754
      0.6906
      0.7257
      0.8395
      1.0409
      1.3032
      1.5489
      1.6762
      1.6148
      1.3711
      1.0279
      0.7012
      0.4884
      0.4419
      0.5725
      0.8600
      1.2539
      1.6673
      1.9857
      2.1059
      0.5062
      0.5735
      0.7730
      1.0861
      1.4545
      1.7762
      1.9370
      1.8663
      1.5797
      1.1744
      0.7801
      0.5031
      0.4006
      0.4877
      0.7512
      1.1457
      1.5799
      1.9239
      2.0554
      0.4418
      0.5266
      0.7728
      1.1473
      1.5760
      1.9446
      2.1310
      2.0609
      1.7510
      1.3044
      0.8608
      0.5365
      0.3977
      0.4683
      0.7438
      1.1816
      1.6794
      2.0813
      2.2363
      0.4293
      0.5217
      0.7884
      1.1906
      1.6487
      2.0441
      2.2502
      2.1880
      1.8703
      1.4013
      0.9268
      0.5727
      0.4144
      0.4849
      0.7870
      1.2790
      1.8467
      2.3089
      2.4879
      0.4291
      0.5235
      0.7955
      1.2052
      1.6721
      2.0765
      2.2906
      2.2330
      1.9141
      1.4381
      0.9530
      0.5884
      0.4241
      0.4966
      0.8118
      1.3281
      1.9259
      2.4137
      2.6028
