      0.0000
      0.0000
      0.0000
      0.0000
      0.0000
      0.0000
      0.0000
      0.0000
      0.0000
      0.0000
      0.0000
      0.0000
      0.0000
      0.0000
      0.0000
      0.0000
      0.0000
      0.0000
      0.0000
      0.0000
      0.0000
      0.0000
      0.0000
      0.0000
      0.0000
      0.0000
      0.0000
      0.0000
      0.0000
      0.0000
      0.0000
      0.0000
      0.0000
      0.0000
      0.0000
      0.0000
      0.0000
      0.0000
      0.0000
      0.0000
      0.0000
      0.0000
      0.0000
      0.0000
      0.0000
      0.0000
      0.0000
      0.0000
      0.0000
      0.0000
      0.0000
      0.0000
      0.0000
      0.0000
      0.0000
      0.0000
      0.0000
      0.0000
      0.0000
      0.0000
      0.0000
      0.0000
      0.0000
      0.0000
      0.0000
      0.0000
      0.0000
      0.0000
      0.0000
      0.0000
      0.0000
      0.0000
      0.0000
      0.0000
      0.0000
      0.0000
      0.0000
      0.0000
      0.0000
      0.0000
      0.0000
      0.0000
      0.0000
      0.0000
      0.0000
      0.0000
      0.0000
      0.0001
      0.0005
      0.0005
      0.0002
      0.0000
      0.0000
      0.0000
      0.0000
      0.0001
      0.0001
      0.0000
      0.0000
      0.0000
      0.0000
      0.0000
      0.0000
      0.0000
      0.0000
      0.0000
      0.0008
      0.0046
      0.0065
      0.0023
      0.0002
      0.0000
      0.0000
      0.0000
      0.0177
      0.0089
      0.0011
      0.0000
      0.0000
      0.0000
      0.0000
      0.0000
      0.0000
      0.0000
      0.0001
      0.0016
      0.0113
      0.0199
      0.0088
      0.0010
      0.0000
      0.0000
      0.0000
      0.5750
      0.2875
      0.0358
      0.0011
      0.0000
      0.0000
      0.0000
      0.0000
      0.0000
      0.0000
      0.0000
      0.0008
      0.0070
      0.0152
      0.0082
      0.0011
      0.0001
      0.0001
      0.0002
      4.6123
      2.3062
      0.2875
      0.0089
      0.0001
      0.0000
      0.0000
      0.0000
      0.0000
      0.0000
      0.0000
      0.0001
      0.0011
      0.0029
      0.0022
      0.0006
      0.0021
      0.0160
      0.0320
      9.2246
      4.6123
      0.5750
      0.0177
      0.0001
      0.0000
      0.0000
      0.0000
      0.0000
      0.0000
      0.0000
      0.0000
      0.0001
      0.0020
      0.0095
      0.0138
      0.0686
      0.5198
      1.0387
      4.6123
      2.3062
      0.2875
      0.0089
      0.0001
      0.0000
      0.0001
      0.0003
      0.0001
      0.0000
      0.0000
      0.0000
      0.0007
      0.0158
      0.0920
      0.1493
      0.5682
      4.1705
      8.3317
      0.5750
      0.2875
      0.0358
      0.0011
      0.0000
      0.0013
      0.0095
      0.0181
      0.0086
      0.0010
      0.0000
      0.0000
      0.0012
      0.0330
      0.2235
      0.4095
      1.1984
      8.3485
     16.6637
      0.0177
      0.0089
      0.0011
      0.0001
      0.0011
      0.0281
      0.1886
      0.3165
      0.1328
      0.0139
      0.0004
      0.0000
      0.0005
      0.0172
      0.1358
      0.2833
      0.6510
      4.1819
      8.3323
      0.0001
      0.0001
      0.0000
      0.0006
      0.0102
      0.1623
      0.9277
      1.3714
      0.5082
      0.0469
      0.0011
      0.0000
      0.0001
      0.0022
      0.0206
      0.0492
      0.0919
      0.5232
      1.0389
      0.0000
      0.0000
      0.0004
      0.0097
      0.0695
      0.3072
      1.1681
      1.4878
      0.4863
      0.0396
      0.0008
      0.0000
      0.0000
      0.0001
      0.0008
      0.0021
      0.0035
      0.0172
      0.0339
      0.0000
      0.0000
      0.0021
      0.0445
      0.2402
      0.3931
      0.4979
      0.5124
      0.1714
      0.0158
      0.0004
      0.0000
      0.0000
      0.0000
      0.0000
      0.0005
      0.0154
      0.1232
      0.2465
      0.0000
      0.0000
      0.0028
      0.0515
      0.2404
      0.4534
      1.6499
      3.3624
      1.7987
      0.2409
      0.0080
      0.0001
      0.0000
      0.0000
      0.0001
      0.0153
      0.4977
      3.9922
      7.9844
      0.0000
      0.0000
      0.0009
      0.0152
      0.0996
      1.4949
     12.4256
     26.7121
     14.3716
      1.9285
      0.0640
      0.0005
      0.0000
      0.0000
      0.0009
      0.1231
      3.9922
     32.0222
     64.0443
      0.0000
      0.0000
      0.0002
      0.0027
      0.0895
      2.8810
     24.8234
     53.4217
     28.7429
      3.8570
      0.1281
      0.0010
      0.0000
      0.0000
      0.0019
      0.2462
      7.9844
     64.0443
    128.0887
