      0.0021
      0.0051
      0.0126
      0.0171
      0.0126
      0.0051
      0.0014
      0.0007
      0.0008
      0.0019
      0.0044
      0.0058
      0.0042
      0.0017
      0.0003
      0.0000
      0.0000
      0.0000
      0.0000
      0.0030
      0.0065
      0.0145
      0.0180
      0.0121
      0.0046
      0.0012
      0.0005
      0.0006
      0.0016
      0.0039
      0.0056
      0.0044
      0.0019
      0.0005
      0.0001
      0.0000
      0.0000
      0.0000
      0.0040
      0.0076
      0.0144
      0.0154
      0.0090
      0.0029
      0.0006
      0.0002
      0.0003
      0.0009
      0.0026
      0.0045
      0.0045
      0.0026
      0.0009
      0.0002
      0.0000
      0.0000
      0.0000
      0.0032
      0.0053
      0.0085
      0.0079
      0.0040
      0.0011
      0.0002
      0.0001
      0.0001
      0.0005
      0.0023
      0.0064
      0.0102
      0.0093
      0.0047
      0.0013
      0.0002
      0.0000
      0.0000
      0.0074
      0.0064
      0.0045
      0.0026
      0.0010
      0.0002
      0.0000
      0.0000
      0.0001
      0.0009
      0.0061
      0.0223
      0.0439
      0.0468
      0.0270
      0.0084
      0.0014
      0.0001
      0.0000
      0.1021
      0.0752
      0.0301
      0.0067
      0.0009
      0.0001
      0.0001
      0.0001
      0.0002
      0.0019
      0.0138
      0.0555
      0.1206
      0.1416
      0.0898
      0.0307
      0.0057
      0.0008
      0.0003
      0.8935
      0.6567
      0.2604
      0.0555
      0.0063
      0.0004
      0.0002
      0.0003
      0.0004
      0.0022
      0.0171
      0.0758
      0.1806
      0.2323
      0.1616
      0.0614
      0.0150
      0.0076
      0.0085
      4.1911
      3.0803
      1.2214
      0.2604
      0.0297
      0.0019
      0.0003
      0.0004
      0.0004
      0.0014
      0.0116
      0.0560
      0.1465
      0.2072
      0.1607
      0.0775
      0.0583
      0.1039
      0.1371
     10.5696
      7.7682
      3.0803
      0.6567
      0.0748
      0.0046
      0.0004
      0.0004
      0.0003
      0.0005
      0.0042
      0.0228
      0.0669
      0.1105
      0.1155
      0.1445
      0.3851
      0.8911
      1.1974
     14.3812
     10.5696
      4.1911
      0.8935
      0.1019
      0.0066
      0.0014
      0.0018
      0.0014
      0.0007
      0.0011
      0.0067
      0.0286
      0.0803
      0.1768
      0.5036
      1.7435
      4.1544
      5.6014
     10.5696
      7.7682
      3.0803
      0.6568
      0.0761
      0.0104
      0.0151
      0.0209
      0.0159
      0.0065
      0.0018
      0.0050
      0.0343
      0.1418
      0.4004
      1.2522
      4.3762
     10.4504
     14.1031
      4.1911
      3.0803
      1.2217
      0.2624
      0.0414
      0.0477
      0.1071
      0.1398
      0.0998
      0.0386
      0.0084
      0.0060
      0.0420
      0.1901
      0.5660
      1.7491
      5.9805
     14.2131
     19.1737
      0.8935
      0.6570
      0.2632
      0.0721
      0.0754
      0.2104
      0.4233
      0.5059
      0.3381
      0.1233
      0.0245
      0.0059
      0.0294
      0.1415
      0.4405
      1.3397
      4.4420
     10.4604
     14.0921
      0.1021
      0.0770
      0.0486
      0.0986
      0.2828
      0.6123
      0.9724
      1.0156
      0.6246
      0.2136
      0.0397
      0.0051
      0.0112
      0.0570
      0.1863
      0.5600
      1.7933
      4.1698
      5.6049
      0.0074
      0.0137
      0.0740
      0.3122
      0.7763
      1.2379
      1.4359
      1.2207
      0.6735
      0.2165
      0.0385
      0.0039
      0.0024
      0.0125
      0.0440
      0.1394
      0.4500
      1.0433
      1.4009
      0.0032
      0.0209
      0.1514
      0.5997
      1.3287
      1.7857
      1.7093
      1.3107
      0.7310
      0.2525
      0.0496
      0.0054
      0.0006
      0.0022
      0.0180
      0.1281
      0.5741
      1.4349
      1.9496
      0.0040
      0.0255
      0.1734
      0.6452
      1.3829
      2.0072
      2.5152
      2.6524
      1.8421
      0.7320
      0.1590
      0.0186
      0.0013
      0.0038
      0.0605
      0.5294
      2.4815
      6.2570
      8.5133
      0.0030
      0.0179
      0.1143
      0.4154
      1.0171
      2.2518
      4.4410
      5.8238
      4.3523
      1.7761
      0.3908
      0.0460
      0.0032
      0.0093
      0.1518
      1.3326
      6.2509
     15.7639
     21.4488
      0.0021
      0.0120
      0.0732
      0.2722
      0.8214
      2.4737
      5.6934
      7.7983
      5.8904
      2.4107
      0.5310
      0.0625
      0.0043
      0.0126
      0.2066
      1.8131
      8.5050
     21.4485
     29.1834
