      0.1804
      0.1883
      0.2123
      0.2531
      0.3098
      0.3771
      0.4431
      0.4940
      0.5201
      0.5193
      0.4926
      0.4403
      0.3644
      0.2739
      0.1848
      0.1124
      0.0644
      0.0391
      0.0316
      0.1919
      0.1980
      0.2168
      0.2501
      0.2984
      0.3575
      0.4174
      0.4653
      0.4925
      0.4965
      0.4772
      0.4333
      0.3651
      0.2799
      0.1928
      0.1197
      0.0696
      0.0425
      0.0342
      0.2433
      0.2428
      0.2440
      0.2528
      0.2751
      0.3113
      0.3546
      0.3952
      0.4252
      0.4413
      0.4410
      0.4194
      0.3717
      0.3008
      0.2192
      0.1439
      0.0879
      0.0553
      0.0449
      0.3879
      0.3730
      0.3362
      0.2960
      0.2709
      0.2698
      0.2894
      0.3199
      0.3527
      0.3829
      0.4059
      0.4128
      0.3931
      0.3424
      0.2691
      0.1915
      0.1275
      0.0875
      0.0742
      0.7116
      0.6692
      0.5609
      0.4321
      0.3273
      0.2694
      0.2563
      0.2727
      0.3045
      0.3441
      0.3865
      0.4211
      0.4317
      0.4062
      0.3471
      0.2725
      0.2051
      0.1608
      0.1457
      1.2974
      1.2090
      0.9826
      0.7095
      0.4782
      0.3335
      0.2719
      0.2652
      0.2876
      0.3272
      0.3801
      0.4370
      0.4788
      0.4862
      0.4556
      0.4023
      0.3497
      0.3147
      0.3029
      2.1486
      1.9961
      1.6051
      1.1311
      0.7243
      0.4592
      0.3291
      0.2867
      0.2893
      0.3186
      0.3724
      0.4457
      0.5203
      0.5744
      0.5989
      0.6033
      0.6037
      0.6071
      0.6095
      3.1155
      2.8916
      2.3172
      1.6191
      1.0156
      0.6141
      0.4044
      0.3183
      0.2946
      0.3069
      0.3547
      0.4395
      0.5502
      0.6690
      0.7852
      0.8990
      1.0077
      1.0924
      1.1252
      3.9041
      3.6229
      2.9012
      2.0233
      1.2618
      0.7504
      0.4757
      0.3525
      0.3042
      0.2975
      0.3344
      0.4260
      0.5744
      0.7733
      1.0152
      1.2886
      1.5607
      1.7702
      1.8499
      4.2104
      3.9083
      3.1338
      2.1930
      1.3788
      0.8331
      0.5388
      0.4015
      0.3370
      0.3107
      0.3303
      0.4199
      0.5995
      0.8796
      1.2593
      1.7143
      2.1762
      2.5318
      2.6667
      3.9041
      3.6280
      2.9219
      2.0697
      1.3412
      0.8629
      0.6107
      0.4893
      0.4172
      0.3664
      0.3564
      0.4276
      0.6190
      0.9575
      1.4489
      2.0576
      2.6827
      3.1648
      3.3475
      3.1155
      2.9032
      2.3645
      1.7259
      1.1988
      0.8736
      0.7147
      0.6310
      0.5525
      0.4664
      0.4099
      0.4410
      0.6139
      0.9663
      1.5075
      2.1939
      2.9049
      3.4543
      3.6625
      2.1486
      2.0160
      1.6861
      1.3144
      1.0388
      0.9034
      0.8573
      0.8151
      0.7231
      0.5899
      0.4730
      0.4456
      0.5704
      0.8881
      1.4071
      2.0807
      2.7848
      3.3304
      3.5374
      1.2974
      1.2375
      1.0991
      0.9725
      0.9284
      0.9661
      1.0187
      1.0061
      0.8919
      0.7064
      0.5261
      0.4348
      0.4970
      0.7506
      1.2016
      1.8052
      2.4444
      2.9429
      3.1324
      0.7116
      0.7049
      0.7063
      0.7594
      0.8847
      1.0471
      1.1669
      1.1680
      1.0285
      0.7966
      0.5628
      0.4168
      0.4223
      0.6147
      1.0000
      1.5381
      2.1202
      2.5792
      2.7545
      0.3879
      0.4130
      0.4983
      0.6594
      0.8861
      1.1223
      1.2802
      1.2857
      1.1265
      0.8617
      0.5905
      0.4067
      0.3754
      0.5344
      0.8951
      1.4223
      2.0070
      2.4745
      2.6542
      0.2433
      0.2842
      0.4112
      0.6259
      0.9033
      1.1771
      1.3552
      1.3643
      1.1952
      0.9118
      0.6180
      0.4123
      0.3651
      0.5222
      0.9041
      1.4796
      2.1295
      2.6547
      2.8576
      0.1919
      0.2392
      0.3829
      0.6192
      0.9177
      1.2086
      1.3979
      1.4117
      1.2403
      0.9486
      0.6430
      0.4263
      0.3759
      0.5463
      0.9670
      1.6087
      2.3393
      2.9328
      3.1626
      0.1804
      0.2292
      0.3771
      0.6189
      0.9229
      1.2187
      1.4119
      1.4281
      1.2569
      0.9629
      0.6535
      0.4336
      0.3833
      0.5613
      1.0006
      1.6724
      2.4390
      3.0625
      3.3042
