      0.1693
      0.1820
      0.2084
      0.2256
      0.2219
      0.2057
      0.1931
      0.1936
      0.2090
      0.2364
      0.2630
      0.2662
      0.2311
      0.1664
      0.0978
      0.0467
      0.0183
      0.0065
      0.0035
      0.1684
      0.1795
      0.2018
      0.2144
      0.2071
      0.1890
      0.1756
      0.1760
      0.1928
      0.2238
      0.2573
      0.2701
      0.2440
      0.1837
      0.1135
      0.0573
      0.0238
      0.0088
      0.0049
      0.1700
      0.1760
      0.1862
      0.1856
      0.1695
      0.1476
      0.1336
      0.1354
      0.1570
      0.1997
      0.2548
      0.2974
      0.2988
      0.2505
      0.1726
      0.0972
      0.0449
      0.0181
      0.0105
      0.2022
      0.1981
      0.1841
      0.1594
      0.1289
      0.1032
      0.0912
      0.0978
      0.1287
      0.1915
      0.2841
      0.3785
      0.4274
      0.3982
      0.3024
      0.1865
      0.0942
      0.0420
      0.0261
      0.3521
      0.3255
      0.2584
      0.1799
      0.1162
      0.0795
      0.0692
      0.0824
      0.1244
      0.2116
      0.3524
      0.5173
      0.6341
      0.6350
      0.5157
      0.3404
      0.1865
      0.0940
      0.0648
      0.7728
      0.6970
      0.5127
      0.3120
      0.1661
      0.0931
      0.0748
      0.0900
      0.1379
      0.2422
      0.4251
      0.6604
      0.8544
      0.9014
      0.7735
      0.5468
      0.3331
      0.1997
      0.1569
      1.5966
      1.4317
      1.0336
      0.6056
      0.2999
      0.1475
      0.1011
      0.1072
      0.1490
      0.2512
      0.4479
      0.7231
      0.9789
      1.0864
      0.9936
      0.7732
      0.5534
      0.4161
      0.3729
      2.7474
      2.4610
      1.7701
      1.0284
      0.4978
      0.2283
      0.1347
      0.1207
      0.1447
      0.2239
      0.3969
      0.6634
      0.9443
      1.1188
      1.1246
      1.0156
      0.9026
      0.8468
      0.8349
      3.8200
      3.4212
      2.4594
      1.4269
      0.6870
      0.3073
      0.1682
      0.1332
      0.1358
      0.1803
      0.3037
      0.5226
      0.7953
      1.0391
      1.2044
      1.3226
      1.4542
      1.5917
      1.6541
      4.2649
      3.8203
      2.7487
      1.6007
      0.7820
      0.3666
      0.2168
      0.1747
      0.1584
      0.1637
      0.2277
      0.3851
      0.6358
      0.9489
      1.3044
      1.7179
      2.1851
      2.5954
      2.7639
      3.8200
      3.4244
      2.4738
      1.4646
      0.7620
      0.4276
      0.3248
      0.2959
      0.2585
      0.2138
      0.2107
      0.3040
      0.5276
      0.8934
      1.4109
      2.0880
      2.8631
      3.5278
      3.7958
      2.7474
      2.4701
      1.8111
      1.1337
      0.7028
      0.5495
      0.5437
      0.5379
      0.4627
      0.3428
      0.2548
      0.2750
      0.4550
      0.8259
      1.4115
      2.2139
      3.1389
      3.9269
      4.2428
      1.5966
      1.4515
      1.1215
      0.8264
      0.7178
      0.7836
      0.8897
      0.8957
      0.7538
      0.5283
      0.3347
      0.2675
      0.3773
      0.6894
      1.2235
      1.9752
      2.8459
      3.5856
      3.8814
      0.7728
      0.7324
      0.6671
      0.6909
      0.8649
      1.1293
      1.3301
      1.3252
      1.0915
      0.7402
      0.4292
      0.2662
      0.2882
      0.5003
      0.9084
      1.5047
      2.2048
      2.8020
      3.0409
      0.3521
      0.3780
      0.4858
      0.7310
      1.1186
      1.5471
      1.8313
      1.8124
      1.4815
      0.9940
      0.5536
      0.2869
      0.2194
      0.3359
      0.6328
      1.1073
      1.6901
      2.1984
      2.4036
      0.2022
      0.2646
      0.4725
      0.8610
      1.4138
      2.0038
      2.4043
      2.4105
      1.9973
      1.3561
      0.7538
      0.3595
      0.2040
      0.2618
      0.5321
      1.0272
      1.6784
      2.2663
      2.5069
      0.1700
      0.2500
      0.5113
      0.9940
      1.6903
      2.4655
      3.0421
      3.1326
      2.6597
      1.8443
      1.0397
      0.4877
      0.2434
      0.2815
      0.6136
      1.2744
      2.1777
      3.0088
      3.3518
      0.1684
      0.2554
      0.5419
      1.0830
      1.8931
      2.8407
      3.6000
      3.7942
      3.2842
      2.3132
      1.3193
      0.6205
      0.3013
      0.3404
      0.7634
      1.6249
      2.8158
      3.9178
      4.3736
      0.1693
      0.2579
      0.5517
      1.1134
      1.9690
      2.9897
      3.8291
      4.0709
      3.5478
      2.5122
      1.4385
      0.6780
      0.3283
      0.3702
      0.8353
      1.7862
      3.1036
      4.3238
      4.8287
