      0.3186
      0.3250
      0.3391
      0.3493
      0.3490
      0.3406
      0.3332
      0.3347
      0.3466
      0.3624
      0.3692
      0.3532
      0.3081
      0.2404
      0.1668
      0.1042
      0.0618
      0.0394
      0.0327
      0.3280
      0.3322
      0.3403
      0.3434
      0.3372
      0.3256
      0.3175
      0.3202
      0.3347
      0.3543
      0.3661
      0.3558
      0.3160
      0.2515
      0.1782
      0.1135
      0.0680
      0.0430
      0.0353
      0.3759
      0.3722
      0.3602
      0.3397
      0.3143
      0.2922
      0.2818
      0.2878
      0.3091
      0.3382
      0.3629
      0.3679
      0.3425
      0.2870
      0.2144
      0.1435
      0.0887
      0.0561
      0.0456
      0.5249
      0.5045
      0.4503
      0.3800
      0.3146
      0.2702
      0.2535
      0.2628
      0.2916
      0.3315
      0.3716
      0.3967
      0.3915
      0.3494
      0.2786
      0.1986
      0.1301
      0.0860
      0.0711
      0.8778
      0.8260
      0.6922
      0.5277
      0.3852
      0.2951
      0.2602
      0.2664
      0.2977
      0.3433
      0.3953
      0.4401
      0.4582
      0.4344
      0.3697
      0.2834
      0.2019
      0.1462
      0.1268
      1.5350
      1.4311
      1.1645
      0.8410
      0.5649
      0.3900
      0.3133
      0.3018
      0.3240
      0.3651
      0.4209
      0.4815
      0.5248
      0.5270
      0.4803
      0.4008
      0.3179
      0.2583
      0.2370
      2.5046
      2.3276
      1.8739
      1.3245
      0.8541
      0.5493
      0.4011
      0.3523
      0.3514
      0.3770
      0.4279
      0.4993
      0.5695
      0.6087
      0.6008
      0.5547
      0.4964
      0.4517
      0.4354
      3.6141
      3.3554
      2.6918
      1.8868
      1.1929
      0.7337
      0.4950
      0.3954
      0.3624
      0.3657
      0.4057
      0.4834
      0.5814
      0.6698
      0.7265
      0.7498
      0.7537
      0.7523
      0.7515
      4.5224
      4.1977
      3.3645
      2.3519
      1.4746
      0.8857
      0.5679
      0.4215
      0.3575
      0.3381
      0.3643
      0.4437
      0.5677
      0.7129
      0.8553
      0.9814
      1.0844
      1.1550
      1.1807
      4.8757
      4.5268
      3.6317
      2.5437
      1.5999
      0.9631
      0.6135
      0.4439
      0.3593
      0.3194
      0.3283
      0.4017
      0.5437
      0.7421
      0.9750
      1.2174
      1.4377
      1.5960
      1.6542
      4.5224
      4.2031
      3.3855
      2.3951
      1.5411
      0.9687
      0.6539
      0.4932
      0.3984
      0.3364
      0.3191
      0.3734
      0.5170
      0.7497
      1.0541
      1.3958
      1.7207
      1.9589
      2.0471
      3.6141
      3.3685
      2.7430
      1.9942
      1.3615
      0.9493
      0.7249
      0.5965
      0.4935
      0.4000
      0.3424
      0.3605
      0.4836
      0.7208
      1.0587
      1.4579
      1.8483
      2.1388
      2.2469
      2.5046
      2.3516
      1.9679
      1.5241
      1.1719
      0.9623
      0.8502
      0.7579
      0.6387
      0.5005
      0.3887
      0.3557
      0.4388
      0.6527
      0.9871
      1.4015
      1.8180
      2.1325
      2.2503
      1.5350
      1.4678
      1.3085
      1.1490
      1.0586
      1.0370
      1.0246
      0.9562
      0.8095
      0.6174
      0.4448
      0.3552
      0.3912
      0.5714
      0.8900
      1.3083
      1.7436
      2.0789
      2.2056
      0.8778
      0.8745
      0.8828
      0.9363
      1.0428
      1.1612
      1.2193
      1.1602
      0.9808
      0.7351
      0.5050
      0.3641
      0.3612
      0.5218
      0.8484
      1.3057
      1.8006
      2.1907
      2.3398
      0.5249
      0.5613
      0.6736
      0.8602
      1.0909
      1.2986
      1.4014
      1.3454
      1.1384
      0.8484
      0.5706
      0.3900
      0.3658
      0.5365
      0.9182
      1.4783
      2.1027
      2.6037
      2.7967
      0.3759
      0.4328
      0.5994
      0.8565
      1.1549
      1.4146
      1.5468
      1.4963
      1.2731
      0.9522
      0.6391
      0.4311
      0.4022
      0.6084
      1.0822
      1.7925
      2.5960
      3.2467
      3.4984
      0.3280
      0.3936
      0.5834
      0.8715
      1.2018
      1.4890
      1.6408
      1.5980
      1.3689
      1.0305
      0.6952
      0.4709
      0.4453
      0.6902
      1.2519
      2.0994
      3.0633
      3.8466
      4.1501
      0.3186
      0.3864
      0.5823
      0.8787
      1.2182
      1.5144
      1.6734
      1.6344
      1.4043
      1.0603
      0.7173
      0.4876
      0.4643
      0.7258
      1.3237
      2.2268
      3.2555
      4.0921
      4.4164
