      0.0564
      0.0743
      0.1110
      0.1298
      0.1106
      0.0704
      0.0387
      0.0273
      0.0352
      0.0608
      0.0933
      0.1083
      0.0907
      0.0541
      0.0229
      0.0069
      0.0015
      0.0002
      0.0001
      0.0598
      0.0765
      0.1096
      0.1236
      0.1020
      0.0631
      0.0336
      0.0233
      0.0304
      0.0542
      0.0865
      0.1050
      0.0929
      0.0594
      0.0273
      0.0091
      0.0022
      0.0004
      0.0001
      0.0636
      0.0763
      0.0987
      0.1021
      0.0780
      0.0447
      0.0221
      0.0146
      0.0206
      0.0420
      0.0773
      0.1099
      0.1159
      0.0899
      0.0509
      0.0210
      0.0063
      0.0014
      0.0004
      0.0750
      0.0786
      0.0817
      0.0713
      0.0480
      0.0247
      0.0110
      0.0075
      0.0144
      0.0398
      0.0940
      0.1670
      0.2162
      0.2018
      0.1351
      0.0645
      0.0219
      0.0054
      0.0018
      0.2025
      0.1781
      0.1227
      0.0682
      0.0314
      0.0123
      0.0050
      0.0049
      0.0153
      0.0552
      0.1551
      0.3149
      0.4557
      0.4685
      0.3418
      0.1767
      0.0649
      0.0176
      0.0067
      0.8466
      0.7148
      0.4307
      0.1861
      0.0585
      0.0144
      0.0045
      0.0057
      0.0197
      0.0765
      0.2321
      0.5053
      0.7798
      0.8525
      0.6606
      0.3638
      0.1446
      0.0459
      0.0224
      2.8298
      2.3806
      1.4167
      0.5956
      0.1769
      0.0384
      0.0089
      0.0075
      0.0210
      0.0816
      0.2598
      0.5977
      0.9748
      1.1272
      0.9278
      0.5515
      0.2521
      0.1128
      0.0796
      6.7380
      5.6670
      3.3694
      1.4136
      0.4180
      0.0889
      0.0174
      0.0090
      0.0174
      0.0631
      0.2092
      0.5083
      0.8792
      1.0856
      0.9715
      0.6642
      0.4111
      0.3086
      0.2920
     11.3323
      9.5309
      5.6663
      2.3771
      0.7031
      0.1500
      0.0300
      0.0139
      0.0159
      0.0386
      0.1238
      0.3191
      0.5994
      0.8244
      0.8682
      0.7899
      0.7648
      0.8446
      0.9021
     13.4741
     11.3322
      6.7376
      2.8281
      0.8417
      0.1920
      0.0589
      0.0444
      0.0387
      0.0360
      0.0661
      0.1713
      0.3732
      0.6313
      0.8749
      1.1195
      1.4690
      1.8852
      2.0861
     11.3323
      9.5313
      5.6691
      2.3887
      0.7382
      0.2290
      0.1593
      0.1661
      0.1396
      0.0890
      0.0633
      0.1141
      0.2906
      0.6146
      1.0552
      1.6078
      2.3365
      3.1154
      3.4758
      6.7380
      5.6691
      3.3820
      1.4610
      0.5492
      0.3625
      0.4405
      0.4846
      0.3936
      0.2313
      0.1123
      0.1082
      0.2659
      0.6227
      1.1630
      1.8667
      2.7690
      3.7054
      4.1339
      2.8298
      2.3882
      1.4597
      0.7391
      0.5321
      0.7114
      0.9746
      1.0339
      0.8030
      0.4503
      0.1906
      0.1085
      0.2105
      0.5058
      0.9791
      1.5995
      2.3713
      3.1521
      3.5061
      0.8466
      0.7353
      0.5405
      0.5195
      0.7968
      1.2734
      1.6628
      1.6593
      1.2282
      0.6616
      0.2610
      0.1015
      0.1277
      0.3005
      0.5976
      0.9911
      1.4676
      1.9363
      2.1462
      0.2025
      0.2189
      0.3326
      0.6649
      1.2468
      1.9183
      2.3502
      2.2393
      1.6130
      0.8564
      0.3309
      0.1024
      0.0641
      0.1301
      0.2687
      0.4681
      0.7204
      0.9700
      1.0813
      0.0750
      0.1377
      0.3806
      0.9013
      1.7000
      2.5905
      3.2021
      3.1351
      2.3441
      1.2970
      0.5201
      0.1521
      0.0444
      0.0492
      0.1165
      0.2605
      0.4976
      0.7593
      0.8793
      0.0636
      0.1394
      0.4229
      1.0318
      2.0471
      3.3935
      4.6205
      4.9303
      3.9443
      2.2982
      0.9591
      0.2845
      0.0642
      0.0347
      0.1070
      0.3319
      0.7643
      1.2681
      1.5024
      0.0598
      0.1310
      0.4024
      1.0365
      2.2766
      4.2431
      6.3545
      7.2215
      6.0045
      3.5835
      1.5193
      0.4549
      0.1001
      0.0460
      0.1541
      0.5139
      1.2208
      2.0507
      2.4375
      0.0564
      0.1228
      0.3806
      1.0174
      2.3638
      4.6392
      7.1910
      8.3325
      7.0014
      4.2029
      1.7882
      0.5366
      0.1179
      0.0535
      0.1807
      0.6066
      1.4452
      2.4303
      2.8895
