      0.0337
      0.0441
      0.0656
      0.0768
      0.0667
      0.0455
      0.0298
      0.0242
      0.0263
      0.0357
      0.0493
      0.0555
      0.0462
      0.0277
      0.0118
      0.0036
      0.0008
      0.0001
      0.0000
      0.0356
      0.0454
      0.0647
      0.0731
      0.0614
      0.0406
      0.0257
      0.0206
      0.0227
      0.0321
      0.0465
      0.0554
      0.0495
      0.0323
      0.0153
      0.0053
      0.0013
      0.0003
      0.0001
      0.0389
      0.0461
      0.0588
      0.0606
      0.0469
      0.0286
      0.0167
      0.0130
      0.0156
      0.0263
      0.0461
      0.0666
      0.0728
      0.0587
      0.0346
      0.0147
      0.0045
      0.0010
      0.0003
      0.0577
      0.0577
      0.0548
      0.0449
      0.0296
      0.0160
      0.0088
      0.0076
      0.0123
      0.0293
      0.0676
      0.1218
      0.1608
      0.1528
      0.1037
      0.0501
      0.0172
      0.0043
      0.0015
      0.2139
      0.1844
      0.1195
      0.0601
      0.0248
      0.0100
      0.0063
      0.0081
      0.0167
      0.0466
      0.1232
      0.2483
      0.3602
      0.3716
      0.2719
      0.1409
      0.0519
      0.0143
      0.0056
      0.9575
      0.8070
      0.4832
      0.2061
      0.0640
      0.0179
      0.0109
      0.0146
      0.0261
      0.0687
      0.1894
      0.4056
      0.6247
      0.6830
      0.5293
      0.2917
      0.1169
      0.0389
      0.0206
      3.2232
      2.7112
      1.6128
      0.6779
      0.2031
      0.0497
      0.0218
      0.0234
      0.0331
      0.0763
      0.2136
      0.4812
      0.7821
      0.9031
      0.7426
      0.4428
      0.2089
      0.1052
      0.0824
      7.6798
      6.4591
      3.8404
      1.6121
      0.4800
      0.1102
      0.0352
      0.0283
      0.0319
      0.0615
      0.1723
      0.4080
      0.7015
      0.8622
      0.7692
      0.5346
      0.3630
      0.3199
      0.3250
     12.9171
     10.8638
      6.4590
      2.7107
      0.8049
      0.1787
      0.0458
      0.0280
      0.0251
      0.0375
      0.1007
      0.2514
      0.4652
      0.6301
      0.6617
      0.6411
      0.7288
      0.9254
      1.0337
     15.3585
     12.9171
      7.6799
      3.2234
      0.9581
      0.2143
      0.0570
      0.0357
      0.0287
      0.0260
      0.0488
      0.1246
      0.2623
      0.4326
      0.6197
      0.9168
      1.4552
      2.1057
      2.4150
     12.9171
     10.8640
      6.4604
      2.7160
      0.8203
      0.2119
      0.0991
      0.0900
      0.0738
      0.0473
      0.0363
      0.0690
      0.1726
      0.3705
      0.7067
      1.3164
      2.3352
      3.4951
      4.0347
      7.6798
      6.4602
      3.8471
      1.6365
      0.5450
      0.2416
      0.2338
      0.2477
      0.1999
      0.1175
      0.0577
      0.0572
      0.1432
      0.3547
      0.7613
      1.5169
      2.7564
      4.1485
      4.7929
      3.2232
      2.7155
      1.6367
      0.7558
      0.3905
      0.3954
      0.5074
      0.5308
      0.4104
      0.2299
      0.0974
      0.0557
      0.1104
      0.2840
      0.6352
      1.2880
      2.3438
      3.5196
      4.0622
      0.9575
      0.8188
      0.5457
      0.3932
      0.4702
      0.6970
      0.8909
      0.8817
      0.6511
      0.3511
      0.1389
      0.0535
      0.0672
      0.1699
      0.3930
      0.8142
      1.4923
      2.2426
      2.5880
      0.2139
      0.2082
      0.2415
      0.4054
      0.7254
      1.1069
      1.3595
      1.3057
      0.9513
      0.5119
      0.2004
      0.0618
      0.0367
      0.0824
      0.2168
      0.5134
      1.0261
      1.6049
      1.8721
      0.0577
      0.0926
      0.2324
      0.5441
      1.0448
      1.6417
      2.1001
      2.1213
      1.6271
      0.9188
      0.3745
      0.1108
      0.0344
      0.0608
      0.2287
      0.7079
      1.6260
      2.6962
      3.1940
      0.0389
      0.0842
      0.2579
      0.6510
      1.3597
      2.3813
      3.3874
      3.7202
      3.0290
      1.7843
      0.7501
      0.2245
      0.0605
      0.0990
      0.4373
      1.4667
      3.4834
      5.8506
      6.9537
      0.0356
      0.0793
      0.2528
      0.6904
      1.6206
      3.1832
      4.9201
      5.6837
      4.7647
      2.8556
      1.2137
      0.3657
      0.0977
      0.1597
      0.7194
      2.4337
      5.8004
      9.7553
     11.5987
      0.0337
      0.0749
      0.2434
      0.6960
      1.7293
      3.5545
      5.6472
      6.6200
      5.5920
      3.3652
      1.4337
      0.4326
      0.1156
      0.1892
      0.8538
      2.8904
      6.8911
     11.5910
     13.7817
