      0.2911
      0.2955
      0.3056
      0.3151
      0.3208
      0.3257
      0.3358
      0.3560
      0.3859
      0.4177
      0.4365
      0.4253
      0.3759
      0.2961
      0.2066
      0.1290
      0.0755
      0.0469
      0.0382
      0.3021
      0.3044
      0.3089
      0.3113
      0.3106
      0.3108
      0.3185
      0.3384
      0.3702
      0.4064
      0.4318
      0.4287
      0.3868
      0.3115
      0.2224
      0.1418
      0.0841
      0.0519
      0.0419
      0.3564
      0.3510
      0.3359
      0.3140
      0.2916
      0.2771
      0.2774
      0.2966
      0.3336
      0.3815
      0.4253
      0.4447
      0.4237
      0.3609
      0.2726
      0.1830
      0.1124
      0.0698
      0.0560
      0.5208
      0.4985
      0.4397
      0.3649
      0.2970
      0.2527
      0.2390
      0.2557
      0.2991
      0.3622
      0.4309
      0.4822
      0.4918
      0.4483
      0.3614
      0.2583
      0.1678
      0.1089
      0.0889
      0.9036
      0.8483
      0.7050
      0.5282
      0.3731
      0.2721
      0.2304
      0.2381
      0.2840
      0.3596
      0.4525
      0.5384
      0.5845
      0.5665
      0.4859
      0.3708
      0.2597
      0.1830
      0.1561
      1.6095
      1.4984
      1.2126
      0.8631
      0.5593
      0.3595
      0.2655
      0.2502
      0.2883
      0.3669
      0.4760
      0.5921
      0.6763
      0.6923
      0.6312
      0.5188
      0.3995
      0.3132
      0.2822
      2.6445
      2.4552
      1.9684
      1.3745
      0.8579
      0.5134
      0.3383
      0.2822
      0.2988
      0.3672
      0.4791
      0.6152
      0.7355
      0.7962
      0.7779
      0.6989
      0.6018
      0.5276
      0.5005
      3.8252
      3.5484
      2.8367
      1.9680
      1.2104
      0.6990
      0.4273
      0.3191
      0.3042
      0.3507
      0.4516
      0.5945
      0.7458
      0.8616
      0.9149
      0.9116
      0.8807
      0.8518
      0.8408
      4.7901
      4.4429
      3.5503
      2.4605
      1.5086
      0.8621
      0.5106
      0.3563
      0.3093
      0.3278
      0.4063
      0.5430
      0.7172
      0.8935
      1.0419
      1.1528
      1.2314
      1.2813
      1.2991
      5.1652
      4.7923
      3.8348
      2.6673
      1.6498
      0.9597
      0.5820
      0.4076
      0.3366
      0.3244
      0.3712
      0.4883
      0.6730
      0.9039
      1.1526
      1.3939
      1.6033
      1.7503
      1.8039
      4.7901
      4.4492
      3.5757
      2.5165
      1.6021
      0.9906
      0.6591
      0.4983
      0.4128
      0.3657
      0.3692
      0.4512
      0.6276
      0.8918
      1.2192
      1.5718
      1.8976
      2.1328
      2.2192
      3.8252
      3.5631
      2.8955
      2.0977
      1.4271
      0.9967
      0.7710
      0.6486
      0.5506
      0.4589
      0.4048
      0.4341
      0.5781
      0.8417
      1.2036
      1.6178
      2.0136
      2.3037
      2.4109
      2.6445
      2.4809
      2.0713
      1.6015
      1.2368
      1.0327
      0.9367
      0.8578
      0.7400
      0.5914
      0.4665
      0.4277
      0.5171
      0.7455
      1.0937
      1.5132
      1.9252
      2.2313
      2.3450
      1.6095
      1.5367
      1.3658
      1.2010
      1.1223
      1.1295
      1.1512
      1.1048
      0.9569
      0.7430
      0.5406
      0.4270
      0.4502
      0.6236
      0.9302
      1.3232
      1.7223
      2.0244
      2.1376
      0.9036
      0.8985
      0.9059
      0.9711
      1.1108
      1.2808
      1.3918
      1.3641
      1.1815
      0.9019
      0.6240
      0.4381
      0.3978
      0.5194
      0.7903
      1.1670
      1.5672
      1.8779
      1.9958
      0.5208
      0.5578
      0.6776
      0.8903
      1.1743
      1.4563
      1.6313
      1.6167
      1.4038
      1.0663
      0.7205
      0.4707
      0.3795
      0.4700
      0.7368
      1.1392
      1.5857
      1.9413
      2.0777
      0.3564
      0.4159
      0.5967
      0.8926
      1.2631
      1.6187
      1.8419
      1.8421
      1.6095
      1.2266
      0.8244
      0.5226
      0.3961
      0.4789
      0.7741
      1.2418
      1.7752
      2.2068
      2.3735
      0.3021
      0.3719
      0.5809
      0.9174
      1.3340
      1.7339
      1.9908
      2.0054
      1.7638
      1.3515
      0.9103
      0.5728
      0.4259
      0.5135
      0.8461
      1.3834
      2.0031
      2.5080
      2.7037
      0.2911
      0.3637
      0.5807
      0.9292
      1.3606
      1.7757
      2.0453
      2.0662
      1.8222
      1.3996
      0.9442
      0.5937
      0.4402
      0.5314
      0.8809
      1.4479
      2.1038
      2.6391
      2.8467
