      0.2321
      0.2545
      0.3001
      0.3254
      0.3054
      0.2537
      0.2043
      0.1836
      0.1992
      0.2416
      0.2849
      0.2958
      0.2571
      0.1827
      0.1050
      0.0487
      0.0186
      0.0064
      0.0035
      0.2332
      0.2527
      0.2914
      0.3094
      0.2854
      0.2336
      0.1861
      0.1668
      0.1822
      0.2238
      0.2680
      0.2834
      0.2517
      0.1834
      0.1086
      0.0521
      0.0206
      0.0073
      0.0040
      0.2389
      0.2502
      0.2691
      0.2676
      0.2341
      0.1838
      0.1428
      0.1280
      0.1434
      0.1831
      0.2295
      0.2563
      0.2425
      0.1899
      0.1218
      0.0639
      0.0276
      0.0107
      0.0061
      0.2805
      0.2767
      0.2608
      0.2264
      0.1775
      0.1300
      0.0995
      0.0927
      0.1093
      0.1467
      0.1959
      0.2372
      0.2465
      0.2137
      0.1527
      0.0896
      0.0438
      0.0196
      0.0125
      0.4674
      0.4336
      0.3475
      0.2442
      0.1565
      0.1016
      0.0795
      0.0810
      0.0990
      0.1335
      0.1852
      0.2419
      0.2764
      0.2649
      0.2098
      0.1379
      0.0780
      0.0431
      0.0323
      0.9978
      0.9008
      0.6646
      0.4062
      0.2169
      0.1204
      0.0918
      0.0956
      0.1112
      0.1398
      0.1916
      0.2627
      0.3234
      0.3372
      0.2939
      0.2188
      0.1490
      0.1060
      0.0924
      2.0441
      1.8334
      1.3245
      0.7772
      0.3862
      0.1911
      0.1290
      0.1224
      0.1288
      0.1465
      0.1937
      0.2747
      0.3619
      0.4114
      0.4016
      0.3513
      0.2985
      0.2668
      0.2574
      3.5107
      3.1448
      2.2624
      1.3154
      0.6385
      0.2952
      0.1743
      0.1452
      0.1367
      0.1406
      0.1787
      0.2644
      0.3792
      0.4827
      0.5466
      0.5775
      0.6004
      0.6245
      0.6361
      4.8791
      4.3698
      3.1418
      1.8238
      0.8799
      0.3960
      0.2174
      0.1651
      0.1420
      0.1316
      0.1582
      0.2455
      0.3925
      0.5734
      0.7605
      0.9445
      1.1221
      1.2650
      1.3218
      5.4470
      4.8792
      3.5112
      2.0457
      1.0007
      0.4700
      0.2768
      0.2176
      0.1818
      0.1518
      0.1589
      0.2424
      0.4238
      0.6975
      1.0410
      1.4288
      1.8203
      2.1313
      2.2527
      4.8791
      4.3741
      3.1610
      1.8728
      0.9750
      0.5449
      0.4082
      0.3647
      0.3090
      0.2371
      0.2011
      0.2623
      0.4627
      0.8133
      1.2961
      1.8715
      2.4639
      2.9347
      3.1177
      3.5107
      3.1573
      2.3178
      1.4542
      0.9013
      0.6960
      0.6743
      0.6542
      0.5525
      0.3991
      0.2825
      0.2881
      0.4687
      0.8392
      1.3815
      2.0468
      2.7389
      3.2892
      3.5029
      2.0441
      1.8610
      1.4443
      1.0693
      0.9215
      0.9798
      1.0800
      1.0601
      0.8739
      0.6016
      0.3752
      0.2970
      0.4143
      0.7323
      1.2293
      1.8563
      2.5159
      3.0421
      3.2465
      0.9978
      0.9498
      0.8732
      0.9003
      1.0904
      1.3592
      1.5310
      1.4674
      1.1698
      0.7728
      0.4417
      0.2801
      0.3164
      0.5407
      0.9326
      1.4555
      2.0256
      2.4894
      2.6711
      0.4674
      0.5043
      0.6442
      0.9291
      1.3292
      1.7071
      1.8810
      1.7445
      1.3475
      0.8622
      0.4657
      0.2492
      0.2220
      0.3684
      0.6853
      1.1649
      1.7364
      2.2264
      2.4227
      0.2805
      0.3607
      0.6093
      1.0176
      1.5027
      1.9012
      2.0420
      1.8507
      1.4053
      0.8874
      0.4681
      0.2276
      0.1703
      0.2945
      0.6379
      1.2384
      2.0224
      2.7290
      3.0182
      0.2389
      0.3342
      0.6168
      1.0528
      1.5407
      1.9215
      2.0452
      1.8528
      1.4173
      0.9061
      0.4826
      0.2306
      0.1676
      0.3239
      0.7944
      1.6728
      2.8648
      3.9609
      4.4132
      0.2332
      0.3290
      0.6079
      1.0278
      1.4904
      1.8556
      1.9917
      1.8356
      1.4365
      0.9413
      0.5131
      0.2498
      0.1895
      0.3951
      1.0143
      2.1888
      3.7988
      5.2869
      5.9024
      0.2321
      0.3263
      0.5989
      1.0067
      1.4561
      1.8171
      1.9645
      1.8301
      1.4497
      0.9614
      0.5297
      0.2606
      0.2020
      0.4304
      1.1153
      2.4176
      4.2061
      5.8608
      6.5454
