      0.1495
      0.1614
      0.1874
      0.2093
      0.2184
      0.2208
      0.2232
      0.2229
      0.2147
      0.2009
      0.1860
      0.1670
      0.1370
      0.0970
      0.0573
      0.0278
      0.0113
      0.0043
      0.0025
      0.1485
      0.1589
      0.1811
      0.1982
      0.2031
      0.2021
      0.2025
      0.2023
      0.1974
      0.1903
      0.1844
      0.1747
      0.1516
      0.1138
      0.0714
      0.0370
      0.0159
      0.0062
      0.0036
      0.1495
      0.1553
      0.1660
      0.1701
      0.1645
      0.1565
      0.1532
      0.1547
      0.1596
      0.1711
      0.1912
      0.2098
      0.2082
      0.1766
      0.1242
      0.0716
      0.0339
      0.0142
      0.0085
      0.1791
      0.1755
      0.1639
      0.1447
      0.1235
      0.1084
      0.1045
      0.1113
      0.1303
      0.1681
      0.2282
      0.2942
      0.3312
      0.3110
      0.2390
      0.1494
      0.0769
      0.0356
      0.0229
      0.3179
      0.2936
      0.2331
      0.1638
      0.1106
      0.0837
      0.0808
      0.0952
      0.1282
      0.1925
      0.2986
      0.4266
      0.5198
      0.5215
      0.4259
      0.2843
      0.1599
      0.0855
      0.0622
      0.7068
      0.6373
      0.4690
      0.2873
      0.1584
      0.0988
      0.0897
      0.1076
      0.1471
      0.2273
      0.3701
      0.5581
      0.7157
      0.7548
      0.6516
      0.4695
      0.3009
      0.1987
      0.1668
      1.4672
      1.3158
      0.9508
      0.5603
      0.2854
      0.1544
      0.1211
      0.1311
      0.1641
      0.2407
      0.3939
      0.6148
      0.8239
      0.9151
      0.8483
      0.6877
      0.5383
      0.4560
      0.4333
      2.5286
      2.2653
      1.6309
      0.9520
      0.4707
      0.2325
      0.1554
      0.1456
      0.1609
      0.2161
      0.3481
      0.5605
      0.7899
      0.9418
      0.9770
      0.9528
      0.9552
      0.9997
      1.0276
      3.5173
      3.1505
      2.2664
      1.3192
      0.6436
      0.3009
      0.1778
      0.1457
      0.1412
      0.1681
      0.2596
      0.4309
      0.6515
      0.8690
      1.0734
      1.3192
      1.6429
      1.9593
      2.0953
      3.9273
      3.5180
      2.5318
      1.4752
      0.7211
      0.3366
      0.1947
      0.1515
      0.1328
      0.1327
      0.1796
      0.2995
      0.4992
      0.7834
      1.1933
      1.7934
      2.5567
      3.2525
      3.5403
      3.5173
      3.1524
      2.2749
      1.3392
      0.6794
      0.3526
      0.2390
      0.2025
      0.1722
      0.1428
      0.1446
      0.2152
      0.3913
      0.7266
      1.3117
      2.2279
      3.3939
      4.4422
      4.8719
      2.5286
      2.2715
      1.6575
      1.0161
      0.5867
      0.4012
      0.3559
      0.3355
      0.2840
      0.2107
      0.1592
      0.1791
      0.3221
      0.6639
      1.3191
      2.3763
      3.7265
      4.9367
      5.4315
      1.4672
      1.3303
      1.0128
      0.7090
      0.5523
      0.5396
      0.5753
      0.5627
      0.4679
      0.3270
      0.2074
      0.1690
      0.2611
      0.5518
      1.1456
      2.1207
      3.3702
      4.4897
      4.9472
      0.7068
      0.6645
      0.5847
      0.5615
      0.6445
      0.7919
      0.8995
      0.8778
      0.7153
      0.4832
      0.2792
      0.1730
      0.2010
      0.4061
      0.8630
      1.6301
      2.6197
      3.5081
      3.8712
      0.3179
      0.3356
      0.4115
      0.5852
      0.8554
      1.1450
      1.3255
      1.2942
      1.0512
      0.7042
      0.3921
      0.2028
      0.1636
      0.2934
      0.6430
      1.2590
      2.0692
      2.8027
      3.1034
      0.1791
      0.2302
      0.3979
      0.7040
      1.1281
      1.5695
      1.8603
      1.8532
      1.5330
      1.0426
      0.5814
      0.2800
      0.1728
      0.2698
      0.6215
      1.2835
      2.1788
      3.0000
      3.3384
      0.1495
      0.2173
      0.4360
      0.8328
      1.3954
      2.0133
      2.4683
      2.5350
      2.1525
      1.4955
      0.8460
      0.4033
      0.2270
      0.3338
      0.7967
      1.6991
      2.9384
      4.0831
      4.5564
      0.1485
      0.2233
      0.4671
      0.9213
      1.5931
      2.3724
      2.9935
      3.1495
      2.7260
      1.9220
      1.0991
      0.5260
      0.2916
      0.4252
      1.0274
      2.2124
      3.8468
      5.3598
      5.9858
      0.1495
      0.2260
      0.4772
      0.9517
      1.6667
      2.5135
      3.2067
      3.4034
      2.9653
      2.1010
      1.2058
      0.5783
      0.3204
      0.4673
      1.1320
      2.4420
      4.2501
      5.9246
      6.6176
