      0.0532
      0.0537
      0.0569
      0.0669
      0.0890
      0.1236
      0.1614
      0.1880
      0.1965
      0.1930
      0.1850
      0.1706
      0.1428
      0.1028
      0.0617
      0.0305
      0.0127
      0.0050
      0.0031
      0.0534
      0.0537
      0.0560
      0.0642
      0.0830
      0.1130
      0.1465
      0.1712
      0.1820
      0.1853
      0.1872
      0.1834
      0.1634
      0.1253
      0.0802
      0.0423
      0.0186
      0.0075
      0.0045
      0.0647
      0.0631
      0.0601
      0.0606
      0.0695
      0.0882
      0.1119
      0.1334
      0.1519
      0.1750
      0.2070
      0.2369
      0.2421
      0.2096
      0.1498
      0.0875
      0.0419
      0.0176
      0.0105
      0.1319
      0.1221
      0.0988
      0.0754
      0.0635
      0.0665
      0.0807
      0.1018
      0.1333
      0.1869
      0.2684
      0.3579
      0.4107
      0.3902
      0.3020
      0.1894
      0.0971
      0.0441
      0.0278
      0.3678
      0.3319
      0.2456
      0.1539
      0.0918
      0.0679
      0.0729
      0.0965
      0.1423
      0.2293
      0.3712
      0.5418
      0.6666
      0.6715
      0.5483
      0.3635
      0.2002
      0.1018
      0.0708
      0.9625
      0.8633
      0.6244
      0.3693
      0.1908
      0.1089
      0.0949
      0.1170
      0.1697
      0.2785
      0.4708
      0.7214
      0.9296
      0.9792
      0.8385
      0.5913
      0.3607
      0.2187
      0.1737
      2.0799
      1.8633
      1.3412
      0.7824
      0.3868
      0.1936
      0.1379
      0.1458
      0.1900
      0.2963
      0.5042
      0.7984
      1.0707
      1.1794
      1.0699
      0.8275
      0.5955
      0.4580
      0.4168
      3.6167
      3.2392
      2.3289
      1.3527
      0.6560
      0.3039
      0.1827
      0.1625
      0.1844
      0.2640
      0.4443
      0.7243
      1.0147
      1.1840
      1.1736
      1.0575
      0.9619
      0.9374
      0.9412
      5.0407
      4.5142
      3.2445
      1.8810
      0.9029
      0.3992
      0.2120
      0.1619
      0.1587
      0.2011
      0.3263
      0.5466
      0.8112
      1.0354
      1.1876
      1.3321
      1.5421
      1.7732
      1.8780
      5.6301
      5.0422
      3.6243
      2.1014
      1.0078
      0.4421
      0.2276
      0.1634
      0.1427
      0.1508
      0.2163
      0.3635
      0.5847
      0.8589
      1.2052
      1.6903
      2.3187
      2.9070
      3.1540
      5.0407
      4.5152
      3.2489
      1.8925
      0.9254
      0.4345
      0.2568
      0.2040
      0.1737
      0.1496
      0.1604
      0.2423
      0.4224
      0.7340
      1.2461
      2.0354
      3.0468
      3.9659
      4.3451
      3.6167
      3.2421
      2.3427
      1.3897
      0.7308
      0.4246
      0.3382
      0.3161
      0.2742
      0.2096
      0.1641
      0.1877
      0.3262
      0.6401
      1.2239
      2.1568
      3.3505
      4.4254
      4.8663
      2.0799
      1.8697
      1.3718
      0.8659
      0.5579
      0.4719
      0.4992
      0.5114
      0.4455
      0.3226
      0.2101
      0.1723
      0.2580
      0.5253
      1.0621
      1.9364
      3.0551
      4.0587
      4.4693
      0.9625
      0.8750
      0.6798
      0.5209
      0.5028
      0.6180
      0.7599
      0.8033
      0.6964
      0.4915
      0.2922
      0.1811
      0.2011
      0.3902
      0.8118
      1.5157
      2.4215
      3.2344
      3.5668
      0.3678
      0.3504
      0.3339
      0.3971
      0.5962
      0.8989
      1.1717
      1.2560
      1.0916
      0.7666
      0.4401
      0.2283
      0.1730
      0.2917
      0.6278
      1.2219
      2.0031
      2.7103
      3.0003
      0.1319
      0.1492
      0.2292
      0.4393
      0.8301
      1.3506
      1.8095
      1.9688
      1.7305
      1.2257
      0.7015
      0.3399
      0.1978
      0.2834
      0.6402
      1.3196
      2.2400
      3.0844
      3.4326
      0.0647
      0.0998
      0.2391
      0.5679
      1.1565
      1.9402
      2.6466
      2.9192
      2.5959
      1.8569
      1.0694
      0.5114
      0.2723
      0.3631
      0.8466
      1.8019
      3.1160
      4.3303
      4.8323
      0.0534
      0.0988
      0.2772
      0.6983
      1.4583
      2.4827
      3.4226
      3.8074
      3.4097
      2.4538
      1.4197
      0.6791
      0.3555
      0.4675
      1.1016
      2.3665
      4.1141
      5.7322
      6.4017
      0.0532
      0.1021
      0.2952
      0.7530
      1.5833
      2.7079
      3.7461
      4.1786
      3.7505
      2.7041
      1.5668
      0.7501
      0.3920
      0.5148
      1.2157
      2.6160
      4.5522
      6.3456
      7.0878
