      0.1872
      0.2040
      0.2372
      0.2515
      0.2265
      0.1750
      0.1324
      0.1331
      0.1930
      0.2976
      0.4000
      0.4414
      0.3938
      0.2827
      0.1630
      0.0756
      0.0288
      0.0100
      0.0055
      0.1912
      0.2056
      0.2330
      0.2414
      0.2133
      0.1623
      0.1212
      0.1213
      0.1766
      0.2751
      0.3746
      0.4200
      0.3820
      0.2806
      0.1662
      0.0796
      0.0313
      0.0111
      0.0061
      0.2130
      0.2196
      0.2281
      0.2178
      0.1806
      0.1308
      0.0944
      0.0936
      0.1385
      0.2222
      0.3146
      0.3704
      0.3571
      0.2805
      0.1792
      0.0931
      0.0398
      0.0150
      0.0084
      0.3119
      0.3001
      0.2654
      0.2123
      0.1516
      0.0988
      0.0679
      0.0676
      0.1023
      0.1704
      0.2564
      0.3268
      0.3452
      0.2993
      0.2121
      0.1226
      0.0583
      0.0244
      0.0145
      0.6643
      0.6073
      0.4656
      0.3026
      0.1714
      0.0916
      0.0577
      0.0574
      0.0849
      0.1422
      0.2265
      0.3153
      0.3678
      0.3530
      0.2767
      0.1772
      0.0940
      0.0449
      0.0296
      1.5816
      1.4223
      1.0353
      0.6131
      0.3019
      0.1354
      0.0734
      0.0655
      0.0862
      0.1358
      0.2215
      0.3299
      0.4174
      0.4355
      0.3722
      0.2622
      0.1567
      0.0884
      0.0657
      3.3354
      2.9887
      2.1507
      1.2458
      0.5894
      0.2448
      0.1148
      0.0851
      0.0945
      0.1344
      0.2180
      0.3412
      0.4624
      0.5217
      0.4877
      0.3836
      0.2653
      0.1805
      0.1507
      5.7657
      5.1630
      3.7073
      2.1382
      1.0021
      0.4047
      0.1739
      0.1101
      0.1031
      0.1287
      0.2025
      0.3322
      0.4868
      0.6036
      0.6309
      0.5672
      0.4598
      0.3684
      0.3336
      8.0244
      7.1849
      5.1583
      2.9754
      1.3969
      0.5683
      0.2471
      0.1528
      0.1282
      0.1339
      0.1898
      0.3199
      0.5130
      0.7114
      0.8397
      0.8571
      0.7880
      0.7015
      0.6640
      8.9604
      8.0242
      5.7659
      3.3393
      1.5959
      0.6955
      0.3587
      0.2603
      0.2176
      0.1896
      0.2118
      0.3336
      0.5691
      0.8676
      1.1259
      1.2533
      1.2411
      1.1666
      1.1276
      8.0244
      7.1903
      5.1838
      3.0453
      1.5425
      0.8108
      0.5738
      0.5077
      0.4353
      0.3391
      0.2916
      0.3779
      0.6371
      1.0220
      1.4022
      1.6383
      1.6863
      1.6276
      1.5885
      5.7657
      5.1776
      3.7753
      2.3199
      1.3703
      1.0021
      0.9589
      0.9435
      0.8097
      0.5919
      0.4219
      0.4254
      0.6565
      1.0665
      1.5089
      1.8144
      1.9113
      1.8739
      1.8392
      3.3354
      3.0187
      2.2867
      1.5984
      1.2795
      1.3272
      1.4930
      1.5077
      1.2710
      0.8886
      0.5601
      0.4418
      0.5857
      0.9371
      1.3531
      1.6674
      1.7965
      1.7917
      1.7704
      1.5816
      1.4721
      1.2566
      1.1686
      1.3500
      1.7205
      2.0248
      2.0199
      1.6599
      1.1202
      0.6502
      0.4140
      0.4459
      0.6846
      1.0115
      1.2950
      1.4569
      1.5096
      1.5159
      0.6643
      0.6757
      0.7632
      1.0283
      1.4952
      2.0264
      2.3652
      2.3038
      1.8473
      1.2140
      0.6679
      0.3593
      0.3008
      0.4324
      0.6747
      0.9484
      1.1882
      1.3493
      1.4061
      0.3119
      0.3782
      0.6011
      1.0144
      1.5802
      2.1374
      2.4477
      2.3416
      1.8529
      1.2046
      0.6470
      0.3125
      0.2044
      0.2772
      0.4972
      0.8408
      1.2489
      1.5965
      1.7353
      0.2130
      0.2962
      0.5557
      0.9951
      1.5555
      2.0833
      2.3703
      2.2692
      1.8086
      1.1886
      0.6422
      0.2985
      0.1695
      0.2331
      0.5009
      0.9970
      1.6565
      2.2553
      2.5011
      0.1912
      0.2749
      0.5300
      0.9501
      1.4784
      1.9822
      2.2765
      2.2149
      1.8015
      1.2098
      0.6662
      0.3109
      0.1722
      0.2497
      0.5894
      1.2482
      2.1497
      2.9807
      3.3240
      0.1872
      0.2693
      0.5181
      0.9257
      1.4392
      1.9364
      2.2407
      2.2018
      1.8101
      1.2283
      0.6827
      0.3206
      0.1782
      0.2643
      0.6375
      1.3669
      2.3699
      3.2972
      3.6806
