      0.2312
      0.2523
      0.2975
      0.3308
      0.3333
      0.3161
      0.2991
      0.2901
      0.2867
      0.2877
      0.2879
      0.2720
      0.2273
      0.1601
      0.0927
      0.0436
      0.0166
      0.0054
      0.0026
      0.2285
      0.2472
      0.2864
      0.3128
      0.3099
      0.2894
      0.2708
      0.2619
      0.2612
      0.2676
      0.2759
      0.2699
      0.2341
      0.1719
      0.1042
      0.0516
      0.0208
      0.0072
      0.0037
      0.2160
      0.2286
      0.2527
      0.2627
      0.2484
      0.2224
      0.2021
      0.1951
      0.2018
      0.2232
      0.2545
      0.2768
      0.2668
      0.2177
      0.1470
      0.0814
      0.0370
      0.0147
      0.0084
      0.1923
      0.1970
      0.2028
      0.1954
      0.1723
      0.1454
      0.1281
      0.1267
      0.1445
      0.1869
      0.2525
      0.3196
      0.3508
      0.3212
      0.2412
      0.1480
      0.0753
      0.0348
      0.0226
      0.1779
      0.1740
      0.1604
      0.1368
      0.1089
      0.0867
      0.0774
      0.0843
      0.1135
      0.1777
      0.2830
      0.4064
      0.4925
      0.4906
      0.3986
      0.2664
      0.1522
      0.0848
      0.0638
      0.2165
      0.2009
      0.1615
      0.1152
      0.0783
      0.0593
      0.0576
      0.0713
      0.1073
      0.1860
      0.3240
      0.5015
      0.6486
      0.6873
      0.5987
      0.4407
      0.2960
      0.2096
      0.1830
      0.3458
      0.3126
      0.2321
      0.1455
      0.0853
      0.0599
      0.0597
      0.0743
      0.1082
      0.1862
      0.3353
      0.5444
      0.7427
      0.8382
      0.7976
      0.6780
      0.5695
      0.5158
      0.5032
      0.5539
      0.4973
      0.3613
      0.2173
      0.1191
      0.0769
      0.0710
      0.0805
      0.1039
      0.1655
      0.2980
      0.5042
      0.7318
      0.9019
      0.9829
      1.0242
      1.0937
      1.1877
      1.2338
      0.7572
      0.6791
      0.4918
      0.2945
      0.1605
      0.1019
      0.0902
      0.0936
      0.1032
      0.1387
      0.2349
      0.4114
      0.6506
      0.9148
      1.2004
      1.5530
      1.9872
      2.3886
      2.5568
      0.8427
      0.7565
      0.5509
      0.3373
      0.1978
      0.1442
      0.1400
      0.1435
      0.1383
      0.1411
      0.1909
      0.3264
      0.5705
      0.9412
      1.4824
      2.2474
      3.1817
      4.0118
      4.3512
      0.7572
      0.6829
      0.5091
      0.3389
      0.2475
      0.2398
      0.2688
      0.2806
      0.2528
      0.2074
      0.1977
      0.2842
      0.5234
      0.9802
      1.7442
      2.8814
      4.2764
      5.5057
      6.0053
      0.5539
      0.5086
      0.4111
      0.3421
      0.3562
      0.4406
      0.5281
      0.5467
      0.4729
      0.3489
      0.2559
      0.2760
      0.4817
      0.9568
      1.8101
      3.1110
      4.7130
      6.1217
      6.6932
      0.3458
      0.3377
      0.3409
      0.4103
      0.5706
      0.7768
      0.9285
      0.9334
      0.7778
      0.5407
      0.3405
      0.2745
      0.4091
      0.8132
      1.5801
      2.7666
      4.2309
      5.5174
      6.0388
      0.2165
      0.2464
      0.3552
      0.5741
      0.8918
      1.2191
      1.4160
      1.3761
      1.1091
      0.7405
      0.4256
      0.2673
      0.3090
      0.5841
      1.1490
      2.0385
      3.1406
      4.1091
      4.5015
      0.1779
      0.2416
      0.4452
      0.7996
      1.2575
      1.6861
      1.9099
      1.8146
      1.4351
      0.9390
      0.5145
      0.2683
      0.2205
      0.3684
      0.7334
      1.3334
      2.0886
      2.7565
      3.0277
      0.1923
      0.2807
      0.5541
      1.0096
      1.5776
      2.0979
      2.3678
      2.2541
      1.7932
      1.1809
      0.6425
      0.3043
      0.1794
      0.2435
      0.4997
      0.9621
      1.5676
      2.1133
      2.3366
      0.2160
      0.3173
      0.6278
      1.1425
      1.7929
      2.4154
      2.7828
      2.7157
      2.2169
      1.4953
      0.8270
      0.3832
      0.1901
      0.2171
      0.4661
      0.9585
      1.6288
      2.2440
      2.4977
      0.2285
      0.3331
      0.6546
      1.1949
      1.9016
      2.6219
      3.1066
      3.1188
      2.6120
      1.8004
      1.0123
      0.4710
      0.2236
      0.2414
      0.5315
      1.1261
      1.9479
      2.7078
      3.0219
      0.2312
      0.3358
      0.6581
      1.2047
      1.9325
      2.6954
      3.2344
      3.2857
      2.7794
      1.9311
      1.0925
      0.5099
      0.2408
      0.2579
      0.5715
      1.2184
      2.1151
      2.9455
      3.2890
