      0.1814
      0.1751
      0.1583
      0.1364
      0.1175
      0.1118
      0.1314
      0.1861
      0.2763
      0.3851
      0.4788
      0.5209
      0.4922
      0.4032
      0.2871
      0.1797
      0.1027
      0.0600
      0.0469
      0.1934
      0.1862
      0.1670
      0.1420
      0.1203
      0.1127
      0.1311
      0.1853
      0.2758
      0.3871
      0.4866
      0.5372
      0.5169
      0.4325
      0.3151
      0.2017
      0.1171
      0.0686
      0.0533
      0.2508
      0.2391
      0.2084
      0.1694
      0.1357
      0.1204
      0.1352
      0.1883
      0.2808
      0.4001
      0.5169
      0.5925
      0.5967
      0.5253
      0.4036
      0.2717
      0.1638
      0.0971
      0.0751
      0.4187
      0.3942
      0.3306
      0.2522
      0.1855
      0.1501
      0.1561
      0.2073
      0.3034
      0.4356
      0.5795
      0.6943
      0.7369
      0.6862
      0.5576
      0.3953
      0.2487
      0.1516
      0.1181
      0.7984
      0.7453
      0.6088
      0.4430
      0.3031
      0.2218
      0.2060
      0.2498
      0.3470
      0.4917
      0.6658
      0.8271
      0.9183
      0.8966
      0.7633
      0.5659
      0.3714
      0.2352
      0.1870
      1.4842
      1.3803
      1.1138
      0.7914
      0.5182
      0.3497
      0.2881
      0.3103
      0.3980
      0.5454
      0.7412
      0.9449
      1.0874
      1.1039
      0.9779
      0.7549
      0.5175
      0.3434
      0.2804
      2.4771
      2.3003
      1.8472
      1.2985
      0.8294
      0.5284
      0.3917
      0.3725
      0.4340
      0.5661
      0.7641
      0.9933
      1.1796
      1.2418
      1.1436
      0.9213
      0.6637
      0.4660
      0.3928
      3.6015
      3.3428
      2.6794
      1.8745
      1.1812
      0.7248
      0.4956
      0.4212
      0.4423
      0.5410
      0.7177
      0.9476
      1.1614
      1.2709
      1.2226
      1.0356
      0.7923
      0.5948
      0.5198
      4.5169
      4.1922
      3.3595
      2.3480
      1.4733
      0.8898
      0.5825
      0.4573
      0.4351
      0.4898
      0.6258
      0.8318
      1.0526
      1.2039
      1.2198
      1.0974
      0.9011
      0.7282
      0.6602
      4.8722
      4.5236
      3.6301
      2.5465
      1.6113
      0.9875
      0.6540
      0.5040
      0.4476
      0.4550
      0.5373
      0.6999
      0.9078
      1.0882
      1.1691
      1.1247
      0.9950
      0.8632
      0.8086
      4.5169
      4.1983
      3.3840
      2.4032
      1.5677
      1.0215
      0.7344
      0.5962
      0.5181
      0.4762
      0.4944
      0.5978
      0.7738
      0.9650
      1.0978
      1.1276
      1.0688
      0.9851
      0.9472
      3.6015
      3.3565
      2.7354
      2.0020
      1.4010
      1.0343
      0.8565
      0.7599
      0.6666
      0.5689
      0.5110
      0.5403
      0.6660
      0.8460
      1.0099
      1.1007
      1.1097
      1.0773
      1.0582
      2.4771
      2.3239
      1.9444
      1.5217
      1.2177
      1.0801
      1.0427
      0.9998
      0.8886
      0.7247
      0.5781
      0.5203
      0.5796
      0.7293
      0.9066
      1.0495
      1.1291
      1.1567
      1.1610
      1.4842
      1.4154
      1.2596
      1.1289
      1.1097
      1.1971
      1.2998
      1.3081
      1.1718
      0.9314
      0.6859
      0.5314
      0.5154
      0.6270
      0.8160
      1.0209
      1.1926
      1.3026
      1.3400
      0.7984
      0.7929
      0.8070
      0.9042
      1.1173
      1.3981
      1.6268
      1.6805
      1.5139
      1.1896
      0.8370
      0.5804
      0.4890
      0.5707
      0.7915
      1.0929
      1.3999
      1.6301
      1.7158
      0.4187
      0.4543
      0.5815
      0.8390
      1.2283
      1.6694
      2.0119
      2.1098
      1.9127
      1.5007
      1.0356
      0.6751
      0.5150
      0.5858
      0.8717
      1.3152
      1.8076
      2.1985
      2.3480
      0.2508
      0.3107
      0.5079
      0.8724
      1.3917
      1.9638
      2.4083
      2.5503
      2.3273
      1.8322
      1.2589
      0.8009
      0.5839
      0.6620
      1.0360
      1.6465
      2.3472
      2.9149
      3.1342
      0.1934
      0.2662
      0.5024
      0.9311
      1.5353
      2.1995
      2.7202
      2.8979
      2.6574
      2.0998
      1.4440
      0.9129
      0.6569
      0.7488
      1.2011
      1.9512
      2.8219
      3.5323
      3.8077
      0.1814
      0.2583
      0.5072
      0.9579
      1.5924
      2.2907
      2.8403
      3.0320
      2.7852
      2.2040
      1.5168
      0.9582
      0.6881
      0.7865
      1.2704
      2.0753
      3.0121
      3.7778
      4.0749
