      0.0000
      0.0000
      0.0000
      0.0000
      0.0000
      0.0000
      0.0000
      0.0000
      0.0000
      0.0000
      0.0000
      0.0000
      0.0000
      0.0000
      0.0000
      0.0000
      0.0000
      0.0000
      0.0000
      0.0000
      0.0000
      0.0000
      0.0000
      0.0000
      0.0000
      0.0000
      0.0000
      0.0000
      0.0000
      0.0000
      0.0000
      0.0000
      0.0000
      0.0000
      0.0000
      0.0000
      0.0000
      0.0000
      0.0000
      0.0000
      0.0000
      0.0000
      0.0000
      0.0000
      0.0000
      0.0000
      0.0000
      0.0000
      0.0000
      0.0000
      0.0000
      0.0000
      0.0000
      0.0000
      0.0000
      0.0000
      0.0000
      0.0000
      0.0000
      0.0000
      0.0000
      0.0000
      0.0000
      0.0000
      0.0000
      0.0000
      0.0000
      0.0000
      0.0000
      0.0000
      0.0000
      0.0000
      0.0000
      0.0000
      0.0000
      0.0000
      0.0000
      0.0000
      0.0000
      0.0000
      0.0000
      0.0000
      0.0000
      0.0000
      0.0000
      0.0000
      0.0000
      0.0001
      0.0005
      0.0006
      0.0002
      0.0000
      0.0000
      0.0000
      0.0000
      0.0005
      0.0002
      0.0000
      0.0000
      0.0000
      0.0000
      0.0000
      0.0000
      0.0000
      0.0000
      0.0000
      0.0009
      0.0050
      0.0072
      0.0026
      0.0002
      0.0000
      0.0000
      0.0000
      0.0632
      0.0316
      0.0039
      0.0001
      0.0000
      0.0000
      0.0000
      0.0000
      0.0000
      0.0000
      0.0001
      0.0018
      0.0124
      0.0219
      0.0097
      0.0011
      0.0000
      0.0000
      0.0000
      2.0492
      1.0246
      0.1277
      0.0039
      0.0000
      0.0000
      0.0000
      0.0000
      0.0000
      0.0000
      0.0000
      0.0009
      0.0077
      0.0167
      0.0090
      0.0012
      0.0001
      0.0006
      0.0011
     16.4367
      8.2184
      1.0246
      0.0316
      0.0002
      0.0000
      0.0000
      0.0000
      0.0000
      0.0000
      0.0000
      0.0001
      0.0012
      0.0032
      0.0022
      0.0007
      0.0092
      0.0734
      0.1469
     32.8734
     16.4367
      2.0492
      0.0632
      0.0005
      0.0000
      0.0000
      0.0000
      0.0000
      0.0000
      0.0000
      0.0000
      0.0001
      0.0009
      0.0039
      0.0138
      0.2984
      2.3815
      4.7627
     16.4367
      8.2184
      1.0246
      0.0316
      0.0002
      0.0000
      0.0000
      0.0001
      0.0001
      0.0000
      0.0000
      0.0000
      0.0003
      0.0062
      0.0368
      0.1261
      2.4006
     19.1031
     38.2026
      2.0492
      1.0246
      0.1277
      0.0039
      0.0000
      0.0005
      0.0038
      0.0072
      0.0034
      0.0004
      0.0000
      0.0000
      0.0005
      0.0130
      0.0893
      0.2959
      4.8258
     38.2092
     76.4052
      0.0632
      0.0316
      0.0039
      0.0001
      0.0004
      0.0111
      0.0745
      0.1250
      0.0525
      0.0055
      0.0001
      0.0000
      0.0002
      0.0068
      0.0542
      0.1790
      2.4333
     19.1076
     38.2028
      0.0005
      0.0002
      0.0000
      0.0002
      0.0038
      0.0636
      0.3662
      0.5417
      0.2007
      0.0185
      0.0004
      0.0000
      0.0000
      0.0009
      0.0082
      0.0278
      0.3076
      2.3829
      4.7628
      0.0000
      0.0000
      0.0001
      0.0032
      0.0233
      0.1150
      0.4592
      0.5880
      0.1923
      0.0157
      0.0003
      0.0000
      0.0000
      0.0000
      0.0003
      0.0011
      0.0098
      0.0744
      0.1487
      0.0000
      0.0000
      0.0007
      0.0145
      0.0785
      0.1374
      0.2231
      0.2743
      0.1067
      0.0115
      0.0003
      0.0000
      0.0000
      0.0000
      0.0000
      0.0005
      0.0150
      0.1206
      0.2412
      0.0000
      0.0000
      0.0009
      0.0168
      0.0822
      0.2869
      1.7384
      3.6779
      1.9749
      0.2648
      0.0088
      0.0001
      0.0000
      0.0000
      0.0001
      0.0150
      0.4853
      3.8924
      7.7847
      0.0000
      0.0000
      0.0003
      0.0052
      0.0643
      1.6010
     13.6661
     29.4020
     15.8193
      2.1228
      0.0705
      0.0006
      0.0000
      0.0000
      0.0009
      0.1200
      3.8924
     31.2214
     62.4427
      0.0000
      0.0000
      0.0001
      0.0013
      0.0930
      3.1665
     27.3231
     58.8032
     31.6384
      4.2456
      0.1410
      0.0011
      0.0000
      0.0000
      0.0018
      0.2401
      7.7847
     62.4427
    124.8855
