      0.0020
      0.0047
      0.0117
      0.0158
      0.0116
      0.0047
      0.0012
      0.0005
      0.0009
      0.0030
      0.0073
      0.0098
      0.0071
      0.0028
      0.0006
      0.0001
      0.0000
      0.0000
      0.0000
      0.0028
      0.0061
      0.0134
      0.0166
      0.0112
      0.0042
      0.0010
      0.0004
      0.0007
      0.0025
      0.0064
      0.0093
      0.0074
      0.0032
      0.0008
      0.0001
      0.0000
      0.0000
      0.0000
      0.0037
      0.0070
      0.0134
      0.0143
      0.0083
      0.0027
      0.0005
      0.0002
      0.0003
      0.0014
      0.0042
      0.0073
      0.0072
      0.0040
      0.0013
      0.0002
      0.0000
      0.0000
      0.0000
      0.0029
      0.0048
      0.0079
      0.0074
      0.0037
      0.0010
      0.0002
      0.0000
      0.0001
      0.0007
      0.0033
      0.0089
      0.0139
      0.0123
      0.0061
      0.0017
      0.0003
      0.0000
      0.0000
      0.0045
      0.0042
      0.0035
      0.0023
      0.0010
      0.0002
      0.0000
      0.0000
      0.0001
      0.0012
      0.0080
      0.0289
      0.0569
      0.0606
      0.0349
      0.0109
      0.0018
      0.0002
      0.0000
      0.0554
      0.0409
      0.0165
      0.0037
      0.0005
      0.0001
      0.0001
      0.0001
      0.0003
      0.0024
      0.0178
      0.0716
      0.1557
      0.1828
      0.1159
      0.0397
      0.0073
      0.0008
      0.0002
      0.4842
      0.3559
      0.1411
      0.0301
      0.0034
      0.0003
      0.0002
      0.0004
      0.0005
      0.0028
      0.0221
      0.0978
      0.2331
      0.2999
      0.2086
      0.0788
      0.0176
      0.0057
      0.0054
      2.2712
      1.6692
      0.6619
      0.1411
      0.0161
      0.0011
      0.0004
      0.0005
      0.0005
      0.0018
      0.0149
      0.0723
      0.1892
      0.2678
      0.2072
      0.0942
      0.0482
      0.0673
      0.0866
      5.7277
      4.2096
      1.6692
      0.3559
      0.0406
      0.0026
      0.0005
      0.0005
      0.0004
      0.0007
      0.0055
      0.0296
      0.0875
      0.1460
      0.1494
      0.1408
      0.2648
      0.5667
      0.7539
      7.7933
      5.7277
      2.2712
      0.4842
      0.0553
      0.0041
      0.0021
      0.0030
      0.0023
      0.0011
      0.0015
      0.0094
      0.0420
      0.1209
      0.2379
      0.4522
      1.1800
      2.6370
      3.5235
      5.7277
      4.2096
      1.6693
      0.3561
      0.0426
      0.0121
      0.0251
      0.0350
      0.0266
      0.0109
      0.0030
      0.0081
      0.0565
      0.2284
      0.5556
      1.1504
      2.9863
      6.6397
      8.8707
      2.2712
      1.6693
      0.6622
      0.1438
      0.0338
      0.0752
      0.1772
      0.2332
      0.1670
      0.0647
      0.0140
      0.0101
      0.0700
      0.3090
      0.8003
      1.6637
      4.1417
      9.0547
     12.0676
      0.4842
      0.3561
      0.1439
      0.0490
      0.0964
      0.3207
      0.6857
      0.8382
      0.5644
      0.2064
      0.0410
      0.0099
      0.0490
      0.2306
      0.6319
      1.3220
      3.1371
      6.6939
      8.8821
      0.0554
      0.0426
      0.0342
      0.0975
      0.3274
      0.8371
      1.4966
      1.6506
      1.0354
      0.3565
      0.0664
      0.0086
      0.0187
      0.0930
      0.2705
      0.5740
      1.2998
      2.6918
      3.5496
      0.0045
      0.0110
      0.0687
      0.3002
      0.8005
      1.4637
      1.9952
      1.8847
      1.0859
      0.3534
      0.0629
      0.0064
      0.0040
      0.0203
      0.0643
      0.1515
      0.3691
      0.7778
      1.0273
      0.0029
      0.0193
      0.1409
      0.5643
      1.2935
      1.8965
      2.0927
      1.8000
      1.0469
      0.3619
      0.0702
      0.0075
      0.0009
      0.0034
      0.0245
      0.1642
      0.7255
      1.8081
      2.4555
      0.0037
      0.0236
      0.1611
      0.6056
      1.3460
      2.1493
      3.0377
      3.4035
      2.3985
      0.9539
      0.2068
      0.0241
      0.0017
      0.0049
      0.0791
      0.6914
      3.2401
      8.1696
     11.1154
      0.0028
      0.0166
      0.1066
      0.3982
      1.0625
      2.6642
      5.6109
      7.4898
      5.6176
      2.2937
      0.5047
      0.0594
      0.0041
      0.0121
      0.1983
      1.7408
      8.1655
     20.5923
     28.0184
      0.0020
      0.0111
      0.0688
      0.2698
      0.9205
      3.0645
      7.2863
     10.0505
      7.6019
      3.1119
      0.6854
      0.0807
      0.0056
      0.0165
      0.2698
      2.3685
     11.1101
     28.0182
     38.1223
