      0.0024
      0.0056
      0.0139
      0.0189
      0.0139
      0.0055
      0.0012
      0.0002
      0.0005
      0.0024
      0.0059
      0.0080
      0.0058
      0.0023
      0.0005
      0.0001
      0.0000
      0.0000
      0.0000
      0.0033
      0.0072
      0.0160
      0.0198
      0.0134
      0.0049
      0.0010
      0.0002
      0.0004
      0.0020
      0.0052
      0.0076
      0.0060
      0.0026
      0.0006
      0.0001
      0.0000
      0.0000
      0.0000
      0.0044
      0.0084
      0.0159
      0.0170
      0.0099
      0.0032
      0.0006
      0.0001
      0.0002
      0.0011
      0.0033
      0.0056
      0.0053
      0.0028
      0.0008
      0.0001
      0.0000
      0.0000
      0.0000
      0.0039
      0.0060
      0.0095
      0.0088
      0.0045
      0.0012
      0.0002
      0.0000
      0.0001
      0.0004
      0.0017
      0.0040
      0.0055
      0.0044
      0.0020
      0.0005
      0.0001
      0.0000
      0.0000
      0.0185
      0.0147
      0.0080
      0.0035
      0.0012
      0.0003
      0.0000
      0.0000
      0.0001
      0.0004
      0.0024
      0.0084
      0.0163
      0.0172
      0.0098
      0.0031
      0.0005
      0.0000
      0.0000
      0.2840
      0.2089
      0.0832
      0.0180
      0.0022
      0.0002
      0.0001
      0.0001
      0.0002
      0.0007
      0.0050
      0.0200
      0.0435
      0.0510
      0.0323
      0.0111
      0.0021
      0.0002
      0.0000
      2.4897
      1.8299
      0.7256
      0.1547
      0.0176
      0.0011
      0.0003
      0.0004
      0.0004
      0.0009
      0.0062
      0.0273
      0.0650
      0.0837
      0.0584
      0.0223
      0.0050
      0.0010
      0.0006
     11.6788
      8.5834
      3.4036
      0.7256
      0.0827
      0.0051
      0.0005
      0.0005
      0.0004
      0.0006
      0.0042
      0.0202
      0.0531
      0.0759
      0.0605
      0.0294
      0.0122
      0.0079
      0.0075
     29.4525
     21.6463
      8.5834
      1.8298
      0.2085
      0.0128
      0.0008
      0.0005
      0.0004
      0.0003
      0.0016
      0.0087
      0.0272
      0.0510
      0.0628
      0.0592
      0.0539
      0.0567
      0.0606
     40.0738
     29.4525
     11.6788
      2.4897
      0.2838
      0.0178
      0.0022
      0.0025
      0.0019
      0.0009
      0.0007
      0.0043
      0.0239
      0.0807
      0.1634
      0.2100
      0.2159
      0.2428
      0.2684
     29.4525
     21.6463
      8.5834
      1.8300
      0.2102
      0.0206
      0.0209
      0.0286
      0.0217
      0.0089
      0.0024
      0.0062
      0.0448
      0.1820
      0.4090
      0.5426
      0.5383
      0.5889
      0.6536
     11.6788
      8.5834
      3.4039
      0.7281
      0.0980
      0.0669
      0.1459
      0.1909
      0.1365
      0.0529
      0.0115
      0.0082
      0.0570
      0.2487
      0.5925
      0.8103
      0.7810
      0.8040
      0.8767
      2.4897
      1.8301
      0.7287
      0.1742
      0.1041
      0.2773
      0.5708
      0.6887
      0.4618
      0.1686
      0.0334
      0.0080
      0.0399
      0.1856
      0.4702
      0.6727
      0.6432
      0.6159
      0.6492
      0.2840
      0.2109
      0.1037
      0.1225
      0.3364
      0.7704
      1.2815
      1.3685
      0.8483
      0.2908
      0.0541
      0.0070
      0.0153
      0.0749
      0.2026
      0.3068
      0.3001
      0.2758
      0.2820
      0.0185
      0.0227
      0.0850
      0.3488
      0.8829
      1.4651
      1.7855
      1.5655
      0.8700
      0.2779
      0.0488
      0.0049
      0.0033
      0.0164
      0.0490
      0.0930
      0.1574
      0.2717
      0.3443
      0.0039
      0.0233
      0.1673
      0.6624
      1.4649
      1.9417
      1.7675
      1.2334
      0.6184
      0.1932
      0.0345
      0.0034
      0.0005
      0.0030
      0.0235
      0.1652
      0.7384
      1.8446
      2.5061
      0.0044
      0.0281
      0.1909
      0.7027
      1.4382
      1.7799
      1.6245
      1.2918
      0.7818
      0.2925
      0.0615
      0.0070
      0.0006
      0.0051
      0.0833
      0.7289
      3.4166
      8.6149
     11.7214
      0.0033
      0.0197
      0.1246
      0.4323
      0.8853
      1.3332
      1.8961
      2.1999
      1.5918
      0.6439
      0.1412
      0.0166
      0.0014
      0.0127
      0.2092
      1.8364
      8.6144
     21.7244
     29.5587
      0.0024
      0.0132
      0.0787
      0.2647
      0.5823
      1.1578
      2.1860
      2.8460
      2.1267
      0.8683
      0.1911
      0.0225
      0.0019
      0.0172
      0.2847
      2.4987
     11.7209
     29.5586
     40.2182
