      0.0017
      0.0040
      0.0099
      0.0134
      0.0099
      0.0039
      0.0009
      0.0004
      0.0012
      0.0050
      0.0122
      0.0164
      0.0119
      0.0047
      0.0010
      0.0001
      0.0000
      0.0000
      0.0000
      0.0024
      0.0051
      0.0114
      0.0141
      0.0095
      0.0035
      0.0008
      0.0003
      0.0009
      0.0041
      0.0108
      0.0156
      0.0124
      0.0053
      0.0012
      0.0002
      0.0000
      0.0000
      0.0000
      0.0031
      0.0060
      0.0113
      0.0121
      0.0071
      0.0023
      0.0004
      0.0001
      0.0004
      0.0022
      0.0068
      0.0116
      0.0110
      0.0058
      0.0017
      0.0003
      0.0000
      0.0000
      0.0000
      0.0025
      0.0041
      0.0067
      0.0063
      0.0032
      0.0009
      0.0001
      0.0000
      0.0001
      0.0009
      0.0037
      0.0089
      0.0125
      0.0101
      0.0047
      0.0012
      0.0002
      0.0000
      0.0000
      0.0060
      0.0052
      0.0036
      0.0021
      0.0008
      0.0002
      0.0000
      0.0000
      0.0001
      0.0009
      0.0057
      0.0203
      0.0393
      0.0415
      0.0238
      0.0074
      0.0012
      0.0001
      0.0000
      0.0833
      0.0614
      0.0246
      0.0054
      0.0007
      0.0001
      0.0001
      0.0002
      0.0003
      0.0017
      0.0121
      0.0485
      0.1054
      0.1237
      0.0784
      0.0268
      0.0050
      0.0005
      0.0001
      0.7294
      0.5361
      0.2126
      0.0453
      0.0052
      0.0004
      0.0002
      0.0004
      0.0005
      0.0020
      0.0150
      0.0661
      0.1576
      0.2028
      0.1412
      0.0534
      0.0117
      0.0031
      0.0025
      3.4214
      2.5146
      0.9971
      0.2126
      0.0242
      0.0016
      0.0004
      0.0006
      0.0005
      0.0013
      0.0101
      0.0490
      0.1285
      0.1831
      0.1437
      0.0663
      0.0293
      0.0323
      0.0397
      8.6283
      6.3414
      2.5146
      0.5361
      0.0611
      0.0039
      0.0006
      0.0006
      0.0005
      0.0005
      0.0038
      0.0207
      0.0642
      0.1166
      0.1346
      0.1217
      0.1523
      0.2673
      0.3443
     11.7398
      8.6283
      3.4214
      0.7294
      0.0833
      0.0063
      0.0035
      0.0049
      0.0039
      0.0018
      0.0015
      0.0095
      0.0509
      0.1669
      0.3309
      0.4534
      0.6892
      1.2448
      1.6077
      8.6283
      6.3414
      2.5146
      0.5365
      0.0645
      0.0198
      0.0420
      0.0588
      0.0446
      0.0183
      0.0049
      0.0129
      0.0921
      0.3729
      0.8422
      1.2251
      1.8084
      3.1571
      4.0530
      3.4214
      2.5146
      0.9974
      0.2163
      0.0521
      0.1232
      0.2953
      0.3908
      0.2804
      0.1087
      0.0236
      0.0169
      0.1172
      0.5115
      1.2334
      1.8574
      2.6285
      4.3615
      5.5350
      0.7294
      0.5363
      0.2154
      0.0680
      0.1380
      0.5062
      1.1275
      1.3980
      0.9459
      0.3464
      0.0688
      0.0165
      0.0821
      0.3824
      0.9828
      1.5407
      2.1039
      3.2866
      4.1026
      0.0833
      0.0629
      0.0407
      0.1009
      0.4002
      1.2112
      2.3753
      2.7173
      1.7256
      0.5963
      0.1112
      0.0143
      0.0314
      0.1544
      0.4237
      0.6958
      0.9290
      1.3635
      1.6676
      0.0060
      0.0110
      0.0604
      0.2754
      0.8278
      1.8180
      2.8944
      2.9514
      1.7430
      0.5688
      0.1006
      0.0101
      0.0067
      0.0337
      0.1004
      0.1878
      0.3081
      0.5205
      0.6565
      0.0025
      0.0165
      0.1206
      0.4924
      1.1899
      1.9416
      2.4145
      2.1831
      1.2466
      0.4103
      0.0749
      0.0075
      0.0011
      0.0050
      0.0307
      0.1842
      0.7889
      1.9534
      2.6502
      0.0031
      0.0201
      0.1370
      0.5161
      1.1487
      1.8080
      2.4473
      2.6148
      1.7786
      0.6897
      0.1468
      0.0169
      0.0012
      0.0055
      0.0874
      0.7616
      3.5672
      8.9934
     12.2360
      0.0024
      0.0141
      0.0901
      0.3310
      0.8368
      1.9363
      3.8975
      5.1240
      3.8226
      1.5569
      0.3421
      0.0402
      0.0029
      0.0133
      0.2184
      1.9168
      8.9911
     22.6743
     30.8512
      0.0017
      0.0094
      0.0578
      0.2184
      0.6852
      2.1332
      4.9617
      6.8084
      5.1428
      2.1043
      0.4634
      0.0546
      0.0040
      0.0180
      0.2971
      2.6079
     12.2334
     30.8511
     41.9767
