      0.0022
      0.0053
      0.0130
      0.0177
      0.0130
      0.0052
      0.0012
      0.0003
      0.0009
      0.0039
      0.0095
      0.0128
      0.0093
      0.0036
      0.0008
      0.0001
      0.0000
      0.0000
      0.0000
      0.0031
      0.0068
      0.0150
      0.0186
      0.0125
      0.0046
      0.0010
      0.0002
      0.0007
      0.0032
      0.0084
      0.0122
      0.0097
      0.0042
      0.0010
      0.0001
      0.0000
      0.0000
      0.0000
      0.0041
      0.0078
      0.0149
      0.0160
      0.0093
      0.0030
      0.0005
      0.0001
      0.0003
      0.0018
      0.0055
      0.0097
      0.0096
      0.0054
      0.0018
      0.0003
      0.0000
      0.0000
      0.0000
      0.0034
      0.0055
      0.0088
      0.0082
      0.0042
      0.0012
      0.0002
      0.0000
      0.0001
      0.0010
      0.0045
      0.0125
      0.0197
      0.0177
      0.0088
      0.0024
      0.0004
      0.0000
      0.0000
      0.0109
      0.0090
      0.0056
      0.0029
      0.0011
      0.0003
      0.0000
      0.0000
      0.0002
      0.0017
      0.0115
      0.0419
      0.0824
      0.0878
      0.0507
      0.0158
      0.0026
      0.0002
      0.0000
      0.1602
      0.1179
      0.0471
      0.0103
      0.0013
      0.0001
      0.0000
      0.0001
      0.0003
      0.0035
      0.0257
      0.1039
      0.2258
      0.2651
      0.1681
      0.0575
      0.0106
      0.0011
      0.0002
      1.4038
      1.0317
      0.4091
      0.0872
      0.0100
      0.0006
      0.0001
      0.0002
      0.0004
      0.0039
      0.0320
      0.1419
      0.3381
      0.4349
      0.3024
      0.1138
      0.0238
      0.0039
      0.0020
      6.5848
      4.8396
      1.9190
      0.4091
      0.0466
      0.0029
      0.0003
      0.0003
      0.0003
      0.0025
      0.0216
      0.1049
      0.2743
      0.3880
      0.2990
      0.1293
      0.0404
      0.0261
      0.0290
     16.6061
     12.2048
      4.8396
      1.0317
      0.1176
      0.0072
      0.0005
      0.0003
      0.0003
      0.0009
      0.0079
      0.0427
      0.1261
      0.2085
      0.2044
      0.1427
      0.1297
      0.1969
      0.2469
     22.5947
     16.6061
      6.5848
      1.4038
      0.1601
      0.0106
      0.0028
      0.0037
      0.0030
      0.0014
      0.0021
      0.0131
      0.0576
      0.1609
      0.2889
      0.3728
      0.5267
      0.8993
      1.1442
     16.6061
     12.2048
      4.8396
      1.0320
      0.1202
      0.0197
      0.0328
      0.0458
      0.0347
      0.0143
      0.0039
      0.0107
      0.0740
      0.2952
      0.6631
      0.9552
      1.3507
      2.2619
      2.8711
      6.5848
      4.8396
      1.9194
      0.4124
      0.0694
      0.0992
      0.2312
      0.3047
      0.2183
      0.0846
      0.0184
      0.0132
      0.0914
      0.3988
      0.9609
      1.4330
      1.9484
      3.1115
      3.9093
      1.4038
      1.0320
      0.4123
      0.1099
      0.1262
      0.4121
      0.8910
      1.0936
      0.7375
      0.2698
      0.0535
      0.0129
      0.0639
      0.2977
      0.7640
      1.1849
      1.5573
      2.3412
      2.8927
      0.1602
      0.1198
      0.0671
      0.1186
      0.3944
      1.0501
      1.9260
      2.1470
      1.3518
      0.4660
      0.0868
      0.0112
      0.0244
      0.1202
      0.3291
      0.5345
      0.6875
      0.9686
      1.1707
      0.0109
      0.0166
      0.0788
      0.3404
      0.9294
      1.7738
      2.5224
      2.4413
      1.4212
      0.4646
      0.0828
      0.0084
      0.0053
      0.0262
      0.0773
      0.1384
      0.2030
      0.3119
      0.3839
      0.0034
      0.0217
      0.1577
      0.6346
      1.4784
      2.2571
      2.6482
      2.3922
      1.4272
      0.4999
      0.0978
      0.0105
      0.0011
      0.0035
      0.0176
      0.0882
      0.3551
      0.8675
      1.1743
      0.0041
      0.0264
      0.1804
      0.6834
      1.5655
      2.6931
      4.1356
      4.8252
      3.4451
      1.3760
      0.2989
      0.0349
      0.0023
      0.0026
      0.0386
      0.3347
      1.5660
      3.9472
      5.3702
      0.0031
      0.0186
      0.1200
      0.4600
      1.3259
      3.6491
      8.0181
     10.8232
      8.1384
      3.3249
      0.7317
      0.0861
      0.0056
      0.0060
      0.0959
      0.8412
      3.9456
      9.9501
     13.5383
      0.0022
      0.0125
      0.0781
      0.3220
      1.2160
      4.3333
     10.5104
     14.5594
     11.0216
      4.5126
      0.9940
      0.1171
      0.0076
      0.0081
      0.1304
      1.1444
      5.3683
     13.5383
     18.4205
