      0.0455
      0.0473
      0.0522
      0.0604
      0.0740
      0.0960
      0.1290
      0.1766
      0.2443
      0.3290
      0.4043
      0.4275
      0.3753
      0.2685
      0.1553
      0.0725
      0.0277
      0.0095
      0.0050
      0.0487
      0.0501
      0.0538
      0.0600
      0.0706
      0.0887
      0.1174
      0.1604
      0.2237
      0.3056
      0.3823
      0.4128
      0.3715
      0.2737
      0.1638
      0.0795
      0.0316
      0.0112
      0.0060
      0.0688
      0.0677
      0.0650
      0.0624
      0.0634
      0.0717
      0.0904
      0.1233
      0.1769
      0.2532
      0.3355
      0.3870
      0.3751
      0.3001
      0.1967
      0.1052
      0.0463
      0.0179
      0.0100
      0.1533
      0.1425
      0.1156
      0.0857
      0.0645
      0.0576
      0.0657
      0.0896
      0.1351
      0.2089
      0.3041
      0.3889
      0.4199
      0.3747
      0.2737
      0.1630
      0.0797
      0.0345
      0.0211
      0.4270
      0.3860
      0.2864
      0.1782
      0.1004
      0.0636
      0.0595
      0.0778
      0.1195
      0.1958
      0.3114
      0.4400
      0.5237
      0.5125
      0.4085
      0.2654
      0.1434
      0.0714
      0.0489
      1.1049
      0.9915
      0.7175
      0.4224
      0.2114
      0.1072
      0.0787
      0.0895
      0.1271
      0.2050
      0.3399
      0.5125
      0.6531
      0.6831
      0.5828
      0.4103
      0.2495
      0.1499
      0.1181
      2.3749
      2.1275
      1.5306
      0.8891
      0.4296
      0.1969
      0.1190
      0.1126
      0.1392
      0.2090
      0.3481
      0.5478
      0.7371
      0.8190
      0.7520
      0.5883
      0.4236
      0.3204
      0.2879
      4.1215
      3.6909
      2.6520
      1.5352
      0.7329
      0.3199
      0.1695
      0.1355
      0.1437
      0.1933
      0.3153
      0.5152
      0.7366
      0.8844
      0.9018
      0.8218
      0.7295
      0.6787
      0.6660
      5.7404
      5.1405
      3.6933
      2.1379
      1.0200
      0.4424
      0.2269
      0.1679
      0.1558
      0.1772
      0.2657
      0.4453
      0.6889
      0.9225
      1.0836
      1.1769
      1.2520
      1.3262
      1.3606
      6.4108
      5.7417
      4.1289
      2.4000
      1.1662
      0.5406
      0.3171
      0.2555
      0.2249
      0.2076
      0.2482
      0.3964
      0.6614
      0.9990
      1.3467
      1.6756
      1.9849
      2.2355
      2.3363
      5.7404
      5.1442
      3.7113
      2.1900
      1.1339
      0.6397
      0.5002
      0.4697
      0.4145
      0.3319
      0.2972
      0.3951
      0.6691
      1.0996
      1.6230
      2.1777
      2.7109
      3.1277
      3.2904
      4.1215
      3.7001
      2.6975
      1.6659
      1.0153
      0.8025
      0.8281
      0.8514
      0.7501
      0.5597
      0.4076
      0.4190
      0.6597
      1.1207
      1.7348
      2.4159
      3.0728
      3.5765
      3.7700
      2.3749
      2.1446
      1.6146
      1.1281
      0.9395
      1.0544
      1.2695
      1.3423
      1.1680
      0.8359
      0.5363
      0.4288
      0.5820
      0.9825
      1.5614
      2.2254
      2.8691
      3.3575
      3.5434
      1.1049
      1.0171
      0.8424
      0.7741
      0.9513
      1.3329
      1.6979
      1.7947
      1.5376
      1.0696
      0.6339
      0.4076
      0.4464
      0.7244
      1.1794
      1.7331
      2.2881
      2.7154
      2.8785
      0.4270
      0.4181
      0.4424
      0.6134
      1.0064
      1.5486
      2.0012
      2.1038
      1.7846
      1.2224
      0.6920
      0.3754
      0.3132
      0.4722
      0.8101
      1.2821
      1.8063
      2.2364
      2.4055
      0.1533
      0.1780
      0.2878
      0.5652
      1.0612
      1.6905
      2.2030
      2.3241
      1.9782
      1.3575
      0.7578
      0.3715
      0.2377
      0.3301
      0.6393
      1.1648
      1.8293
      2.4170
      2.6555
      0.0688
      0.1046
      0.2442
      0.5647
      1.1177
      1.8200
      2.4094
      2.5814
      2.2326
      1.5563
      0.8766
      0.4163
      0.2310
      0.3122
      0.6908
      1.4115
      2.3839
      3.2737
      3.6400
      0.0487
      0.0876
      0.2373
      0.5797
      1.1767
      1.9519
      2.6285
      2.8631
      2.5164
      1.7811
      1.0161
      0.4828
      0.2597
      0.3563
      0.8371
      1.7823
      3.0812
      4.2808
      4.7767
      0.0455
      0.0851
      0.2376
      0.5882
      1.2045
      2.0132
      2.7301
      2.9935
      2.6473
      1.8845
      1.0804
      0.5148
      0.2765
      0.3827
      0.9110
      1.9553
      3.3950
      4.7271
      5.2781
