      0.0000
      0.0000
      0.0000
      0.0000
      0.0000
      0.0000
      0.0000
      0.0000
      0.0000
      0.0000
      0.0000
      0.0000
      0.0000
      0.0000
      0.0000
      0.0000
      0.0000
      0.0000
      0.0000
      0.0000
      0.0000
      0.0000
      0.0000
      0.0000
      0.0000
      0.0000
      0.0000
      0.0000
      0.0000
      0.0000
      0.0000
      0.0000
      0.0000
      0.0000
      0.0000
      0.0000
      0.0000
      0.0000
      0.0000
      0.0000
      0.0000
      0.0000
      0.0000
      0.0000
      0.0000
      0.0000
      0.0000
      0.0000
      0.0000
      0.0000
      0.0000
      0.0000
      0.0000
      0.0000
      0.0000
      0.0000
      0.0000
      0.0000
      0.0000
      0.0000
      0.0000
      0.0000
      0.0000
      0.0000
      0.0000
      0.0000
      0.0000
      0.0000
      0.0000
      0.0000
      0.0000
      0.0000
      0.0000
      0.0000
      0.0000
      0.0000
      0.0000
      0.0000
      0.0000
      0.0000
      0.0000
      0.0000
      0.0000
      0.0000
      0.0000
      0.0000
      0.0000
      0.0000
      0.0002
      0.0002
      0.0001
      0.0000
      0.0000
      0.0000
      0.0000
      0.0020
      0.0010
      0.0001
      0.0000
      0.0000
      0.0000
      0.0000
      0.0000
      0.0000
      0.0000
      0.0000
      0.0004
      0.0021
      0.0031
      0.0011
      0.0001
      0.0000
      0.0000
      0.0000
      0.2652
      0.1326
      0.0165
      0.0005
      0.0000
      0.0000
      0.0000
      0.0000
      0.0000
      0.0000
      0.0000
      0.0007
      0.0053
      0.0093
      0.0041
      0.0004
      0.0000
      0.0000
      0.0000
      8.5986
      4.2993
      0.5360
      0.0165
      0.0001
      0.0000
      0.0000
      0.0000
      0.0000
      0.0000
      0.0000
      0.0004
      0.0033
      0.0071
      0.0038
      0.0005
      0.0000
      0.0000
      0.0000
     68.9710
     34.4855
      4.2993
      0.1326
      0.0010
      0.0000
      0.0000
      0.0000
      0.0000
      0.0000
      0.0000
      0.0000
      0.0005
      0.0014
      0.0010
      0.0003
      0.0003
      0.0020
      0.0040
    137.9419
     68.9710
      8.5986
      0.2652
      0.0020
      0.0000
      0.0000
      0.0000
      0.0000
      0.0000
      0.0000
      0.0000
      0.0001
      0.0010
      0.0047
      0.0061
      0.0102
      0.0650
      0.1293
     68.9710
     34.4855
      4.2993
      0.1326
      0.0010
      0.0000
      0.0001
      0.0001
      0.0001
      0.0000
      0.0000
      0.0000
      0.0003
      0.0078
      0.0454
      0.0680
      0.0893
      0.5213
      1.0371
      8.5986
      4.2993
      0.5360
      0.0165
      0.0001
      0.0006
      0.0047
      0.0090
      0.0043
      0.0005
      0.0000
      0.0000
      0.0006
      0.0163
      0.1103
      0.1904
      0.2085
      1.0456
      2.0741
      0.2652
      0.1326
      0.0165
      0.0005
      0.0006
      0.0140
      0.0932
      0.1563
      0.0656
      0.0069
      0.0002
      0.0000
      0.0003
      0.0085
      0.0670
      0.1340
      0.1297
      0.5264
      1.0372
      0.0020
      0.0010
      0.0002
      0.0008
      0.0090
      0.0872
      0.4613
      0.6776
      0.2509
      0.0232
      0.0005
      0.0000
      0.0000
      0.0011
      0.0102
      0.0236
      0.0215
      0.0665
      0.1294
      0.0000
      0.0000
      0.0006
      0.0150
      0.0973
      0.2488
      0.6142
      0.7382
      0.2402
      0.0196
      0.0004
      0.0000
      0.0000
      0.0000
      0.0004
      0.0010
      0.0010
      0.0028
      0.0053
      0.0000
      0.0000
      0.0032
      0.0693
      0.3696
      0.5265
      0.3547
      0.2594
      0.0834
      0.0076
      0.0002
      0.0000
      0.0000
      0.0000
      0.0000
      0.0003
      0.0109
      0.0872
      0.1744
      0.0000
      0.0001
      0.0044
      0.0802
      0.3684
      0.5038
      0.8550
      1.5783
      0.8410
      0.1126
      0.0037
      0.0000
      0.0000
      0.0000
      0.0001
      0.0109
      0.3526
      2.8280
      5.6560
      0.0000
      0.0000
      0.0015
      0.0234
      0.1103
      0.7612
      5.8234
     12.4870
      6.7177
      0.9015
      0.0299
      0.0002
      0.0000
      0.0000
      0.0007
      0.0872
      2.8280
     22.6837
     45.3675
      0.0000
      0.0000
      0.0002
      0.0036
      0.0497
      1.3533
     11.6046
     24.9710
     13.4353
      1.8029
      0.0599
      0.0005
      0.0000
      0.0000
      0.0013
      0.1744
      5.6560
     45.3675
     90.7350
