      0.5300
      0.5385
      0.5545
      0.5582
      0.5372
      0.4965
      0.4528
      0.4224
      0.4120
      0.4161
      0.4196
      0.4040
      0.3579
      0.2847
      0.2008
      0.1260
      0.0728
      0.0432
      0.0341
      0.5262
      0.5323
      0.5421
      0.5386
      0.5121
      0.4689
      0.4258
      0.3988
      0.3946
      0.4078
      0.4230
      0.4197
      0.3832
      0.3140
      0.2282
      0.1472
      0.0867
      0.0517
      0.0406
      0.5297
      0.5281
      0.5188
      0.4932
      0.4499
      0.3991
      0.3575
      0.3396
      0.3522
      0.3908
      0.4387
      0.4703
      0.4617
      0.4050
      0.3136
      0.2144
      0.1322
      0.0808
      0.0637
      0.5890
      0.5732
      0.5282
      0.4615
      0.3865
      0.3201
      0.2780
      0.2715
      0.3064
      0.3799
      0.4748
      0.5584
      0.5935
      0.5582
      0.4607
      0.3344
      0.2186
      0.1412
      0.1145
      0.7856
      0.7456
      0.6395
      0.5014
      0.3691
      0.2704
      0.2187
      0.2190
      0.2737
      0.3815
      0.5262
      0.6693
      0.7589
      0.7560
      0.6595
      0.5077
      0.3559
      0.2492
      0.2114
      1.2021
      1.1238
      0.9202
      0.6659
      0.4367
      0.2772
      0.1979
      0.1923
      0.2555
      0.3855
      0.5690
      0.7657
      0.9129
      0.9552
      0.8793
      0.7232
      0.5527
      0.4276
      0.3824
      1.8530
      1.7218
      1.3833
      0.9661
      0.5969
      0.3445
      0.2156
      0.1878
      0.2429
      0.3750
      0.5745
      0.8053
      1.0031
      1.1033
      1.0802
      0.9633
      0.8172
      0.7044
      0.6629
      2.6186
      2.4288
      1.9399
      1.3398
      0.8116
      0.4507
      0.2599
      0.1983
      0.2305
      0.3435
      0.5315
      0.7690
      1.0019
      1.1684
      1.2348
      1.2149
      1.1549
      1.1012
      1.0807
      3.2536
      3.0170
      2.4081
      1.6625
      1.0077
      0.5601
      0.3185
      0.2247
      0.2271
      0.3054
      0.4580
      0.6753
      0.9234
      1.1559
      1.3386
      1.4659
      1.5507
      1.6029
      1.6213
      3.5019
      3.2494
      2.6008
      1.8091
      1.1177
      0.6478
      0.3920
      0.2814
      0.2548
      0.2893
      0.3903
      0.5660
      0.8085
      1.0936
      1.3939
      1.6859
      1.9425
      2.1247
      2.1916
      3.2536
      3.0255
      2.4417
      1.7351
      1.1269
      0.7210
      0.5006
      0.3933
      0.3396
      0.3227
      0.3599
      0.4780
      0.6928
      1.0023
      1.3883
      1.8145
      2.2190
      2.5164
      2.6267
      2.6186
      2.4488
      2.0186
      1.5095
      1.0879
      0.8205
      0.6758
      0.5841
      0.4984
      0.4186
      0.3796
      0.4258
      0.5897
      0.8839
      1.2972
      1.7867
      2.2694
      2.6308
      2.7658
      1.8530
      1.7579
      1.5247
      1.2695
      1.0874
      0.9956
      0.9432
      0.8650
      0.7339
      0.5749
      0.4459
      0.4065
      0.4979
      0.7369
      1.1139
      1.5843
      2.0602
      2.4211
      2.5565
      1.2021
      1.1796
      1.1387
      1.1331
      1.1886
      1.2709
      1.3055
      1.2302
      1.0386
      0.7848
      0.5527
      0.4167
      0.4206
      0.5774
      0.8739
      1.2663
      1.6735
      1.9858
      2.1035
      0.7856
      0.8216
      0.9373
      1.1386
      1.3955
      1.6291
      1.7394
      1.6606
      1.4018
      1.0446
      0.7004
      0.4603
      0.3708
      0.4384
      0.6434
      0.9424
      1.2640
      1.5146
      1.6097
      0.5890
      0.6659
      0.8929
      1.2459
      1.6586
      2.0179
      2.1986
      2.1224
      1.8036
      1.3452
      0.8867
      0.5405
      0.3605
      0.3491
      0.4798
      0.7078
      0.9668
      1.1734
      1.2525
      0.5297
      0.6318
      0.9288
      1.3825
      1.9074
      2.3684
      2.6171
      2.5564
      2.1952
      1.6504
      1.0874
      0.6435
      0.3848
      0.3140
      0.3996
      0.5926
      0.8259
      1.0166
      1.0903
      0.5262
      0.6414
      0.9757
      1.4866
      2.0811
      2.6128
      2.9161
      2.8758
      2.4919
      1.8880
      1.2491
      0.7334
      0.4195
      0.3124
      0.3777
      0.5621
      0.7945
      0.9876
      1.0627
      0.5300
      0.6491
      0.9951
      1.5245
      2.1431
      2.7006
      3.0253
      2.9946
      2.6039
      1.9788
      1.3119
      0.7694
      0.4354
      0.3162
      0.3762
      0.5606
      0.7960
      0.9924
      1.0690
