      0.3507
      0.3789
      0.4348
      0.4595
      0.4198
      0.3349
      0.2528
      0.2111
      0.2205
      0.2685
      0.3230
      0.3433
      0.3056
      0.2228
      0.1318
      0.0630
      0.0243
      0.0079
      0.0037
      0.3449
      0.3699
      0.4179
      0.4346
      0.3913
      0.3079
      0.2299
      0.1918
      0.2040
      0.2563
      0.3194
      0.3525
      0.3271
      0.2498
      0.1557
      0.0789
      0.0325
      0.0114
      0.0058
      0.3198
      0.3367
      0.3655
      0.3644
      0.3152
      0.2389
      0.1733
      0.1458
      0.1671
      0.2343
      0.3264
      0.4009
      0.4138
      0.3521
      0.2449
      0.1386
      0.0639
      0.0253
      0.0142
      0.2656
      0.2733
      0.2817
      0.2653
      0.2170
      0.1559
      0.1093
      0.0976
      0.1348
      0.2309
      0.3775
      0.5281
      0.6102
      0.5748
      0.4390
      0.2714
      0.1366
      0.0599
      0.0364
      0.1912
      0.1919
      0.1869
      0.1648
      0.1262
      0.0853
      0.0593
      0.0641
      0.1205
      0.2558
      0.4778
      0.7358
      0.9194
      0.9278
      0.7555
      0.4979
      0.2696
      0.1309
      0.0868
      0.1219
      0.1190
      0.1083
      0.0882
      0.0624
      0.0397
      0.0297
      0.0462
      0.1172
      0.2858
      0.5784
      0.9460
      1.2460
      1.3221
      1.1342
      0.7945
      0.4690
      0.2613
      0.1935
      0.0794
      0.0748
      0.0623
      0.0453
      0.0289
      0.0177
      0.0165
      0.0370
      0.1095
      0.2856
      0.6067
      1.0377
      1.4291
      1.5913
      1.4463
      1.0975
      0.7356
      0.4955
      0.4158
      0.0670
      0.0611
      0.0467
      0.0306
      0.0187
      0.0135
      0.0165
      0.0351
      0.0948
      0.2446
      0.5337
      0.9505
      1.3742
      1.6246
      1.6009
      1.3702
      1.0991
      0.9153
      0.8547
      0.0712
      0.0644
      0.0486
      0.0335
      0.0267
      0.0296
      0.0392
      0.0553
      0.0934
      0.1929
      0.4043
      0.7434
      1.1433
      1.4731
      1.6361
      1.6512
      1.6162
      1.5999
      1.5997
      0.0750
      0.0691
      0.0570
      0.0515
      0.0622
      0.0880
      0.1168
      0.1354
      0.1468
      0.1832
      0.2990
      0.5370
      0.8879
      1.2853
      1.6568
      1.9803
      2.2677
      2.4936
      2.5834
      0.0712
      0.0700
      0.0740
      0.0993
      0.1568
      0.2369
      0.3077
      0.3333
      0.3053
      0.2613
      0.2727
      0.4094
      0.7052
      1.1446
      1.6816
      2.2693
      2.8474
      3.2998
      3.4752
      0.0670
      0.0774
      0.1187
      0.2112
      0.3618
      0.5396
      0.6755
      0.7002
      0.6007
      0.4414
      0.3287
      0.3583
      0.5836
      1.0107
      1.6078
      2.3167
      3.0381
      3.6050
      3.8240
      0.0794
      0.1112
      0.2194
      0.4260
      0.7227
      1.0370
      1.2440
      1.2389
      1.0197
      0.7003
      0.4366
      0.3440
      0.4709
      0.8158
      1.3458
      2.0005
      2.6761
      3.2077
      3.4127
      0.1219
      0.1855
      0.3908
      0.7547
      1.2383
      1.7088
      1.9762
      1.9061
      1.5244
      1.0099
      0.5741
      0.3460
      0.3531
      0.5671
      0.9424
      1.4213
      1.9189
      2.3096
      2.4599
      0.1912
      0.2925
      0.6106
      1.1519
      1.8407
      2.4817
      2.8198
      2.6876
      2.1332
      1.4008
      0.7671
      0.3849
      0.2622
      0.3367
      0.5415
      0.8202
      1.1125
      1.3412
      1.4288
      0.2656
      0.4008
      0.8203
      1.5259
      2.4234
      3.2753
      3.7593
      3.6390
      2.9408
      1.9639
      1.0784
      0.4991
      0.2341
      0.1860
      0.2569
      0.3830
      0.5202
      0.6276
      0.6687
      0.3198
      0.4763
      0.9634
      1.7952
      2.8935
      4.0106
      4.7491
      4.7482
      3.9545
      2.7100
      1.5145
      0.6902
      0.2697
      0.1214
      0.1078
      0.1465
      0.1977
      0.2388
      0.2546
      0.3449
      0.5098
      1.0281
      1.9373
      3.1951
      4.5637
      5.5765
      5.7366
      4.8921
      3.4159
      1.9350
      0.8844
      0.3287
      0.1088
      0.0504
      0.0504
      0.0657
      0.0797
      0.0852
      0.3507
      0.5170
      1.0432
      1.9783
      3.2989
      4.7746
      5.9090
      6.1444
      5.2844
      3.7133
      2.1131
      0.9678
      0.3567
      0.1100
      0.0375
      0.0272
      0.0335
      0.0409
      0.0439
