      0.3872
      0.4268
      0.5069
      0.5487
      0.5062
      0.4012
      0.2923
      0.2226
      0.2012
      0.2137
      0.2341
      0.2342
      0.1995
      0.1398
      0.0794
      0.0365
      0.0140
      0.0052
      0.0031
      0.3880
      0.4225
      0.4905
      0.5202
      0.4719
      0.3688
      0.2656
      0.2009
      0.1820
      0.1953
      0.2168
      0.2201
      0.1905
      0.1360
      0.0788
      0.0371
      0.0145
      0.0054
      0.0032
      0.3901
      0.4107
      0.4459
      0.4443
      0.3832
      0.2872
      0.2000
      0.1488
      0.1359
      0.1500
      0.1727
      0.1825
      0.1650
      0.1236
      0.0756
      0.0378
      0.0157
      0.0062
      0.0038
      0.4291
      0.4270
      0.4098
      0.3605
      0.2806
      0.1944
      0.1284
      0.0939
      0.0875
      0.1001
      0.1203
      0.1338
      0.1285
      0.1032
      0.0686
      0.0381
      0.0187
      0.0095
      0.0070
      0.6481
      0.6050
      0.4929
      0.3523
      0.2240
      0.1320
      0.0800
      0.0586
      0.0560
      0.0639
      0.0773
      0.0894
      0.0923
      0.0823
      0.0635
      0.0446
      0.0315
      0.0250
      0.0232
      1.3104
      1.1847
      0.8773
      0.5360
      0.2766
      0.1298
      0.0675
      0.0484
      0.0449
      0.0462
      0.0514
      0.0602
      0.0697
      0.0760
      0.0787
      0.0802
      0.0827
      0.0857
      0.0871
      2.6442
      2.3717
      1.7119
      0.9969
      0.4747
      0.1966
      0.0873
      0.0556
      0.0464
      0.0413
      0.0410
      0.0507
      0.0727
      0.1059
      0.1475
      0.1936
      0.2379
      0.2711
      0.2835
      4.5269
      4.0542
      2.9123
      1.6801
      0.7858
      0.3128
      0.1268
      0.0706
      0.0527
      0.0428
      0.0422
      0.0614
      0.1104
      0.1947
      0.3130
      0.4549
      0.5979
      0.7074
      0.7489
      6.2879
      5.6301
      4.0418
      2.3296
      1.0889
      0.4335
      0.1751
      0.0952
      0.0683
      0.0540
      0.0557
      0.0921
      0.1849
      0.3515
      0.5978
      0.9082
      1.2339
      1.4907
      1.5895
      7.0192
      6.2859
      4.5165
      2.6127
      1.2393
      0.5206
      0.2416
      0.1542
      0.1175
      0.0911
      0.0873
      0.1382
      0.2805
      0.5471
      0.9554
      1.4882
      2.0642
      2.5285
      2.7090
      6.2879
      5.6356
      4.0654
      2.3874
      1.1958
      0.5935
      0.3726
      0.2970
      0.2393
      0.1770
      0.1432
      0.1877
      0.3607
      0.7065
      1.2533
      1.9848
      2.7927
      3.4537
      3.7128
      4.5269
      4.0708
      2.9828
      1.8476
      1.0845
      0.7424
      0.6362
      0.5712
      0.4603
      0.3215
      0.2207
      0.2245
      0.3860
      0.7485
      1.3415
      2.1503
      3.0567
      3.8057
      4.1008
      2.6442
      2.4099
      1.8714
      1.3644
      1.1037
      1.0599
      1.0621
      0.9680
      0.7545
      0.4978
      0.3004
      0.2357
      0.3431
      0.6485
      1.1713
      1.8972
      2.7192
      3.4031
      3.6734
      1.3104
      1.2554
      1.1675
      1.1856
      1.3458
      1.5302
      1.5694
      1.3820
      1.0256
      0.6395
      0.3497
      0.2180
      0.2558
      0.4630
      0.8446
      1.3881
      2.0120
      2.5349
      2.7423
      0.6481
      0.7102
      0.9188
      1.2827
      1.7032
      1.9856
      1.9688
      1.6447
      1.1537
      0.6791
      0.3431
      0.1779
      0.1648
      0.2844
      0.5355
      0.9137
      1.3631
      1.7473
      1.9009
      0.4291
      0.5532
      0.9156
      1.4437
      1.9521
      2.2068
      2.0797
      1.6388
      1.0827
      0.6006
      0.2833
      0.1288
      0.1000
      0.1758
      0.3657
      0.6827
      1.0855
      1.4433
      1.5887
      0.3901
      0.5355
      0.9419
      1.4901
      1.9566
      2.1139
      1.8871
      1.4013
      0.8707
      0.4547
      0.2017
      0.0855
      0.0679
      0.1427
      0.3444
      0.7094
      1.1984
      1.6451
      1.8290
      0.3880
      0.5322
      0.9240
      1.4234
      1.8033
      1.8666
      1.5867
      1.1161
      0.6550
      0.3232
      0.1362
      0.0577
      0.0580
      0.1505
      0.3949
      0.8490
      1.4684
      2.0397
      2.2758
      0.3872
      0.5278
      0.9055
      1.3752
      1.7134
      1.7392
      1.4455
      0.9912
      0.5658
      0.2715
      0.1118
      0.0483
      0.0567
      0.1588
      0.4251
      0.9220
      1.6021
      2.2306
      2.4906
