      0.0378
      0.0497
      0.0743
      0.0871
      0.0749
      0.0492
      0.0300
      0.0261
      0.0397
      0.0729
      0.1136
      0.1321
      0.1103
      0.0655
      0.0275
      0.0082
      0.0017
      0.0003
      0.0001
      0.0400
      0.0513
      0.0735
      0.0831
      0.0691
      0.0440
      0.0260
      0.0222
      0.0342
      0.0644
      0.1036
      0.1250
      0.1092
      0.0685
      0.0308
      0.0099
      0.0023
      0.0004
      0.0001
      0.0426
      0.0512
      0.0664
      0.0688
      0.0530
      0.0312
      0.0171
      0.0140
      0.0229
      0.0472
      0.0844
      0.1153
      0.1164
      0.0861
      0.0464
      0.0182
      0.0052
      0.0011
      0.0003
      0.0489
      0.0517
      0.0544
      0.0481
      0.0327
      0.0175
      0.0091
      0.0081
      0.0154
      0.0377
      0.0824
      0.1388
      0.1726
      0.1561
      0.1019
      0.0477
      0.0159
      0.0039
      0.0013
      0.1242
      0.1098
      0.0768
      0.0438
      0.0211
      0.0097
      0.0066
      0.0086
      0.0171
      0.0456
      0.1162
      0.2287
      0.3263
      0.3326
      0.2412
      0.1242
      0.0455
      0.0124
      0.0049
      0.5096
      0.4305
      0.2600
      0.1132
      0.0371
      0.0128
      0.0108
      0.0154
      0.0257
      0.0625
      0.1669
      0.3544
      0.5439
      0.5935
      0.4596
      0.2534
      0.1015
      0.0335
      0.0174
      1.6993
      1.4297
      0.8511
      0.3586
      0.1094
      0.0311
      0.0204
      0.0248
      0.0332
      0.0690
      0.1862
      0.4168
      0.6776
      0.7843
      0.6477
      0.3886
      0.1836
      0.0902
      0.0687
      4.0451
      3.4022
      2.0231
      0.8501
      0.2558
      0.0652
      0.0309
      0.0304
      0.0330
      0.0566
      0.1511
      0.3566
      0.6176
      0.7690
      0.6993
      0.4950
      0.3309
      0.2737
      0.2692
      6.8031
      5.7217
      3.4021
      1.4290
      0.4282
      0.1039
      0.0401
      0.0335
      0.0303
      0.0381
      0.0925
      0.2321
      0.4441
      0.6315
      0.6971
      0.6749
      0.6949
      0.7946
      0.8565
      8.0888
      6.8031
      4.0454
      1.7006
      0.5141
      0.1351
      0.0675
      0.0638
      0.0542
      0.0418
      0.0577
      0.1429
      0.3264
      0.5843
      0.8464
      1.1010
      1.4335
      1.8222
      2.0107
      6.8031
      5.7221
      3.4048
      1.4409
      0.4659
      0.1909
      0.1850
      0.2061
      0.1740
      0.1091
      0.0713
      0.1200
      0.3132
      0.6764
      1.1546
      1.6977
      2.3588
      3.0588
      3.3857
      4.0451
      3.4040
      2.0349
      0.8976
      0.3963
      0.3715
      0.5172
      0.5859
      0.4806
      0.2835
      0.1367
      0.1287
      0.3154
      0.7330
      1.3326
      2.0339
      2.8531
      3.6842
      4.0661
      1.6993
      1.4358
      0.8879
      0.4929
      0.4710
      0.7635
      1.1188
      1.2235
      0.9657
      0.5461
      0.2321
      0.1324
      0.2559
      0.6075
      1.1429
      1.7774
      2.4906
      3.1856
      3.5001
      0.5096
      0.4460
      0.3471
      0.3992
      0.7303
      1.2962
      1.8080
      1.8786
      1.4221
      0.7746
      0.3072
      0.1211
      0.1558
      0.3650
      0.7121
      1.1434
      1.6311
      2.0962
      2.3035
      0.1242
      0.1391
      0.2332
      0.5159
      1.0592
      1.7697
      2.3110
      2.2908
      1.6805
      0.8955
      0.3446
      0.1080
      0.0762
      0.1664
      0.3623
      0.6829
      1.1418
      1.6242
      1.8431
      0.0489
      0.0929
      0.2678
      0.6637
      1.3208
      2.1198
      2.7161
      2.6992
      2.0149
      1.1022
      0.4353
      0.1268
      0.0463
      0.0889
      0.2890
      0.8143
      1.7893
      2.9142
      3.4359
      0.0426
      0.0944
      0.2916
      0.7288
      1.4854
      2.5135
      3.4517
      3.6773
      2.9218
      1.6879
      0.6985
      0.2070
      0.0593
      0.1115
      0.4861
      1.6118
      3.8096
      6.3864
      7.5868
      0.0400
      0.0883
      0.2741
      0.7158
      1.5932
      2.9918
      4.4881
      5.0926
      4.2230
      2.5132
      1.0630
      0.3196
      0.0900
      0.1726
      0.7869
      2.6600
      6.3372
     10.6561
     12.6691
      0.0378
      0.0826
      0.2582
      0.6980
      1.6379
      3.2317
      5.0162
      5.8093
      4.8755
      2.9231
      1.2425
      0.3748
      0.1057
      0.2038
      0.9326
      3.1578
      7.5279
     12.6617
     15.0547
