      0.0000
      0.0000
      0.0000
      0.0000
      0.0000
      0.0000
      0.0000
      0.0000
      0.0000
      0.0000
      0.0000
      0.0000
      0.0000
      0.0000
      0.0000
      0.0000
      0.0000
      0.0000
      0.0000
      0.0000
      0.0000
      0.0000
      0.0000
      0.0000
      0.0000
      0.0000
      0.0000
      0.0000
      0.0000
      0.0000
      0.0000
      0.0000
      0.0000
      0.0000
      0.0000
      0.0000
      0.0000
      0.0000
      0.0000
      0.0000
      0.0000
      0.0000
      0.0000
      0.0000
      0.0000
      0.0000
      0.0000
      0.0000
      0.0000
      0.0000
      0.0000
      0.0000
      0.0000
      0.0000
      0.0000
      0.0000
      0.0000
      0.0000
      0.0000
      0.0000
      0.0000
      0.0000
      0.0000
      0.0000
      0.0000
      0.0000
      0.0000
      0.0000
      0.0000
      0.0000
      0.0000
      0.0000
      0.0000
      0.0000
      0.0000
      0.0000
      0.0000
      0.0000
      0.0000
      0.0000
      0.0000
      0.0000
      0.0000
      0.0000
      0.0000
      0.0000
      0.0000
      0.0000
      0.0001
      0.0001
      0.0000
      0.0000
      0.0000
      0.0000
      0.0000
      0.0007
      0.0003
      0.0000
      0.0000
      0.0000
      0.0000
      0.0000
      0.0000
      0.0000
      0.0000
      0.0000
      0.0001
      0.0006
      0.0009
      0.0003
      0.0000
      0.0000
      0.0000
      0.0000
      0.0894
      0.0447
      0.0056
      0.0002
      0.0000
      0.0000
      0.0000
      0.0000
      0.0000
      0.0000
      0.0000
      0.0002
      0.0016
      0.0028
      0.0012
      0.0001
      0.0000
      0.0000
      0.0000
      2.9003
      1.4502
      0.1808
      0.0056
      0.0000
      0.0000
      0.0000
      0.0000
      0.0000
      0.0000
      0.0000
      0.0001
      0.0010
      0.0021
      0.0011
      0.0002
      0.0001
      0.0005
      0.0010
     23.2640
     11.6320
      1.4502
      0.0447
      0.0003
      0.0000
      0.0000
      0.0000
      0.0000
      0.0000
      0.0000
      0.0000
      0.0002
      0.0004
      0.0004
      0.0004
      0.0086
      0.0686
      0.1372
     46.5279
     23.2640
      2.9003
      0.0894
      0.0007
      0.0000
      0.0000
      0.0000
      0.0000
      0.0000
      0.0000
      0.0000
      0.0000
      0.0008
      0.0039
      0.0134
      0.2789
      2.2239
      4.4474
     23.2640
     11.6320
      1.4502
      0.0447
      0.0003
      0.0000
      0.0000
      0.0001
      0.0001
      0.0000
      0.0000
      0.0000
      0.0003
      0.0065
      0.0382
      0.1233
      2.2439
     17.8387
     35.6734
      2.9003
      1.4502
      0.1808
      0.0056
      0.0001
      0.0005
      0.0039
      0.0074
      0.0035
      0.0004
      0.0000
      0.0000
      0.0005
      0.0135
      0.0926
      0.2919
      4.5130
     35.6803
     71.3467
      0.0894
      0.0447
      0.0056
      0.0002
      0.0005
      0.0116
      0.0774
      0.1298
      0.0545
      0.0057
      0.0001
      0.0000
      0.0002
      0.0070
      0.0562
      0.1782
      2.2777
     17.8432
     35.6735
      0.0007
      0.0003
      0.0001
      0.0004
      0.0054
      0.0688
      0.3814
      0.5625
      0.2084
      0.0192
      0.0004
      0.0000
      0.0000
      0.0009
      0.0085
      0.0279
      0.2883
      2.2253
      4.4475
      0.0000
      0.0000
      0.0003
      0.0072
      0.0482
      0.1563
      0.4906
      0.6110
      0.1993
      0.0162
      0.0003
      0.0000
      0.0000
      0.0000
      0.0003
      0.0011
      0.0093
      0.0700
      0.1397
      0.0000
      0.0000
      0.0015
      0.0331
      0.1769
      0.2636
      0.2257
      0.1850
      0.0553
      0.0044
      0.0001
      0.0000
      0.0000
      0.0000
      0.0000
      0.0007
      0.0213
      0.1711
      0.3422
      0.0000
      0.0000
      0.0021
      0.0382
      0.1753
      0.2262
      0.2814
      0.4756
      0.2507
      0.0334
      0.0011
      0.0000
      0.0000
      0.0000
      0.0002
      0.0213
      0.6895
      5.5308
     11.0617
      0.0000
      0.0000
      0.0007
      0.0111
      0.0491
      0.2414
      1.7269
      3.6946
      1.9875
      0.2667
      0.0089
      0.0001
      0.0000
      0.0000
      0.0013
      0.1706
      5.5308
     44.3638
     88.7276
      0.0000
      0.0000
      0.0001
      0.0017
      0.0167
      0.4021
      3.4336
      7.3876
      3.9748
      0.5334
      0.0177
      0.0001
      0.0000
      0.0000
      0.0026
      0.3411
     11.0617
     88.7276
    177.4553
