      0.0356
      0.0470
      0.0705
      0.0831
      0.0729
      0.0514
      0.0363
      0.0332
      0.0412
      0.0623
      0.0899
      0.1022
      0.0848
      0.0503
      0.0211
      0.0063
      0.0013
      0.0002
      0.0000
      0.0378
      0.0484
      0.0696
      0.0791
      0.0671
      0.0458
      0.0313
      0.0282
      0.0354
      0.0550
      0.0820
      0.0969
      0.0842
      0.0528
      0.0238
      0.0077
      0.0018
      0.0003
      0.0001
      0.0403
      0.0484
      0.0629
      0.0655
      0.0512
      0.0321
      0.0202
      0.0175
      0.0231
      0.0399
      0.0671
      0.0904
      0.0912
      0.0677
      0.0367
      0.0145
      0.0042
      0.0009
      0.0003
      0.0477
      0.0501
      0.0522
      0.0458
      0.0316
      0.0178
      0.0104
      0.0095
      0.0148
      0.0317
      0.0665
      0.1114
      0.1389
      0.1260
      0.0825
      0.0387
      0.0130
      0.0032
      0.0011
      0.1282
      0.1129
      0.0780
      0.0437
      0.0208
      0.0098
      0.0070
      0.0089
      0.0158
      0.0385
      0.0953
      0.1866
      0.2662
      0.2716
      0.1971
      0.1017
      0.0375
      0.0107
      0.0046
      0.5349
      0.4517
      0.2723
      0.1181
      0.0385
      0.0132
      0.0111
      0.0155
      0.0240
      0.0532
      0.1377
      0.2904
      0.4453
      0.4860
      0.3767
      0.2088
      0.0862
      0.0325
      0.0202
      1.7871
      1.5035
      0.8949
      0.3770
      0.1148
      0.0324
      0.0209
      0.0250
      0.0316
      0.0595
      0.1539
      0.3418
      0.5551
      0.6428
      0.5331
      0.3272
      0.1713
      0.1087
      0.0976
      4.2550
      3.5787
      2.1280
      0.8941
      0.2689
      0.0681
      0.0316
      0.0306
      0.0319
      0.0493
      0.1249
      0.2922
      0.5055
      0.6312
      0.5839
      0.4469
      0.3711
      0.3921
      0.4198
      7.1562
      6.0187
      3.5786
      1.5030
      0.4498
      0.1079
      0.0398
      0.0322
      0.0283
      0.0331
      0.0763
      0.1893
      0.3620
      0.5203
      0.6061
      0.6895
      0.9045
      1.2172
      1.3751
      8.5087
      7.1562
      4.2552
      1.7881
      0.5381
      0.1357
      0.0597
      0.0531
      0.0444
      0.0339
      0.0465
      0.1147
      0.2628
      0.4842
      0.7724
      1.2204
      1.9657
      2.8367
      3.2477
      7.1562
      6.0190
      3.5808
      1.5122
      0.4786
      0.1733
      0.1480
      0.1606
      0.1350
      0.0847
      0.0556
      0.0941
      0.2487
      0.5615
      1.0730
      1.9162
      3.2520
      4.7569
      5.4577
      4.2550
      3.5802
      2.1378
      0.9324
      0.3794
      0.3050
      0.4039
      0.4534
      0.3710
      0.2188
      0.1056
      0.0998
      0.2489
      0.6078
      1.2374
      2.2807
      3.8942
      5.6843
      6.5134
      1.7871
      1.5088
      0.9265
      0.4887
      0.4072
      0.6114
      0.8765
      0.9504
      0.7473
      0.4220
      0.1793
      0.1025
      0.2017
      0.5029
      1.0552
      1.9660
      3.3424
      4.8473
      5.5408
      0.5349
      0.4656
      0.3493
      0.3638
      0.6148
      1.0507
      1.4346
      1.4723
      1.1072
      0.6012
      0.2382
      0.0939
      0.1228
      0.3022
      0.6542
      1.2429
      2.1225
      3.0721
      3.5073
      0.1282
      0.1398
      0.2194
      0.4601
      0.9083
      1.4681
      1.8694
      1.8230
      1.3253
      0.7033
      0.2702
      0.0846
      0.0605
      0.1396
      0.3364
      0.7225
      1.3495
      2.0426
      2.3610
      0.0477
      0.0882
      0.2476
      0.5978
      1.1538
      1.7939
      2.2403
      2.1903
      1.6215
      0.8842
      0.3490
      0.1018
      0.0382
      0.0813
      0.2846
      0.8382
      1.8820
      3.0922
      3.6545
      0.0403
      0.0886
      0.2694
      0.6575
      1.2994
      2.1337
      2.8672
      3.0180
      2.3850
      1.3752
      0.5690
      0.1689
      0.0512
      0.1111
      0.4950
      1.6505
      3.9097
      6.5598
      7.7945
      0.0378
      0.0825
      0.2517
      0.6389
      1.3760
      2.5166
      3.7168
      4.1860
      3.4606
      2.0572
      0.8699
      0.2620
      0.0784
      0.1744
      0.8050
      2.7232
      6.4889
     10.9122
     12.9739
      0.0356
      0.0771
      0.2359
      0.6181
      1.4034
      2.7044
      4.1452
      4.7735
      3.9971
      2.3945
      1.0176
      0.3075
      0.0922
      0.2062
      0.9544
      3.2327
      7.7069
     12.9630
     15.4130
