      0.0003
      0.0006
      0.0016
      0.0021
      0.0016
      0.0008
      0.0005
      0.0007
      0.0014
      0.0050
      0.0120
      0.0160
      0.0116
      0.0046
      0.0010
      0.0001
      0.0000
      0.0000
      0.0000
      0.0004
      0.0008
      0.0018
      0.0022
      0.0015
      0.0007
      0.0004
      0.0005
      0.0011
      0.0041
      0.0106
      0.0153
      0.0121
      0.0053
      0.0012
      0.0002
      0.0000
      0.0000
      0.0000
      0.0005
      0.0009
      0.0018
      0.0019
      0.0011
      0.0004
      0.0002
      0.0002
      0.0005
      0.0023
      0.0069
      0.0121
      0.0120
      0.0068
      0.0022
      0.0004
      0.0000
      0.0000
      0.0000
      0.0005
      0.0007
      0.0011
      0.0010
      0.0005
      0.0002
      0.0001
      0.0000
      0.0002
      0.0012
      0.0057
      0.0156
      0.0246
      0.0220
      0.0110
      0.0030
      0.0005
      0.0000
      0.0000
      0.0047
      0.0036
      0.0017
      0.0006
      0.0002
      0.0000
      0.0000
      0.0000
      0.0002
      0.0021
      0.0143
      0.0521
      0.1025
      0.1093
      0.0631
      0.0196
      0.0033
      0.0003
      0.0000
      0.0755
      0.0555
      0.0220
      0.0047
      0.0006
      0.0000
      0.0000
      0.0001
      0.0004
      0.0043
      0.0320
      0.1293
      0.2812
      0.3301
      0.2093
      0.0716
      0.0132
      0.0015
      0.0004
      0.6620
      0.4865
      0.1929
      0.0411
      0.0047
      0.0003
      0.0001
      0.0002
      0.0005
      0.0049
      0.0399
      0.1766
      0.4209
      0.5414
      0.3763
      0.1417
      0.0310
      0.0094
      0.0089
      3.1051
      2.2821
      0.9049
      0.1929
      0.0220
      0.0014
      0.0002
      0.0003
      0.0004
      0.0030
      0.0269
      0.1306
      0.3415
      0.4829
      0.3717
      0.1644
      0.0776
      0.1089
      0.1423
      7.8307
      5.7552
      2.2821
      0.4865
      0.0555
      0.0035
      0.0004
      0.0004
      0.0003
      0.0011
      0.0099
      0.0532
      0.1569
      0.2591
      0.2560
      0.2217
      0.4164
      0.9258
      1.2451
     10.6546
      7.8307
      3.1051
      0.6620
      0.0756
      0.0057
      0.0033
      0.0047
      0.0037
      0.0018
      0.0027
      0.0164
      0.0718
      0.2010
      0.3806
      0.7052
      1.8955
      4.3435
      5.8432
      7.8307
      5.7552
      2.2821
      0.4869
      0.0587
      0.0190
      0.0408
      0.0573
      0.0435
      0.0179
      0.0050
      0.0134
      0.0927
      0.3724
      0.8954
      1.8436
      4.8746
     10.9984
     14.7542
      3.1051
      2.2821
      0.9051
      0.1960
      0.0476
      0.1177
      0.2863
      0.3806
      0.2735
      0.1061
      0.0230
      0.0166
      0.1147
      0.5052
      1.3031
      2.7093
      6.8248
     15.0549
     20.1149
      0.6620
      0.4866
      0.1941
      0.0557
      0.1149
      0.4670
      1.0803
      1.3565
      0.9217
      0.3379
      0.0671
      0.0162
      0.0803
      0.3776
      1.0341
      2.1696
      5.1967
     11.1566
     14.8280
      0.0755
      0.0558
      0.0264
      0.0462
      0.2661
      1.0218
      2.2087
      2.6144
      1.6795
      0.5827
      0.1088
      0.0140
      0.0307
      0.1525
      0.4436
      0.9442
      2.1535
      4.4795
      5.9134
      0.0047
      0.0046
      0.0132
      0.0785
      0.3844
      1.2779
      2.5434
      2.8421
      1.7402
      0.5782
      0.1036
      0.0105
      0.0066
      0.0332
      0.1033
      0.2305
      0.5221
      1.0666
      1.4009
      0.0005
      0.0028
      0.0213
      0.1081
      0.4103
      1.1930
      2.3145
      2.6618
      1.7252
      0.6189
      0.1218
      0.0131
      0.0014
      0.0044
      0.0210
      0.1012
      0.4014
      0.9770
      1.3219
      0.0005
      0.0033
      0.0242
      0.1211
      0.5182
      1.8385
      4.2848
      5.7435
      4.2469
      1.7098
      0.3721
      0.0434
      0.0028
      0.0027
      0.0399
      0.3447
      1.6118
      4.0621
      5.5264
      0.0004
      0.0024
      0.0189
      0.1315
      0.8463
      3.7507
      9.5613
     13.3549
     10.1145
      4.1383
      0.9110
      0.1072
      0.0069
      0.0062
      0.0985
      0.8645
      4.0553
     10.2268
     13.9148
      0.0003
      0.0017
      0.0153
      0.1403
      1.0670
      4.9813
     12.8792
     18.0719
     13.7147
      5.6179
      1.2376
      0.1458
      0.0094
      0.0084
      0.1340
      1.1762
      5.5175
     13.9145
     18.9324
