      0.0000
      0.0001
      0.0001
      0.0002
      0.0001
      0.0001
      0.0001
      0.0001
      0.0001
      0.0001
      0.0001
      0.0001
      0.0001
      0.0000
      0.0000
      0.0000
      0.0000
      0.0000
      0.0000
      0.0000
      0.0001
      0.0002
      0.0002
      0.0001
      0.0001
      0.0001
      0.0001
      0.0001
      0.0001
      0.0001
      0.0002
      0.0003
      0.0002
      0.0001
      0.0000
      0.0000
      0.0000
      0.0000
      0.0001
      0.0001
      0.0002
      0.0002
      0.0001
      0.0000
      0.0000
      0.0000
      0.0000
      0.0001
      0.0007
      0.0022
      0.0035
      0.0031
      0.0015
      0.0004
      0.0001
      0.0000
      0.0000
      0.0006
      0.0005
      0.0003
      0.0001
      0.0000
      0.0000
      0.0000
      0.0000
      0.0001
      0.0009
      0.0055
      0.0184
      0.0333
      0.0325
      0.0171
      0.0049
      0.0007
      0.0001
      0.0000
      0.0179
      0.0132
      0.0052
      0.0011
      0.0001
      0.0000
      0.0000
      0.0000
      0.0003
      0.0034
      0.0235
      0.0866
      0.1718
      0.1841
      0.1066
      0.0332
      0.0056
      0.0005
      0.0000
      0.2959
      0.2175
      0.0863
      0.0184
      0.0021
      0.0001
      0.0001
      0.0002
      0.0007
      0.0073
      0.0543
      0.2194
      0.4772
      0.5603
      0.3554
      0.1215
      0.0223
      0.0022
      0.0003
      2.5976
      1.9091
      0.7570
      0.1614
      0.0184
      0.0012
      0.0003
      0.0004
      0.0009
      0.0083
      0.0677
      0.3000
      0.7148
      0.9192
      0.6385
      0.2394
      0.0487
      0.0064
      0.0023
     12.1848
      8.9553
      3.5510
      0.7570
      0.0863
      0.0054
      0.0006
      0.0006
      0.0007
      0.0052
      0.0456
      0.2215
      0.5783
      0.8145
      0.6198
      0.2561
      0.0644
      0.0273
      0.0289
     30.7285
     22.5841
      8.9553
      1.9091
      0.2175
      0.0133
      0.0008
      0.0004
      0.0004
      0.0018
      0.0166
      0.0883
      0.2526
      0.3899
      0.3268
      0.1619
      0.1076
      0.1860
      0.2472
     41.8099
     30.7285
     12.1848
      2.5976
      0.2960
      0.0180
      0.0008
      0.0002
      0.0001
      0.0003
      0.0032
      0.0189
      0.0596
      0.1019
      0.1020
      0.1196
      0.3508
      0.8523
      1.1569
     30.7285
     22.5841
      8.9553
      1.9091
      0.2175
      0.0133
      0.0008
      0.0005
      0.0003
      0.0002
      0.0004
      0.0023
      0.0081
      0.0177
      0.0404
      0.1958
      0.8570
      2.1454
      2.9168
     12.1848
      8.9553
      3.5510
      0.7570
      0.0865
      0.0061
      0.0023
      0.0028
      0.0020
      0.0008
      0.0002
      0.0003
      0.0014
      0.0064
      0.0378
      0.2582
      1.1643
      2.9190
      3.9686
      2.5976
      1.9091
      0.7570
      0.1616
      0.0195
      0.0050
      0.0086
      0.0105
      0.0071
      0.0026
      0.0005
      0.0001
      0.0006
      0.0040
      0.0275
      0.1905
      0.8568
      2.1462
      2.9174
      0.2959
      0.2175
      0.0865
      0.0195
      0.0066
      0.0136
      0.0272
      0.0329
      0.0224
      0.0084
      0.0017
      0.0002
      0.0002
      0.0016
      0.0113
      0.0772
      0.3454
      0.8641
      1.1743
      0.0179
      0.0132
      0.0060
      0.0058
      0.0214
      0.0760
      0.1774
      0.2387
      0.1772
      0.0715
      0.0156
      0.0018
      0.0002
      0.0005
      0.0045
      0.0344
      0.1574
      0.3951
      0.5373
      0.0006
      0.0007
      0.0024
      0.0181
      0.1215
      0.5398
      1.3744
      1.9190
      1.4534
      0.5947
      0.1309
      0.0154
      0.0010
      0.0012
      0.0183
      0.1604
      0.7517
      1.8954
      2.5788
      0.0001
      0.0004
      0.0050
      0.0620
      0.5165
      2.4550
      6.3682
      8.9419
      6.7874
      2.7805
      0.6126
      0.0722
      0.0047
      0.0053
      0.0847
      0.7435
      3.4875
      8.7950
     11.9667
      0.0000
      0.0004
      0.0093
      0.1438
      1.2764
      6.1600
     16.0364
     22.5375
     17.1118
      7.0108
      1.5446
      0.1819
      0.0118
      0.0133
      0.2136
      1.8747
      8.7938
     22.1769
     30.1743
      0.0000
      0.0005
      0.0118
      0.1926
      1.7308
      8.3751
     21.8155
     30.6635
     23.2823
      9.5389
      2.1016
      0.2476
      0.0160
      0.0181
      0.2906
      2.5507
     11.9650
     30.1743
     41.0559
