      0.0000
      0.0000
      0.0000
      0.0000
      0.0000
      0.0000
      0.0000
      0.0000
      0.0000
      0.0000
      0.0000
      0.0000
      0.0000
      0.0000
      0.0000
      0.0000
      0.0000
      0.0000
      0.0000
      0.0000
      0.0000
      0.0000
      0.0000
      0.0000
      0.0000
      0.0000
      0.0000
      0.0000
      0.0000
      0.0000
      0.0000
      0.0000
      0.0000
      0.0000
      0.0000
      0.0000
      0.0000
      0.0000
      0.0000
      0.0000
      0.0000
      0.0000
      0.0000
      0.0000
      0.0000
      0.0000
      0.0000
      0.0000
      0.0000
      0.0000
      0.0000
      0.0000
      0.0000
      0.0000
      0.0000
      0.0000
      0.0000
      0.0000
      0.0000
      0.0000
      0.0000
      0.0000
      0.0000
      0.0000
      0.0000
      0.0000
      0.0000
      0.0000
      0.0000
      0.0000
      0.0000
      0.0000
      0.0000
      0.0000
      0.0000
      0.0000
      0.0000
      0.0000
      0.0000
      0.0000
      0.0000
      0.0000
      0.0000
      0.0000
      0.0000
      0.0000
      0.0000
      0.0000
      0.0000
      0.0000
      0.0000
      0.0000
      0.0000
      0.0000
      0.0000
      0.0010
      0.0005
      0.0001
      0.0000
      0.0000
      0.0000
      0.0000
      0.0000
      0.0000
      0.0000
      0.0000
      0.0001
      0.0003
      0.0004
      0.0002
      0.0000
      0.0000
      0.0000
      0.0000
      0.1388
      0.0694
      0.0087
      0.0003
      0.0000
      0.0000
      0.0000
      0.0000
      0.0000
      0.0000
      0.0000
      0.0001
      0.0008
      0.0014
      0.0006
      0.0001
      0.0000
      0.0000
      0.0000
      4.5007
      2.2503
      0.2805
      0.0087
      0.0001
      0.0000
      0.0000
      0.0000
      0.0000
      0.0000
      0.0000
      0.0001
      0.0005
      0.0010
      0.0006
      0.0001
      0.0001
      0.0005
      0.0009
     36.1006
     18.0503
      2.2503
      0.0694
      0.0005
      0.0000
      0.0000
      0.0000
      0.0000
      0.0000
      0.0000
      0.0000
      0.0001
      0.0003
      0.0004
      0.0006
      0.0077
      0.0607
      0.1213
     72.2012
     36.1006
      4.5007
      0.1388
      0.0010
      0.0000
      0.0000
      0.0000
      0.0000
      0.0000
      0.0000
      0.0000
      0.0001
      0.0023
      0.0112
      0.0215
      0.2498
      1.9676
      3.9342
     36.1006
     18.0503
      2.2503
      0.0694
      0.0005
      0.0000
      0.0001
      0.0003
      0.0002
      0.0000
      0.0000
      0.0000
      0.0008
      0.0188
      0.1094
      0.2188
      2.0249
     15.7840
     31.5571
      4.5007
      2.2503
      0.2805
      0.0087
      0.0001
      0.0015
      0.0113
      0.0215
      0.0102
      0.0012
      0.0000
      0.0000
      0.0014
      0.0391
      0.2658
      0.5691
      4.1236
     31.5769
     63.1145
      0.1388
      0.0694
      0.0087
      0.0003
      0.0013
      0.0334
      0.2238
      0.3755
      0.1576
      0.0165
      0.0004
      0.0000
      0.0006
      0.0204
      0.1614
      0.3777
      2.1232
     15.7975
     31.5578
      0.0010
      0.0005
      0.0001
      0.0006
      0.0112
      0.1910
      1.0999
      1.6270
      0.6029
      0.0556
      0.0013
      0.0000
      0.0001
      0.0027
      0.0245
      0.0636
      0.2774
      1.9717
      3.9345
      0.0000
      0.0000
      0.0004
      0.0092
      0.0683
      0.3426
      1.3771
      1.7634
      0.5764
      0.0470
      0.0009
      0.0000
      0.0000
      0.0001
      0.0009
      0.0027
      0.0093
      0.0613
      0.1221
      0.0000
      0.0000
      0.0020
      0.0422
      0.2285
      0.3855
      0.5127
      0.4910
      0.1416
      0.0104
      0.0002
      0.0000
      0.0000
      0.0000
      0.0000
      0.0002
      0.0065
      0.0519
      0.1038
      0.0000
      0.0000
      0.0027
      0.0488
      0.2235
      0.2737
      0.2094
      0.2649
      0.1308
      0.0170
      0.0006
      0.0000
      0.0000
      0.0000
      0.0000
      0.0064
      0.2080
      1.6687
      3.3375
      0.0000
      0.0000
      0.0009
      0.0142
      0.0582
      0.1528
      0.8629
      1.8285
      0.9832
      0.1319
      0.0044
      0.0000
      0.0000
      0.0000
      0.0004
      0.0515
      1.6687
     13.3853
     26.7706
      0.0000
      0.0000
      0.0002
      0.0021
      0.0125
      0.2024
      1.6992
      3.6544
      1.9662
      0.2638
      0.0088
      0.0001
      0.0000
      0.0000
      0.0008
      0.1029
      3.3375
     26.7706
     53.5412
