      0.0012
      0.0029
      0.0072
      0.0098
      0.0072
      0.0030
      0.0010
      0.0007
      0.0012
      0.0035
      0.0084
      0.0113
      0.0082
      0.0032
      0.0007
      0.0001
      0.0000
      0.0000
      0.0000
      0.0017
      0.0038
      0.0083
      0.0103
      0.0070
      0.0027
      0.0008
      0.0005
      0.0009
      0.0029
      0.0074
      0.0108
      0.0085
      0.0037
      0.0009
      0.0001
      0.0000
      0.0000
      0.0000
      0.0023
      0.0043
      0.0083
      0.0088
      0.0052
      0.0017
      0.0004
      0.0002
      0.0004
      0.0016
      0.0049
      0.0086
      0.0085
      0.0048
      0.0016
      0.0003
      0.0000
      0.0000
      0.0000
      0.0022
      0.0033
      0.0050
      0.0046
      0.0023
      0.0007
      0.0001
      0.0001
      0.0001
      0.0009
      0.0040
      0.0110
      0.0173
      0.0155
      0.0077
      0.0021
      0.0003
      0.0000
      0.0000
      0.0151
      0.0117
      0.0058
      0.0022
      0.0007
      0.0001
      0.0000
      0.0000
      0.0001
      0.0015
      0.0101
      0.0367
      0.0721
      0.0769
      0.0444
      0.0138
      0.0023
      0.0002
      0.0000
      0.2384
      0.1753
      0.0697
      0.0150
      0.0018
      0.0001
      0.0000
      0.0000
      0.0002
      0.0030
      0.0225
      0.0910
      0.1978
      0.2322
      0.1472
      0.0504
      0.0093
      0.0011
      0.0004
      2.0913
      1.5370
      0.6095
      0.1299
      0.0148
      0.0009
      0.0000
      0.0000
      0.0002
      0.0034
      0.0280
      0.1242
      0.2961
      0.3809
      0.2648
      0.1000
      0.0228
      0.0087
      0.0091
      9.8097
      7.2097
      2.8589
      0.6095
      0.0694
      0.0042
      0.0001
      0.0000
      0.0001
      0.0021
      0.0189
      0.0919
      0.2402
      0.3398
      0.2623
      0.1198
      0.0696
      0.1112
      0.1462
     24.7388
     18.1820
      7.2097
      1.5370
      0.1751
      0.0106
      0.0004
      0.0001
      0.0002
      0.0007
      0.0069
      0.0374
      0.1105
      0.1829
      0.1853
      0.1871
      0.4179
      0.9505
      1.2781
     33.6602
     24.7388
      9.8097
      2.0913
      0.2384
      0.0152
      0.0026
      0.0032
      0.0026
      0.0013
      0.0019
      0.0115
      0.0506
      0.1432
      0.2864
      0.6279
      1.9016
      4.4463
      5.9892
     24.7388
     18.1820
      7.2097
      1.5372
      0.1774
      0.0217
      0.0291
      0.0404
      0.0307
      0.0126
      0.0035
      0.0094
      0.0654
      0.2652
      0.6699
      1.6103
      4.8346
     11.2228
     15.1018
      9.8097
      7.2097
      2.8591
      0.6121
      0.0887
      0.0880
      0.2031
      0.2686
      0.1927
      0.0747
      0.0162
      0.0117
      0.0809
      0.3589
      0.9666
      2.3185
      6.6913
     15.3138
     20.5609
      2.0913
      1.5372
      0.6115
      0.1459
      0.1071
      0.3499
      0.7758
      0.9612
      0.6502
      0.2381
      0.0473
      0.0114
      0.0566
      0.2680
      0.7626
      1.8241
      5.0352
     11.3097
     15.1342
      0.2384
      0.1764
      0.0813
      0.0833
      0.2828
      0.8415
      1.6403
      1.8728
      1.1889
      0.4109
      0.0766
      0.0099
      0.0216
      0.1082
      0.3256
      0.7808
      2.0580
      4.5170
      6.0169
      0.0151
      0.0159
      0.0470
      0.1999
      0.5938
      1.2911
      2.0467
      2.0912
      1.2422
      0.4088
      0.0730
      0.0074
      0.0047
      0.0235
      0.0749
      0.1811
      0.4559
      0.9735
      1.2889
      0.0022
      0.0123
      0.0881
      0.3606
      0.8859
      1.5163
      2.0430
      2.0098
      1.2382
      0.4378
      0.0858
      0.0092
      0.0010
      0.0027
      0.0093
      0.0232
      0.0569
      0.1188
      0.1564
      0.0023
      0.0146
      0.1006
      0.3896
      0.9616
      1.9258
      3.3760
      4.1518
      3.0059
      1.2043
      0.2618
      0.0306
      0.0019
      0.0002
      0.0009
      0.0041
      0.0155
      0.0371
      0.0501
      0.0017
      0.0103
      0.0677
      0.2766
      0.9309
      2.9690
      6.9016
      9.4444
      7.1223
      2.9115
      0.6408
      0.0754
      0.0047
      0.0002
      0.0008
      0.0065
      0.0303
      0.0764
      0.1040
      0.0012
      0.0070
      0.0449
      0.2074
      0.9370
      3.6765
      9.1455
     12.7349
      9.6502
      3.9518
      0.8705
      0.1025
      0.0064
      0.0003
      0.0010
      0.0088
      0.0411
      0.1037
      0.1411
