      0.0861
      0.1151
      0.1746
      0.2053
      0.1752
      0.1111
      0.0589
      0.0333
      0.0238
      0.0213
      0.0225
      0.0227
      0.0183
      0.0108
      0.0045
      0.0014
      0.0003
      0.0001
      0.0000
      0.0918
      0.1188
      0.1722
      0.1952
      0.1613
      0.0994
      0.0512
      0.0283
      0.0203
      0.0187
      0.0207
      0.0221
      0.0188
      0.0119
      0.0054
      0.0018
      0.0004
      0.0001
      0.0000
      0.0989
      0.1192
      0.1550
      0.1607
      0.1228
      0.0702
      0.0335
      0.0175
      0.0128
      0.0134
      0.0177
      0.0225
      0.0229
      0.0174
      0.0097
      0.0039
      0.0012
      0.0003
      0.0001
      0.1203
      0.1255
      0.1293
      0.1122
      0.0753
      0.0386
      0.0167
      0.0083
      0.0069
      0.0102
      0.0189
      0.0313
      0.0394
      0.0362
      0.0240
      0.0114
      0.0039
      0.0010
      0.0004
      0.3409
      0.2988
      0.2036
      0.1113
      0.0503
      0.0194
      0.0074
      0.0044
      0.0054
      0.0117
      0.0281
      0.0550
      0.0787
      0.0805
      0.0588
      0.0307
      0.0119
      0.0040
      0.0023
      1.4446
      1.2192
      0.7336
      0.3160
      0.0987
      0.0239
      0.0068
      0.0051
      0.0072
      0.0158
      0.0408
      0.0861
      0.1323
      0.1450
      0.1140
      0.0662
      0.0319
      0.0178
      0.0148
      4.8367
      4.0688
      2.4210
      1.0174
      0.3020
      0.0652
      0.0142
      0.0081
      0.0093
      0.0175
      0.0455
      0.1013
      0.1653
      0.1944
      0.1690
      0.1201
      0.0894
      0.0850
      0.0876
     11.5190
      9.6880
      5.7600
      2.4165
      0.7142
      0.1511
      0.0280
      0.0107
      0.0093
      0.0144
      0.0369
      0.0866
      0.1521
      0.1990
      0.2117
      0.2237
      0.2771
      0.3578
      0.3980
     19.3737
     16.2940
      9.6871
      4.0634
      1.2002
      0.2519
      0.0429
      0.0120
      0.0080
      0.0094
      0.0222
      0.0558
      0.1110
      0.1799
      0.2773
      0.4637
      0.7839
      1.1414
      1.3046
     23.0354
     19.3736
     11.5181
      4.8320
      1.4283
      0.3016
      0.0537
      0.0168
      0.0108
      0.0082
      0.0124
      0.0322
      0.0802
      0.1816
      0.4079
      0.8956
      1.7210
      2.6280
      3.0398
     19.3737
     16.2944
      9.6890
      4.0695
      1.2137
      0.2749
      0.0732
      0.0429
      0.0313
      0.0188
      0.0127
      0.0236
      0.0711
      0.2058
      0.5578
      1.3642
      2.7616
      4.3148
      5.0235
     11.5190
      9.6903
      5.7716
      2.4502
      0.7831
      0.2571
      0.1543
      0.1276
      0.0911
      0.0500
      0.0234
      0.0230
      0.0661
      0.2083
      0.6021
      1.5349
      3.1843
      5.0393
      5.8902
      4.8367
      4.0783
      2.4689
      1.1485
      0.5501
      0.4115
      0.3833
      0.3142
      0.2049
      0.1031
      0.0410
      0.0229
      0.0510
      0.1627
      0.4818
      1.2505
      2.6271
      4.1879
      4.9066
      1.4446
      1.2474
      0.8727
      0.6817
      0.7497
      0.8611
      0.8142
      0.6056
      0.3549
      0.1627
      0.0581
      0.0214
      0.0302
      0.0937
      0.2821
      0.7407
      1.5676
      2.5096
      2.9445
      0.3409
      0.3577
      0.4898
      0.8407
      1.2917
      1.5242
      1.3574
      0.9315
      0.5043
      0.2168
      0.0731
      0.0210
      0.0149
      0.0420
      0.1326
      0.3610
      0.7789
      1.2581
      1.4798
      0.1203
      0.2120
      0.5448
      1.1503
      1.7936
      2.0583
      1.7817
      1.2073
      0.6615
      0.2945
      0.1037
      0.0285
      0.0102
      0.0238
      0.0920
      0.2856
      0.6565
      1.0886
      1.2895
      0.0989
      0.2093
      0.5866
      1.2301
      1.8818
      2.1570
      1.9382
      1.4327
      0.8863
      0.4452
      0.1724
      0.0497
      0.0148
      0.0322
      0.1452
      0.4864
      1.1546
      1.9387
      2.3040
      0.0918
      0.1913
      0.5203
      1.0630
      1.6190
      1.9309
      1.9170
      1.6319
      1.1540
      0.6371
      0.2610
      0.0776
      0.0230
      0.0506
      0.2333
      0.7897
      1.8821
      3.1653
      3.7634
      0.0861
      0.1760
      0.4686
      0.9453
      1.4459
      1.7840
      1.8878
      1.7236
      1.2837
      0.7304
      0.3039
      0.0911
      0.0271
      0.0598
      0.2764
      0.9363
      2.2322
      3.7546
      4.4643
