      0.0013
      0.0030
      0.0074
      0.0101
      0.0074
      0.0031
      0.0010
      0.0006
      0.0013
      0.0044
      0.0107
      0.0144
      0.0104
      0.0041
      0.0009
      0.0001
      0.0000
      0.0000
      0.0000
      0.0018
      0.0039
      0.0086
      0.0106
      0.0072
      0.0027
      0.0008
      0.0005
      0.0010
      0.0037
      0.0095
      0.0137
      0.0108
      0.0047
      0.0011
      0.0001
      0.0000
      0.0000
      0.0000
      0.0023
      0.0045
      0.0085
      0.0091
      0.0053
      0.0017
      0.0004
      0.0002
      0.0005
      0.0020
      0.0061
      0.0104
      0.0100
      0.0054
      0.0017
      0.0003
      0.0000
      0.0000
      0.0000
      0.0018
      0.0031
      0.0050
      0.0047
      0.0024
      0.0007
      0.0001
      0.0000
      0.0001
      0.0009
      0.0039
      0.0099
      0.0146
      0.0125
      0.0060
      0.0016
      0.0002
      0.0000
      0.0000
      0.0023
      0.0023
      0.0021
      0.0014
      0.0006
      0.0001
      0.0000
      0.0000
      0.0001
      0.0012
      0.0076
      0.0274
      0.0536
      0.0569
      0.0327
      0.0102
      0.0017
      0.0002
      0.0000
      0.0262
      0.0194
      0.0079
      0.0018
      0.0003
      0.0000
      0.0001
      0.0001
      0.0003
      0.0023
      0.0166
      0.0669
      0.1455
      0.1708
      0.1083
      0.0370
      0.0069
      0.0008
      0.0003
      0.2286
      0.1680
      0.0666
      0.0142
      0.0016
      0.0002
      0.0002
      0.0003
      0.0005
      0.0026
      0.0207
      0.0914
      0.2177
      0.2801
      0.1949
      0.0738
      0.0172
      0.0071
      0.0076
      1.0720
      0.7879
      0.3124
      0.0666
      0.0076
      0.0006
      0.0003
      0.0005
      0.0004
      0.0017
      0.0139
      0.0676
      0.1770
      0.2511
      0.1954
      0.0916
      0.0572
      0.0934
      0.1227
      2.7036
      1.9870
      0.7879
      0.1680
      0.0192
      0.0013
      0.0004
      0.0005
      0.0004
      0.0007
      0.0052
      0.0280
      0.0844
      0.1458
      0.1591
      0.1696
      0.3604
      0.8006
      1.0726
      3.6785
      2.7036
      1.0720
      0.2286
      0.0263
      0.0027
      0.0030
      0.0043
      0.0034
      0.0016
      0.0017
      0.0105
      0.0512
      0.1588
      0.3247
      0.6241
      1.6554
      3.7476
      5.0263
      2.7036
      1.9870
      0.7879
      0.1683
      0.0221
      0.0153
      0.0367
      0.0515
      0.0391
      0.0161
      0.0044
      0.0115
      0.0817
      0.3320
      0.8029
      1.6374
      4.2386
      9.4707
     12.6774
      1.0720
      0.7879
      0.3127
      0.0698
      0.0318
      0.1068
      0.2585
      0.3423
      0.2457
      0.0952
      0.0207
      0.0148
      0.1029
      0.4535
      1.1680
      2.3966
      5.9185
     12.9477
     17.2701
      0.2286
      0.1682
      0.0688
      0.0330
      0.1151
      0.4392
      0.9849
      1.2239
      0.8287
      0.3035
      0.0603
      0.0145
      0.0721
      0.3389
      0.9256
      1.9162
      4.5025
      9.5889
     12.7247
      0.0262
      0.0205
      0.0202
      0.0776
      0.3315
      1.0371
      2.0652
      2.3761
      1.5120
      0.5229
      0.0975
      0.0126
      0.0276
      0.1368
      0.3968
      0.8344
      1.8686
      3.8550
      5.0810
      0.0023
      0.0067
      0.0452
      0.2122
      0.6616
      1.5207
      2.5018
      2.5922
      1.5423
      0.5056
      0.0898
      0.0091
      0.0059
      0.0298
      0.0933
      0.2116
      0.4904
      1.0119
      1.3315
      0.0018
      0.0124
      0.0910
      0.3754
      0.9342
      1.6229
      2.1832
      2.0977
      1.2486
      0.4251
      0.0802
      0.0083
      0.0011
      0.0044
      0.0265
      0.1583
      0.6768
      1.6753
      2.2728
      0.0023
      0.0151
      0.1035
      0.3970
      0.9422
      1.7286
      2.7797
      3.2642
      2.3106
      0.9137
      0.1969
      0.0228
      0.0016
      0.0046
      0.0721
      0.6276
      2.9395
      7.4107
     10.0826
      0.0018
      0.0106
      0.0689
      0.2685
      0.8069
      2.3153
      5.1655
      6.9900
      5.2540
      2.1450
      0.4718
      0.0555
      0.0038
      0.0110
      0.1799
      1.5786
      7.4048
     18.6739
     25.4081
      0.0013
      0.0071
      0.0450
      0.1907
      0.7552
      2.7669
      6.7601
      9.3767
      7.0992
      2.9064
      0.6402
      0.0754
      0.0052
      0.0149
      0.2447
      2.1478
     10.0750
     25.4079
     34.5705
