      0.2874
      0.3130
      0.3637
      0.3853
      0.3465
      0.2644
      0.1857
      0.1501
      0.1709
      0.2337
      0.3008
      0.3276
      0.2920
      0.2107
      0.1225
      0.0576
      0.0223
      0.0080
      0.0046
      0.2885
      0.3108
      0.3532
      0.3666
      0.3242
      0.2439
      0.1695
      0.1365
      0.1571
      0.2186
      0.2870
      0.3199
      0.2929
      0.2180
      0.1315
      0.0644
      0.0260
      0.0096
      0.0054
      0.2973
      0.3094
      0.3280
      0.3186
      0.2671
      0.1925
      0.1298
      0.1046
      0.1256
      0.1853
      0.2592
      0.3098
      0.3068
      0.2490
      0.1651
      0.0893
      0.0398
      0.0157
      0.0090
      0.3614
      0.3541
      0.3275
      0.2758
      0.2053
      0.1356
      0.0874
      0.0728
      0.0965
      0.1581
      0.2451
      0.3256
      0.3592
      0.3249
      0.2397
      0.1440
      0.0710
      0.0309
      0.0188
      0.6372
      0.5884
      0.4645
      0.3162
      0.1889
      0.1041
      0.0620
      0.0556
      0.0835
      0.1515
      0.2595
      0.3806
      0.4615
      0.4564
      0.3666
      0.2398
      0.1298
      0.0636
      0.0427
      1.4036
      1.2652
      0.9277
      0.5564
      0.2781
      0.1244
      0.0634
      0.0556
      0.0843
      0.1579
      0.2865
      0.4493
      0.5824
      0.6152
      0.5293
      0.3746
      0.2255
      0.1294
      0.0978
      2.9028
      2.6021
      1.8745
      1.0872
      0.5132
      0.2085
      0.0911
      0.0663
      0.0879
      0.1577
      0.2929
      0.4817
      0.6599
      0.7416
      0.6872
      0.5368
      0.3732
      0.2600
      0.2213
      4.9970
      4.4748
      3.2131
      1.8518
      0.8637
      0.3411
      0.1369
      0.0825
      0.0889
      0.1427
      0.2633
      0.4518
      0.6587
      0.8002
      0.8197
      0.7325
      0.6072
      0.5104
      0.4756
      6.9488
      6.2217
      4.4660
      2.5734
      1.2021
      0.4785
      0.1950
      0.1130
      0.1009
      0.1293
      0.2183
      0.3853
      0.6076
      0.8199
      0.9554
      0.9938
      0.9683
      0.9304
      0.9142
      7.7583
      6.9476
      4.9914
      2.8874
      1.3715
      0.5825
      0.2814
      0.1923
      0.1613
      0.1537
      0.1979
      0.3319
      0.5633
      0.8512
      1.1233
      1.3215
      1.4341
      1.4843
      1.4979
      6.9488
      6.2269
      4.4896
      2.6350
      1.3241
      0.6731
      0.4482
      0.3793
      0.3201
      0.2528
      0.2303
      0.3163
      0.5436
      0.8889
      1.2757
      1.6154
      1.8559
      1.9914
      2.0345
      4.9970
      4.4898
      3.2798
      2.0201
      1.1855
      0.8371
      0.7615
      0.7217
      0.6053
      0.4375
      0.3136
      0.3245
      0.5147
      0.8659
      1.2986
      1.7083
      2.0189
      2.2039
      2.2645
      2.9028
      2.6349
      2.0174
      1.4357
      1.1531
      1.1544
      1.2364
      1.1989
      0.9816
      0.6725
      0.4180
      0.3281
      0.4419
      0.7336
      1.1249
      1.5142
      1.8213
      2.0099
      2.0728
      1.4036
      1.3239
      1.1774
      1.1474
      1.3227
      1.6075
      1.7908
      1.7070
      1.3562
      0.8934
      0.5081
      0.3148
      0.3337
      0.5249
      0.8177
      1.1301
      1.3929
      1.5642
      1.6234
      0.6372
      0.6742
      0.8248
      1.1497
      1.6210
      2.0761
      2.2927
      2.1359
      1.6592
      1.0678
      0.5776
      0.2992
      0.2326
      0.3268
      0.5242
      0.7711
      1.0133
      1.1937
      1.2611
      0.3614
      0.4580
      0.7611
      1.2694
      1.8924
      2.4327
      2.6644
      2.4671
      1.9144
      1.2339
      0.6600
      0.3095
      0.1764
      0.2066
      0.3590
      0.6075
      0.9055
      1.1602
      1.2620
      0.2973
      0.4166
      0.7764
      1.3517
      2.0367
      2.6343
      2.9191
      2.7528
      2.1848
      1.4417
      0.7842
      0.3585
      0.1709
      0.1718
      0.3350
      0.6564
      1.0862
      1.4762
      1.6362
      0.2885
      0.4114
      0.7786
      1.3627
      2.0690
      2.7191
      3.0854
      2.9915
      2.4415
      1.6524
      0.9172
      0.4215
      0.1913
      0.1832
      0.3812
      0.7954
      1.3667
      1.8939
      2.1116
      0.2874
      0.4094
      0.7736
      1.3545
      2.0661
      2.7403
      3.1475
      3.0913
      2.5531
      1.7454
      0.9765
      0.4506
      0.2034
      0.1938
      0.4096
      0.8655
      1.4983
      2.0838
      2.3259
