      0.0215
      0.0274
      0.0398
      0.0469
      0.0433
      0.0363
      0.0341
      0.0369
      0.0436
      0.0585
      0.0793
      0.0886
      0.0736
      0.0440
      0.0187
      0.0057
      0.0012
      0.0002
      0.0000
      0.0224
      0.0280
      0.0392
      0.0446
      0.0398
      0.0321
      0.0292
      0.0313
      0.0375
      0.0522
      0.0742
      0.0874
      0.0774
      0.0501
      0.0235
      0.0080
      0.0020
      0.0004
      0.0001
      0.0228
      0.0272
      0.0351
      0.0368
      0.0302
      0.0221
      0.0185
      0.0194
      0.0252
      0.0412
      0.0702
      0.0996
      0.1074
      0.0855
      0.0497
      0.0210
      0.0064
      0.0014
      0.0004
      0.0226
      0.0246
      0.0271
      0.0250
      0.0183
      0.0120
      0.0094
      0.0106
      0.0180
      0.0422
      0.0961
      0.1718
      0.2254
      0.2131
      0.1441
      0.0694
      0.0237
      0.0059
      0.0020
      0.0416
      0.0379
      0.0287
      0.0183
      0.0103
      0.0064
      0.0064
      0.0098
      0.0217
      0.0635
      0.1699
      0.3429
      0.4970
      0.5122
      0.3745
      0.1940
      0.0715
      0.0198
      0.0080
      0.1527
      0.1295
      0.0792
      0.0356
      0.0132
      0.0074
      0.0100
      0.0162
      0.0322
      0.0919
      0.2593
      0.5577
      0.8594
      0.9393
      0.7277
      0.4011
      0.1614
      0.0554
      0.0308
      0.5026
      0.4230
      0.2521
      0.1070
      0.0349
      0.0155
      0.0179
      0.0251
      0.0395
      0.1010
      0.2920
      0.6612
      1.0754
      1.2416
      1.0206
      0.6099
      0.2938
      0.1592
      0.1318
      1.1947
      1.0049
      0.5978
      0.2522
      0.0793
      0.0284
      0.0250
      0.0296
      0.0371
      0.0806
      0.2354
      0.5609
      0.9654
      1.1866
      1.0600
      0.7470
      0.5381
      0.5154
      0.5404
      2.0090
      1.6897
      1.0050
      0.4234
      0.1311
      0.0412
      0.0287
      0.0297
      0.0298
      0.0492
      0.1380
      0.3472
      0.6441
      0.8752
      0.9296
      0.9399
      1.1521
      1.5420
      1.7491
      2.3887
      2.0091
      1.1951
      0.5043
      0.1583
      0.0545
      0.0433
      0.0459
      0.0402
      0.0370
      0.0687
      0.1758
      0.3734
      0.6239
      0.9185
      1.4305
      2.3918
      3.5648
      4.1244
      2.0090
      1.6899
      1.0066
      0.4307
      0.1541
      0.0945
      0.1179
      0.1359
      0.1154
      0.0743
      0.0556
      0.1033
      0.2605
      0.5669
      1.1064
      2.1349
      3.9131
      5.9701
      6.9327
      1.1947
      1.0059
      0.6048
      0.2813
      0.1668
      0.2212
      0.3332
      0.3823
      0.3151
      0.1869
      0.0919
      0.0902
      0.2257
      0.5627
      1.2269
      2.5079
      4.6683
      7.1275
      8.2717
      0.5026
      0.4264
      0.2737
      0.1882
      0.2601
      0.4812
      0.7259
      0.8029
      0.6382
      0.3629
      0.1550
      0.0889
      0.1768
      0.4573
      1.0371
      2.1490
      3.9891
      6.0604
      7.0202
      0.1527
      0.1381
      0.1291
      0.2066
      0.4457
      0.8383
      1.2058
      1.2789
      0.9826
      0.5416
      0.2167
      0.0845
      0.1078
      0.2742
      0.6407
      1.3463
      2.4993
      3.7846
      4.3777
      0.0416
      0.0541
      0.1186
      0.3055
      0.6875
      1.2387
      1.7216
      1.7924
      1.3670
      0.7526
      0.2976
      0.0927
      0.0569
      0.1278
      0.3274
      0.7555
      1.4855
      2.3065
      2.6853
      0.0226
      0.0481
      0.1559
      0.4332
      0.9866
      1.8146
      2.6079
      2.8246
      2.2449
      1.2876
      0.5278
      0.1563
      0.0481
      0.0777
      0.2736
      0.8193
      1.8546
      3.0574
      3.6164
      0.0228
      0.0540
      0.1883
      0.5599
      1.3937
      2.8058
      4.3465
      4.9852
      4.1392
      2.4578
      1.0361
      0.3100
      0.0800
      0.1103
      0.4735
      1.5799
      3.7452
      6.2857
      7.4694
      0.0224
      0.0542
      0.2016
      0.6645
      1.8369
      4.0006
      6.5152
      7.7040
      6.5212
      3.9233
      1.6697
      0.5026
      0.1280
      0.1743
      0.7695
      2.6011
      6.1983
     10.4238
     12.3933
      0.0215
      0.0527
      0.2040
      0.7078
      2.0428
      4.5713
      7.5571
      9.0093
      7.6618
      4.6229
      1.9714
      0.5942
      0.1513
      0.2062
      0.9124
      3.0873
      7.3602
     12.3798
     14.7196
