      0.0015
      0.0037
      0.0091
      0.0124
      0.0091
      0.0037
      0.0010
      0.0004
      0.0003
      0.0002
      0.0003
      0.0003
      0.0002
      0.0001
      0.0000
      0.0000
      0.0000
      0.0000
      0.0000
      0.0022
      0.0047
      0.0105
      0.0130
      0.0088
      0.0033
      0.0008
      0.0003
      0.0002
      0.0002
      0.0002
      0.0003
      0.0003
      0.0001
      0.0000
      0.0000
      0.0000
      0.0000
      0.0000
      0.0029
      0.0055
      0.0104
      0.0112
      0.0065
      0.0021
      0.0004
      0.0001
      0.0001
      0.0001
      0.0003
      0.0007
      0.0009
      0.0007
      0.0003
      0.0001
      0.0000
      0.0000
      0.0000
      0.0025
      0.0039
      0.0062
      0.0058
      0.0029
      0.0008
      0.0001
      0.0000
      0.0000
      0.0002
      0.0012
      0.0039
      0.0069
      0.0067
      0.0035
      0.0010
      0.0002
      0.0000
      0.0000
      0.0113
      0.0090
      0.0050
      0.0023
      0.0008
      0.0002
      0.0000
      0.0001
      0.0001
      0.0007
      0.0048
      0.0177
      0.0352
      0.0377
      0.0218
      0.0068
      0.0011
      0.0001
      0.0000
      0.1722
      0.1267
      0.0505
      0.0109
      0.0013
      0.0001
      0.0001
      0.0002
      0.0003
      0.0016
      0.0112
      0.0449
      0.0977
      0.1147
      0.0727
      0.0249
      0.0046
      0.0006
      0.0002
      1.5101
      1.1099
      0.4401
      0.0938
      0.0107
      0.0008
      0.0004
      0.0006
      0.0006
      0.0019
      0.0139
      0.0614
      0.1463
      0.1881
      0.1308
      0.0495
      0.0117
      0.0051
      0.0055
      7.0836
      5.2061
      2.0644
      0.4401
      0.0502
      0.0032
      0.0007
      0.0008
      0.0007
      0.0013
      0.0094
      0.0453
      0.1184
      0.1669
      0.1283
      0.0596
      0.0395
      0.0669
      0.0880
     17.8639
     13.1292
      5.2061
      1.1099
      0.1265
      0.0079
      0.0008
      0.0006
      0.0004
      0.0005
      0.0034
      0.0181
      0.0519
      0.0813
      0.0764
      0.0878
      0.2430
      0.5702
      0.7672
     24.3060
     17.8639
      7.0836
      1.5101
      0.1721
      0.0105
      0.0007
      0.0004
      0.0002
      0.0001
      0.0007
      0.0040
      0.0131
      0.0263
      0.0576
      0.2606
      1.0819
      2.6519
      3.5863
     17.8639
     13.1292
      5.2061
      1.1099
      0.1266
      0.0081
      0.0012
      0.0013
      0.0009
      0.0004
      0.0002
      0.0007
      0.0036
      0.0154
      0.0918
      0.6097
      2.6843
      6.6558
      9.0219
      7.0836
      5.2061
      2.0645
      0.4408
      0.0525
      0.0081
      0.0081
      0.0087
      0.0058
      0.0022
      0.0005
      0.0004
      0.0026
      0.0164
      0.1163
      0.8111
      3.6226
      9.0285
     12.2537
      1.5101
      1.1101
      0.4419
      0.1026
      0.0348
      0.0405
      0.0447
      0.0368
      0.0208
      0.0071
      0.0014
      0.0003
      0.0018
      0.0116
      0.0845
      0.5916
      2.6518
      6.6234
      8.9955
      0.1722
      0.1280
      0.0633
      0.0698
      0.1468
      0.2030
      0.1736
      0.1035
      0.0457
      0.0137
      0.0024
      0.0003
      0.0007
      0.0046
      0.0339
      0.2361
      1.0574
      2.6426
      3.5899
      0.0113
      0.0143
      0.0546
      0.2164
      0.4905
      0.6193
      0.4622
      0.2339
      0.0926
      0.0273
      0.0051
      0.0006
      0.0002
      0.0012
      0.0104
      0.0773
      0.3509
      0.8793
      1.1951
      0.0025
      0.0152
      0.1091
      0.4274
      0.9166
      1.1301
      0.9236
      0.6241
      0.3497
      0.1301
      0.0278
      0.0032
      0.0003
      0.0018
      0.0279
      0.2435
      1.1405
      2.8755
      3.9122
      0.0029
      0.0184
      0.1254
      0.4656
      0.9949
      1.4474
      1.8496
      2.0041
      1.4209
      0.5727
      0.1257
      0.0148
      0.0012
      0.0077
      0.1271
      1.1153
      5.2316
     13.1934
     17.9512
      0.0022
      0.0130
      0.0828
      0.3031
      0.7605
      1.7531
      3.5447
      4.6881
      3.5136
      1.4357
      0.3161
      0.0372
      0.0029
      0.0194
      0.3203
      2.8118
     13.1896
     33.2626
     45.2578
      0.0015
      0.0087
      0.0532
      0.2010
      0.6314
      1.9707
      4.5925
      6.3090
      4.7690
      1.9522
      0.4300
      0.0507
      0.0040
      0.0264
      0.4359
      3.8258
     17.9460
     45.2577
     61.5786
