      0.2228
      0.2459
      0.2950
      0.3299
      0.3289
      0.3022
      0.2705
      0.2401
      0.2057
      0.1667
      0.1299
      0.0990
      0.0718
      0.0469
      0.0261
      0.0121
      0.0048
      0.0019
      0.0012
      0.2218
      0.2421
      0.2843
      0.3117
      0.3055
      0.2769
      0.2457
      0.2177
      0.1878
      0.1548
      0.1238
      0.0975
      0.0735
      0.0499
      0.0291
      0.0142
      0.0058
      0.0023
      0.0014
      0.2167
      0.2295
      0.2538
      0.2628
      0.2456
      0.2147
      0.1871
      0.1668
      0.1484
      0.1292
      0.1118
      0.0968
      0.0806
      0.0607
      0.0392
      0.0213
      0.0099
      0.0043
      0.0028
      0.2179
      0.2198
      0.2188
      0.2041
      0.1762
      0.1479
      0.1302
      0.1226
      0.1178
      0.1122
      0.1075
      0.1044
      0.0981
      0.0830
      0.0604
      0.0373
      0.0203
      0.0114
      0.0087
      0.2806
      0.2656
      0.2260
      0.1759
      0.1327
      0.1091
      0.1060
      0.1131
      0.1184
      0.1183
      0.1186
      0.1236
      0.1272
      0.1190
      0.0968
      0.0694
      0.0477
      0.0363
      0.0330
      0.5081
      0.4621
      0.3500
      0.2290
      0.1461
      0.1158
      0.1232
      0.1407
      0.1473
      0.1416
      0.1377
      0.1460
      0.1603
      0.1646
      0.1525
      0.1338
      0.1221
      0.1203
      0.1213
      0.9895
      0.8895
      0.6493
      0.3962
      0.2275
      0.1634
      0.1656
      0.1818
      0.1795
      0.1603
      0.1469
      0.1564
      0.1841
      0.2132
      0.2376
      0.2686
      0.3154
      0.3646
      0.3862
      1.6802
      1.5068
      1.0909
      0.6522
      0.3545
      0.2266
      0.2034
      0.2050
      0.1881
      0.1556
      0.1348
      0.1469
      0.1931
      0.2673
      0.3766
      0.5392
      0.7475
      0.9373
      1.0156
      2.3298
      2.0884
      1.5090
      0.8951
      0.4706
      0.2725
      0.2141
      0.1957
      0.1668
      0.1289
      0.1075
      0.1255
      0.1962
      0.3393
      0.5951
      1.0001
      1.5152
      1.9761
      2.1643
      2.6000
      2.3308
      1.6843
      0.9976
      0.5178
      0.2843
      0.2036
      0.1721
      0.1385
      0.1017
      0.0832
      0.1074
      0.2043
      0.4299
      0.8728
      1.6010
      2.5356
      3.3721
      3.7134
      2.3298
      2.0906
      1.5170
      0.9101
      0.4884
      0.2836
      0.2102
      0.1768
      0.1400
      0.1001
      0.0776
      0.1005
      0.2141
      0.5060
      1.1113
      2.1306
      3.4519
      4.6393
      5.1244
      1.6802
      1.5143
      1.1206
      0.7144
      0.4466
      0.3283
      0.2871
      0.2527
      0.1990
      0.1372
      0.0939
      0.1011
      0.2095
      0.5188
      1.1843
      2.3239
      3.8134
      5.1575
      5.7076
      0.9895
      0.9085
      0.7257
      0.5614
      0.4858
      0.4770
      0.4684
      0.4140
      0.3152
      0.2055
      0.1235
      0.1014
      0.1817
      0.4516
      1.0530
      2.0969
      3.4710
      4.7157
      5.2260
      0.5081
      0.4990
      0.4989
      0.5513
      0.6518
      0.7368
      0.7361
      0.6301
      0.4577
      0.2820
      0.1532
      0.0981
      0.1422
      0.3482
      0.8294
      1.6789
      2.8069
      3.8333
      4.2550
      0.2806
      0.3226
      0.4543
      0.6665
      0.8949
      1.0351
      1.0130
      0.8370
      0.5844
      0.3452
      0.1760
      0.0956
      0.1162
      0.2877
      0.7145
      1.4882
      2.5297
      3.4842
      3.8776
      0.2179
      0.2902
      0.5001
      0.8044
      1.0995
      1.2572
      1.2060
      0.9770
      0.6714
      0.3915
      0.1963
      0.1023
      0.1239
      0.3286
      0.8584
      1.8411
      3.1807
      4.4163
      4.9269
      0.2167
      0.3013
      0.5406
      0.8736
      1.1817
      1.3360
      1.2751
      1.0375
      0.7229
      0.4304
      0.2213
      0.1211
      0.1640
      0.4637
      1.2419
      2.6973
      4.6913
      6.5353
      7.2981
      0.2218
      0.3074
      0.5456
      0.8697
      1.1636
      1.3115
      1.2621
      1.0482
      0.7524
      0.4636
      0.2472
      0.1433
      0.2114
      0.6148
      1.6584
      3.6136
      6.2955
      8.7773
      9.8043
      0.2228
      0.3071
      0.5406
      0.8555
      1.1400
      1.2855
      1.2451
      1.0465
      0.7629
      0.4777
      0.2587
      0.1534
      0.2324
      0.6808
      1.8389
      4.0092
      6.9867
      9.7423
     10.8827
