      0.0215
      0.0279
      0.0411
      0.0486
      0.0444
      0.0358
      0.0315
      0.0310
      0.0302
      0.0311
      0.0353
      0.0370
      0.0304
      0.0183
      0.0079
      0.0024
      0.0005
      0.0001
      0.0000
      0.0228
      0.0287
      0.0405
      0.0462
      0.0408
      0.0317
      0.0270
      0.0262
      0.0259
      0.0279
      0.0338
      0.0382
      0.0342
      0.0228
      0.0111
      0.0040
      0.0010
      0.0002
      0.0001
      0.0265
      0.0306
      0.0377
      0.0386
      0.0310
      0.0218
      0.0171
      0.0161
      0.0172
      0.0230
      0.0363
      0.0524
      0.0589
      0.0490
      0.0297
      0.0130
      0.0041
      0.0009
      0.0003
      0.0569
      0.0535
      0.0446
      0.0326
      0.0206
      0.0121
      0.0084
      0.0083
      0.0121
      0.0263
      0.0600
      0.1096
      0.1467
      0.1410
      0.0965
      0.0470
      0.0162
      0.0041
      0.0014
      0.2789
      0.2374
      0.1473
      0.0681
      0.0248
      0.0087
      0.0052
      0.0066
      0.0143
      0.0426
      0.1152
      0.2340
      0.3408
      0.3525
      0.2584
      0.1341
      0.0496
      0.0140
      0.0059
      1.3027
      1.0966
      0.6541
      0.2765
      0.0836
      0.0203
      0.0083
      0.0101
      0.0209
      0.0625
      0.1789
      0.3862
      0.5957
      0.6516
      0.5052
      0.2791
      0.1137
      0.0412
      0.0245
      4.4028
      3.7031
      2.2021
      0.9245
      0.2747
      0.0616
      0.0180
      0.0157
      0.0252
      0.0685
      0.2020
      0.4588
      0.7464
      0.8618
      0.7093
      0.4275
      0.2147
      0.1287
      0.1131
     10.4944
      8.8262
      5.2475
      2.2017
      0.6521
      0.1415
      0.0324
      0.0192
      0.0232
      0.0543
      0.1625
      0.3883
      0.6676
      0.8196
      0.7351
      0.5344
      0.4223
      0.4439
      0.4783
     17.6518
     14.8458
      8.8262
      3.7028
      1.0954
      0.2339
      0.0462
      0.0194
      0.0175
      0.0320
      0.0940
      0.2369
      0.4362
      0.5891
      0.6357
      0.6970
      0.9569
      1.3567
      1.5596
     20.9881
     17.6518
     10.4944
      4.4030
      1.3031
      0.2794
      0.0567
      0.0248
      0.0190
      0.0198
      0.0431
      0.1120
      0.2322
      0.3849
      0.6044
      1.0831
      2.0179
      3.1441
      3.6759
     17.6518
     14.8459
      8.8270
      3.7062
      1.1052
      0.2552
      0.0806
      0.0595
      0.0479
      0.0315
      0.0269
      0.0543
      0.1357
      0.3088
      0.6988
      1.6096
      3.2911
      5.2485
      6.1613
     10.4944
      8.8269
      5.2517
      2.2171
      0.6935
      0.2256
      0.1602
      0.1606
      0.1295
      0.0766
      0.0384
      0.0395
      0.1034
      0.2867
      0.7554
      1.8659
      3.8922
      6.2335
      7.3223
      4.4028
      3.7058
      2.2171
      0.9736
      0.3939
      0.2834
      0.3321
      0.3456
      0.2685
      0.1514
      0.0646
      0.0372
      0.0778
      0.2279
      0.6278
      1.5741
      3.2885
      5.2616
      6.1780
      1.3027
      1.1040
      0.6934
      0.3951
      0.3446
      0.4636
      0.5919
      0.5928
      0.4428
      0.2413
      0.0963
      0.0369
      0.0474
      0.1357
      0.3825
      0.9660
      2.0169
      3.2221
      3.7810
      0.2789
      0.2524
      0.2246
      0.2909
      0.4897
      0.7632
      0.9710
      0.9632
      0.7204
      0.3958
      0.1576
      0.0486
      0.0269
      0.0641
      0.1928
      0.5124
      1.0955
      1.7656
      2.0762
      0.0569
      0.0757
      0.1599
      0.3686
      0.7426
      1.2454
      1.6905
      1.7840
      1.4090
      0.8112
      0.3351
      0.0996
      0.0284
      0.0425
      0.1596
      0.4979
      1.1478
      1.9060
      2.2587
      0.0265
      0.0557
      0.1734
      0.4665
      1.0597
      2.0027
      3.0011
      3.3963
      2.8104
      1.6703
      0.7058
      0.2115
      0.0529
      0.0646
      0.2763
      0.9257
      2.1985
      3.6925
      4.3886
      0.0228
      0.0522
      0.1778
      0.5325
      1.3664
      2.8524
      4.5559
      5.3463
      4.5146
      2.7151
      1.1560
      0.3479
      0.0862
      0.1033
      0.4492
      1.5183
      3.6186
      6.0858
      7.2358
      0.0215
      0.0499
      0.1759
      0.5556
      1.5016
      3.2473
      5.2890
      6.2689
      5.3208
      3.2088
      1.3684
      0.4123
      0.1021
      0.1223
      0.5326
      1.8015
      4.2950
      7.2243
      8.5897
