      0.2421
      0.2625
      0.3037
      0.3248
      0.3030
      0.2506
      0.1970
      0.1614
      0.1462
      0.1458
      0.1506
      0.1475
      0.1271
      0.0922
      0.0551
      0.0269
      0.0110
      0.0042
      0.0025
      0.2402
      0.2580
      0.2929
      0.3075
      0.2824
      0.2305
      0.1797
      0.1476
      0.1365
      0.1413
      0.1529
      0.1575
      0.1431
      0.1097
      0.0696
      0.0362
      0.0156
      0.0061
      0.0036
      0.2361
      0.2466
      0.2641
      0.2619
      0.2294
      0.1807
      0.1389
      0.1172
      0.1174
      0.1371
      0.1694
      0.1981
      0.2028
      0.1742
      0.1233
      0.0712
      0.0338
      0.0140
      0.0083
      0.2539
      0.2520
      0.2408
      0.2124
      0.1697
      0.1273
      0.0999
      0.0936
      0.1099
      0.1518
      0.2179
      0.2889
      0.3290
      0.3104
      0.2389
      0.1492
      0.0763
      0.0345
      0.0216
      0.3800
      0.3546
      0.2892
      0.2093
      0.1407
      0.0987
      0.0852
      0.0948
      0.1267
      0.1915
      0.2980
      0.4263
      0.5197
      0.5216
      0.4256
      0.2826
      0.1559
      0.0791
      0.0547
      0.7691
      0.6957
      0.5167
      0.3215
      0.1807
      0.1139
      0.1026
      0.1207
      0.1596
      0.2370
      0.3759
      0.5604
      0.7161
      0.7541
      0.6486
      0.4604
      0.2819
      0.1695
      0.1332
      1.5544
      1.3949
      1.0103
      0.5987
      0.3096
      0.1738
      0.1417
      0.1536
      0.1850
      0.2563
      0.4025
      0.6179
      0.8236
      0.9114
      0.8352
      0.6526
      0.4686
      0.3518
      0.3144
      2.6626
      2.3858
      1.7190
      1.0064
      0.5033
      0.2574
      0.1808
      0.1719
      0.1840
      0.2323
      0.3565
      0.5627
      0.7872
      0.9291
      0.9354
      0.8480
      0.7549
      0.7061
      0.6945
      3.6990
      3.3135
      2.3850
      1.3912
      0.6847
      0.3289
      0.2029
      0.1691
      0.1600
      0.1800
      0.2647
      0.4302
      0.6425
      0.8353
      0.9708
      1.0740
      1.1883
      1.3031
      1.3540
      4.1293
      3.6994
      2.6638
      1.5554
      0.7657
      0.3638
      0.2148
      0.1667
      0.1423
      0.1367
      0.1790
      0.2936
      0.4786
      0.7146
      0.9963
      1.3413
      1.7381
      2.0849
      2.2263
      3.6990
      3.3162
      2.3961
      1.4159
      0.7247
      0.3800
      0.2548
      0.2086
      0.1706
      0.1370
      0.1369
      0.2026
      0.3568
      0.6187
      1.0159
      1.5687
      2.2212
      2.7850
      3.0122
      2.6626
      2.3946
      1.7556
      1.0896
      0.6426
      0.4424
      0.3793
      0.3395
      0.2739
      0.1953
      0.1442
      0.1608
      0.2783
      0.5330
      0.9704
      1.6149
      2.3893
      3.0600
      3.3302
      1.5544
      1.4163
      1.0989
      0.8003
      0.6480
      0.6257
      0.6324
      0.5822
      0.4589
      0.3067
      0.1878
      0.1485
      0.2180
      0.4284
      0.8234
      1.4269
      2.1632
      2.8046
      3.0635
      0.7691
      0.7368
      0.6865
      0.7048
      0.8191
      0.9616
      1.0228
      0.9362
      0.7224
      0.4669
      0.2603
      0.1549
      0.1687
      0.3178
      0.6364
      1.1475
      1.7861
      2.3490
      2.5773
      0.3800
      0.4187
      0.5534
      0.8046
      1.1316
      1.4183
      1.5315
      1.4052
      1.0853
      0.7001
      0.3790
      0.1907
      0.1469
      0.2529
      0.5429
      1.0496
      1.7111
      2.3073
      2.5513
      0.2539
      0.3344
      0.5826
      0.9910
      1.4871
      1.9230
      2.1293
      2.0058
      1.5914
      1.0516
      0.5757
      0.2747
      0.1718
      0.2771
      0.6474
      1.3450
      2.2899
      3.1574
      3.5151
      0.2361
      0.3370
      0.6448
      1.1508
      1.7851
      2.3909
      2.7535
      2.6987
      2.2196
      1.5113
      0.8453
      0.4033
      0.2393
      0.3825
      0.9331
      1.9991
      3.4629
      4.8158
      5.3752
      0.2402
      0.3480
      0.6791
      1.2367
      1.9712
      2.7313
      3.2602
      3.3010
      2.7885
      1.9379
      1.1000
      0.5289
      0.3132
      0.5038
      1.2446
      2.6874
      4.6753
      6.5156
      7.2771
      0.2421
      0.3509
      0.6871
      1.2605
      2.0329
      2.8576
      3.4598
      3.5460
      3.0237
      2.1158
      1.2068
      0.5821
      0.3453
      0.5571
      1.3797
      2.9832
      5.1939
      7.2410
      8.0881
