      0.0000
      0.0000
      0.0000
      0.0000
      0.0000
      0.0000
      0.0000
      0.0000
      0.0000
      0.0000
      0.0000
      0.0000
      0.0000
      0.0000
      0.0000
      0.0000
      0.0000
      0.0000
      0.0000
      0.0000
      0.0000
      0.0000
      0.0000
      0.0000
      0.0000
      0.0000
      0.0000
      0.0000
      0.0000
      0.0000
      0.0000
      0.0000
      0.0000
      0.0000
      0.0000
      0.0000
      0.0000
      0.0000
      0.0000
      0.0000
      0.0000
      0.0000
      0.0000
      0.0000
      0.0000
      0.0000
      0.0000
      0.0000
      0.0000
      0.0000
      0.0000
      0.0000
      0.0000
      0.0000
      0.0000
      0.0000
      0.0000
      0.0000
      0.0000
      0.0000
      0.0000
      0.0000
      0.0000
      0.0000
      0.0000
      0.0000
      0.0000
      0.0000
      0.0000
      0.0000
      0.0000
      0.0000
      0.0000
      0.0000
      0.0000
      0.0000
      0.0000
      0.0000
      0.0000
      0.0000
      0.0000
      0.0000
      0.0000
      0.0000
      0.0000
      0.0000
      0.0000
      0.0002
      0.0010
      0.0011
      0.0003
      0.0000
      0.0000
      0.0000
      0.0000
      0.0000
      0.0000
      0.0000
      0.0000
      0.0000
      0.0000
      0.0000
      0.0000
      0.0000
      0.0000
      0.0001
      0.0017
      0.0095
      0.0137
      0.0049
      0.0004
      0.0000
      0.0000
      0.0000
      0.0063
      0.0032
      0.0004
      0.0000
      0.0000
      0.0000
      0.0000
      0.0000
      0.0000
      0.0000
      0.0001
      0.0034
      0.0237
      0.0417
      0.0184
      0.0020
      0.0001
      0.0000
      0.0000
      0.2045
      0.1023
      0.0127
      0.0004
      0.0000
      0.0000
      0.0000
      0.0000
      0.0000
      0.0000
      0.0000
      0.0017
      0.0147
      0.0318
      0.0172
      0.0023
      0.0001
      0.0003
      0.0007
      1.6406
      0.8203
      0.1023
      0.0032
      0.0000
      0.0000
      0.0000
      0.0000
      0.0000
      0.0000
      0.0000
      0.0002
      0.0023
      0.0061
      0.0041
      0.0010
      0.0056
      0.0440
      0.0879
      3.2812
      1.6406
      0.2045
      0.0063
      0.0000
      0.0000
      0.0000
      0.0000
      0.0000
      0.0000
      0.0000
      0.0000
      0.0001
      0.0012
      0.0050
      0.0115
      0.1798
      1.4259
      2.8512
      1.6406
      0.8203
      0.1023
      0.0032
      0.0000
      0.0000
      0.0001
      0.0001
      0.0001
      0.0000
      0.0000
      0.0000
      0.0003
      0.0080
      0.0466
      0.1111
      1.4505
     11.4374
     22.8697
      0.2045
      0.1023
      0.0127
      0.0004
      0.0000
      0.0006
      0.0048
      0.0091
      0.0043
      0.0005
      0.0000
      0.0000
      0.0006
      0.0166
      0.1130
      0.2779
      2.9317
     22.8782
     45.7393
      0.0063
      0.0032
      0.0004
      0.0000
      0.0006
      0.0142
      0.0950
      0.1593
      0.0668
      0.0070
      0.0002
      0.0000
      0.0003
      0.0086
      0.0686
      0.1785
      1.4918
     11.4429
     22.8699
      0.0000
      0.0000
      0.0000
      0.0006
      0.0074
      0.0857
      0.4687
      0.6904
      0.2557
      0.0236
      0.0005
      0.0000
      0.0000
      0.0011
      0.0104
      0.0293
      0.1914
      1.4275
      2.8513
      0.0000
      0.0000
      0.0004
      0.0107
      0.0707
      0.2097
      0.6096
      0.7520
      0.2454
      0.0200
      0.0004
      0.0000
      0.0000
      0.0000
      0.0004
      0.0012
      0.0062
      0.0442
      0.0881
      0.0000
      0.0000
      0.0023
      0.0492
      0.2635
      0.3952
      0.3890
      0.4265
      0.1743
      0.0197
      0.0006
      0.0000
      0.0000
      0.0000
      0.0000
      0.0001
      0.0014
      0.0111
      0.0222
      0.0000
      0.0000
      0.0031
      0.0570
      0.2709
      0.6749
      3.3394
      6.9965
      3.7574
      0.5040
      0.0167
      0.0001
      0.0000
      0.0000
      0.0000
      0.0013
      0.0435
      0.3489
      0.6978
      0.0000
      0.0000
      0.0010
      0.0171
      0.1509
      3.0752
     26.0189
     55.9645
     30.1105
      4.0406
      0.1342
      0.0011
      0.0000
      0.0000
      0.0001
      0.0108
      0.3489
      2.7984
      5.5969
      0.0000
      0.0000
      0.0002
      0.0036
      0.1805
      6.0302
     52.0077
    111.9267
     60.2209
      8.0811
      0.2684
      0.0022
      0.0000
      0.0000
      0.0002
      0.0215
      0.6978
      5.5969
     11.1938
