      0.0357
      0.0468
      0.0697
      0.0813
      0.0692
      0.0438
      0.0245
      0.0215
      0.0397
      0.0816
      0.1319
      0.1548
      0.1296
      0.0770
      0.0324
      0.0096
      0.0020
      0.0003
      0.0001
      0.0377
      0.0482
      0.0689
      0.0776
      0.0639
      0.0393
      0.0214
      0.0184
      0.0344
      0.0723
      0.1203
      0.1465
      0.1282
      0.0804
      0.0361
      0.0116
      0.0027
      0.0004
      0.0001
      0.0388
      0.0470
      0.0617
      0.0642
      0.0491
      0.0281
      0.0143
      0.0120
      0.0234
      0.0533
      0.0981
      0.1349
      0.1363
      0.1007
      0.0543
      0.0213
      0.0061
      0.0013
      0.0004
      0.0322
      0.0371
      0.0444
      0.0423
      0.0298
      0.0159
      0.0083
      0.0081
      0.0171
      0.0437
      0.0960
      0.1619
      0.2012
      0.1818
      0.1186
      0.0555
      0.0185
      0.0045
      0.0015
      0.0200
      0.0219
      0.0240
      0.0210
      0.0141
      0.0085
      0.0076
      0.0111
      0.0215
      0.0544
      0.1360
      0.2663
      0.3795
      0.3867
      0.2803
      0.1442
      0.0526
      0.0141
      0.0052
      0.0092
      0.0096
      0.0096
      0.0081
      0.0067
      0.0084
      0.0142
      0.0220
      0.0343
      0.0758
      0.1957
      0.4125
      0.6322
      0.6896
      0.5337
      0.2933
      0.1157
      0.0355
      0.0161
      0.0036
      0.0035
      0.0033
      0.0034
      0.0061
      0.0138
      0.0256
      0.0358
      0.0455
      0.0849
      0.2186
      0.4851
      0.7875
      0.9108
      0.7502
      0.4446
      0.1983
      0.0807
      0.0517
      0.0021
      0.0019
      0.0017
      0.0030
      0.0085
      0.0201
      0.0347
      0.0435
      0.0461
      0.0705
      0.1776
      0.4150
      0.7175
      0.8913
      0.8023
      0.5436
      0.3138
      0.2031
      0.1775
      0.0024
      0.0021
      0.0019
      0.0038
      0.0109
      0.0243
      0.0392
      0.0454
      0.0414
      0.0478
      0.1090
      0.2702
      0.5156
      0.7275
      0.7788
      0.6824
      0.5735
      0.5379
      0.5402
      0.0027
      0.0024
      0.0026
      0.0061
      0.0179
      0.0406
      0.0663
      0.0777
      0.0668
      0.0507
      0.0679
      0.1666
      0.3786
      0.6663
      0.9148
      1.0461
      1.1181
      1.2068
      1.2581
      0.0024
      0.0025
      0.0049
      0.0171
      0.0533
      0.1230
      0.2040
      0.2421
      0.2054
      0.1287
      0.0838
      0.1403
      0.3634
      0.7673
      1.2330
      1.5920
      1.8330
      2.0342
      2.1304
      0.0021
      0.0038
      0.0145
      0.0558
      0.1672
      0.3704
      0.5945
      0.6850
      0.5635
      0.3326
      0.1604
      0.1508
      0.3663
      0.8317
      1.4251
      1.9210
      2.2486
      2.4857
      2.5913
      0.0036
      0.0097
      0.0420
      0.1491
      0.4098
      0.8473
      1.2905
      1.4250
      1.1293
      0.6397
      0.2721
      0.1551
      0.2975
      0.6903
      1.2283
      1.7016
      2.0096
      2.2071
      2.2887
      0.0092
      0.0250
      0.0984
      0.3096
      0.7626
      1.4472
      2.0671
      2.1742
      1.6567
      0.9053
      0.3596
      0.1418
      0.1814
      0.4160
      0.7733
      1.1276
      1.4025
      1.6000
      1.6812
      0.0200
      0.0505
      0.1795
      0.5050
      1.1174
      1.9435
      2.6073
      2.6288
      1.9474
      1.0431
      0.4023
      0.1263
      0.0892
      0.1936
      0.4160
      0.7687
      1.2610
      1.7729
      2.0045
      0.0322
      0.0768
      0.2538
      0.6639
      1.3791
      2.3022
      3.0414
      3.0824
      2.3263
      1.2796
      0.5066
      0.1479
      0.0557
      0.1154
      0.3928
      1.1373
      2.5327
      4.1477
      4.8975
      0.0388
      0.0888
      0.2835
      0.7350
      1.5650
      2.7579
      3.8961
      4.2179
      3.3780
      1.9584
      0.8117
      0.2411
      0.0735
      0.1609
      0.7161
      2.3850
      5.6474
      9.4739
     11.2567
      0.0377
      0.0844
      0.2702
      0.7373
      1.7206
      3.3490
      5.1281
      5.8765
      4.8941
      2.9179
      1.2351
      0.3722
      0.1122
      0.2535
      1.1708
      3.9606
      9.4372
     15.8700
     18.8683
      0.0357
      0.0794
      0.2569
      0.7287
      1.7919
      3.6493
      5.7581
      6.7177
      5.6552
      3.3948
      1.4437
      0.4365
      0.1319
      0.2997
      1.3888
      4.7041
     11.2146
     18.8629
     22.4279
