      0.0017
      0.0041
      0.0100
      0.0136
      0.0100
      0.0040
      0.0011
      0.0005
      0.0008
      0.0025
      0.0059
      0.0080
      0.0058
      0.0023
      0.0005
      0.0001
      0.0000
      0.0000
      0.0000
      0.0024
      0.0052
      0.0115
      0.0143
      0.0097
      0.0036
      0.0009
      0.0004
      0.0006
      0.0021
      0.0053
      0.0076
      0.0060
      0.0026
      0.0006
      0.0001
      0.0000
      0.0000
      0.0000
      0.0032
      0.0060
      0.0115
      0.0123
      0.0072
      0.0023
      0.0005
      0.0002
      0.0003
      0.0011
      0.0035
      0.0063
      0.0064
      0.0038
      0.0013
      0.0003
      0.0000
      0.0000
      0.0000
      0.0028
      0.0043
      0.0068
      0.0063
      0.0032
      0.0009
      0.0002
      0.0000
      0.0001
      0.0007
      0.0035
      0.0100
      0.0163
      0.0149
      0.0076
      0.0021
      0.0003
      0.0000
      0.0000
      0.0121
      0.0096
      0.0054
      0.0025
      0.0009
      0.0002
      0.0000
      0.0000
      0.0001
      0.0015
      0.0100
      0.0365
      0.0720
      0.0768
      0.0444
      0.0138
      0.0023
      0.0002
      0.0000
      0.1839
      0.1353
      0.0539
      0.0117
      0.0014
      0.0001
      0.0000
      0.0001
      0.0003
      0.0030
      0.0226
      0.0911
      0.1981
      0.2325
      0.1475
      0.0505
      0.0093
      0.0010
      0.0003
      1.6119
      1.1847
      0.4698
      0.1002
      0.0114
      0.0007
      0.0002
      0.0002
      0.0004
      0.0035
      0.0281
      0.1245
      0.2966
      0.3815
      0.2652
      0.1000
      0.0220
      0.0064
      0.0059
      7.5612
      5.5572
      2.2036
      0.4698
      0.0535
      0.0033
      0.0003
      0.0003
      0.0004
      0.0022
      0.0189
      0.0920
      0.2404
      0.3397
      0.2615
      0.1162
      0.0544
      0.0727
      0.0935
     19.0685
     14.0146
      5.5572
      1.1847
      0.1350
      0.0083
      0.0005
      0.0003
      0.0003
      0.0008
      0.0069
      0.0372
      0.1089
      0.1772
      0.1718
      0.1494
      0.2801
      0.6101
      0.8148
     25.9451
     19.0685
      7.5612
      1.6119
      0.1838
      0.0117
      0.0020
      0.0024
      0.0019
      0.0009
      0.0017
      0.0105
      0.0430
      0.1139
      0.2145
      0.4347
      1.2388
      2.8403
      3.8107
     19.0685
     14.0146
      5.5572
      1.1849
      0.1367
      0.0160
      0.0206
      0.0285
      0.0216
      0.0089
      0.0025
      0.0069
      0.0471
      0.1891
      0.4717
      1.0869
      3.1260
      7.1520
      9.5964
      7.5612
      5.5572
      2.2038
      0.4720
      0.0681
      0.0638
      0.1445
      0.1899
      0.1360
      0.0527
      0.0114
      0.0082
      0.0571
      0.2531
      0.6749
      1.5564
      4.3149
      9.7462
     13.0540
      1.6119
      1.1849
      0.4722
      0.1161
      0.0884
      0.2633
      0.5596
      0.6830
      0.4597
      0.1681
      0.0334
      0.0080
      0.0399
      0.1887
      0.5314
      1.2241
      3.2462
      7.1939
      9.6039
      0.1839
      0.1367
      0.0690
      0.0913
      0.2757
      0.6925
      1.2271
      1.3486
      0.8451
      0.2909
      0.0542
      0.0070
      0.0153
      0.0761
      0.2269
      0.5256
      1.3314
      2.8803
      3.8269
      0.0121
      0.0155
      0.0613
      0.2574
      0.6811
      1.2339
      1.6693
      1.5746
      0.9102
      0.2980
      0.0534
      0.0055
      0.0033
      0.0166
      0.0533
      0.1320
      0.3415
      0.7365
      0.9769
      0.0028
      0.0168
      0.1211
      0.4854
      1.1200
      1.6794
      1.9415
      1.7617
      1.0705
      0.3834
      0.0766
      0.0084
      0.0008
      0.0025
      0.0164
      0.1024
      0.4439
      1.1020
      1.4957
      0.0032
      0.0203
      0.1388
      0.5273
      1.2218
      2.1682
      3.4536
      4.1154
      2.9679
      1.1920
      0.2599
      0.0304
      0.0020
      0.0030
      0.0470
      0.4096
      1.9189
      4.8379
      6.5822
      0.0024
      0.0143
      0.0927
      0.3607
      1.0832
      3.1163
      6.9781
      9.4687
      7.1304
      2.9147
      0.6416
      0.0755
      0.0049
      0.0072
      0.1174
      1.0304
      4.8335
     12.1896
     16.5854
      0.0017
      0.0096
      0.0606
      0.2573
      1.0233
      3.7602
      9.1981
     12.7652
      9.6674
      3.9585
      0.8720
      0.1027
      0.0067
      0.0099
      0.1597
      1.4020
      6.5765
     16.5852
     22.5662
