      0.0020
      0.0048
      0.0118
      0.0160
      0.0118
      0.0047
      0.0012
      0.0004
      0.0008
      0.0028
      0.0067
      0.0090
      0.0065
      0.0026
      0.0005
      0.0001
      0.0000
      0.0000
      0.0000
      0.0028
      0.0061
      0.0136
      0.0168
      0.0114
      0.0042
      0.0010
      0.0003
      0.0006
      0.0023
      0.0059
      0.0086
      0.0068
      0.0030
      0.0007
      0.0001
      0.0000
      0.0000
      0.0000
      0.0037
      0.0071
      0.0135
      0.0145
      0.0084
      0.0027
      0.0005
      0.0001
      0.0003
      0.0013
      0.0039
      0.0070
      0.0071
      0.0041
      0.0014
      0.0003
      0.0000
      0.0000
      0.0000
      0.0030
      0.0049
      0.0080
      0.0074
      0.0038
      0.0010
      0.0002
      0.0000
      0.0001
      0.0008
      0.0037
      0.0104
      0.0169
      0.0154
      0.0078
      0.0021
      0.0003
      0.0000
      0.0000
      0.0059
      0.0053
      0.0039
      0.0024
      0.0010
      0.0002
      0.0000
      0.0000
      0.0002
      0.0015
      0.0102
      0.0373
      0.0735
      0.0784
      0.0453
      0.0141
      0.0024
      0.0002
      0.0000
      0.0793
      0.0585
      0.0235
      0.0052
      0.0007
      0.0001
      0.0001
      0.0001
      0.0004
      0.0031
      0.0230
      0.0929
      0.2021
      0.2372
      0.1504
      0.0515
      0.0095
      0.0010
      0.0002
      0.6940
      0.5101
      0.2023
      0.0431
      0.0049
      0.0004
      0.0002
      0.0004
      0.0005
      0.0036
      0.0287
      0.1270
      0.3025
      0.3892
      0.2706
      0.1019
      0.0219
      0.0051
      0.0039
      3.2555
      2.3926
      0.9488
      0.2023
      0.0231
      0.0015
      0.0004
      0.0005
      0.0005
      0.0023
      0.0193
      0.0938
      0.2453
      0.3468
      0.2669
      0.1170
      0.0459
      0.0488
      0.0607
      8.2099
      6.0339
      2.3926
      0.5101
      0.0582
      0.0037
      0.0005
      0.0005
      0.0004
      0.0008
      0.0071
      0.0381
      0.1116
      0.1823
      0.1767
      0.1382
      0.2005
      0.3994
      0.5260
     11.1706
      8.2099
      3.2555
      0.6940
      0.0792
      0.0055
      0.0020
      0.0027
      0.0022
      0.0011
      0.0018
      0.0110
      0.0459
      0.1235
      0.2256
      0.3754
      0.8612
      1.8491
      2.4541
      8.2099
      6.0339
      2.3927
      0.5103
      0.0600
      0.0125
      0.0231
      0.0323
      0.0245
      0.0101
      0.0028
      0.0077
      0.0529
      0.2113
      0.5002
      0.9395
      2.1733
      4.6494
      6.1721
      3.2555
      2.3927
      0.9490
      0.2048
      0.0396
      0.0700
      0.1634
      0.2148
      0.1538
      0.0596
      0.0129
      0.0093
      0.0645
      0.2835
      0.7183
      1.3653
      3.0251
      6.3415
      8.3933
      0.6940
      0.5103
      0.2051
      0.0615
      0.0931
      0.2989
      0.6340
      0.7728
      0.5199
      0.1900
      0.0377
      0.0091
      0.0451
      0.2114
      0.5679
      1.0938
      2.3074
      4.6950
      6.1793
      0.0793
      0.0602
      0.0412
      0.0983
      0.3181
      0.7923
      1.3937
      1.5268
      0.9556
      0.3288
      0.0612
      0.0079
      0.0172
      0.0853
      0.2435
      0.4794
      0.9662
      1.8966
      2.4763
      0.0059
      0.0121
      0.0697
      0.3016
      0.7945
      1.4227
      1.9003
      1.7775
      1.0230
      0.3340
      0.0597
      0.0061
      0.0037
      0.0186
      0.0581
      0.1301
      0.2960
      0.6055
      0.7954
      0.0030
      0.0196
      0.1425
      0.5703
      1.3076
      1.9273
      2.1651
      1.9151
      1.1458
      0.4064
      0.0807
      0.0088
      0.0009
      0.0032
      0.0236
      0.1602
      0.7101
      1.7710
      2.4054
      0.0037
      0.0239
      0.1633
      0.6172
      1.4046
      2.3885
      3.6411
      4.2517
      3.0458
      1.2203
      0.2658
      0.0311
      0.0021
      0.0049
      0.0783
      0.6843
      3.2069
      8.0858
     11.0014
      0.0028
      0.0168
      0.1086
      0.4157
      1.1925
      3.2668
      7.1678
      9.6756
      7.2775
      2.9739
      0.6546
      0.0771
      0.0052
      0.0120
      0.1963
      1.7232
      8.0829
     20.3841
     27.7350
      0.0020
      0.0113
      0.0707
      0.2906
      1.0922
      3.8807
      9.4056
     13.0278
      9.8624
      4.0380
      0.8895
      0.1048
      0.0071
      0.0163
      0.2671
      2.3445
     10.9977
     27.7349
     37.7368
