      0.1864
      0.1997
      0.2250
      0.2324
      0.2047
      0.1535
      0.1097
      0.1026
      0.1450
      0.2253
      0.3065
      0.3424
      0.3095
      0.2256
      0.1325
      0.0628
      0.0244
      0.0085
      0.0046
      0.1866
      0.1981
      0.2190
      0.2219
      0.1924
      0.1424
      0.1011
      0.0950
      0.1361
      0.2150
      0.2984
      0.3419
      0.3187
      0.2410
      0.1477
      0.0735
      0.0300
      0.0109
      0.0059
      0.1929
      0.1986
      0.2059
      0.1958
      0.1612
      0.1153
      0.0813
      0.0791
      0.1188
      0.1969
      0.2902
      0.3579
      0.3635
      0.3023
      0.2052
      0.1135
      0.0514
      0.0203
      0.0114
      0.2432
      0.2364
      0.2145
      0.1768
      0.1301
      0.0879
      0.0644
      0.0698
      0.1122
      0.1966
      0.3137
      0.4262
      0.4801
      0.4430
      0.3326
      0.2025
      0.1003
      0.0429
      0.0255
      0.4519
      0.4159
      0.3253
      0.2193
      0.1326
      0.0812
      0.0647
      0.0787
      0.1272
      0.2251
      0.3790
      0.5555
      0.6774
      0.6742
      0.5435
      0.3541
      0.1877
      0.0868
      0.0547
      1.0201
      0.9191
      0.6735
      0.4061
      0.2117
      0.1142
      0.0888
      0.1048
      0.1555
      0.2633
      0.4517
      0.6941
      0.8933
      0.9382
      0.7980
      0.5499
      0.3113
      0.1574
      0.1066
      2.1226
      1.9030
      1.3729
      0.8032
      0.3964
      0.1938
      0.1314
      0.1352
      0.1763
      0.2773
      0.4751
      0.7559
      1.0176
      1.1222
      1.0069
      0.7392
      0.4552
      0.2599
      0.1931
      3.6580
      3.2765
      2.3565
      1.3689
      0.6627
      0.3043
      0.1794
      0.1572
      0.1768
      0.2517
      0.4243
      0.6972
      0.9861
      1.1525
      1.1081
      0.8875
      0.6151
      0.4107
      0.3373
      5.0876
      4.5564
      3.2756
      1.9008
      0.9159
      0.4112
      0.2260
      0.1773
      0.1722
      0.2099
      0.3326
      0.5610
      0.8445
      1.0693
      1.1321
      1.0195
      0.8153
      0.6363
      0.5671
      5.6803
      5.0881
      3.6611
      2.1327
      1.0435
      0.4920
      0.2936
      0.2365
      0.2092
      0.2033
      0.2642
      0.4330
      0.6973
      0.9762
      1.1583
      1.1793
      1.0703
      0.9345
      0.8753
      5.0876
      4.5605
      3.2945
      1.9510
      1.0171
      0.5749
      0.4406
      0.4018
      0.3477
      0.2802
      0.2637
      0.3646
      0.6018
      0.9193
      1.2007
      1.3390
      1.3183
      1.2254
      1.1769
      3.6580
      3.2881
      2.4092
      1.5064
      0.9340
      0.7335
      0.7297
      0.7226
      0.6191
      0.4543
      0.3318
      0.3463
      0.5342
      0.8511
      1.1792
      1.3892
      1.4334
      1.3794
      1.3430
      2.1226
      1.9276
      1.4832
      1.0840
      0.9353
      1.0230
      1.1674
      1.1779
      0.9899
      0.6908
      0.4353
      0.3423
      0.4497
      0.7134
      1.0246
      1.2584
      1.3530
      1.3479
      1.3313
      1.0201
      0.9618
      0.8619
      0.8741
      1.0854
      1.4227
      1.6848
      1.6831
      1.3855
      0.9370
      0.5422
      0.3358
      0.3454
      0.5240
      0.7845
      1.0315
      1.2025
      1.2886
      1.3127
      0.4519
      0.4778
      0.5950
      0.8785
      1.3415
      1.8622
      2.2103
      2.1878
      1.7839
      1.1919
      0.6620
      0.3450
      0.2613
      0.3650
      0.6029
      0.9252
      1.2689
      1.5423
      1.6481
      0.2432
      0.3127
      0.5467
      0.9887
      1.6213
      2.2957
      2.7480
      2.7440
      2.2618
      1.5270
      0.8450
      0.4050
      0.2372
      0.3068
      0.6024
      1.1268
      1.8036
      2.4082
      2.6547
      0.1929
      0.2815
      0.5706
      1.1030
      1.8660
      2.7068
      3.3205
      3.3994
      2.8705
      1.9807
      1.1125
      0.5242
      0.2762
      0.3517
      0.7835
      1.6250
      2.7708
      3.8236
      4.2578
      0.1866
      0.2816
      0.5928
      1.1753
      2.0382
      3.0358
      3.8230
      4.0083
      3.4551
      2.4255
      1.3805
      0.6531
      0.3379
      0.4354
      1.0132
      2.1636
      3.7493
      5.2157
      5.8221
      0.1864
      0.2826
      0.5993
      1.1987
      2.1016
      3.1668
      4.0313
      4.2660
      3.7049
      2.6165
      1.4961
      0.7097
      0.3671
      0.4757
      1.1167
      2.3970
      4.1657
      5.8033
      6.4808
