      0.0008
      0.0019
      0.0047
      0.0064
      0.0047
      0.0019
      0.0006
      0.0004
      0.0010
      0.0039
      0.0095
      0.0127
      0.0092
      0.0036
      0.0008
      0.0001
      0.0000
      0.0000
      0.0000
      0.0011
      0.0025
      0.0054
      0.0067
      0.0046
      0.0017
      0.0005
      0.0003
      0.0008
      0.0032
      0.0084
      0.0121
      0.0096
      0.0042
      0.0010
      0.0001
      0.0000
      0.0000
      0.0000
      0.0015
      0.0028
      0.0054
      0.0058
      0.0034
      0.0011
      0.0002
      0.0001
      0.0004
      0.0018
      0.0056
      0.0099
      0.0100
      0.0058
      0.0020
      0.0004
      0.0000
      0.0000
      0.0000
      0.0015
      0.0022
      0.0033
      0.0030
      0.0015
      0.0004
      0.0001
      0.0000
      0.0001
      0.0011
      0.0053
      0.0149
      0.0242
      0.0220
      0.0111
      0.0031
      0.0005
      0.0000
      0.0000
      0.0116
      0.0089
      0.0043
      0.0015
      0.0005
      0.0001
      0.0000
      0.0000
      0.0002
      0.0022
      0.0147
      0.0535
      0.1054
      0.1125
      0.0649
      0.0202
      0.0034
      0.0003
      0.0000
      0.1851
      0.1361
      0.0541
      0.0116
      0.0014
      0.0001
      0.0000
      0.0001
      0.0004
      0.0044
      0.0330
      0.1333
      0.2898
      0.3403
      0.2158
      0.0738
      0.0136
      0.0014
      0.0003
      1.6242
      1.1937
      0.4734
      0.1009
      0.0115
      0.0007
      0.0002
      0.0002
      0.0005
      0.0051
      0.0411
      0.1821
      0.4340
      0.5581
      0.3879
      0.1458
      0.0306
      0.0060
      0.0042
      7.6189
      5.5995
      2.2204
      0.4733
      0.0539
      0.0033
      0.0003
      0.0003
      0.0004
      0.0031
      0.0277
      0.1346
      0.3518
      0.4971
      0.3815
      0.1637
      0.0560
      0.0517
      0.0639
     19.2139
     14.1214
      5.5995
      1.1937
      0.1360
      0.0083
      0.0006
      0.0004
      0.0003
      0.0011
      0.0102
      0.0546
      0.1599
      0.2601
      0.2467
      0.1729
      0.2137
      0.4196
      0.5558
     26.1429
     19.2139
      7.6189
      1.6242
      0.1852
      0.0121
      0.0029
      0.0037
      0.0030
      0.0015
      0.0026
      0.0156
      0.0652
      0.1731
      0.3031
      0.4478
      0.9249
      1.9586
      2.6040
     19.2139
     14.1214
      5.5996
      1.1940
      0.1386
      0.0207
      0.0326
      0.0454
      0.0345
      0.0142
      0.0040
      0.0109
      0.0745
      0.2955
      0.6789
      1.1551
      2.3878
      4.9618
      6.5729
      7.6189
      5.5996
      2.2206
      0.4760
      0.0749
      0.0966
      0.2278
      0.3020
      0.2168
      0.0841
      0.0182
      0.0131
      0.0909
      0.3978
      0.9858
      1.7216
      3.3883
      6.8114
      8.9663
      1.6242
      1.1938
      0.4750
      0.1157
      0.1072
      0.3822
      0.8649
      1.0786
      0.7312
      0.2679
      0.0532
      0.0128
      0.0636
      0.2972
      0.7840
      1.4035
      2.6279
      5.0734
      6.6204
      0.1851
      0.1369
      0.0624
      0.0668
      0.2655
      0.8799
      1.8004
      2.0921
      1.3361
      0.4627
      0.0864
      0.0111
      0.0243
      0.1200
      0.3373
      0.6225
      1.1153
      2.0568
      2.6540
      0.0116
      0.0117
      0.0323
      0.1449
      0.4906
      1.2442
      2.1833
      2.3343
      1.4120
      0.4687
      0.0842
      0.0086
      0.0053
      0.0261
      0.0793
      0.1593
      0.3043
      0.5691
      0.7343
      0.0015
      0.0081
      0.0586
      0.2495
      0.6806
      1.4041
      2.2605
      2.4547
      1.5841
      0.5750
      0.1149
      0.0125
      0.0013
      0.0037
      0.0199
      0.1089
      0.4528
      1.1142
      1.5100
      0.0015
      0.0096
      0.0672
      0.2773
      0.8215
      2.1599
      4.4944
      5.8699
      4.3288
      1.7462
      0.3809
      0.0446
      0.0029
      0.0032
      0.0486
      0.4222
      1.9763
      4.9819
      6.7781
      0.0011
      0.0069
      0.0471
      0.2288
      1.0401
      4.0247
      9.9285
     13.7765
     10.4225
      4.2643
      0.9388
      0.1105
      0.0071
      0.0075
      0.1209
      1.0614
      4.9787
     12.5555
     17.0833
      0.0008
      0.0047
      0.0332
      0.1998
      1.1943
      5.2214
     13.3184
     18.6401
     14.1395
      5.7915
      1.2759
      0.1503
      0.0097
      0.0102
      0.1645
      1.4441
      6.7740
     17.0832
     23.2438
