      0.2015
      0.2165
      0.2454
      0.2553
      0.2273
      0.1735
      0.1257
      0.1124
      0.1452
      0.2131
      0.2829
      0.3131
      0.2821
      0.2056
      0.1209
      0.0575
      0.0226
      0.0082
      0.0047
      0.2023
      0.2152
      0.2390
      0.2437
      0.2134
      0.1606
      0.1153
      0.1034
      0.1357
      0.2031
      0.2759
      0.3137
      0.2920
      0.2211
      0.1359
      0.0679
      0.0280
      0.0105
      0.0059
      0.2131
      0.2191
      0.2266
      0.2155
      0.1783
      0.1288
      0.0908
      0.0836
      0.1162
      0.1853
      0.2698
      0.3321
      0.3380
      0.2821
      0.1923
      0.1069
      0.0487
      0.0195
      0.0112
      0.2838
      0.2743
      0.2455
      0.1994
      0.1448
      0.0962
      0.0676
      0.0682
      0.1051
      0.1832
      0.2937
      0.4012
      0.4540
      0.4205
      0.3167
      0.1934
      0.0962
      0.0415
      0.0249
      0.5622
      0.5154
      0.3985
      0.2631
      0.1533
      0.0868
      0.0610
      0.0688
      0.1128
      0.2068
      0.3563
      0.5281
      0.6474
      0.6463
      0.5222
      0.3411
      0.1818
      0.0852
      0.0545
      1.3070
      1.1761
      0.8582
      0.5115
      0.2569
      0.1234
      0.0790
      0.0856
      0.1324
      0.2388
      0.4249
      0.6627
      0.8577
      0.9031
      0.7699
      0.5330
      0.3052
      0.1586
      0.1104
      2.7425
      2.4578
      1.7701
      1.0285
      0.4930
      0.2164
      0.1187
      0.1084
      0.1464
      0.2486
      0.4462
      0.7224
      0.9783
      1.0820
      0.9747
      0.7224
      0.4556
      0.2735
      0.2116
      4.7366
      4.2418
      3.0472
      1.7611
      0.8331
      0.3499
      0.1691
      0.1276
      0.1451
      0.2234
      0.3972
      0.6657
      0.9473
      1.1115
      1.0768
      0.8790
      0.6360
      0.4564
      0.3926
      6.5913
      5.9020
      4.2386
      2.4482
      1.1561
      0.4808
      0.2219
      0.1497
      0.1428
      0.1852
      0.3099
      0.5334
      0.8082
      1.0296
      1.1054
      1.0279
      0.8739
      0.7402
      0.6894
      7.3600
      6.5912
      4.7369
      2.7444
      1.3125
      0.5715
      0.2920
      0.2097
      0.1810
      0.1805
      0.2440
      0.4077
      0.6616
      0.9353
      1.1346
      1.2069
      1.1759
      1.1135
      1.0846
      6.5913
      5.9061
      4.2572
      2.4973
      1.2544
      0.6394
      0.4293
      0.3664
      0.3121
      0.2524
      0.2412
      0.3385
      0.5642
      0.8746
      1.1753
      1.3781
      1.4599
      1.4661
      1.4591
      4.7366
      4.2533
      3.0992
      1.8953
      1.0954
      0.7620
      0.6946
      0.6658
      0.5648
      0.4134
      0.3025
      0.3180
      0.4958
      0.8041
      1.1494
      1.4250
      1.5781
      1.6316
      1.6405
      2.7425
      2.4826
      1.8799
      1.3045
      1.0158
      1.0116
      1.1035
      1.0937
      0.9117
      0.6334
      0.3981
      0.3131
      0.4146
      0.6695
      0.9904
      1.2737
      1.4557
      1.5389
      1.5600
      1.3070
      1.2197
      1.0482
      0.9768
      1.1123
      1.3865
      1.6021
      1.5793
      1.2895
      0.8675
      0.5000
      0.3081
      0.3168
      0.4859
      0.7421
      1.0041
      1.2111
      1.3370
      1.3786
      0.5622
      0.5792
      0.6737
      0.9260
      1.3495
      1.8226
      2.1258
      2.0794
      1.6821
      1.1181
      0.6186
      0.3199
      0.2378
      0.3270
      0.5356
      0.8164
      1.1127
      1.3466
      1.4367
      0.2838
      0.3534
      0.5865
      1.0210
      1.6305
      2.2636
      2.6701
      2.6385
      2.1600
      1.4521
      0.8012
      0.3808
      0.2133
      0.2555
      0.4811
      0.8798
      1.3888
      1.8403
      2.0238
      0.2131
      0.3049
      0.6007
      1.1333
      1.8779
      2.6777
      3.2429
      3.2910
      2.7638
      1.9010
      1.0653
      0.4977
      0.2460
      0.2746
      0.5824
      1.1931
      2.0239
      2.7860
      3.1001
      0.2023
      0.3012
      0.6203
      1.2038
      2.0472
      3.0014
      3.7370
      3.8896
      3.3380
      2.3375
      1.3278
      0.6225
      0.2997
      0.3316
      0.7361
      1.5615
      2.7017
      3.7561
      4.1920
      0.2015
      0.3016
      0.6261
      1.2259
      2.1081
      3.1283
      3.9400
      4.1412
      3.5822
      2.5242
      1.4407
      0.6771
      0.3253
      0.3605
      0.8078
      1.7246
      2.9946
      4.1706
      4.6571
