      0.0695
      0.0911
      0.1353
      0.1576
      0.1332
      0.0826
      0.0408
      0.0201
      0.0127
      0.0111
      0.0124
      0.0137
      0.0122
      0.0082
      0.0040
      0.0014
      0.0004
      0.0001
      0.0000
      0.0733
      0.0935
      0.1333
      0.1498
      0.1227
      0.0740
      0.0356
      0.0172
      0.0113
      0.0117
      0.0162
      0.0217
      0.0231
      0.0182
      0.0105
      0.0044
      0.0013
      0.0003
      0.0001
      0.0772
      0.0925
      0.1194
      0.1231
      0.0935
      0.0524
      0.0235
      0.0111
      0.0095
      0.0175
      0.0376
      0.0654
      0.0833
      0.0761
      0.0495
      0.0229
      0.0075
      0.0018
      0.0006
      0.0899
      0.0942
      0.0978
      0.0853
      0.0571
      0.0288
      0.0118
      0.0063
      0.0117
      0.0383
      0.1030
      0.2008
      0.2783
      0.2734
      0.1902
      0.0936
      0.0325
      0.0081
      0.0027
      0.2411
      0.2120
      0.1459
      0.0809
      0.0371
      0.0141
      0.0050
      0.0047
      0.0191
      0.0772
      0.2265
      0.4703
      0.6905
      0.7173
      0.5273
      0.2741
      0.1008
      0.0270
      0.0100
      1.0087
      0.8516
      0.5129
      0.2214
      0.0692
      0.0162
      0.0036
      0.0049
      0.0265
      0.1160
      0.3604
      0.7897
      1.2223
      1.3381
      1.0371
      0.5698
      0.2237
      0.0671
      0.0293
      3.3731
      2.8377
      1.6886
      0.7096
      0.2101
      0.0439
      0.0072
      0.0052
      0.0271
      0.1245
      0.4075
      0.9408
      1.5337
      1.7695
      1.4488
      0.8485
      0.3685
      0.1407
      0.0845
      8.0326
      6.7558
      4.0166
      1.6848
      0.4971
      0.1030
      0.0156
      0.0049
      0.0199
      0.0947
      0.3265
      0.7941
      1.3647
      1.6640
      1.4529
      0.9379
      0.5045
      0.3052
      0.2610
     13.5098
     11.3623
      6.7550
      2.8332
      0.8358
      0.1731
      0.0259
      0.0050
      0.0109
      0.0513
      0.1854
      0.4756
      0.8653
      1.1280
      1.0878
      0.8605
      0.7075
      0.7104
      0.7420
     16.0632
     13.5098
      8.0318
      3.3691
      0.9948
      0.2078
      0.0335
      0.0077
      0.0072
      0.0214
      0.0756
      0.2044
      0.3998
      0.5808
      0.6887
      0.8127
      1.0932
      1.4668
      1.6485
     13.5098
     11.3625
      6.7564
      2.8375
      0.8449
      0.1879
      0.0443
      0.0217
      0.0155
      0.0134
      0.0255
      0.0672
      0.1479
      0.2684
      0.4657
      0.8616
      1.5488
      2.3204
      2.6737
      8.0326
      6.7575
      4.0252
      1.7091
      0.5449
      0.1727
      0.0935
      0.0704
      0.0473
      0.0257
      0.0151
      0.0224
      0.0569
      0.1440
      0.3592
      0.8513
      1.7094
      2.6661
      3.1027
      3.3731
      2.8449
      1.7245
      0.8070
      0.3909
      0.2889
      0.2585
      0.2025
      0.1271
      0.0625
      0.0247
      0.0137
      0.0284
      0.0872
      0.2557
      0.6609
      1.3809
      2.1909
      2.5623
      1.0087
      0.8732
      0.6196
      0.5028
      0.5749
      0.6799
      0.6683
      0.5264
      0.3317
      0.1643
      0.0624
      0.0204
      0.0166
      0.0464
      0.1422
      0.3781
      0.8026
      1.2841
      1.5057
      0.2411
      0.2578
      0.3712
      0.6722
      1.1049
      1.4593
      1.5516
      1.3453
      0.9362
      0.5037
      0.2018
      0.0596
      0.0172
      0.0204
      0.0593
      0.1597
      0.3423
      0.5505
      0.6466
      0.0899
      0.1635
      0.4422
      1.0130
      1.8367
      2.7104
      3.3189
      3.3025
      2.5515
      1.4679
      0.6117
      0.1818
      0.0395
      0.0118
      0.0224
      0.0625
      0.1377
      0.2243
      0.2644
      0.0772
      0.1693
      0.5154
      1.2716
      2.5840
      4.4343
      6.2594
      6.8871
      5.6433
      3.3496
      1.4183
      0.4245
      0.0897
      0.0166
      0.0169
      0.0506
      0.1182
      0.1972
      0.2340
      0.0733
      0.1624
      0.5115
      1.3741
      3.1777
      6.1893
      9.5430
     11.0320
      9.2653
      5.5643
      2.3691
      0.7108
      0.1500
      0.0262
      0.0232
      0.0709
      0.1683
      0.2828
      0.3362
      0.0695
      0.1538
      0.4937
      1.3911
      3.4149
      6.9738
     11.0559
     12.9599
     10.9550
      6.5982
      2.8130
      0.8445
      0.1783
      0.0310
      0.0270
      0.0829
      0.1972
      0.3317
      0.3944
