      0.0000
      0.0000
      0.0000
      0.0000
      0.0000
      0.0000
      0.0000
      0.0000
      0.0000
      0.0000
      0.0000
      0.0000
      0.0000
      0.0000
      0.0000
      0.0000
      0.0000
      0.0000
      0.0000
      0.0000
      0.0000
      0.0000
      0.0000
      0.0000
      0.0000
      0.0000
      0.0000
      0.0000
      0.0000
      0.0000
      0.0000
      0.0000
      0.0000
      0.0000
      0.0000
      0.0000
      0.0000
      0.0000
      0.0000
      0.0000
      0.0000
      0.0000
      0.0000
      0.0000
      0.0000
      0.0000
      0.0000
      0.0000
      0.0000
      0.0000
      0.0000
      0.0000
      0.0000
      0.0000
      0.0000
      0.0000
      0.0000
      0.0000
      0.0000
      0.0000
      0.0000
      0.0000
      0.0000
      0.0000
      0.0000
      0.0000
      0.0000
      0.0000
      0.0000
      0.0000
      0.0000
      0.0000
      0.0000
      0.0000
      0.0000
      0.0000
      0.0000
      0.0000
      0.0000
      0.0000
      0.0000
      0.0000
      0.0000
      0.0000
      0.0000
      0.0000
      0.0000
      0.0001
      0.0003
      0.0003
      0.0001
      0.0000
      0.0000
      0.0000
      0.0000
      0.0007
      0.0003
      0.0000
      0.0000
      0.0000
      0.0000
      0.0000
      0.0000
      0.0000
      0.0000
      0.0000
      0.0005
      0.0029
      0.0041
      0.0015
      0.0001
      0.0000
      0.0000
      0.0000
      0.0882
      0.0441
      0.0055
      0.0002
      0.0000
      0.0000
      0.0000
      0.0000
      0.0000
      0.0000
      0.0000
      0.0010
      0.0071
      0.0126
      0.0055
      0.0006
      0.0000
      0.0000
      0.0000
      2.8596
      1.4298
      0.1783
      0.0055
      0.0000
      0.0000
      0.0000
      0.0000
      0.0000
      0.0000
      0.0000
      0.0005
      0.0044
      0.0096
      0.0052
      0.0007
      0.0001
      0.0004
      0.0008
     22.9370
     11.4685
      1.4298
      0.0441
      0.0003
      0.0000
      0.0000
      0.0000
      0.0000
      0.0000
      0.0000
      0.0001
      0.0007
      0.0019
      0.0014
      0.0006
      0.0066
      0.0520
      0.1041
     45.8741
     22.9370
      2.8596
      0.0882
      0.0007
      0.0000
      0.0000
      0.0000
      0.0000
      0.0000
      0.0000
      0.0000
      0.0001
      0.0018
      0.0085
      0.0170
      0.2137
      1.6875
      3.3743
     22.9370
     11.4685
      1.4298
      0.0441
      0.0003
      0.0000
      0.0001
      0.0002
      0.0001
      0.0000
      0.0000
      0.0000
      0.0006
      0.0141
      0.0822
      0.1707
      1.7305
     13.5370
     27.0658
      2.8596
      1.4298
      0.1783
      0.0055
      0.0001
      0.0011
      0.0085
      0.0162
      0.0077
      0.0009
      0.0000
      0.0000
      0.0011
      0.0293
      0.1996
      0.4401
      3.5165
     27.0807
     54.1318
      0.0882
      0.0441
      0.0055
      0.0002
      0.0010
      0.0250
      0.1679
      0.2818
      0.1182
      0.0124
      0.0003
      0.0000
      0.0005
      0.0153
      0.1212
      0.2900
      1.8043
     13.5472
     27.0663
      0.0007
      0.0003
      0.0001
      0.0005
      0.0087
      0.1439
      0.8257
      1.2209
      0.4524
      0.0418
      0.0010
      0.0000
      0.0001
      0.0020
      0.0184
      0.0485
      0.2345
      1.6906
      3.3745
      0.0000
      0.0000
      0.0003
      0.0078
      0.0564
      0.2651
      1.0366
      1.3240
      0.4328
      0.0353
      0.0007
      0.0000
      0.0000
      0.0001
      0.0007
      0.0020
      0.0078
      0.0529
      0.1054
      0.0000
      0.0000
      0.0017
      0.0356
      0.1922
      0.3199
      0.4214
      0.4287
      0.1382
      0.0121
      0.0003
      0.0000
      0.0000
      0.0000
      0.0000
      0.0004
      0.0111
      0.0887
      0.1775
      0.0000
      0.0000
      0.0022
      0.0412
      0.1912
      0.3325
      1.0595
      2.1269
      1.1353
      0.1519
      0.0050
      0.0000
      0.0000
      0.0000
      0.0001
      0.0110
      0.3572
      2.8651
      5.7301
      0.0000
      0.0000
      0.0008
      0.0121
      0.0726
      0.9518
      7.8330
     16.8340
      9.0569
      1.2153
      0.0404
      0.0003
      0.0000
      0.0000
      0.0007
      0.0884
      2.8651
     22.9812
     45.9624
      0.0000
      0.0000
      0.0001
      0.0021
      0.0576
      1.8166
     15.6438
     33.6660
     18.1136
      2.4307
      0.0807
      0.0007
      0.0000
      0.0000
      0.0013
      0.1767
      5.7301
     45.9624
     91.9249
