      0.0435
      0.0580
      0.0879
      0.1041
      0.0910
      0.0631
      0.0429
      0.0369
      0.0428
      0.0613
      0.0862
      0.0971
      0.0802
      0.0473
      0.0198
      0.0058
      0.0012
      0.0002
      0.0000
      0.0464
      0.0600
      0.0869
      0.0991
      0.0838
      0.0562
      0.0370
      0.0313
      0.0365
      0.0536
      0.0776
      0.0902
      0.0773
      0.0476
      0.0209
      0.0065
      0.0015
      0.0002
      0.0001
      0.0499
      0.0602
      0.0785
      0.0819
      0.0639
      0.0395
      0.0239
      0.0193
      0.0232
      0.0367
      0.0579
      0.0740
      0.0707
      0.0492
      0.0248
      0.0091
      0.0024
      0.0005
      0.0001
      0.0594
      0.0624
      0.0651
      0.0572
      0.0393
      0.0218
      0.0122
      0.0100
      0.0131
      0.0232
      0.0423
      0.0640
      0.0733
      0.0617
      0.0378
      0.0168
      0.0054
      0.0013
      0.0005
      0.1602
      0.1410
      0.0973
      0.0544
      0.0258
      0.0118
      0.0078
      0.0087
      0.0120
      0.0208
      0.0424
      0.0764
      0.1044
      0.1035
      0.0736
      0.0376
      0.0142
      0.0047
      0.0026
      0.6692
      0.5650
      0.3406
      0.1476
      0.0477
      0.0155
      0.0118
      0.0152
      0.0185
      0.0265
      0.0535
      0.1054
      0.1588
      0.1726
      0.1344
      0.0767
      0.0360
      0.0197
      0.0166
      2.2361
      1.8812
      1.1197
      0.4715
      0.1429
      0.0386
      0.0224
      0.0251
      0.0262
      0.0309
      0.0586
      0.1213
      0.1958
      0.2292
      0.1972
      0.1363
      0.0988
      0.0951
      0.0995
      5.3243
      4.4781
      2.6627
      1.1185
      0.3352
      0.0823
      0.0344
      0.0313
      0.0284
      0.0277
      0.0486
      0.1061
      0.1864
      0.2451
      0.2567
      0.2594
      0.3135
      0.4099
      0.4604
      8.9547
      7.5313
      4.4779
      1.8802
      0.5613
      0.1313
      0.0437
      0.0329
      0.0266
      0.0214
      0.0329
      0.0779
      0.1607
      0.2652
      0.3860
      0.5815
      0.9283
      1.3413
      1.5367
     10.6471
      8.9547
      5.3244
      2.2366
      0.6704
      0.1628
      0.0630
      0.0524
      0.0426
      0.0287
      0.0285
      0.0664
      0.1705
      0.3629
      0.6771
      1.2266
      2.1326
      3.1623
      3.6416
      8.9547
      7.5316
      4.4801
      1.8895
      0.5894
      0.1943
      0.1469
      0.1550
      0.1294
      0.0800
      0.0487
      0.0773
      0.2145
      0.5156
      1.0556
      2.0130
      3.5636
      5.3069
      6.1154
      5.3243
      4.4798
      2.6733
      1.1583
      0.4464
      0.3148
      0.3943
      0.4369
      0.3557
      0.2091
      0.1001
      0.0930
      0.2346
      0.5884
      1.2466
      2.4087
      4.2618
      6.3286
      7.2850
      2.2361
      1.8874
      1.1553
      0.5920
      0.4455
      0.6180
      0.8591
      0.9178
      0.7158
      0.4024
      0.1705
      0.0974
      0.1935
      0.4914
      1.0648
      2.0697
      3.6432
      5.3802
      6.1812
      0.6692
      0.5816
      0.4299
      0.4215
      0.6608
      1.0704
      1.4081
      1.4095
      1.0430
      0.5606
      0.2207
      0.0875
      0.1177
      0.2954
      0.6589
      1.3022
      2.2992
      3.3892
      3.8897
      0.1602
      0.1735
      0.2643
      0.5268
      0.9779
      1.4786
      1.7689
      1.6394
      1.1465
      0.5906
      0.2217
      0.0697
      0.0559
      0.1368
      0.3398
      0.7531
      1.4389
      2.2026
      2.5540
      0.0594
      0.1084
      0.2943
      0.6721
      1.1893
      1.6503
      1.8246
      1.5995
      1.0847
      0.5523
      0.2064
      0.0589
      0.0290
      0.0807
      0.2926
      0.8717
      1.9671
      3.2387
      3.8296
      0.0499
      0.1074
      0.3108
      0.6911
      1.1736
      1.5838
      1.7505
      1.5780
      1.1210
      0.6027
      0.2379
      0.0695
      0.0307
      0.1118
      0.5139
      1.7167
      4.0689
      6.8284
      8.1141
      0.0464
      0.0979
      0.2745
      0.5966
      1.0191
      1.4454
      1.7413
      1.7256
      1.3298
      0.7616
      0.3156
      0.0955
      0.0443
      0.1759
      0.8367
      2.8328
      6.7507
     11.3526
     13.4975
      0.0435
      0.0900
      0.2478
      0.5360
      0.9327
      1.3842
      1.7644
      1.8341
      1.4605
      0.8542
      0.3588
      0.1096
      0.0517
      0.2080
      0.9922
      3.3629
      8.0176
     13.4856
     16.0343
