      0.0549
      0.0724
      0.1084
      0.1274
      0.1103
      0.0745
      0.0472
      0.0361
      0.0354
      0.0432
      0.0561
      0.0619
      0.0514
      0.0307
      0.0131
      0.0040
      0.0009
      0.0001
      0.0000
      0.0580
      0.0744
      0.1069
      0.1211
      0.1016
      0.0665
      0.0408
      0.0306
      0.0304
      0.0386
      0.0529
      0.0619
      0.0549
      0.0357
      0.0169
      0.0058
      0.0014
      0.0003
      0.0001
      0.0605
      0.0731
      0.0955
      0.0995
      0.0772
      0.0467
      0.0264
      0.0191
      0.0204
      0.0309
      0.0518
      0.0738
      0.0804
      0.0647
      0.0380
      0.0162
      0.0050
      0.0011
      0.0003
      0.0596
      0.0652
      0.0727
      0.0667
      0.0465
      0.0255
      0.0133
      0.0101
      0.0145
      0.0327
      0.0744
      0.1337
      0.1764
      0.1674
      0.1136
      0.0549
      0.0188
      0.0047
      0.0016
      0.1048
      0.0957
      0.0731
      0.0470
      0.0252
      0.0121
      0.0073
      0.0083
      0.0172
      0.0501
      0.1343
      0.2714
      0.3939
      0.4063
      0.2973
      0.1542
      0.0570
      0.0160
      0.0066
      0.3781
      0.3206
      0.1962
      0.0877
      0.0302
      0.0109
      0.0089
      0.0129
      0.0254
      0.0728
      0.2058
      0.4428
      0.6826
      0.7464
      0.5790
      0.3202
      0.1302
      0.0461
      0.0265
      1.2429
      1.0460
      0.6233
      0.2632
      0.0807
      0.0233
      0.0156
      0.0198
      0.0311
      0.0800
      0.2318
      0.5252
      0.8545
      0.9878
      0.8149
      0.4923
      0.2442
      0.1389
      0.1175
      2.9549
      2.4853
      1.4780
      0.6211
      0.1871
      0.0480
      0.0232
      0.0235
      0.0291
      0.0638
      0.1867
      0.4454
      0.7673
      0.9463
      0.8547
      0.6205
      0.4697
      0.4621
      0.4855
      4.9690
      4.1792
      2.4849
      1.0437
      0.3126
      0.0754
      0.0283
      0.0233
      0.0230
      0.0385
      0.1091
      0.2748
      0.5108
      0.7002
      0.7640
      0.8127
      1.0324
      1.3839
      1.5643
      5.9081
      4.9690
      2.9547
      1.2416
      0.3736
      0.0934
      0.0395
      0.0341
      0.0291
      0.0274
      0.0531
      0.1369
      0.2914
      0.4956
      0.7628
      1.2502
      2.1320
      3.1726
      3.6614
      4.9690
      4.1795
      2.4868
      1.0508
      0.3322
      0.1166
      0.0931
      0.0979
      0.0813
      0.0522
      0.0401
      0.0766
      0.1952
      0.4376
      0.9027
      1.8338
      3.4373
      5.2627
      6.1089
      2.9549
      2.4870
      1.4877
      0.6542
      0.2705
      0.2093
      0.2597
      0.2801
      0.2244
      0.1312
      0.0643
      0.0639
      0.1631
      0.4223
      0.9764
      2.1088
      4.0416
      6.2274
      7.2385
      1.2429
      1.0526
      0.6590
      0.3738
      0.3310
      0.4592
      0.6010
      0.6137
      0.4661
      0.2585
      0.1090
      0.0622
      0.1257
      0.3372
      0.8093
      1.7748
      3.4097
      5.2513
      6.1021
      0.3781
      0.3394
      0.2931
      0.3654
      0.5991
      0.9027
      1.0995
      1.0424
      0.7482
      0.3970
      0.1556
      0.0598
      0.0762
      0.2002
      0.4931
      1.0949
      2.1079
      3.2441
      3.7682
      0.1048
      0.1340
      0.2656
      0.5729
      1.0360
      1.4915
      1.7140
      1.5599
      1.0963
      0.5775
      0.2236
      0.0686
      0.0409
      0.0933
      0.2505
      0.6035
      1.2187
      1.9147
      2.2362
      0.0596
      0.1214
      0.3530
      0.8242
      1.4960
      2.1772
      2.5894
      2.4798
      1.8420
      1.0225
      0.4133
      0.1216
      0.0366
      0.0587
      0.2115
      0.6425
      1.4635
      2.4186
      2.8626
      0.0605
      0.1335
      0.4020
      0.9600
      1.8484
      2.9764
      3.9755
      4.2074
      3.3623
      1.9634
      0.8221
      0.2453
      0.0630
      0.0858
      0.3692
      1.2339
      2.9270
      4.9137
      5.8394
      0.0580
      0.1264
      0.3829
      0.9640
      2.0622
      3.7650
      5.5753
      6.3077
      5.2391
      3.1277
      1.3271
      0.3990
      0.1013
      0.1362
      0.6007
      2.0308
      4.8398
      8.1393
      9.6772
      0.0549
      0.1185
      0.3614
      0.9431
      2.1366
      4.1200
      6.3292
      7.3078
      6.1337
      3.6817
      1.5669
      0.4719
      0.1198
      0.1612
      0.7124
      2.4104
      5.7465
      9.6658
     11.4926
