      0.2179
      0.2221
      0.2348
      0.2563
      0.2868
      0.3236
      0.3595
      0.3852
      0.3941
      0.3855
      0.3614
      0.3225
      0.2694
      0.2066
      0.1438
      0.0917
      0.0565
      0.0378
      0.0321
      0.2292
      0.2315
      0.2392
      0.2540
      0.2775
      0.3085
      0.3410
      0.3666
      0.3791
      0.3775
      0.3623
      0.3324
      0.2859
      0.2258
      0.1617
      0.1054
      0.0653
      0.0429
      0.0359
      0.2842
      0.2798
      0.2695
      0.2608
      0.2615
      0.2749
      0.2978
      0.3232
      0.3455
      0.3623
      0.3711
      0.3658
      0.3382
      0.2861
      0.2180
      0.1495
      0.0949
      0.0615
      0.0505
      0.4498
      0.4296
      0.3782
      0.3181
      0.2722
      0.2529
      0.2593
      0.2833
      0.3175
      0.3575
      0.3982
      0.4272
      0.4277
      0.3890
      0.3163
      0.2298
      0.1533
      0.1031
      0.0860
      0.8316
      0.7797
      0.6471
      0.4877
      0.3552
      0.2778
      0.2550
      0.2714
      0.3126
      0.3716
      0.4420
      0.5075
      0.5419
      0.5234
      0.4515
      0.3497
      0.2518
      0.1844
      0.1609
      1.5297
      1.4240
      1.1532
      0.8259
      0.5477
      0.3727
      0.2979
      0.2923
      0.3281
      0.3934
      0.4825
      0.5787
      0.6490
      0.6608
      0.6057
      0.5070
      0.4043
      0.3315
      0.3058
      2.5477
      2.3659
      1.9000
      1.3347
      0.8490
      0.5321
      0.3773
      0.3308
      0.3452
      0.4006
      0.4928
      0.6082
      0.7125
      0.7672
      0.7566
      0.6987
      0.6298
      0.5802
      0.5629
      3.7047
      3.4378
      2.7527
      1.9195
      1.1978
      0.7164
      0.4648
      0.3647
      0.3463
      0.3793
      0.4601
      0.5810
      0.7143
      0.8242
      0.8920
      0.9260
      0.9462
      0.9624
      0.9695
      4.6483
      4.3125
      3.4502
      2.3993
      1.4844
      0.8662
      0.5313
      0.3826
      0.3313
      0.3375
      0.3975
      0.5118
      0.6664
      0.8384
      1.0124
      1.1849
      1.3478
      1.4724
      1.5202
      5.0148
      4.6531
      3.7243
      2.5919
      1.6048
      0.9344
      0.5660
      0.3936
      0.3204
      0.3017
      0.3356
      0.4331
      0.5984
      0.8277
      1.1146
      1.4444
      1.7748
      2.0292
      2.1259
      4.6483
      4.3158
      3.4629
      2.4258
      1.5257
      0.9182
      0.5848
      0.4235
      0.3419
      0.2999
      0.3023
      0.3723
      0.5328
      0.7990
      1.1749
      1.6371
      2.1128
      2.4813
      2.6213
      3.7047
      3.4460
      2.7851
      1.9887
      1.3089
      0.8619
      0.6223
      0.4990
      0.4156
      0.3460
      0.3080
      0.3383
      0.4742
      0.7446
      1.1602
      1.6924
      2.2495
      2.6832
      2.8483
      2.5477
      2.3815
      1.9618
      1.4696
      1.0707
      0.8300
      0.7106
      0.6340
      0.5446
      0.4374
      0.3478
      0.3263
      0.4191
      0.6606
      1.0636
      1.5973
      2.1638
      2.6074
      2.7765
      1.5297
      1.4488
      1.2524
      1.0446
      0.9119
      0.8692
      0.8645
      0.8272
      0.7214
      0.5650
      0.4142
      0.3327
      0.3722
      0.5675
      0.9307
      1.4307
      1.9706
      2.3966
      2.5595
      0.8316
      0.8142
      0.7859
      0.7958
      0.8722
      0.9897
      1.0785
      1.0688
      0.9377
      0.7244
      0.5062
      0.3618
      0.3495
      0.5052
      0.8415
      1.3273
      1.8636
      2.2916
      2.4560
      0.4498
      0.4729
      0.5529
      0.7078
      0.9307
      1.1676
      1.3303
      1.3416
      1.1835
      0.9115
      0.6242
      0.4187
      0.3646
      0.5048
      0.8559
      1.3862
      1.9840
      2.4664
      2.6526
      0.2842
      0.3299
      0.4721
      0.7150
      1.0339
      1.3571
      1.5791
      1.6101
      1.4302
      1.1054
      0.7544
      0.4946
      0.4118
      0.5607
      0.9660
      1.5933
      2.3096
      2.8915
      3.1169
      0.2292
      0.2858
      0.4593
      0.7493
      1.1243
      1.5028
      1.7669
      1.8148
      1.6214
      1.2591
      0.8613
      0.5624
      0.4631
      0.6300
      1.0954
      1.8223
      2.6567
      3.3366
      3.6003
      0.2179
      0.2778
      0.4609
      0.7658
      1.1596
      1.5577
      1.8375
      1.8923
      1.6945
      1.3185
      0.9032
      0.5899
      0.4852
      0.6608
      1.1522
      1.9212
      2.8050
      3.5257
      3.8053
