      0.0397
      0.0525
      0.0791
      0.0936
      0.0824
      0.0588
      0.0432
      0.0427
      0.0593
      0.0979
      0.1462
      0.1677
      0.1393
      0.0824
      0.0345
      0.0102
      0.0021
      0.0003
      0.0001
      0.0421
      0.0542
      0.0782
      0.0892
      0.0760
      0.0525
      0.0372
      0.0361
      0.0508
      0.0859
      0.1320
      0.1565
      0.1352
      0.0838
      0.0371
      0.0117
      0.0026
      0.0004
      0.0001
      0.0441
      0.0535
      0.0704
      0.0738
      0.0581
      0.0368
      0.0239
      0.0223
      0.0326
      0.0598
      0.1009
      0.1329
      0.1295
      0.0920
      0.0476
      0.0178
      0.0048
      0.0010
      0.0003
      0.0412
      0.0460
      0.0528
      0.0494
      0.0352
      0.0201
      0.0119
      0.0111
      0.0183
      0.0398
      0.0808
      0.1291
      0.1534
      0.1333
      0.0840
      0.0382
      0.0125
      0.0030
      0.0010
      0.0557
      0.0526
      0.0437
      0.0309
      0.0180
      0.0095
      0.0066
      0.0079
      0.0149
      0.0375
      0.0923
      0.1773
      0.2487
      0.2502
      0.1797
      0.0920
      0.0339
      0.0099
      0.0045
      0.1705
      0.1455
      0.0909
      0.0425
      0.0162
      0.0077
      0.0082
      0.0119
      0.0196
      0.0465
      0.1228
      0.2592
      0.3965
      0.4319
      0.3347
      0.1863
      0.0787
      0.0322
      0.0218
      0.5470
      0.4606
      0.2750
      0.1169
      0.0374
      0.0143
      0.0142
      0.0187
      0.0248
      0.0505
      0.1350
      0.3018
      0.4913
      0.5712
      0.4778
      0.3006
      0.1691
      0.1205
      0.1139
      1.2970
      1.0909
      0.6490
      0.2735
      0.0846
      0.0271
      0.0205
      0.0232
      0.0252
      0.0418
      0.1102
      0.2610
      0.4567
      0.5808
      0.5560
      0.4554
      0.4161
      0.4661
      0.5055
      2.1804
      1.8338
      1.0906
      0.4592
      0.1412
      0.0425
      0.0282
      0.0290
      0.0266
      0.0310
      0.0710
      0.1804
      0.3589
      0.5451
      0.6802
      0.8229
      1.1051
      1.4851
      1.6740
      2.5923
      2.1804
      1.2971
      0.5482
      0.1753
      0.0684
      0.0643
      0.0722
      0.0628
      0.0459
      0.0546
      0.1335
      0.3252
      0.6349
      1.0391
      1.6068
      2.4850
      3.4964
      3.9741
      2.1804
      1.8343
      1.0940
      0.4744
      0.1901
      0.1565
      0.2191
      0.2572
      0.2188
      0.1368
      0.0856
      0.1386
      0.3731
      0.8466
      1.5670
      2.6192
      4.1723
      5.8990
      6.7046
      1.2970
      1.0930
      0.6631
      0.3320
      0.2609
      0.4166
      0.6444
      0.7404
      0.6095
      0.3601
      0.1731
      0.1612
      0.3993
      0.9565
      1.8546
      3.1678
      5.0446
      7.0866
      8.0325
      0.5470
      0.4675
      0.3179
      0.2775
      0.4801
      0.9261
      1.3975
      1.5404
      1.2204
      0.6916
      0.2943
      0.1682
      0.3284
      0.8000
      1.5962
      2.7559
      4.3605
      6.0671
      6.8510
      0.1705
      0.1627
      0.1896
      0.3746
      0.8409
      1.5655
      2.2199
      2.3250
      1.7667
      0.9637
      0.3824
      0.1518
      0.1999
      0.4804
      0.9867
      1.7324
      2.7417
      3.7916
      4.2692
      0.0557
      0.0846
      0.2163
      0.5600
      1.2020
      2.0461
      2.6960
      2.6780
      1.9590
      1.0375
      0.3962
      0.1249
      0.0945
      0.2126
      0.4682
      0.8944
      1.5150
      2.1723
      2.4711
      0.0412
      0.0901
      0.2816
      0.7090
      1.4077
      2.2331
      2.8096
      2.7313
      1.9916
      1.0640
      0.4107
      0.1183
      0.0472
      0.0933
      0.2783
      0.7337
      1.5560
      2.4958
      2.9307
      0.0441
      0.0987
      0.3029
      0.7370
      1.4378
      2.3079
      3.0168
      3.0910
      2.3855
      1.3481
      0.5483
      0.1606
      0.0470
      0.0900
      0.3817
      1.2488
      2.9351
      4.9095
      5.8290
      0.0421
      0.0916
      0.2749
      0.6768
      1.3963
      2.4472
      3.5009
      3.8624
      3.1517
      1.8575
      0.7807
      0.2338
      0.0666
      0.1315
      0.5994
      2.0237
      4.8186
      8.1009
      9.6306
      0.0397
      0.0850
      0.2537
      0.6372
      1.3745
      2.5378
      3.7862
      4.2955
      3.5676
      2.1271
      0.9012
      0.2714
      0.0775
      0.1545
      0.7085
      2.3987
      5.7178
      9.6168
     11.4341
