      0.0004
      0.0010
      0.0025
      0.0034
      0.0025
      0.0011
      0.0005
      0.0005
      0.0009
      0.0026
      0.0062
      0.0083
      0.0060
      0.0024
      0.0005
      0.0001
      0.0000
      0.0000
      0.0000
      0.0006
      0.0013
      0.0029
      0.0036
      0.0024
      0.0010
      0.0004
      0.0004
      0.0007
      0.0022
      0.0055
      0.0079
      0.0063
      0.0027
      0.0006
      0.0001
      0.0000
      0.0000
      0.0000
      0.0008
      0.0015
      0.0029
      0.0031
      0.0018
      0.0006
      0.0002
      0.0002
      0.0003
      0.0012
      0.0036
      0.0064
      0.0064
      0.0037
      0.0012
      0.0002
      0.0000
      0.0000
      0.0000
      0.0011
      0.0014
      0.0018
      0.0016
      0.0008
      0.0002
      0.0001
      0.0000
      0.0001
      0.0007
      0.0032
      0.0090
      0.0145
      0.0131
      0.0066
      0.0018
      0.0003
      0.0000
      0.0000
      0.0150
      0.0112
      0.0048
      0.0014
      0.0003
      0.0001
      0.0000
      0.0000
      0.0001
      0.0013
      0.0087
      0.0316
      0.0622
      0.0664
      0.0383
      0.0119
      0.0020
      0.0002
      0.0000
      0.2442
      0.1795
      0.0713
      0.0152
      0.0018
      0.0001
      0.0001
      0.0001
      0.0003
      0.0027
      0.0195
      0.0786
      0.1710
      0.2007
      0.1273
      0.0435
      0.0081
      0.0010
      0.0003
      2.1432
      1.5751
      0.6246
      0.1332
      0.0152
      0.0010
      0.0002
      0.0003
      0.0005
      0.0031
      0.0243
      0.1074
      0.2560
      0.3293
      0.2289
      0.0863
      0.0195
      0.0073
      0.0076
     10.0531
      7.3886
      2.9298
      0.6246
      0.0712
      0.0044
      0.0004
      0.0004
      0.0004
      0.0019
      0.0164
      0.0794
      0.2076
      0.2934
      0.2259
      0.1020
      0.0577
      0.0924
      0.1220
     25.3528
     18.6332
      7.3886
      1.5751
      0.1795
      0.0110
      0.0007
      0.0004
      0.0003
      0.0007
      0.0060
      0.0323
      0.0947
      0.1552
      0.1534
      0.1505
      0.3429
      0.7915
      1.0678
     34.4957
     25.3528
     10.0531
      2.1432
      0.2443
      0.0154
      0.0022
      0.0025
      0.0020
      0.0010
      0.0016
      0.0095
      0.0403
      0.1104
      0.2171
      0.4945
      1.5653
      3.7086
      5.0076
     25.3528
     18.6332
      7.3886
      1.5753
      0.1811
      0.0190
      0.0214
      0.0296
      0.0225
      0.0093
      0.0026
      0.0070
      0.0484
      0.1956
      0.5006
      1.2697
      3.9871
      9.3695
     12.6339
     10.0531
      7.3886
      2.9299
      0.6263
      0.0847
      0.0650
      0.1485
      0.1969
      0.1414
      0.0548
      0.0119
      0.0086
      0.0594
      0.2642
      0.7227
      1.8270
      5.5180
     12.7894
     17.2065
      2.1432
      1.5752
      0.6255
      0.1423
      0.0762
      0.2478
      0.5626
      0.7027
      0.4767
      0.1747
      0.0347
      0.0084
      0.0416
      0.1973
      0.5702
      1.4334
      4.1462
      9.4446
     12.6669
      0.2442
      0.1799
      0.0759
      0.0476
      0.1653
      0.5624
      1.1657
      1.3607
      0.8702
      0.3015
      0.0563
      0.0073
      0.0159
      0.0797
      0.2434
      0.6120
      1.6942
      3.7800
      5.0491
      0.0150
      0.0127
      0.0201
      0.0817
      0.2897
      0.7730
      1.3942
      1.5057
      0.9130
      0.3029
      0.0544
      0.0055
      0.0034
      0.0174
      0.0575
      0.1553
      0.4395
      0.9791
      1.3061
      0.0011
      0.0045
      0.0316
      0.1360
      0.3847
      0.8336
      1.3847
      1.5163
      0.9762
      0.3524
      0.0700
      0.0076
      0.0008
      0.0029
      0.0211
      0.1422
      0.6292
      1.5686
      2.1304
      0.0008
      0.0051
      0.0360
      0.1507
      0.4617
      1.2581
      2.6576
      3.4803
      2.5651
      1.0337
      0.2253
      0.0263
      0.0018
      0.0042
      0.0671
      0.5861
      2.7465
      6.9249
      9.4219
      0.0006
      0.0037
      0.0254
      0.1269
      0.5994
      2.3619
      5.8532
      8.1287
      6.1501
      2.5161
      0.5539
      0.0652
      0.0044
      0.0103
      0.1681
      1.4751
      6.9193
     17.4495
     23.7422
      0.0004
      0.0025
      0.0181
      0.1131
      0.6964
      3.0731
      7.8539
     10.9961
      8.3416
      3.4167
      0.7527
      0.0887
      0.0060
      0.0140
      0.2287
      2.0070
      9.4144
     23.7420
     32.3039
