      0.0000
      0.0000
      0.0000
      0.0000
      0.0000
      0.0000
      0.0000
      0.0000
      0.0000
      0.0000
      0.0000
      0.0000
      0.0000
      0.0000
      0.0000
      0.0000
      0.0000
      0.0000
      0.0000
      0.0000
      0.0000
      0.0000
      0.0000
      0.0000
      0.0000
      0.0000
      0.0000
      0.0000
      0.0000
      0.0000
      0.0000
      0.0000
      0.0000
      0.0000
      0.0000
      0.0000
      0.0000
      0.0000
      0.0000
      0.0000
      0.0000
      0.0000
      0.0000
      0.0000
      0.0000
      0.0000
      0.0000
      0.0000
      0.0000
      0.0000
      0.0000
      0.0000
      0.0000
      0.0000
      0.0000
      0.0000
      0.0000
      0.0000
      0.0000
      0.0000
      0.0000
      0.0000
      0.0000
      0.0000
      0.0000
      0.0000
      0.0000
      0.0000
      0.0000
      0.0000
      0.0000
      0.0000
      0.0000
      0.0000
      0.0000
      0.0000
      0.0000
      0.0000
      0.0000
      0.0000
      0.0000
      0.0000
      0.0000
      0.0000
      0.0000
      0.0000
      0.0000
      0.0001
      0.0003
      0.0004
      0.0001
      0.0000
      0.0000
      0.0000
      0.0000
      0.0003
      0.0001
      0.0000
      0.0000
      0.0000
      0.0000
      0.0000
      0.0000
      0.0000
      0.0000
      0.0000
      0.0005
      0.0031
      0.0045
      0.0016
      0.0001
      0.0000
      0.0000
      0.0000
      0.0370
      0.0185
      0.0023
      0.0001
      0.0000
      0.0000
      0.0000
      0.0000
      0.0000
      0.0000
      0.0000
      0.0011
      0.0077
      0.0136
      0.0060
      0.0007
      0.0000
      0.0000
      0.0000
      1.2011
      0.6006
      0.0749
      0.0023
      0.0000
      0.0000
      0.0000
      0.0000
      0.0000
      0.0000
      0.0000
      0.0006
      0.0048
      0.0103
      0.0056
      0.0008
      0.0001
      0.0005
      0.0010
      9.6346
      4.8173
      0.6006
      0.0185
      0.0001
      0.0000
      0.0000
      0.0000
      0.0000
      0.0000
      0.0000
      0.0001
      0.0007
      0.0020
      0.0015
      0.0007
      0.0081
      0.0640
      0.1280
     19.2693
      9.6346
      1.2011
      0.0370
      0.0003
      0.0000
      0.0000
      0.0000
      0.0000
      0.0000
      0.0000
      0.0000
      0.0001
      0.0019
      0.0089
      0.0189
      0.2622
      2.0761
      4.1516
      9.6346
      4.8173
      0.6006
      0.0185
      0.0001
      0.0000
      0.0001
      0.0002
      0.0001
      0.0000
      0.0000
      0.0000
      0.0006
      0.0148
      0.0864
      0.1886
      2.1210
     16.6546
     33.3012
      1.2011
      0.6006
      0.0749
      0.0023
      0.0001
      0.0012
      0.0089
      0.0170
      0.0081
      0.0010
      0.0000
      0.0000
      0.0011
      0.0308
      0.2098
      0.4810
      4.3008
     33.3168
     66.6029
      0.0370
      0.0185
      0.0023
      0.0001
      0.0010
      0.0262
      0.1764
      0.2961
      0.1242
      0.0130
      0.0003
      0.0000
      0.0005
      0.0161
      0.1274
      0.3140
      2.1989
     16.6656
     33.3020
      0.0003
      0.0001
      0.0000
      0.0001
      0.0063
      0.1460
      0.8652
      1.2825
      0.4753
      0.0439
      0.0010
      0.0000
      0.0001
      0.0021
      0.0193
      0.0522
      0.2842
      2.0795
      4.1519
      0.0000
      0.0000
      0.0000
      0.0007
      0.0134
      0.2079
      1.0620
      1.3885
      0.4547
      0.0371
      0.0007
      0.0000
      0.0000
      0.0001
      0.0007
      0.0022
      0.0094
      0.0654
      0.1304
      0.0000
      0.0000
      0.0001
      0.0029
      0.0191
      0.0939
      0.3635
      0.4457
      0.1462
      0.0129
      0.0003
      0.0000
      0.0000
      0.0000
      0.0000
      0.0006
      0.0194
      0.1557
      0.3113
      0.0000
      0.0000
      0.0002
      0.0034
      0.0190
      0.1454
      1.0837
      2.2941
      1.2270
      0.1642
      0.0054
      0.0000
      0.0000
      0.0000
      0.0001
      0.0193
      0.6274
      5.0325
     10.0649
      0.0000
      0.0000
      0.0001
      0.0012
      0.0318
      0.9831
      8.4561
     18.1965
      9.7903
      1.3138
      0.0436
      0.0004
      0.0000
      0.0000
      0.0012
      0.1552
      5.0325
     40.3663
     80.7326
      0.0000
      0.0000
      0.0000
      0.0005
      0.0565
      1.9589
     16.9095
     36.3921
     19.5804
      2.6275
      0.0873
      0.0007
      0.0000
      0.0000
      0.0023
      0.3104
     10.0649
     80.7326
    161.4653
