      0.2045
      0.2211
      0.2571
      0.2852
      0.2921
      0.2855
      0.2749
      0.2552
      0.2171
      0.1649
      0.1152
      0.0795
      0.0565
      0.0394
      0.0248
      0.0132
      0.0058
      0.0023
      0.0013
      0.2003
      0.2150
      0.2461
      0.2685
      0.2707
      0.2610
      0.2491
      0.2315
      0.2002
      0.1592
      0.1226
      0.0983
      0.0816
      0.0641
      0.0437
      0.0248
      0.0115
      0.0047
      0.0027
      0.1855
      0.1953
      0.2142
      0.2232
      0.2154
      0.2003
      0.1876
      0.1768
      0.1639
      0.1535
      0.1547
      0.1658
      0.1706
      0.1531
      0.1141
      0.0692
      0.0342
      0.0147
      0.0088
      0.1630
      0.1662
      0.1700
      0.1644
      0.1490
      0.1331
      0.1250
      0.1261
      0.1380
      0.1695
      0.2280
      0.3002
      0.3482
      0.3364
      0.2648
      0.1689
      0.0884
      0.0415
      0.0269
      0.1565
      0.1519
      0.1383
      0.1179
      0.0981
      0.0872
      0.0896
      0.1054
      0.1408
      0.2133
      0.3370
      0.4902
      0.6057
      0.6142
      0.5059
      0.3400
      0.1925
      0.1036
      0.0756
      0.2103
      0.1941
      0.1541
      0.1104
      0.0814
      0.0751
      0.0882
      0.1153
      0.1638
      0.2622
      0.4379
      0.6691
      0.8637
      0.9141
      0.7908
      0.5707
      0.3665
      0.2426
      0.2039
      0.3614
      0.3263
      0.2424
      0.1555
      0.1021
      0.0907
      0.1073
      0.1358
      0.1812
      0.2795
      0.4714
      0.7446
      1.0005
      1.1105
      1.0274
      0.8319
      0.6520
      0.5543
      0.5279
      0.5942
      0.5338
      0.3897
      0.2407
      0.1461
      0.1160
      0.1245
      0.1436
      0.1725
      0.2468
      0.4128
      0.6718
      0.9450
      1.1199
      1.1556
      1.1276
      1.1402
      1.2054
      1.2442
      0.8183
      0.7343
      0.5339
      0.3249
      0.1870
      0.1318
      0.1248
      0.1293
      0.1384
      0.1798
      0.2943
      0.4946
      0.7413
      0.9776
      1.2073
      1.5102
      1.9291
      2.3431
      2.5211
      0.9121
      0.8187
      0.5952
      0.3610
      0.2028
      0.1321
      0.1122
      0.1053
      0.1003
      0.1140
      0.1758
      0.3053
      0.5058
      0.7959
      1.2544
      1.9869
      2.9595
      3.8597
      4.2336
      0.8183
      0.7358
      0.5394
      0.3348
      0.1972
      0.1345
      0.1132
      0.1008
      0.0864
      0.0795
      0.1000
      0.1706
      0.3270
      0.6516
      1.2974
      2.4058
      3.8811
      5.2320
      5.7890
      0.5942
      0.5394
      0.4115
      0.2852
      0.2095
      0.1816
      0.1709
      0.1526
      0.1221
      0.0905
      0.0758
      0.1024
      0.2193
      0.5387
      1.2509
      2.5169
      4.2144
      5.7684
      6.4087
      0.3614
      0.3410
      0.3015
      0.2827
      0.2999
      0.3303
      0.3374
      0.3024
      0.2337
      0.1561
      0.0968
      0.0819
      0.1562
      0.4229
      1.0584
      2.2115
      3.7678
      5.1959
      5.7847
      0.2103
      0.2243
      0.2769
      0.3802
      0.5159
      0.6304
      0.6674
      0.6045
      0.4655
      0.3030
      0.1689
      0.0975
      0.1204
      0.3079
      0.7897
      1.6791
      2.8869
      3.9982
      4.4569
      0.1565
      0.2018
      0.3430
      0.5769
      0.8595
      1.1021
      1.2089
      1.1298
      0.8925
      0.5898
      0.3246
      0.1594
      0.1185
      0.2379
      0.6022
      1.2917
      2.2347
      3.1049
      3.4645
      0.1630
      0.2341
      0.4535
      0.8186
      1.2785
      1.7157
      1.9724
      1.9271
      1.5807
      1.0745
      0.6004
      0.2848
      0.1633
      0.2525
      0.6171
      1.3288
      2.3088
      3.2155
      3.5906
      0.1855
      0.2743
      0.5524
      1.0337
      1.6847
      2.3721
      2.8601
      2.9125
      2.4677
      1.7176
      0.9747
      0.4626
      0.2478
      0.3439
      0.8240
      1.7758
      3.0907
      4.3086
      4.8126
      0.2003
      0.2981
      0.6102
      1.1732
      1.9810
      2.8971
      3.6150
      3.7831
      3.2698
      2.3075
      1.3216
      0.6299
      0.3335
      0.4517
      1.0767
      2.3208
      4.0409
      5.6344
      6.2939
      0.2045
      0.3047
      0.6276
      1.2202
      2.0899
      3.1007
      3.9169
      4.1372
      3.5994
      2.5513
      1.4654
      0.6996
      0.3701
      0.4994
      1.1893
      2.5637
      4.4640
      6.2246
      6.9533
