      0.0021
      0.0050
      0.0122
      0.0165
      0.0122
      0.0048
      0.0011
      0.0003
      0.0008
      0.0034
      0.0085
      0.0114
      0.0082
      0.0032
      0.0007
      0.0001
      0.0000
      0.0000
      0.0000
      0.0029
      0.0063
      0.0140
      0.0174
      0.0117
      0.0043
      0.0009
      0.0002
      0.0006
      0.0028
      0.0075
      0.0108
      0.0086
      0.0037
      0.0009
      0.0001
      0.0000
      0.0000
      0.0000
      0.0039
      0.0073
      0.0140
      0.0149
      0.0087
      0.0028
      0.0005
      0.0001
      0.0003
      0.0016
      0.0048
      0.0084
      0.0082
      0.0045
      0.0014
      0.0003
      0.0000
      0.0000
      0.0000
      0.0032
      0.0051
      0.0083
      0.0077
      0.0039
      0.0011
      0.0002
      0.0000
      0.0001
      0.0008
      0.0035
      0.0092
      0.0141
      0.0123
      0.0061
      0.0017
      0.0002
      0.0000
      0.0000
      0.0090
      0.0075
      0.0049
      0.0027
      0.0010
      0.0002
      0.0000
      0.0000
      0.0001
      0.0012
      0.0078
      0.0283
      0.0555
      0.0591
      0.0340
      0.0106
      0.0018
      0.0002
      0.0000
      0.1291
      0.0950
      0.0380
      0.0083
      0.0010
      0.0001
      0.0001
      0.0001
      0.0003
      0.0024
      0.0173
      0.0697
      0.1515
      0.1779
      0.1128
      0.0386
      0.0071
      0.0008
      0.0001
      1.1304
      0.8308
      0.3295
      0.0703
      0.0080
      0.0006
      0.0002
      0.0004
      0.0005
      0.0027
      0.0215
      0.0952
      0.2268
      0.2918
      0.2030
      0.0765
      0.0163
      0.0033
      0.0022
      5.3026
      3.8972
      1.5453
      0.3294
      0.0376
      0.0024
      0.0004
      0.0005
      0.0005
      0.0018
      0.0145
      0.0704
      0.1842
      0.2609
      0.2020
      0.0893
      0.0326
      0.0283
      0.0334
     13.3724
      9.8281
      3.8971
      0.8308
      0.0947
      0.0059
      0.0006
      0.0005
      0.0004
      0.0007
      0.0054
      0.0289
      0.0860
      0.1453
      0.1489
      0.1166
      0.1321
      0.2246
      0.2870
     18.1948
     13.3724
      5.3026
      1.1304
      0.1290
      0.0087
      0.0026
      0.0034
      0.0027
      0.0013
      0.0016
      0.0097
      0.0450
      0.1329
      0.2500
      0.3478
      0.5612
      1.0328
      1.3335
     13.3724
      9.8281
      3.8972
      0.8311
      0.0970
      0.0170
      0.0292
      0.0407
      0.0309
      0.0127
      0.0035
      0.0093
      0.0650
      0.2612
      0.5939
      0.8993
      1.4352
      2.5974
      3.3487
      5.3026
      3.8972
      1.5456
      0.3324
      0.0579
      0.0880
      0.2055
      0.2708
      0.1940
      0.0752
      0.0163
      0.0117
      0.0812
      0.3547
      0.8616
      1.3417
      2.0491
      3.5623
      4.5572
      1.1304
      0.8311
      0.3324
      0.0910
      0.1128
      0.3681
      0.7930
      0.9722
      0.6553
      0.2397
      0.0476
      0.0114
      0.0568
      0.2648
      0.6845
      1.1026
      1.6164
      2.6657
      3.3662
      0.1291
      0.0968
      0.0566
      0.1085
      0.3598
      0.9449
      1.7187
      1.9093
      1.2006
      0.4136
      0.0771
      0.0099
      0.0217
      0.1069
      0.2947
      0.4951
      0.7055
      1.0990
      1.3644
      0.0090
      0.0146
      0.0732
      0.3168
      0.8572
      1.6094
      2.2510
      2.1556
      1.2473
      0.4060
      0.0721
      0.0073
      0.0047
      0.0233
      0.0702
      0.1364
      0.2434
      0.4363
      0.5577
      0.0032
      0.0203
      0.1474
      0.5914
      1.3629
      2.0203
      2.2552
      1.9431
      1.1216
      0.3834
      0.0734
      0.0078
      0.0009
      0.0037
      0.0250
      0.1603
      0.6999
      1.7402
      2.3624
      0.0039
      0.0247
      0.1684
      0.6323
      1.3996
      2.2057
      3.0568
      3.3788
      2.3645
      0.9366
      0.2026
      0.0236
      0.0016
      0.0049
      0.0779
      0.6796
      3.1843
      8.0286
     10.9235
      0.0029
      0.0174
      0.1113
      0.4129
      1.0814
      2.6425
      5.4920
      7.3023
      5.4708
      2.2328
      0.4912
      0.0578
      0.0040
      0.0119
      0.1950
      1.7112
      8.0268
     20.2426
     27.5425
      0.0021
      0.0116
      0.0717
      0.2775
      0.9215
      3.0061
      7.1023
      9.7828
      7.3971
      3.0278
      0.6669
      0.0786
      0.0054
      0.0162
      0.2653
      2.3282
     10.9214
     27.5424
     37.4749
