      0.0000
      0.0000
      0.0000
      0.0000
      0.0000
      0.0000
      0.0000
      0.0000
      0.0000
      0.0000
      0.0000
      0.0000
      0.0000
      0.0000
      0.0000
      0.0000
      0.0000
      0.0000
      0.0000
      0.0000
      0.0000
      0.0000
      0.0000
      0.0000
      0.0000
      0.0000
      0.0000
      0.0000
      0.0000
      0.0000
      0.0000
      0.0000
      0.0000
      0.0000
      0.0000
      0.0000
      0.0000
      0.0000
      0.0000
      0.0000
      0.0000
      0.0000
      0.0000
      0.0000
      0.0000
      0.0000
      0.0000
      0.0000
      0.0000
      0.0000
      0.0000
      0.0000
      0.0000
      0.0000
      0.0000
      0.0000
      0.0000
      0.0000
      0.0000
      0.0000
      0.0000
      0.0000
      0.0000
      0.0000
      0.0000
      0.0000
      0.0000
      0.0000
      0.0000
      0.0000
      0.0000
      0.0000
      0.0000
      0.0000
      0.0000
      0.0000
      0.0000
      0.0000
      0.0000
      0.0000
      0.0000
      0.0000
      0.0000
      0.0000
      0.0000
      0.0000
      0.0000
      0.0000
      0.0000
      0.0000
      0.0000
      0.0000
      0.0000
      0.0000
      0.0000
      0.0016
      0.0008
      0.0001
      0.0000
      0.0000
      0.0000
      0.0000
      0.0000
      0.0000
      0.0000
      0.0000
      0.0001
      0.0003
      0.0005
      0.0002
      0.0000
      0.0000
      0.0000
      0.0000
      0.2125
      0.1062
      0.0132
      0.0004
      0.0000
      0.0000
      0.0000
      0.0000
      0.0000
      0.0000
      0.0000
      0.0001
      0.0008
      0.0014
      0.0006
      0.0001
      0.0000
      0.0000
      0.0000
      6.8905
      3.4453
      0.4295
      0.0132
      0.0001
      0.0000
      0.0000
      0.0000
      0.0000
      0.0000
      0.0000
      0.0001
      0.0005
      0.0010
      0.0006
      0.0001
      0.0001
      0.0007
      0.0013
     55.2702
     27.6351
      3.4453
      0.1062
      0.0008
      0.0000
      0.0000
      0.0000
      0.0000
      0.0000
      0.0000
      0.0000
      0.0001
      0.0002
      0.0001
      0.0004
      0.0111
      0.0893
      0.1785
    110.5404
     55.2702
      6.8905
      0.2125
      0.0016
      0.0000
      0.0000
      0.0000
      0.0000
      0.0000
      0.0000
      0.0000
      0.0000
      0.0000
      0.0003
      0.0114
      0.3610
      2.8941
      5.7880
     55.2702
     27.6351
      3.4453
      0.1062
      0.0008
      0.0000
      0.0000
      0.0000
      0.0000
      0.0000
      0.0000
      0.0000
      0.0000
      0.0003
      0.0026
      0.0921
      2.8954
     23.2135
     46.4262
      6.8905
      3.4453
      0.4295
      0.0132
      0.0001
      0.0000
      0.0002
      0.0004
      0.0002
      0.0000
      0.0000
      0.0000
      0.0000
      0.0007
      0.0060
      0.1864
      5.7915
     46.4267
     92.8522
      0.2125
      0.1062
      0.0132
      0.0004
      0.0001
      0.0007
      0.0040
      0.0066
      0.0028
      0.0003
      0.0000
      0.0000
      0.0000
      0.0004
      0.0035
      0.0948
      2.8967
     23.2134
     46.4261
      0.0016
      0.0008
      0.0001
      0.0004
      0.0028
      0.0080
      0.0214
      0.0289
      0.0106
      0.0010
      0.0000
      0.0000
      0.0000
      0.0000
      0.0005
      0.0121
      0.3614
      2.8940
      5.7879
      0.0000
      0.0000
      0.0003
      0.0068
      0.0423
      0.0693
      0.0487
      0.0334
      0.0102
      0.0008
      0.0000
      0.0000
      0.0000
      0.0000
      0.0000
      0.0004
      0.0113
      0.0902
      0.1804
      0.0000
      0.0000
      0.0015
      0.0316
      0.1677
      0.2240
      0.0841
      0.0215
      0.0064
      0.0007
      0.0000
      0.0000
      0.0000
      0.0000
      0.0000
      0.0005
      0.0158
      0.1271
      0.2541
      0.0000
      0.0000
      0.0020
      0.0366
      0.1672
      0.2026
      0.1615
      0.2344
      0.1240
      0.0166
      0.0006
      0.0000
      0.0000
      0.0000
      0.0001
      0.0158
      0.5110
      4.0987
      8.1974
      0.0000
      0.0000
      0.0007
      0.0106
      0.0444
      0.1400
      0.8672
      1.8455
      0.9926
      0.1332
      0.0044
      0.0000
      0.0000
      0.0000
      0.0010
      0.1264
      4.0987
     32.8764
     65.7528
      0.0000
      0.0000
      0.0001
      0.0016
      0.0108
      0.2029
      1.7154
      3.6899
      1.9853
      0.2664
      0.0088
      0.0001
      0.0000
      0.0000
      0.0019
      0.2528
      8.1974
     65.7528
    131.5055
