      0.5030
      0.5527
      0.6527
      0.7033
      0.6458
      0.5076
      0.3604
      0.2539
      0.1951
      0.1690
      0.1574
      0.1439
      0.1184
      0.0828
      0.0478
      0.0224
      0.0085
      0.0028
      0.0014
      0.4978
      0.5416
      0.6274
      0.6640
      0.6007
      0.4661
      0.3275
      0.2298
      0.1780
      0.1579
      0.1523
      0.1448
      0.1241
      0.0907
      0.0549
      0.0271
      0.0110
      0.0038
      0.0020
      0.4685
      0.4976
      0.5491
      0.5543
      0.4815
      0.3608
      0.2470
      0.1724
      0.1385
      0.1334
      0.1434
      0.1523
      0.1453
      0.1180
      0.0795
      0.0440
      0.0201
      0.0081
      0.0047
      0.3994
      0.4117
      0.4263
      0.4030
      0.3306
      0.2367
      0.1584
      0.1137
      0.1011
      0.1138
      0.1437
      0.1762
      0.1905
      0.1732
      0.1299
      0.0802
      0.0416
      0.0202
      0.0137
      0.3134
      0.3116
      0.2976
      0.2583
      0.1979
      0.1373
      0.0957
      0.0786
      0.0835
      0.1104
      0.1594
      0.2187
      0.2607
      0.2591
      0.2127
      0.1461
      0.0882
      0.0536
      0.0427
      0.2695
      0.2559
      0.2182
      0.1667
      0.1173
      0.0834
      0.0695
      0.0710
      0.0850
      0.1181
      0.1799
      0.2637
      0.3370
      0.3612
      0.3251
      0.2546
      0.1878
      0.1467
      0.1337
      0.3189
      0.2912
      0.2232
      0.1479
      0.0937
      0.0702
      0.0695
      0.0781
      0.0916
      0.1215
      0.1853
      0.2838
      0.3872
      0.4522
      0.4602
      0.4315
      0.4015
      0.3875
      0.3848
      0.4556
      0.4102
      0.3010
      0.1860
      0.1093
      0.0794
      0.0784
      0.0847
      0.0911
      0.1105
      0.1654
      0.2654
      0.3935
      0.5184
      0.6246
      0.7232
      0.8263
      0.9162
      0.9531
      0.6055
      0.5437
      0.3958
      0.2411
      0.1381
      0.0955
      0.0882
      0.0882
      0.0854
      0.0918
      0.1310
      0.2220
      0.3696
      0.5719
      0.8346
      1.1647
      1.5306
      1.8351
      1.9557
      0.6708
      0.6031
      0.4421
      0.2758
      0.1675
      0.1238
      0.1148
      0.1090
      0.0955
      0.0860
      0.1050
      0.1806
      0.3416
      0.6241
      1.0708
      1.6965
      2.4190
      3.0266
      3.2674
      0.6055
      0.5491
      0.4181
      0.2913
      0.2212
      0.2049
      0.2057
      0.1916
      0.1560
      0.1172
      0.1056
      0.1571
      0.3176
      0.6534
      1.2438
      2.1214
      3.1666
      4.0590
      4.4150
      0.4556
      0.4277
      0.3728
      0.3457
      0.3698
      0.4159
      0.4325
      0.3898
      0.2990
      0.1998
      0.1363
      0.1487
      0.2844
      0.6175
      1.2437
      2.2109
      3.3897
      4.4099
      4.8194
      0.3189
      0.3340
      0.3967
      0.5280
      0.7012
      0.8355
      0.8519
      0.7331
      0.5319
      0.3288
      0.1880
      0.1455
      0.2320
      0.5035
      1.0446
      1.9042
      2.9708
      3.9041
      4.2807
      0.2695
      0.3386
      0.5508
      0.8850
      1.2419
      1.4649
      1.4421
      1.1876
      0.8216
      0.4806
      0.2470
      0.1432
      0.1707
      0.3530
      0.7466
      1.3907
      2.2038
      2.9227
      3.2142
      0.3134
      0.4393
      0.8077
      1.3484
      1.8789
      2.1635
      2.0676
      1.6518
      1.1102
      0.6307
      0.3076
      0.1473
      0.1238
      0.2325
      0.5067
      0.9782
      1.5890
      2.1369
      2.3606
      0.3994
      0.5703
      1.0585
      1.7475
      2.3893
      2.6995
      2.5420
      2.0148
      1.3541
      0.7739
      0.3775
      0.1677
      0.1085
      0.1852
      0.4288
      0.8771
      1.4782
      2.0272
      2.2530
      0.4685
      0.6604
      1.1993
      1.9401
      2.6108
      2.9264
      2.7653
      2.2289
      1.5423
      0.9144
      0.4620
      0.2068
      0.1238
      0.2070
      0.5058
      1.0775
      1.8594
      2.5808
      2.8788
      0.4978
      0.6905
      1.2254
      1.9483
      2.5974
      2.9161
      2.7984
      2.3223
      1.6701
      1.0317
      0.5409
      0.2487
      0.1500
      0.2550
      0.6363
      1.3733
      2.3872
      3.3253
      3.7134
      0.5030
      0.6929
      1.2172
      1.9220
      2.5548
      2.8759
      2.7852
      2.3460
      1.7174
      1.0795
      0.5744
      0.2670
      0.1626
      0.2785
      0.6980
      1.5102
      2.6286
      3.6639
      4.0923
