      0.0022
      0.0052
      0.0129
      0.0175
      0.0129
      0.0052
      0.0013
      0.0004
      0.0006
      0.0019
      0.0045
      0.0060
      0.0043
      0.0017
      0.0004
      0.0000
      0.0000
      0.0000
      0.0000
      0.0031
      0.0067
      0.0149
      0.0184
      0.0124
      0.0046
      0.0010
      0.0003
      0.0005
      0.0015
      0.0040
      0.0058
      0.0046
      0.0020
      0.0005
      0.0001
      0.0000
      0.0000
      0.0000
      0.0041
      0.0078
      0.0148
      0.0158
      0.0092
      0.0029
      0.0006
      0.0001
      0.0002
      0.0009
      0.0028
      0.0053
      0.0057
      0.0036
      0.0013
      0.0003
      0.0000
      0.0000
      0.0000
      0.0033
      0.0054
      0.0087
      0.0081
      0.0041
      0.0011
      0.0002
      0.0000
      0.0001
      0.0008
      0.0040
      0.0122
      0.0207
      0.0195
      0.0101
      0.0028
      0.0004
      0.0000
      0.0000
      0.0084
      0.0072
      0.0049
      0.0027
      0.0011
      0.0003
      0.0000
      0.0000
      0.0002
      0.0020
      0.0135
      0.0496
      0.0980
      0.1048
      0.0606
      0.0189
      0.0032
      0.0003
      0.0000
      0.1187
      0.0874
      0.0350
      0.0077
      0.0010
      0.0001
      0.0001
      0.0001
      0.0004
      0.0041
      0.0308
      0.1245
      0.2708
      0.3180
      0.2017
      0.0690
      0.0127
      0.0013
      0.0003
      1.0391
      0.7637
      0.3029
      0.0646
      0.0074
      0.0005
      0.0002
      0.0003
      0.0005
      0.0047
      0.0384
      0.1702
      0.4056
      0.5216
      0.3626
      0.1364
      0.0290
      0.0062
      0.0046
      4.8740
      3.5822
      1.4204
      0.3028
      0.0345
      0.0022
      0.0003
      0.0003
      0.0004
      0.0030
      0.0259
      0.1257
      0.3285
      0.4636
      0.3553
      0.1535
      0.0564
      0.0564
      0.0699
     12.2917
      9.0338
      3.5822
      0.7637
      0.0870
      0.0054
      0.0004
      0.0003
      0.0003
      0.0010
      0.0095
      0.0506
      0.1465
      0.2331
      0.2141
      0.1545
      0.2241
      0.4571
      0.6048
     16.7243
     12.2917
      4.8740
      1.0391
      0.1185
      0.0076
      0.0015
      0.0018
      0.0014
      0.0008
      0.0021
      0.0127
      0.0476
      0.1120
      0.1889
      0.3487
      0.9394
      2.1118
      2.8204
     12.2917
      9.0338
      3.5822
      0.7638
      0.0883
      0.0113
      0.0155
      0.0215
      0.0163
      0.0067
      0.0020
      0.0057
      0.0374
      0.1465
      0.3627
      0.8282
      2.3393
      5.2974
      7.0888
      4.8740
      3.5822
      1.4207
      0.3049
      0.0465
      0.0492
      0.1099
      0.1433
      0.1024
      0.0396
      0.0086
      0.0062
      0.0431
      0.1910
      0.5097
      1.1705
      3.2090
      7.2016
      9.6296
      1.0391
      0.7640
      0.3057
      0.0815
      0.0782
      0.2158
      0.4341
      0.5189
      0.3468
      0.1265
      0.0251
      0.0060
      0.0300
      0.1420
      0.3996
      0.9157
      2.4062
      5.3076
      7.0776
      0.1187
      0.0893
      0.0538
      0.1019
      0.2900
      0.6286
      0.9997
      1.0453
      0.6434
      0.2203
      0.0410
      0.0053
      0.0115
      0.0572
      0.1704
      0.3925
      0.9863
      2.1257
      2.8219
      0.0084
      0.0147
      0.0760
      0.3201
      0.7987
      1.2863
      1.5191
      1.3183
      0.7413
      0.2427
      0.0440
      0.0046
      0.0025
      0.0125
      0.0404
      0.1022
      0.2702
      0.5875
      0.7803
      0.0033
      0.0214
      0.1553
      0.6176
      1.3935
      1.9892
      2.1691
      1.9308
      1.1954
      0.4416
      0.0911
      0.0102
      0.0009
      0.0021
      0.0159
      0.1089
      0.4836
      1.2064
      1.6387
      0.0041
      0.0261
      0.1785
      0.6777
      1.5711
      2.8083
      4.5379
      5.4746
      3.9808
      1.6077
      0.3519
      0.0413
      0.0027
      0.0033
      0.0524
      0.4582
      2.1476
      5.4150
      7.3676
      0.0031
      0.0184
      0.1195
      0.4684
      1.4331
      4.2048
      9.4961
     12.9198
      9.7386
      3.9827
      0.8770
      0.1033
      0.0067
      0.0081
      0.1315
      1.1537
      5.4118
     13.6479
     18.5697
      0.0022
      0.0124
      0.0784
      0.3374
      1.3740
      5.1170
     12.5632
     17.4502
     13.2183
      5.4130
      1.1925
      0.1405
      0.0091
      0.0111
      0.1788
      1.5697
      7.3634
     18.5696
     25.2662
