      0.0021
      0.0051
      0.0125
      0.0170
      0.0125
      0.0050
      0.0012
      0.0004
      0.0010
      0.0039
      0.0097
      0.0130
      0.0094
      0.0037
      0.0008
      0.0001
      0.0000
      0.0000
      0.0000
      0.0030
      0.0065
      0.0144
      0.0178
      0.0120
      0.0045
      0.0010
      0.0003
      0.0008
      0.0032
      0.0085
      0.0123
      0.0097
      0.0042
      0.0010
      0.0001
      0.0000
      0.0000
      0.0000
      0.0040
      0.0075
      0.0143
      0.0153
      0.0089
      0.0029
      0.0005
      0.0001
      0.0004
      0.0018
      0.0053
      0.0091
      0.0085
      0.0044
      0.0013
      0.0002
      0.0000
      0.0000
      0.0000
      0.0035
      0.0054
      0.0085
      0.0079
      0.0040
      0.0011
      0.0002
      0.0000
      0.0001
      0.0007
      0.0027
      0.0061
      0.0082
      0.0063
      0.0028
      0.0007
      0.0001
      0.0000
      0.0000
      0.0157
      0.0125
      0.0069
      0.0031
      0.0011
      0.0002
      0.0000
      0.0000
      0.0001
      0.0005
      0.0033
      0.0116
      0.0224
      0.0235
      0.0134
      0.0042
      0.0007
      0.0001
      0.0000
      0.2403
      0.1767
      0.0704
      0.0152
      0.0018
      0.0001
      0.0000
      0.0001
      0.0001
      0.0009
      0.0068
      0.0273
      0.0592
      0.0695
      0.0441
      0.0151
      0.0028
      0.0004
      0.0001
      2.1064
      1.5481
      0.6139
      0.1309
      0.0149
      0.0009
      0.0001
      0.0002
      0.0002
      0.0011
      0.0084
      0.0371
      0.0885
      0.1140
      0.0795
      0.0304
      0.0075
      0.0035
      0.0037
      9.8806
      7.2618
      2.8795
      0.6139
      0.0700
      0.0043
      0.0003
      0.0003
      0.0003
      0.0007
      0.0057
      0.0276
      0.0724
      0.1037
      0.0829
      0.0424
      0.0297
      0.0464
      0.0596
     24.9177
     18.3134
      7.2618
      1.5481
      0.1764
      0.0108
      0.0006
      0.0004
      0.0003
      0.0003
      0.0022
      0.0119
      0.0380
      0.0729
      0.0934
      0.1086
      0.1961
      0.3944
      0.5179
     33.9036
     24.9177
      9.8806
      2.1064
      0.2402
      0.0154
      0.0030
      0.0038
      0.0030
      0.0014
      0.0010
      0.0066
      0.0372
      0.1278
      0.2684
      0.4381
      0.8936
      1.8340
      2.4172
     24.9177
     18.3134
      7.2618
      1.5484
      0.1791
      0.0234
      0.0334
      0.0463
      0.0352
      0.0145
      0.0039
      0.0100
      0.0724
      0.2953
      0.6885
      1.1599
      2.2894
      4.6228
      6.0832
      9.8806
      7.2618
      2.8799
      0.6172
      0.0929
      0.1016
      0.2341
      0.3086
      0.2211
      0.0857
      0.0186
      0.0133
      0.0925
      0.4053
      1.0031
      1.7181
      3.2305
      6.3267
      8.2814
      2.1064
      1.5484
      0.6170
      0.1532
      0.1310
      0.4154
      0.9006
      1.1069
      0.7468
      0.2732
      0.0542
      0.0130
      0.0648
      0.3028
      0.7962
      1.3969
      2.5023
      4.7060
      6.1073
      0.2403
      0.1786
      0.0897
      0.1206
      0.3892
      1.0487
      1.9379
      2.1664
      1.3650
      0.4705
      0.0876
      0.0113
      0.0248
      0.1222
      0.3422
      0.6196
      1.0637
      1.9079
      2.4469
      0.0157
      0.0198
      0.0772
      0.3284
      0.9006
      1.7315
      2.4712
      2.3855
      1.3791
      0.4464
      0.0786
      0.0079
      0.0053
      0.0266
      0.0803
      0.1579
      0.2887
      0.5257
      0.6743
      0.0035
      0.0210
      0.1513
      0.6065
      1.3921
      2.0252
      2.1543
      1.7310
      0.9291
      0.2956
      0.0526
      0.0052
      0.0008
      0.0036
      0.0191
      0.1004
      0.4115
      1.0093
      1.3672
      0.0040
      0.0253
      0.1721
      0.6382
      1.3397
      1.7900
      1.8901
      1.7007
      1.0773
      0.4061
      0.0852
      0.0097
      0.0007
      0.0028
      0.0440
      0.3820
      1.7879
      4.5067
      6.1315
      0.0030
      0.0178
      0.1125
      0.3955
      0.8544
      1.4735
      2.4070
      2.9523
      2.1645
      0.8776
      0.1925
      0.0226
      0.0016
      0.0067
      0.1094
      0.9601
      4.5037
     11.3576
     15.4534
      0.0021
      0.0119
      0.0713
      0.2463
      0.5973
      1.3962
      2.8880
      3.8531
      2.8936
      1.1825
      0.2603
      0.0307
      0.0022
      0.0090
      0.1488
      1.3063
      6.1277
     15.4533
     21.0261
