      0.0002
      0.0004
      0.0010
      0.0013
      0.0010
      0.0005
      0.0003
      0.0005
      0.0017
      0.0067
      0.0164
      0.0220
      0.0160
      0.0063
      0.0013
      0.0001
      0.0000
      0.0000
      0.0000
      0.0002
      0.0005
      0.0011
      0.0014
      0.0010
      0.0004
      0.0002
      0.0004
      0.0013
      0.0055
      0.0144
      0.0209
      0.0165
      0.0071
      0.0017
      0.0002
      0.0000
      0.0000
      0.0000
      0.0003
      0.0006
      0.0011
      0.0012
      0.0007
      0.0003
      0.0001
      0.0002
      0.0006
      0.0030
      0.0089
      0.0150
      0.0138
      0.0069
      0.0019
      0.0003
      0.0000
      0.0000
      0.0000
      0.0010
      0.0010
      0.0009
      0.0007
      0.0003
      0.0001
      0.0000
      0.0000
      0.0002
      0.0010
      0.0034
      0.0067
      0.0072
      0.0043
      0.0014
      0.0003
      0.0000
      0.0000
      0.0000
      0.0251
      0.0186
      0.0075
      0.0017
      0.0003
      0.0000
      0.0000
      0.0000
      0.0000
      0.0002
      0.0009
      0.0024
      0.0036
      0.0031
      0.0015
      0.0004
      0.0001
      0.0000
      0.0000
      0.4149
      0.3049
      0.1209
      0.0258
      0.0029
      0.0002
      0.0000
      0.0000
      0.0000
      0.0001
      0.0006
      0.0024
      0.0051
      0.0059
      0.0037
      0.0013
      0.0003
      0.0001
      0.0002
      3.6411
      2.6761
      1.0611
      0.2262
      0.0258
      0.0016
      0.0001
      0.0001
      0.0001
      0.0001
      0.0007
      0.0031
      0.0073
      0.0096
      0.0069
      0.0031
      0.0022
      0.0039
      0.0051
     17.0798
     12.5529
      4.9776
      1.0611
      0.1209
      0.0073
      0.0003
      0.0001
      0.0001
      0.0001
      0.0005
      0.0025
      0.0072
      0.0127
      0.0149
      0.0157
      0.0295
      0.0637
      0.0852
     43.0732
     31.6570
     12.5529
      2.6761
      0.3049
      0.0185
      0.0008
      0.0004
      0.0003
      0.0001
      0.0003
      0.0026
      0.0139
      0.0443
      0.0851
      0.1271
      0.2622
      0.5612
      0.7489
     58.6064
     43.0732
     17.0798
      3.6411
      0.4151
      0.0266
      0.0051
      0.0063
      0.0051
      0.0022
      0.0011
      0.0074
      0.0511
      0.1939
      0.4167
      0.6497
      1.2770
      2.6516
      3.5205
     43.0732
     31.6570
     12.5529
      2.6765
      0.3093
      0.0398
      0.0565
      0.0787
      0.0598
      0.0246
      0.0065
      0.0166
      0.1212
      0.4954
      1.1372
      1.8168
      3.3778
      6.7556
      8.9068
     17.0798
     12.5529
      4.9779
      1.0653
      0.1558
      0.1668
      0.3931
      0.5226
      0.3755
      0.1457
      0.0316
      0.0226
      0.1570
      0.6863
      1.6788
      2.7580
      4.8665
      9.3198
     12.1767
      3.6411
      2.6761
      1.0625
      0.2452
      0.1743
      0.6385
      1.4806
      1.8616
      1.2653
      0.4640
      0.0922
      0.0222
      0.1101
      0.5137
      1.3397
      2.2735
      3.8269
      6.9775
      9.0116
      0.4149
      0.3052
      0.1253
      0.0752
      0.3490
      1.3772
      3.0096
      3.5740
      2.2973
      0.7968
      0.1487
      0.0192
      0.0421
      0.2075
      0.5772
      1.0164
      1.6433
      2.8382
      3.6128
      0.0251
      0.0193
      0.0169
      0.0804
      0.4564
      1.6327
      3.3206
      3.7127
      2.2551
      0.7398
      0.1304
      0.0131
      0.0090
      0.0451
      0.1343
      0.2492
      0.4014
      0.6691
      0.8412
      0.0010
      0.0023
      0.0149
      0.0845
      0.3634
      1.0934
      2.0171
      2.1082
      1.2097
      0.3763
      0.0630
      0.0057
      0.0012
      0.0055
      0.0204
      0.0650
      0.2040
      0.4662
      0.6241
      0.0003
      0.0020
      0.0146
      0.0637
      0.1953
      0.4555
      0.7389
      0.7309
      0.4110
      0.1280
      0.0219
      0.0020
      0.0002
      0.0014
      0.0188
      0.1576
      0.7324
      1.8434
      2.5073
      0.0002
      0.0014
      0.0090
      0.0337
      0.0845
      0.1747
      0.2956
      0.3363
      0.2258
      0.0852
      0.0177
      0.0020
      0.0002
      0.0027
      0.0447
      0.3920
      1.8387
      4.6369
      6.3091
      0.0002
      0.0009
      0.0056
      0.0199
      0.0508
      0.1234
      0.2529
      0.3301
      0.2437
      0.0984
      0.0215
      0.0025
      0.0003
      0.0037
      0.0608
      0.5333
      2.5017
      6.3089
      8.5840
