      0.0004
      0.0011
      0.0026
      0.0035
      0.0026
      0.0012
      0.0007
      0.0008
      0.0017
      0.0057
      0.0138
      0.0185
      0.0134
      0.0053
      0.0011
      0.0001
      0.0000
      0.0000
      0.0000
      0.0006
      0.0013
      0.0030
      0.0037
      0.0025
      0.0011
      0.0005
      0.0006
      0.0013
      0.0047
      0.0121
      0.0175
      0.0139
      0.0060
      0.0014
      0.0002
      0.0000
      0.0000
      0.0000
      0.0008
      0.0016
      0.0030
      0.0032
      0.0019
      0.0007
      0.0003
      0.0002
      0.0006
      0.0025
      0.0075
      0.0126
      0.0116
      0.0058
      0.0016
      0.0002
      0.0000
      0.0000
      0.0000
      0.0007
      0.0011
      0.0018
      0.0016
      0.0008
      0.0002
      0.0001
      0.0001
      0.0002
      0.0008
      0.0030
      0.0059
      0.0066
      0.0041
      0.0014
      0.0003
      0.0000
      0.0000
      0.0000
      0.0012
      0.0011
      0.0008
      0.0005
      0.0002
      0.0001
      0.0000
      0.0000
      0.0001
      0.0003
      0.0012
      0.0035
      0.0059
      0.0056
      0.0030
      0.0009
      0.0001
      0.0000
      0.0000
      0.0155
      0.0114
      0.0046
      0.0010
      0.0001
      0.0000
      0.0001
      0.0002
      0.0002
      0.0003
      0.0014
      0.0056
      0.0121
      0.0141
      0.0089
      0.0031
      0.0007
      0.0003
      0.0003
      0.1352
      0.0994
      0.0394
      0.0084
      0.0010
      0.0001
      0.0002
      0.0004
      0.0004
      0.0004
      0.0017
      0.0075
      0.0178
      0.0230
      0.0163
      0.0070
      0.0045
      0.0080
      0.0106
      0.6344
      0.4663
      0.1849
      0.0394
      0.0045
      0.0004
      0.0004
      0.0006
      0.0005
      0.0003
      0.0012
      0.0057
      0.0155
      0.0241
      0.0235
      0.0242
      0.0565
      0.1303
      0.1757
      1.5999
      1.1758
      0.4663
      0.0994
      0.0114
      0.0009
      0.0005
      0.0007
      0.0005
      0.0002
      0.0006
      0.0036
      0.0158
      0.0441
      0.0839
      0.1675
      0.4891
      1.1435
      1.5421
      2.1768
      1.5999
      0.6344
      0.1353
      0.0157
      0.0023
      0.0038
      0.0055
      0.0044
      0.0019
      0.0010
      0.0065
      0.0439
      0.1664
      0.3829
      0.8163
      2.3260
      5.3760
      7.2374
      1.5999
      1.1758
      0.4663
      0.0998
      0.0151
      0.0187
      0.0470
      0.0660
      0.0502
      0.0206
      0.0055
      0.0140
      0.1020
      0.4208
      1.0325
      2.2010
      5.9895
     13.6088
     18.2715
      0.6344
      0.4663
      0.1851
      0.0430
      0.0341
      0.1347
      0.3301
      0.4387
      0.3151
      0.1222
      0.0265
      0.0190
      0.1319
      0.5822
      1.5136
      3.2305
      8.3700
     18.6181
     24.9049
      0.1352
      0.0995
      0.0409
      0.0260
      0.1298
      0.5404
      1.2467
      1.5637
      1.0620
      0.3894
      0.0774
      0.0186
      0.0925
      0.4357
      1.2008
      2.5795
      6.3588
     13.7883
     18.3543
      0.0155
      0.0119
      0.0107
      0.0539
      0.3178
      1.1909
      2.5501
      3.0083
      1.9296
      0.6689
      0.1248
      0.0161
      0.0354
      0.1760
      0.5148
      1.1199
      2.6307
      5.5376
      7.3254
      0.0012
      0.0027
      0.0184
      0.1081
      0.4770
      1.4847
      2.8632
      3.1450
      1.8998
      0.6223
      0.1097
      0.0110
      0.0076
      0.0383
      0.1209
      0.2814
      0.6760
      1.4167
      1.8696
      0.0007
      0.0044
      0.0335
      0.1538
      0.4803
      1.1227
      1.8350
      1.8398
      1.0457
      0.3261
      0.0550
      0.0050
      0.0010
      0.0056
      0.0335
      0.1982
      0.8452
      2.0911
      2.8366
      0.0008
      0.0053
      0.0366
      0.1429
      0.3457
      0.6060
      0.8291
      0.7918
      0.4611
      0.1533
      0.0284
      0.0029
      0.0004
      0.0056
      0.0892
      0.7764
      3.6362
      9.1671
     12.4723
      0.0006
      0.0037
      0.0235
      0.0841
      0.1893
      0.3433
      0.5613
      0.6652
      0.4714
      0.1863
      0.0401
      0.0047
      0.0007
      0.0134
      0.2225
      1.9525
      9.1587
     23.0969
     31.4262
      0.0004
      0.0025
      0.0148
      0.0514
      0.1251
      0.2906
      0.5938
      0.7849
      0.5859
      0.2385
      0.0524
      0.0062
      0.0010
      0.0183
      0.3027
      2.6565
     12.4613
     31.4259
     42.7588
