      0.0010
      0.0023
      0.0056
      0.0077
      0.0057
      0.0023
      0.0008
      0.0006
      0.0010
      0.0034
      0.0082
      0.0109
      0.0079
      0.0031
      0.0007
      0.0001
      0.0000
      0.0000
      0.0000
      0.0014
      0.0029
      0.0065
      0.0081
      0.0055
      0.0021
      0.0006
      0.0004
      0.0008
      0.0028
      0.0072
      0.0104
      0.0082
      0.0035
      0.0008
      0.0001
      0.0000
      0.0000
      0.0000
      0.0018
      0.0034
      0.0065
      0.0069
      0.0040
      0.0013
      0.0003
      0.0002
      0.0004
      0.0015
      0.0045
      0.0076
      0.0071
      0.0036
      0.0010
      0.0002
      0.0000
      0.0000
      0.0000
      0.0018
      0.0026
      0.0039
      0.0036
      0.0018
      0.0005
      0.0001
      0.0000
      0.0001
      0.0005
      0.0021
      0.0045
      0.0058
      0.0042
      0.0018
      0.0004
      0.0001
      0.0000
      0.0000
      0.0145
      0.0111
      0.0053
      0.0019
      0.0006
      0.0001
      0.0000
      0.0000
      0.0001
      0.0003
      0.0020
      0.0068
      0.0130
      0.0135
      0.0077
      0.0024
      0.0004
      0.0000
      0.0000
      0.2318
      0.1705
      0.0677
      0.0146
      0.0017
      0.0001
      0.0001
      0.0001
      0.0002
      0.0006
      0.0039
      0.0155
      0.0335
      0.0393
      0.0249
      0.0085
      0.0016
      0.0003
      0.0002
      2.0338
      1.4948
      0.5927
      0.1264
      0.0144
      0.0009
      0.0002
      0.0003
      0.0003
      0.0007
      0.0048
      0.0210
      0.0501
      0.0645
      0.0450
      0.0175
      0.0057
      0.0056
      0.0071
      9.5402
      7.0116
      2.7803
      0.5927
      0.0676
      0.0042
      0.0005
      0.0005
      0.0004
      0.0005
      0.0032
      0.0156
      0.0411
      0.0594
      0.0486
      0.0300
      0.0413
      0.0872
      0.1167
     24.0592
     17.6825
      7.0116
      1.4948
      0.1703
      0.0104
      0.0007
      0.0005
      0.0004
      0.0003
      0.0013
      0.0070
      0.0233
      0.0480
      0.0699
      0.1182
      0.3285
      0.7597
      1.0220
     32.7355
     24.0592
      9.5402
      2.0338
      0.2319
      0.0148
      0.0027
      0.0033
      0.0026
      0.0012
      0.0008
      0.0049
      0.0294
      0.1050
      0.2390
      0.5274
      1.5390
      3.5612
      4.7904
     24.0592
     17.6825
      7.0116
      1.4950
      0.1725
      0.0210
      0.0282
      0.0392
      0.0297
      0.0122
      0.0033
      0.0084
      0.0609
      0.2513
      0.6256
      1.3956
      3.9345
      8.9965
     12.0823
      9.5402
      7.0116
      2.7805
      0.5951
      0.0859
      0.0849
      0.1967
      0.2603
      0.1868
      0.0724
      0.0157
      0.0113
      0.0782
      0.3461
      0.9115
      2.0288
      5.4689
     12.2878
     16.4554
      2.0338
      1.4949
      0.5944
      0.1406
      0.1007
      0.3348
      0.7490
      0.9307
      0.6301
      0.2308
      0.0458
      0.0110
      0.0549
      0.2588
      0.7211
      1.6089
      4.1356
      9.0866
     12.1185
      0.2318
      0.1713
      0.0771
      0.0721
      0.2533
      0.7880
      1.5689
      1.8048
      1.1482
      0.3970
      0.0740
      0.0095
      0.0210
      0.1045
      0.3087
      0.6950
      1.7044
      3.6463
      4.8364
      0.0145
      0.0145
      0.0380
      0.1618
      0.5007
      1.1463
      1.8773
      1.9362
      1.1463
      0.3736
      0.0659
      0.0066
      0.0045
      0.0228
      0.0729
      0.1781
      0.4537
      0.9732
      1.2897
      0.0018
      0.0097
      0.0691
      0.2832
      0.6922
      1.1491
      1.4407
      1.2872
      0.7157
      0.2275
      0.0399
      0.0038
      0.0007
      0.0036
      0.0247
      0.1604
      0.7025
      1.7476
      2.3727
      0.0018
      0.0114
      0.0781
      0.2925
      0.6343
      0.9193
      1.0859
      1.0379
      0.6605
      0.2455
      0.0507
      0.0057
      0.0005
      0.0047
      0.0754
      0.6583
      3.0844
      7.7768
     10.5809
      0.0014
      0.0080
      0.0510
      0.1813
      0.4080
      0.7658
      1.3368
      1.6732
      1.2299
      0.4981
      0.1091
      0.0128
      0.0012
      0.0114
      0.1888
      1.6567
      7.7713
     19.5982
     26.6658
      0.0010
      0.0054
      0.0324
      0.1141
      0.2949
      0.7508
      1.6151
      2.1748
      1.6357
      0.6685
      0.1472
      0.0173
      0.0016
      0.0155
      0.2568
      2.2541
     10.5737
     26.6655
     36.2817
