      0.3619
      0.3715
      0.3920
      0.4062
      0.4033
      0.3887
      0.3797
      0.3935
      0.4344
      0.4890
      0.5293
      0.5263
      0.4675
      0.3650
      0.2490
      0.1490
      0.0806
      0.0440
      0.0329
      0.3656
      0.3730
      0.3880
      0.3956
      0.3876
      0.3703
      0.3606
      0.3742
      0.4151
      0.4701
      0.5126
      0.5144
      0.4619
      0.3656
      0.2534
      0.1543
      0.0849
      0.0470
      0.0353
      0.3871
      0.3877
      0.3856
      0.3736
      0.3507
      0.3261
      0.3149
      0.3290
      0.3698
      0.4254
      0.4727
      0.4862
      0.4505
      0.3704
      0.2683
      0.1717
      0.0994
      0.0576
      0.0442
      0.4617
      0.4500
      0.4169
      0.3698
      0.3207
      0.2841
      0.2714
      0.2867
      0.3268
      0.3809
      0.4319
      0.4588
      0.4446
      0.3865
      0.2987
      0.2057
      0.1296
      0.0823
      0.0665
      0.6522
      0.6198
      0.5351
      0.4290
      0.3354
      0.2766
      0.2581
      0.2726
      0.3086
      0.3566
      0.4068
      0.4447
      0.4528
      0.4199
      0.3508
      0.2651
      0.1873
      0.1354
      0.1174
      1.0239
      0.9593
      0.7937
      0.5936
      0.4252
      0.3237
      0.2870
      0.2923
      0.3175
      0.3530
      0.3970
      0.4432
      0.4747
      0.4727
      0.4314
      0.3637
      0.2936
      0.2432
      0.2252
      1.5880
      1.4796
      1.2028
      0.8708
      0.5929
      0.4221
      0.3486
      0.3320
      0.3378
      0.3554
      0.3906
      0.4452
      0.5047
      0.5448
      0.5490
      0.5206
      0.4785
      0.4440
      0.4311
      2.2444
      2.0875
      1.6869
      1.2063
      0.8014
      0.5452
      0.4218
      0.3739
      0.3550
      0.3529
      0.3797
      0.4453
      0.5403
      0.6378
      0.7122
      0.7538
      0.7698
      0.7731
      0.7732
      2.7865
      2.5910
      2.0921
      1.4930
      0.9861
      0.6596
      0.4930
      0.4162
      0.3739
      0.3530
      0.3715
      0.4489
      0.5837
      0.7512
      0.9185
      1.0606
      1.1657
      1.2301
      1.2519
      2.9982
      2.7902
      2.2603
      1.6261
      1.0922
      0.7496
      0.5721
      0.4826
      0.4221
      0.3804
      0.3841
      0.4648
      0.6328
      0.8695
      1.1369
      1.3936
      1.6050
      1.7444
      1.7932
      2.7865
      2.6000
      2.1277
      1.5704
      1.1131
      0.8315
      0.6902
      0.6090
      0.5321
      0.4589
      0.4299
      0.4928
      0.6719
      0.9560
      1.3044
      1.6616
      1.9706
      2.1806
      2.2552
      2.2444
      2.1081
      1.7687
      1.3843
      1.0940
      0.9407
      0.8742
      0.8135
      0.7132
      0.5896
      0.5033
      0.5198
      0.6766
      0.9694
      1.3571
      1.7750
      2.1490
      2.4090
      2.5022
      1.5880
      1.5151
      1.3435
      1.1768
      1.0948
      1.0980
      1.1171
      1.0726
      0.9350
      0.7435
      0.5810
      0.5289
      0.6337
      0.8967
      1.2794
      1.7150
      2.1199
      2.4084
      2.5132
      1.0239
      1.0106
      0.9966
      1.0333
      1.1427
      1.2837
      1.3694
      1.3249
      1.1395
      0.8763
      0.6369
      0.5130
      0.5558
      0.7719
      1.1304
      1.5694
      1.9995
      2.3168
      2.4341
      0.6522
      0.6836
      0.7870
      0.9727
      1.2173
      1.4476
      1.5663
      1.5066
      1.2761
      0.9560
      0.6592
      0.4813
      0.4764
      0.6598
      1.0150
      1.4891
      1.9831
      2.3628
      2.5061
      0.4617
      0.5200
      0.6926
      0.9624
      1.2770
      1.5454
      1.6689
      1.5907
      1.3315
      0.9813
      0.6560
      0.4516
      0.4274
      0.6135
      1.0137
      1.5850
      2.2095
      2.7048
      2.8945
      0.3871
      0.4575
      0.6602
      0.9628
      1.2985
      1.5713
      1.6871
      1.5979
      1.3303
      0.9748
      0.6448
      0.4365
      0.4181
      0.6388
      1.1248
      1.8409
      2.6433
      3.2897
      3.5392
      0.3656
      0.4397
      0.6503
      0.9583
      1.2924
      1.5579
      1.6662
      1.5748
      1.3110
      0.9618
      0.6372
      0.4346
      0.4312
      0.6929
      1.2640
      2.1136
      3.0747
      3.8537
      4.1552
      0.3619
      0.4365
      0.6477
      0.9549
      1.2858
      1.5471
      1.6529
      1.5620
      1.3014
      0.9564
      0.6351
      0.4359
      0.4397
      0.7194
      1.3260
      2.2301
      3.2551
      4.0872
      4.4095
