      0.2213
      0.2395
      0.2776
      0.3020
      0.2951
      0.2674
      0.2402
      0.2244
      0.2198
      0.2237
      0.2292
      0.2214
      0.1884
      0.1350
      0.0796
      0.0382
      0.0151
      0.0053
      0.0029
      0.2191
      0.2351
      0.2676
      0.2859
      0.2747
      0.2452
      0.2180
      0.2035
      0.2021
      0.2118
      0.2258
      0.2281
      0.2035
      0.1534
      0.0955
      0.0487
      0.0205
      0.0076
      0.0042
      0.2128
      0.2227
      0.2402
      0.2428
      0.2219
      0.1899
      0.1645
      0.1547
      0.1626
      0.1892
      0.2290
      0.2622
      0.2635
      0.2227
      0.1551
      0.0884
      0.0412
      0.0169
      0.0098
      0.2197
      0.2193
      0.2130
      0.1928
      0.1604
      0.1281
      0.1084
      0.1073
      0.1295
      0.1819
      0.2636
      0.3501
      0.3971
      0.3724
      0.2848
      0.1769
      0.0902
      0.0409
      0.0258
      0.3044
      0.2859
      0.2374
      0.1766
      0.1223
      0.0871
      0.0741
      0.0831
      0.1202
      0.2012
      0.3345
      0.4924
      0.6057
      0.6087
      0.4964
      0.3298
      0.1832
      0.0950
      0.0672
      0.5839
      0.5292
      0.3955
      0.2480
      0.1388
      0.0829
      0.0692
      0.0836
      0.1292
      0.2300
      0.4073
      0.6357
      0.8248
      0.8727
      0.7525
      0.5379
      0.3364
      0.2116
      0.1718
      1.1588
      1.0402
      0.7537
      0.4453
      0.2252
      0.1166
      0.0858
      0.0953
      0.1369
      0.2375
      0.4298
      0.6980
      0.9477
      1.0560
      0.9748
      0.7757
      0.5808
      0.4633
      0.4276
      1.9756
      1.7700
      1.2744
      0.7428
      0.3638
      0.1734
      0.1100
      0.1045
      0.1307
      0.2099
      0.3794
      0.6386
      0.9125
      1.0893
      1.1156
      1.0482
      0.9886
      0.9787
      0.9849
      2.7413
      2.4554
      1.7662
      1.0272
      0.4992
      0.2307
      0.1344
      0.1123
      0.1191
      0.1652
      0.2862
      0.4975
      0.7618
      1.0101
      1.2109
      1.4059
      1.6426
      1.8745
      1.9751
      3.0596
      2.7410
      1.9739
      1.1532
      0.5701
      0.2767
      0.1726
      0.1437
      0.1330
      0.1426
      0.2067
      0.3563
      0.5965
      0.9154
      1.3238
      1.8595
      2.5014
      3.0730
      3.3077
      2.7413
      2.4586
      1.7804
      1.0628
      0.5669
      0.3345
      0.2649
      0.2434
      0.2125
      0.1776
      0.1804
      0.2685
      0.4798
      0.8503
      1.4325
      2.2694
      3.2814
      4.1691
      4.5296
      1.9756
      1.7797
      1.3167
      0.8467
      0.5564
      0.4616
      0.4628
      0.4523
      0.3840
      0.2826
      0.2110
      0.2330
      0.4019
      0.7747
      1.4242
      2.3951
      3.5781
      4.6133
      5.0324
      1.1588
      1.0623
      0.8487
      0.6734
      0.6361
      0.7127
      0.7944
      0.7788
      0.6418
      0.4434
      0.2783
      0.2231
      0.3272
      0.6390
      1.2228
      2.1157
      3.2094
      4.1663
      4.5534
      0.5839
      0.5702
      0.5693
      0.6567
      0.8567
      1.0972
      1.2457
      1.2001
      0.9638
      0.6423
      0.3674
      0.2250
      0.2484
      0.4590
      0.8954
      1.5814
      2.4288
      3.1721
      3.4730
      0.3044
      0.3484
      0.5005
      0.7896
      1.1872
      1.5756
      1.7884
      1.7105
      1.3640
      0.9001
      0.4954
      0.2528
      0.1914
      0.3048
      0.6073
      1.1134
      1.7551
      2.3246
      2.5562
      0.2197
      0.2991
      0.5500
      0.9828
      1.5461
      2.0919
      2.4114
      2.3452
      1.9034
      1.2758
      0.7035
      0.3322
      0.1840
      0.2348
      0.4878
      0.9596
      1.5864
      2.1552
      2.3886
      0.2128
      0.3105
      0.6169
      1.1462
      1.8543
      2.5847
      3.0773
      3.0903
      2.5822
      1.7740
      0.9947
      0.4639
      0.2258
      0.2506
      0.5429
      1.1313
      1.9381
      2.6813
      2.9881
      0.2191
      0.3236
      0.6544
      1.2401
      2.0594
      2.9607
      3.6362
      3.7541
      3.2091
      2.2444
      1.2750
      0.5970
      0.2828
      0.3024
      0.6673
      1.4192
      2.4605
      3.4244
      3.8231
      0.2213
      0.3272
      0.6641
      1.2686
      2.1314
      3.1047
      3.8609
      4.0277
      3.4710
      2.4424
      1.3937
      0.6541
      0.3089
      0.3288
      0.7286
      1.5556
      2.7030
      3.7661
      4.2060
