      0.0000
      0.0000
      0.0000
      0.0000
      0.0000
      0.0000
      0.0000
      0.0000
      0.0000
      0.0000
      0.0000
      0.0000
      0.0000
      0.0000
      0.0000
      0.0000
      0.0000
      0.0000
      0.0000
      0.0000
      0.0000
      0.0000
      0.0000
      0.0000
      0.0000
      0.0000
      0.0000
      0.0000
      0.0000
      0.0000
      0.0000
      0.0000
      0.0000
      0.0000
      0.0000
      0.0000
      0.0000
      0.0000
      0.0000
      0.0000
      0.0000
      0.0000
      0.0000
      0.0000
      0.0000
      0.0000
      0.0000
      0.0000
      0.0000
      0.0000
      0.0000
      0.0000
      0.0000
      0.0000
      0.0000
      0.0000
      0.0000
      0.0000
      0.0000
      0.0000
      0.0000
      0.0000
      0.0000
      0.0000
      0.0000
      0.0000
      0.0000
      0.0000
      0.0000
      0.0000
      0.0000
      0.0000
      0.0000
      0.0000
      0.0000
      0.0000
      0.0000
      0.0000
      0.0000
      0.0000
      0.0000
      0.0000
      0.0000
      0.0000
      0.0000
      0.0000
      0.0000
      0.0000
      0.0000
      0.0000
      0.0000
      0.0000
      0.0000
      0.0000
      0.0000
      0.0016
      0.0008
      0.0001
      0.0000
      0.0000
      0.0000
      0.0000
      0.0000
      0.0000
      0.0000
      0.0000
      0.0001
      0.0004
      0.0006
      0.0002
      0.0000
      0.0000
      0.0000
      0.0000
      0.2080
      0.1040
      0.0130
      0.0004
      0.0000
      0.0000
      0.0000
      0.0000
      0.0000
      0.0000
      0.0000
      0.0001
      0.0010
      0.0018
      0.0008
      0.0001
      0.0000
      0.0000
      0.0000
      6.7455
      3.3728
      0.4205
      0.0130
      0.0001
      0.0000
      0.0000
      0.0000
      0.0000
      0.0000
      0.0000
      0.0001
      0.0006
      0.0014
      0.0007
      0.0001
      0.0000
      0.0002
      0.0004
     54.1070
     27.0535
      3.3728
      0.1040
      0.0008
      0.0000
      0.0000
      0.0000
      0.0000
      0.0000
      0.0000
      0.0000
      0.0001
      0.0003
      0.0004
      0.0004
      0.0036
      0.0283
      0.0565
    108.2140
     54.1070
      6.7455
      0.2080
      0.0016
      0.0000
      0.0000
      0.0000
      0.0000
      0.0000
      0.0000
      0.0000
      0.0001
      0.0020
      0.0098
      0.0157
      0.1183
      0.9173
      1.8336
     54.1070
     27.0535
      3.3728
      0.1040
      0.0008
      0.0000
      0.0001
      0.0003
      0.0001
      0.0000
      0.0000
      0.0000
      0.0007
      0.0163
      0.0951
      0.1660
      0.9673
      7.3586
     14.7074
      6.7455
      3.3728
      0.4205
      0.0130
      0.0001
      0.0013
      0.0099
      0.0187
      0.0089
      0.0011
      0.0000
      0.0000
      0.0012
      0.0340
      0.2310
      0.4464
      1.9986
     14.7247
     29.4149
      0.2080
      0.1040
      0.0130
      0.0004
      0.0011
      0.0291
      0.1948
      0.3269
      0.1372
      0.0143
      0.0004
      0.0000
      0.0006
      0.0177
      0.1404
      0.3043
      1.0527
      7.3702
     14.7079
      0.0016
      0.0008
      0.0001
      0.0007
      0.0115
      0.1693
      0.9589
      1.4165
      0.5248
      0.0484
      0.0011
      0.0000
      0.0001
      0.0023
      0.0213
      0.0523
      0.1423
      0.9208
      1.8338
      0.0000
      0.0000
      0.0005
      0.0125
      0.0867
      0.3402
      1.2149
      1.5367
      0.5018
      0.0409
      0.0008
      0.0000
      0.0000
      0.0001
      0.0008
      0.0022
      0.0050
      0.0290
      0.0575
      0.0000
      0.0000
      0.0027
      0.0572
      0.3074
      0.4795
      0.4954
      0.4345
      0.1250
      0.0093
      0.0002
      0.0000
      0.0000
      0.0000
      0.0000
      0.0003
      0.0080
      0.0638
      0.1275
      0.0000
      0.0000
      0.0036
      0.0662
      0.3027
      0.3667
      0.2642
      0.3339
      0.1682
      0.0220
      0.0007
      0.0000
      0.0000
      0.0000
      0.0001
      0.0079
      0.2569
      2.0607
      4.1215
      0.0000
      0.0000
      0.0012
      0.0192
      0.0788
      0.2029
      1.1334
      2.4011
      1.2911
      0.1732
      0.0058
      0.0000
      0.0000
      0.0000
      0.0005
      0.0635
      2.0607
     16.5296
     33.0592
      0.0000
      0.0000
      0.0002
      0.0028
      0.0167
      0.2661
      2.2315
      4.7991
      2.5820
      0.3465
      0.0115
      0.0001
      0.0000
      0.0000
      0.0010
      0.1271
      4.1215
     33.0592
     66.1184
