      0.2986
      0.3061
      0.3283
      0.3649
      0.4145
      0.4722
      0.5269
      0.5648
      0.5773
      0.5645
      0.5298
      0.4740
      0.3966
      0.3035
      0.2084
      0.1277
      0.0712
      0.0400
      0.0303
      0.2968
      0.3030
      0.3212
      0.3517
      0.3940
      0.4444
      0.4937
      0.5305
      0.5477
      0.5453
      0.5249
      0.4838
      0.4180
      0.3302
      0.2341
      0.1479
      0.0849
      0.0486
      0.0371
      0.3019
      0.3035
      0.3092
      0.3214
      0.3428
      0.3736
      0.4094
      0.4440
      0.4742
      0.5003
      0.5192
      0.5195
      0.4864
      0.4143
      0.3152
      0.2129
      0.1301
      0.0788
      0.0618
      0.3461
      0.3387
      0.3204
      0.3004
      0.2887
      0.2917
      0.3100
      0.3428
      0.3910
      0.4556
      0.5293
      0.5895
      0.6058
      0.5592
      0.4572
      0.3313
      0.2182
      0.1436
      0.1180
      0.4813
      0.4582
      0.3987
      0.3267
      0.2666
      0.2334
      0.2316
      0.2615
      0.3261
      0.4283
      0.5584
      0.6848
      0.7607
      0.7504
      0.6537
      0.5080
      0.3654
      0.2668
      0.2322
      0.7582
      0.7100
      0.5858
      0.4343
      0.3038
      0.2217
      0.1930
      0.2144
      0.2865
      0.4133
      0.5868
      0.7714
      0.9091
      0.9486
      0.8797
      0.7405
      0.5926
      0.4872
      0.4498
      1.1838
      1.1012
      0.8888
      0.6298
      0.4053
      0.2586
      0.1934
      0.1969
      0.2625
      0.3933
      0.5856
      0.8079
      1.0007
      1.1058
      1.1037
      1.0258
      0.9291
      0.8588
      0.8342
      1.6800
      1.5596
      1.2501
      0.8728
      0.5452
      0.3275
      0.2207
      0.1993
      0.2456
      0.3595
      0.5425
      0.7751
      1.0100
      1.1953
      1.3085
      1.3667
      1.4025
      1.4304
      1.4422
      2.0898
      1.9394
      1.5533
      1.0834
      0.6761
      0.4046
      0.2659
      0.2218
      0.2429
      0.3244
      0.4748
      0.6918
      0.9525
      1.2257
      1.4942
      1.7572
      2.0044
      2.1933
      2.2655
      2.2498
      2.0895
      1.6790
      1.1823
      0.7560
      0.4760
      0.3332
      0.2794
      0.2762
      0.3169
      0.4180
      0.5989
      0.8669
      1.2199
      1.6533
      2.1482
      2.6429
      3.0235
      3.1681
      2.0898
      1.9457
      1.5789
      1.1417
      0.7774
      0.5501
      0.4412
      0.3952
      0.3703
      0.3630
      0.4024
      0.5298
      0.7817
      1.1840
      1.7451
      2.4319
      3.1375
      3.6836
      3.8911
      1.6800
      1.5739
      1.3086
      1.0056
      0.7747
      0.6548
      0.6124
      0.5862
      0.5368
      0.4713
      0.4360
      0.4929
      0.6996
      1.0998
      1.7095
      2.4867
      3.2978
      3.9284
      4.1682
      1.1838
      1.1264
      0.9912
      0.8608
      0.8017
      0.8188
      0.8587
      0.8532
      0.7698
      0.6326
      0.5092
      0.4794
      0.6116
      0.9531
      1.5187
      2.2627
      3.0483
      3.6614
      3.8947
      0.7582
      0.7482
      0.7406
      0.7821
      0.8969
      1.0539
      1.1752
      1.1839
      1.0550
      0.8337
      0.6114
      0.4835
      0.5204
      0.7624
      1.2158
      1.8344
      2.4960
      3.0147
      3.2123
      0.4813
      0.5099
      0.6080
      0.7959
      1.0641
      1.3485
      1.5450
      1.5633
      1.3831
      1.0709
      0.7434
      0.5117
      0.4466
      0.5769
      0.8979
      1.3636
      1.8720
      2.2736
      2.4271
      0.3461
      0.4026
      0.5791
      0.8803
      1.2747
      1.6716
      1.9403
      1.9715
      1.7441
      1.3421
      0.9084
      0.5734
      0.4119
      0.4445
      0.6562
      1.0003
      1.3892
      1.7006
      1.8202
      0.3019
      0.3768
      0.6064
      0.9891
      1.4818
      1.9748
      2.3126
      2.3643
      2.1015
      1.6207
      1.0895
      0.6605
      0.4182
      0.3806
      0.5253
      0.8030
      1.1311
      1.3984
      1.5017
      0.2968
      0.3821
      0.6427
      1.0759
      1.6339
      2.1958
      2.5879
      2.6608
      2.3773
      1.8410
      1.2381
      0.7405
      0.4431
      0.3648
      0.4796
      0.7347
      1.0462
      1.3033
      1.4032
      0.2986
      0.3873
      0.6581
      1.1086
      1.6900
      2.2774
      2.6907
      2.7728
      2.4826
      1.9260
      1.2964
      0.7733
      0.4561
      0.3646
      0.4718
      0.7233
      1.0340
      1.2914
      1.3915
