      0.3533
      0.3855
      0.4504
      0.4836
      0.4481
      0.3632
      0.2765
      0.2219
      0.2061
      0.2183
      0.2377
      0.2390
      0.2067
      0.1484
      0.0868
      0.0412
      0.0159
      0.0053
      0.0027
      0.3496
      0.3779
      0.4335
      0.4573
      0.4173
      0.3337
      0.2514
      0.2013
      0.1894
      0.2059
      0.2319
      0.2417
      0.2174
      0.1629
      0.1001
      0.0502
      0.0205
      0.0073
      0.0038
      0.3320
      0.3505
      0.3828
      0.3845
      0.3362
      0.2590
      0.1901
      0.1527
      0.1515
      0.1808
      0.2262
      0.2618
      0.2614
      0.2177
      0.1491
      0.0834
      0.0382
      0.0153
      0.0087
      0.3010
      0.3067
      0.3102
      0.2880
      0.2354
      0.1721
      0.1237
      0.1042
      0.1181
      0.1669
      0.2441
      0.3232
      0.3631
      0.3368
      0.2549
      0.1570
      0.0795
      0.0359
      0.0226
      0.2975
      0.2880
      0.2582
      0.2098
      0.1535
      0.1058
      0.0786
      0.0769
      0.1057
      0.1763
      0.2929
      0.4295
      0.5260
      0.5267
      0.4287
      0.2850
      0.1588
      0.0828
      0.0588
      0.4044
      0.3723
      0.2916
      0.1974
      0.1213
      0.0773
      0.0634
      0.0730
      0.1105
      0.1958
      0.3463
      0.5399
      0.7007
      0.7430
      0.6440
      0.4643
      0.2936
      0.1863
      0.1517
      0.6930
      0.6245
      0.4585
      0.2783
      0.1488
      0.0856
      0.0701
      0.0808
      0.1160
      0.2003
      0.3619
      0.5886
      0.8029
      0.9022
      0.8437
      0.6825
      0.5175
      0.4130
      0.3799
      1.1361
      1.0188
      0.7362
      0.4338
      0.2201
      0.1164
      0.0860
      0.0885
      0.1117
      0.1779
      0.3208
      0.5427
      0.7840
      0.9517
      0.9954
      0.9515
      0.8979
      0.8760
      0.8738
      1.5624
      1.4001
      1.0094
      0.5924
      0.2984
      0.1542
      0.1074
      0.0996
      0.1069
      0.1449
      0.2480
      0.4344
      0.6782
      0.9218
      1.1281
      1.3122
      1.5019
      1.6702
      1.7405
      1.7411
      1.5610
      1.1287
      0.6703
      0.3519
      0.2010
      0.1547
      0.1428
      0.1332
      0.1371
      0.1910
      0.3294
      0.5634
      0.8825
      1.2787
      1.7550
      2.2766
      2.7148
      2.8900
      1.5624
      1.4049
      1.0301
      0.6430
      0.3918
      0.2936
      0.2784
      0.2694
      0.2338
      0.1892
      0.1834
      0.2681
      0.4827
      0.8542
      1.4047
      2.1346
      2.9582
      3.6493
      3.9242
      1.1361
      1.0334
      0.7984
      0.5822
      0.4862
      0.5006
      0.5417
      0.5287
      0.4393
      0.3150
      0.2282
      0.2464
      0.4202
      0.7907
      1.3939
      2.2314
      3.1931
      4.0040
      4.3268
      0.6930
      0.6584
      0.6005
      0.6086
      0.7208
      0.8809
      0.9780
      0.9299
      0.7414
      0.4975
      0.3048
      0.2403
      0.3459
      0.6512
      1.1859
      1.9499
      2.8380
      3.5903
      3.8902
      0.4044
      0.4356
      0.5538
      0.7933
      1.1238
      1.4259
      1.5525
      1.4268
      1.0980
      0.7063
      0.3935
      0.2381
      0.2600
      0.4624
      0.8572
      1.4409
      2.1299
      2.7179
      2.9530
      0.2975
      0.3841
      0.6535
      1.0965
      1.6192
      2.0397
      2.1764
      1.9608
      1.4843
      0.9391
      0.5011
      0.2524
      0.1924
      0.2988
      0.5680
      0.9977
      1.5250
      1.9841
      2.1692
      0.3010
      0.4267
      0.8036
      1.3938
      2.0630
      2.5906
      2.7671
      2.5117
      1.9257
      1.2355
      0.6603
      0.3067
      0.1712
      0.2174
      0.4379
      0.8392
      1.3645
      1.8373
      2.0306
      0.3320
      0.4772
      0.9079
      1.5772
      2.3462
      2.9898
      3.2737
      3.0669
      2.4315
      1.6096
      0.8803
      0.4046
      0.1969
      0.2194
      0.4707
      0.9723
      1.6570
      2.2864
      2.5459
      0.3496
      0.4991
      0.9422
      1.6378
      2.4660
      3.2183
      3.6377
      3.5258
      2.8847
      1.9606
      1.0940
      0.5069
      0.2399
      0.2587
      0.5713
      1.2127
      2.0999
      2.9206
      3.2600
      0.3533
      0.5023
      0.9446
      1.6438
      2.4923
      3.2913
      3.7741
      3.7103
      3.0729
      2.1087
      1.1849
      0.5513
      0.2603
      0.2800
      0.6221
      1.3277
      2.3060
      3.2122
      3.5871
