      0.0651
      0.0666
      0.0710
      0.0788
      0.0928
      0.1158
      0.1475
      0.1861
      0.2330
      0.2880
      0.3363
      0.3481
      0.3047
      0.2196
      0.1287
      0.0609
      0.0233
      0.0075
      0.0036
      0.0634
      0.0649
      0.0689
      0.0755
      0.0871
      0.1066
      0.1344
      0.1700
      0.2157
      0.2727
      0.3273
      0.3496
      0.3172
      0.2382
      0.1463
      0.0731
      0.0297
      0.0103
      0.0052
      0.0601
      0.0612
      0.0635
      0.0667
      0.0725
      0.0843
      0.1044
      0.1343
      0.1792
      0.2441
      0.3195
      0.3745
      0.3746
      0.3118
      0.2131
      0.1189
      0.0542
      0.0213
      0.0119
      0.0619
      0.0613
      0.0594
      0.0567
      0.0564
      0.0625
      0.0780
      0.1061
      0.1550
      0.2367
      0.3500
      0.4623
      0.5179
      0.4792
      0.3618
      0.2218
      0.1110
      0.0486
      0.0297
      0.0862
      0.0812
      0.0690
      0.0559
      0.0495
      0.0548
      0.0729
      0.1053
      0.1624
      0.2665
      0.4303
      0.6209
      0.7546
      0.7517
      0.6077
      0.3985
      0.2157
      0.1059
      0.0713
      0.1622
      0.1478
      0.1135
      0.0791
      0.0618
      0.0679
      0.0927
      0.1306
      0.1922
      0.3112
      0.5187
      0.7878
      1.0098
      1.0598
      0.9039
      0.6317
      0.3758
      0.2161
      0.1649
      0.3158
      0.2846
      0.2107
      0.1369
      0.0970
      0.0981
      0.1256
      0.1627
      0.2161
      0.3284
      0.5480
      0.8615
      1.1541
      1.2716
      1.1502
      0.8756
      0.6020
      0.4298
      0.3751
      0.5333
      0.4793
      0.3514
      0.2222
      0.1466
      0.1331
      0.1546
      0.1815
      0.2145
      0.2974
      0.4880
      0.7912
      1.1125
      1.3033
      1.2838
      1.1176
      0.9433
      0.8454
      0.8192
      0.7372
      0.6623
      0.4847
      0.3040
      0.1940
      0.1640
      0.1766
      0.1910
      0.2004
      0.2429
      0.3769
      0.6270
      0.9398
      1.2060
      1.3537
      1.4165
      1.4809
      1.5683
      1.6129
      0.8221
      0.7391
      0.5431
      0.3459
      0.2300
      0.2040
      0.2225
      0.2344
      0.2235
      0.2215
      0.2883
      0.4699
      0.7604
      1.1049
      1.4554
      1.8193
      2.2133
      2.5623
      2.7074
      0.7372
      0.6650
      0.4978
      0.3404
      0.2712
      0.2942
      0.3529
      0.3793
      0.3457
      0.2857
      0.2738
      0.3822
      0.6454
      1.0542
      1.5845
      2.2235
      2.9235
      3.5164
      3.7554
      0.5333
      0.4865
      0.3864
      0.3202
      0.3533
      0.4787
      0.6170
      0.6702
      0.5974
      0.4494
      0.3347
      0.3554
      0.5702
      0.9921
      1.6089
      2.3927
      3.2533
      3.9709
      4.2568
      0.3158
      0.2988
      0.2795
      0.3286
      0.4981
      0.7617
      1.0025
      1.0805
      0.9441
      0.6772
      0.4356
      0.3494
      0.4815
      0.8434
      1.4224
      2.1827
      3.0211
      3.7153
      3.9903
      0.1622
      0.1707
      0.2235
      0.3832
      0.6919
      1.0998
      1.4432
      1.5364
      1.3211
      0.9220
      0.5459
      0.3447
      0.3724
      0.6267
      1.0926
      1.7401
      2.4732
      3.0860
      3.3292
      0.0862
      0.1129
      0.2207
      0.4734
      0.9108
      1.4610
      1.9118
      2.0261
      1.7340
      1.1989
      0.6820
      0.3619
      0.2864
      0.4429
      0.8270
      1.4325
      2.1712
      2.8133
      3.0723
      0.0619
      0.1012
      0.2507
      0.5860
      1.1565
      1.8757
      2.4765
      2.6496
      2.2903
      1.5968
      0.9030
      0.4401
      0.2688
      0.3809
      0.8025
      1.5699
      2.5832
      3.5007
      3.8769
      0.0601
      0.1086
      0.2932
      0.7105
      1.4327
      2.3668
      3.1799
      3.4598
      3.0392
      2.1507
      1.2278
      0.5868
      0.3227
      0.4449
      1.0248
      2.1516
      3.6908
      5.1084
      5.6936
      0.0634
      0.1185
      0.3303
      0.8180
      1.6801
      2.8207
      3.8453
      4.2387
      3.7674
      2.6941
      1.5510
      0.7421
      0.4005
      0.5547
      1.3182
      2.8260
      4.9042
      6.8268
      7.6220
      0.0651
      0.1226
      0.3452
      0.8621
      1.7832
      3.0122
      4.1280
      4.5710
      4.0788
      2.9268
      1.6898
      0.8099
      0.4367
      0.6070
      1.4514
      3.1236
      5.4320
      7.5693
      8.4536
