      0.2850
      0.2834
      0.2781
      0.2693
      0.2590
      0.2510
      0.2497
      0.2570
      0.2728
      0.2927
      0.3076
      0.3055
      0.2780
      0.2277
      0.1673
      0.1129
      0.0746
      0.0539
      0.0477
      0.3054
      0.3013
      0.2895
      0.2724
      0.2545
      0.2411
      0.2371
      0.2450
      0.2648
      0.2925
      0.3180
      0.3269
      0.3077
      0.2600
      0.1962
      0.1343
      0.0878
      0.0612
      0.0528
      0.4032
      0.3891
      0.3515
      0.3022
      0.2553
      0.2216
      0.2077
      0.2160
      0.2470
      0.2966
      0.3526
      0.3940
      0.3994
      0.3600
      0.2865
      0.2026
      0.1315
      0.0867
      0.0717
      0.6913
      0.6521
      0.5498
      0.4209
      0.3034
      0.2212
      0.1826
      0.1867
      0.2317
      0.3127
      0.4142
      0.5058
      0.5512
      0.5277
      0.4414
      0.3239
      0.2140
      0.1397
      0.1140
      1.3472
      1.2556
      1.0184
      0.7240
      0.4605
      0.2781
      0.1859
      0.1725
      0.2266
      0.3390
      0.4907
      0.6418
      0.7388
      0.7410
      0.6465
      0.4938
      0.3397
      0.2307
      0.1920
      2.5374
      2.3547
      1.8826
      1.3000
      0.7820
      0.4237
      0.2340
      0.1798
      0.2286
      0.3605
      0.5523
      0.7574
      0.9085
      0.9476
      0.8610
      0.6897
      0.5041
      0.3680
      0.3189
      4.2651
      3.9526
      3.1461
      2.1524
      1.2710
      0.6597
      0.3269
      0.2054
      0.2291
      0.3590
      0.5664
      0.8040
      0.9994
      1.0836
      1.0313
      0.8779
      0.6965
      0.5586
      0.5080
      6.2236
      5.7653
      4.5833
      3.1279
      1.8374
      0.9407
      0.4441
      0.2409
      0.2234
      0.3285
      0.5214
      0.7600
      0.9792
      1.1106
      1.1211
      1.0331
      0.9074
      0.8064
      0.7687
      7.8186
      7.2426
      5.7571
      3.9290
      2.3088
      1.1824
      0.5531
      0.2796
      0.2181
      0.2832
      0.4365
      0.6465
      0.8656
      1.0383
      1.1307
      1.1486
      1.1267
      1.1008
      1.0905
      8.4376
      7.8172
      6.2179
      4.2517
      2.5118
      1.3042
      0.6277
      0.3233
      0.2292
      0.2503
      0.3499
      0.5116
      0.7104
      0.9112
      1.0856
      1.2240
      1.3285
      1.3979
      1.4229
      7.8186
      7.2471
      5.7756
      3.9705
      2.3798
      1.2820
      0.6687
      0.3849
      0.2760
      0.2549
      0.2959
      0.3996
      0.5632
      0.7723
      1.0066
      1.2450
      1.4607
      1.6163
      1.6737
      6.2236
      5.7760
      4.6263
      3.2243
      2.0013
      1.1694
      0.7092
      0.4864
      0.3746
      0.3112
      0.2906
      0.3311
      0.4474
      0.6399
      0.8950
      1.1851
      1.4645
      1.6714
      1.7484
      4.2651
      3.9718
      3.2237
      2.3259
      1.5645
      1.0678
      0.8006
      0.6537
      0.5380
      0.4252
      0.3359
      0.3066
      0.3637
      0.5145
      0.7479
      1.0332
      1.3178
      1.5317
      1.6118
      2.5374
      2.3852
      2.0059
      1.5749
      1.2471
      1.0705
      0.9890
      0.9111
      0.7806
      0.6044
      0.4334
      0.3235
      0.3095
      0.3992
      0.5794
      0.8181
      1.0638
      1.2510
      1.3213
      1.3472
      1.2994
      1.1955
      1.1204
      1.1338
      1.2200
      1.2967
      1.2740
      1.1156
      0.8595
      0.5892
      0.3843
      0.2885
      0.3077
      0.4232
      0.6006
      0.7922
      0.9410
      0.9972
      0.6913
      0.7097
      0.7837
      0.9477
      1.2053
      1.4952
      1.7048
      1.7288
      1.5353
      1.1867
      0.8014
      0.4883
      0.3043
      0.2539
      0.3113
      0.4374
      0.5856
      0.7042
      0.7496
      0.4032
      0.4591
      0.6369
      0.9498
      1.3742
      1.8188
      2.1397
      2.2063
      1.9794
      1.5391
      1.0376
      0.6159
      0.3476
      0.2379
      0.2535
      0.3491
      0.4751
      0.5798
      0.6204
      0.3054
      0.3800
      0.6116
      1.0074
      1.5333
      2.0809
      2.4818
      2.5817
      2.3312
      1.8212
      1.2299
      0.7245
      0.3932
      0.2428
      0.2348
      0.3179
      0.4381
      0.5407
      0.5809
      0.2850
      0.3652
      0.6136
      1.0365
      1.5973
      2.1818
      2.6125
      2.7255
      2.4665
      1.9302
      1.3048
      0.7675
      0.4126
      0.2476
      0.2321
      0.3124
      0.4324
      0.5358
      0.5764
