      0.0596
      0.0792
      0.1197
      0.1405
      0.1197
      0.0758
      0.0411
      0.0298
      0.0427
      0.0788
      0.1235
      0.1437
      0.1198
      0.0709
      0.0297
      0.0088
      0.0018
      0.0003
      0.0001
      0.0634
      0.0818
      0.1182
      0.1338
      0.1104
      0.0679
      0.0357
      0.0254
      0.0367
      0.0693
      0.1117
      0.1343
      0.1164
      0.0722
      0.0320
      0.0101
      0.0023
      0.0004
      0.0001
      0.0668
      0.0810
      0.1061
      0.1104
      0.0845
      0.0482
      0.0236
      0.0160
      0.0240
      0.0488
      0.0859
      0.1144
      0.1118
      0.0796
      0.0411
      0.0154
      0.0042
      0.0008
      0.0002
      0.0666
      0.0730
      0.0814
      0.0745
      0.0513
      0.0268
      0.0123
      0.0087
      0.0145
      0.0336
      0.0695
      0.1116
      0.1327
      0.1153
      0.0727
      0.0331
      0.0108
      0.0026
      0.0009
      0.1181
      0.1079
      0.0825
      0.0529
      0.0282
      0.0131
      0.0075
      0.0080
      0.0139
      0.0333
      0.0803
      0.1535
      0.2150
      0.2163
      0.1553
      0.0795
      0.0292
      0.0082
      0.0034
      0.4258
      0.3611
      0.2211
      0.0989
      0.0341
      0.0124
      0.0102
      0.0138
      0.0204
      0.0427
      0.1073
      0.2243
      0.3425
      0.3731
      0.2893
      0.1607
      0.0663
      0.0242
      0.0142
      1.3986
      1.1771
      0.7014
      0.2963
      0.0910
      0.0267
      0.0185
      0.0223
      0.0271
      0.0473
      0.1182
      0.2611
      0.4244
      0.4937
      0.4130
      0.2563
      0.1327
      0.0776
      0.0654
      3.3246
      2.7963
      1.6629
      0.6990
      0.2109
      0.0550
      0.0277
      0.0277
      0.0280
      0.0399
      0.0967
      0.2258
      0.3949
      0.5027
      0.4781
      0.3711
      0.2884
      0.2693
      0.2733
      5.5905
      4.7019
      2.7958
      1.1746
      0.3528
      0.0876
      0.0367
      0.0319
      0.0279
      0.0294
      0.0624
      0.1562
      0.3107
      0.4706
      0.5701
      0.6197
      0.6973
      0.8181
      0.8822
      6.6470
      5.5905
      3.3245
      1.3984
      0.4256
      0.1183
      0.0675
      0.0669
      0.0568
      0.0409
      0.0475
      0.1154
      0.2807
      0.5407
      0.8388
      1.1436
      1.5035
      1.8879
      2.0685
      5.5905
      4.7024
      2.7992
      1.1888
      0.3966
      0.1867
      0.1999
      0.2251
      0.1898
      0.1180
      0.0736
      0.1193
      0.3197
      0.7104
      1.2352
      1.8189
      2.4850
      3.1585
      3.4681
      3.3246
      2.7987
      1.6782
      0.7574
      0.3764
      0.4055
      0.5747
      0.6467
      0.5276
      0.3101
      0.1486
      0.1383
      0.3402
      0.7953
      1.4456
      2.1817
      2.9935
      3.7874
      4.1481
      1.3986
      1.1857
      0.7517
      0.4691
      0.5315
      0.8813
      1.2643
      1.3596
      1.0624
      0.5973
      0.2529
      0.1441
      0.2789
      0.6619
      1.2389
      1.8989
      2.6011
      3.2617
      3.5573
      0.4258
      0.3841
      0.3458
      0.4862
      0.9143
      1.5501
      2.0712
      2.0900
      1.5535
      0.8367
      0.3296
      0.1302
      0.1696
      0.3970
      0.7684
      1.2127
      1.6886
      2.1269
      2.3202
      0.1181
      0.1527
      0.3140
      0.7156
      1.3865
      2.1478
      2.6212
      2.4684
      1.7469
      0.9078
      0.3430
      0.1075
      0.0806
      0.1786
      0.3820
      0.6985
      1.1324
      1.5796
      1.7813
      0.0666
      0.1363
      0.3993
      0.9393
      1.7073
      2.4512
      2.8169
      2.5619
      1.7920
      0.9355
      0.3568
      0.1022
      0.0418
      0.0887
      0.2805
      0.7707
      1.6710
      2.7061
      3.1858
      0.0668
      0.1463
      0.4313
      0.9842
      1.7456
      2.5088
      2.9767
      2.8561
      2.1246
      1.1788
      0.4755
      0.1391
      0.0441
      0.1025
      0.4500
      1.4867
      3.5084
      5.8777
      6.9814
      0.0634
      0.1350
      0.3868
      0.8773
      1.6120
      2.5110
      3.2971
      3.4668
      2.7645
      1.6130
      0.6751
      0.2024
      0.0635
      0.1561
      0.7237
      2.4464
      5.8275
      9.7984
     11.6493
      0.0596
      0.1247
      0.3527
      0.8055
      1.5318
      2.5200
      3.4892
      3.8112
      3.1125
      1.8428
      0.7786
      0.2349
      0.0741
      0.1840
      0.8572
      2.9035
      6.9216
     11.6417
     13.8419
