      0.0799
      0.1067
      0.1617
      0.1903
      0.1626
      0.1040
      0.0573
      0.0389
      0.0446
      0.0705
      0.1045
      0.1197
      0.0993
      0.0587
      0.0245
      0.0072
      0.0015
      0.0002
      0.0001
      0.0852
      0.1102
      0.1597
      0.1811
      0.1499
      0.0930
      0.0498
      0.0330
      0.0381
      0.0618
      0.0942
      0.1113
      0.0958
      0.0591
      0.0260
      0.0081
      0.0018
      0.0003
      0.0001
      0.0911
      0.1100
      0.1437
      0.1494
      0.1144
      0.0658
      0.0325
      0.0203
      0.0241
      0.0423
      0.0704
      0.0917
      0.0880
      0.0614
      0.0310
      0.0113
      0.0030
      0.0006
      0.0002
      0.1024
      0.1089
      0.1159
      0.1029
      0.0698
      0.0361
      0.0159
      0.0092
      0.0121
      0.0255
      0.0510
      0.0795
      0.0919
      0.0776
      0.0477
      0.0212
      0.0068
      0.0016
      0.0006
      0.2488
      0.2206
      0.1557
      0.0897
      0.0429
      0.0171
      0.0063
      0.0036
      0.0066
      0.0194
      0.0496
      0.0948
      0.1314
      0.1307
      0.0931
      0.0476
      0.0178
      0.0055
      0.0028
      1.0097
      0.8532
      0.5156
      0.2241
      0.0710
      0.0171
      0.0038
      0.0021
      0.0055
      0.0205
      0.0607
      0.1306
      0.2000
      0.2181
      0.1700
      0.0966
      0.0437
      0.0211
      0.0161
      3.3644
      2.8305
      1.6848
      0.7084
      0.2101
      0.0442
      0.0074
      0.0025
      0.0054
      0.0206
      0.0652
      0.1503
      0.2467
      0.2900
      0.2493
      0.1685
      0.1105
      0.0920
      0.0908
      8.0086
      6.7357
      4.0048
      1.6800
      0.4959
      0.1033
      0.0165
      0.0041
      0.0051
      0.0163
      0.0534
      0.1316
      0.2352
      0.3103
      0.3210
      0.3029
      0.3200
      0.3766
      0.4093
     13.4690
     11.3279
      6.7346
      2.8250
      0.8345
      0.1757
      0.0314
      0.0111
      0.0093
      0.0136
      0.0362
      0.0968
      0.2025
      0.3326
      0.4656
      0.6343
      0.8982
      1.2032
      1.3466
     16.0146
     13.4689
      8.0079
      3.3610
      0.9992
      0.2254
      0.0655
      0.0473
      0.0398
      0.0289
      0.0331
      0.0826
      0.2129
      0.4453
      0.7853
      1.2827
      2.0095
      2.7992
      3.1622
     13.4690
     11.3285
      6.7382
      2.8390
      0.8762
      0.2678
      0.1806
      0.1861
      0.1556
      0.0966
      0.0594
      0.0958
      0.2646
      0.6213
      1.1956
      2.0608
      3.3119
      4.6594
      5.2774
      8.0086
      6.7385
      4.0213
      1.7393
      0.6542
      0.4244
      0.5042
      0.5480
      0.4421
      0.2586
      0.1234
      0.1147
      0.2874
      0.7014
      1.3945
      2.4403
      3.9324
      5.5285
      6.2596
      3.3644
      2.8410
      1.7426
      0.8944
      0.6505
      0.8467
      1.1260
      1.1712
      0.8990
      0.5006
      0.2109
      0.1200
      0.2360
      0.5818
      1.1821
      2.0834
      3.3424
      4.6722
      5.2791
      1.0097
      0.8822
      0.6671
      0.6679
      1.0073
      1.5324
      1.9091
      1.8378
      1.3265
      0.7023
      0.2741
      0.1080
      0.1428
      0.3459
      0.7175
      1.2736
      2.0308
      2.8155
      3.1711
      0.2488
      0.2785
      0.4474
      0.8873
      1.5708
      2.2283
      2.5010
      2.2004
      1.4845
      0.7480
      0.2772
      0.0862
      0.0660
      0.1469
      0.3118
      0.5619
      0.8964
      1.2364
      1.3891
      0.1024
      0.1919
      0.5238
      1.1691
      1.9818
      2.5891
      2.6737
      2.2039
      1.4288
      0.7075
      0.2604
      0.0729
      0.0284
      0.0466
      0.1037
      0.2022
      0.3441
      0.4919
      0.5584
      0.0911
      0.1955
      0.5597
      1.2149
      1.9767
      2.5036
      2.5695
      2.1697
      1.4742
      0.7732
      0.3014
      0.0858
      0.0207
      0.0160
      0.0431
      0.1140
      0.2417
      0.3869
      0.4540
      0.0852
      0.1787
      0.4939
      1.0421
      1.6871
      2.2164
      2.4676
      2.3076
      1.7212
      0.9706
      0.3992
      0.1176
      0.0259
      0.0127
      0.0417
      0.1356
      0.3186
      0.5328
      0.6325
      0.0799
      0.1643
      0.4448
      0.9287
      1.5180
      2.0721
      2.4453
      2.4175
      1.8766
      1.0853
      0.4536
      0.1349
      0.0296
      0.0138
      0.0466
      0.1557
      0.3703
      0.6221
      0.7395
