      0.1417
      0.1541
      0.1798
      0.1956
      0.1888
      0.1660
      0.1418
      0.1231
      0.1087
      0.0969
      0.0871
      0.0768
      0.0624
      0.0440
      0.0262
      0.0132
      0.0061
      0.0034
      0.0027
      0.1446
      0.1551
      0.1759
      0.1866
      0.1764
      0.1529
      0.1297
      0.1130
      0.1016
      0.0936
      0.0881
      0.0819
      0.0703
      0.0526
      0.0331
      0.0176
      0.0083
      0.0041
      0.0031
      0.1666
      0.1701
      0.1743
      0.1678
      0.1475
      0.1221
      0.1025
      0.0921
      0.0888
      0.0907
      0.0969
      0.1026
      0.0997
      0.0837
      0.0588
      0.0342
      0.0167
      0.0077
      0.0050
      0.2766
      0.2623
      0.2242
      0.1748
      0.1284
      0.0962
      0.0818
      0.0811
      0.0886
      0.1027
      0.1246
      0.1488
      0.1612
      0.1490
      0.1139
      0.0714
      0.0371
      0.0177
      0.0117
      0.6669
      0.6056
      0.4558
      0.2901
      0.1671
      0.1047
      0.0891
      0.0972
      0.1131
      0.1358
      0.1721
      0.2188
      0.2534
      0.2497
      0.2031
      0.1360
      0.0774
      0.0423
      0.0312
      1.6703
      1.4998
      1.0877
      0.6443
      0.3284
      0.1750
      0.1341
      0.1406
      0.1559
      0.1772
      0.2202
      0.2872
      0.3480
      0.3610
      0.3116
      0.2268
      0.1482
      0.1003
      0.0852
      3.5745
      3.2026
      2.3055
      1.3432
      0.6580
      0.3169
      0.2071
      0.1916
      0.1930
      0.2013
      0.2395
      0.3164
      0.4001
      0.4390
      0.4099
      0.3388
      0.2721
      0.2350
      0.2248
      6.2039
      5.5560
      3.9936
      2.3161
      1.1147
      0.5013
      0.2802
      0.2224
      0.2006
      0.1903
      0.2151
      0.2882
      0.3841
      0.4560
      0.4814
      0.4820
      0.4934
      0.5203
      0.5353
      8.6435
      7.7403
      5.5612
      3.2186
      1.5327
      0.6566
      0.3214
      0.2180
      0.1750
      0.1505
      0.1609
      0.2207
      0.3180
      0.4271
      0.5410
      0.6805
      0.8554
      1.0194
      1.0884
      9.6539
      8.6451
      6.2110
      3.5920
      1.7016
      0.7095
      0.3188
      0.1911
      0.1384
      0.1081
      0.1074
      0.1512
      0.2442
      0.3900
      0.6092
      0.9290
      1.3270
      1.6829
      1.8286
      8.6435
      7.7415
      5.5655
      3.2253
      1.5366
      0.6489
      0.2963
      0.1771
      0.1245
      0.0898
      0.0778
      0.1051
      0.1901
      0.3618
      0.6680
      1.1466
      1.7488
      2.2846
      2.5029
      6.2039
      5.5606
      4.0113
      2.3519
      1.1640
      0.5478
      0.3045
      0.2136
      0.1575
      0.1080
      0.0768
      0.0840
      0.1541
      0.3279
      0.6671
      1.2168
      1.9161
      2.5397
      2.7938
      3.5745
      3.2143
      2.3529
      1.4462
      0.8190
      0.5112
      0.3898
      0.3201
      0.2425
      0.1597
      0.0971
      0.0778
      0.1244
      0.2745
      0.5884
      1.1106
      1.7824
      2.3842
      2.6300
      1.6703
      1.5229
      1.1820
      0.8523
      0.6634
      0.5993
      0.5671
      0.4949
      0.3735
      0.2386
      0.1325
      0.0812
      0.1009
      0.2214
      0.4977
      0.9743
      1.5985
      2.1627
      2.3939
      0.6669
      0.6420
      0.6041
      0.6190
      0.7018
      0.7952
      0.8181
      0.7295
      0.5525
      0.3516
      0.1893
      0.0997
      0.0979
      0.2159
      0.5221
      1.0774
      1.8234
      2.5064
      2.7877
      0.2766
      0.3088
      0.4154
      0.6030
      0.8365
      1.0347
      1.1100
      1.0197
      0.7933
      0.5169
      0.2818
      0.1432
      0.1297
      0.2970
      0.7619
      1.6322
      2.8203
      3.9165
      4.3696
      0.1666
      0.2205
      0.3841
      0.6480
      0.9666
      1.2524
      1.4013
      1.3416
      1.0844
      0.7299
      0.4079
      0.2099
      0.1923
      0.4541
      1.1911
      2.5830
      4.4926
      6.2591
      6.9898
      0.1446
      0.2044
      0.3848
      0.6777
      1.0448
      1.4021
      1.6284
      1.6150
      1.3449
      0.9266
      0.5270
      0.2751
      0.2567
      0.6146
      1.6213
      3.5261
      6.1424
      8.5639
      9.5659
      0.1417
      0.2022
      0.3852
      0.6852
      1.0690
      1.4554
      1.7161
      1.7251
      1.4522
      1.0085
      0.5769
      0.3028
      0.2843
      0.6830
      1.8037
      3.9248
      6.8386
      9.5358
     10.6520
