      0.0003
      0.0007
      0.0017
      0.0023
      0.0017
      0.0008
      0.0004
      0.0004
      0.0012
      0.0046
      0.0111
      0.0149
      0.0108
      0.0042
      0.0009
      0.0001
      0.0000
      0.0000
      0.0000
      0.0004
      0.0009
      0.0019
      0.0024
      0.0016
      0.0007
      0.0003
      0.0003
      0.0009
      0.0038
      0.0098
      0.0142
      0.0112
      0.0048
      0.0011
      0.0001
      0.0000
      0.0000
      0.0000
      0.0005
      0.0010
      0.0019
      0.0021
      0.0012
      0.0004
      0.0001
      0.0001
      0.0004
      0.0020
      0.0062
      0.0104
      0.0098
      0.0050
      0.0014
      0.0002
      0.0000
      0.0000
      0.0000
      0.0010
      0.0011
      0.0013
      0.0011
      0.0006
      0.0002
      0.0000
      0.0000
      0.0001
      0.0008
      0.0029
      0.0066
      0.0087
      0.0066
      0.0029
      0.0007
      0.0001
      0.0000
      0.0000
      0.0187
      0.0139
      0.0058
      0.0015
      0.0003
      0.0000
      0.0000
      0.0000
      0.0001
      0.0005
      0.0033
      0.0115
      0.0219
      0.0230
      0.0131
      0.0041
      0.0007
      0.0001
      0.0000
      0.3064
      0.2252
      0.0893
      0.0191
      0.0022
      0.0002
      0.0001
      0.0001
      0.0002
      0.0010
      0.0066
      0.0265
      0.0576
      0.0675
      0.0428
      0.0146
      0.0027
      0.0004
      0.0002
      2.6889
      1.9762
      0.7836
      0.1671
      0.0190
      0.0012
      0.0002
      0.0003
      0.0004
      0.0011
      0.0082
      0.0361
      0.0860
      0.1107
      0.0771
      0.0294
      0.0074
      0.0044
      0.0052
     12.6130
      9.2700
      3.6758
      0.7836
      0.0893
      0.0055
      0.0005
      0.0005
      0.0004
      0.0007
      0.0055
      0.0268
      0.0705
      0.1010
      0.0806
      0.0413
      0.0344
      0.0636
      0.0845
     31.8085
     23.3779
      9.2700
      1.9762
      0.2252
      0.0138
      0.0008
      0.0005
      0.0004
      0.0004
      0.0021
      0.0118
      0.0381
      0.0744
      0.0966
      0.1183
      0.2510
      0.5529
      0.7409
     43.2794
     31.8085
     12.6130
      2.6889
      0.3066
      0.0196
      0.0036
      0.0044
      0.0035
      0.0016
      0.0011
      0.0072
      0.0415
      0.1436
      0.3018
      0.5164
      1.1891
      2.6022
      3.4788
     31.8085
     23.3779
      9.2700
      1.9765
      0.2282
      0.0282
      0.0384
      0.0534
      0.0406
      0.0167
      0.0045
      0.0115
      0.0832
      0.3392
      0.7940
      1.4079
      3.0977
      6.6050
      8.7901
     12.6130
      9.2700
      3.6760
      0.7865
      0.1132
      0.1140
      0.2671
      0.3549
      0.2550
      0.0989
      0.0215
      0.0154
      0.1067
      0.4677
      1.1668
      2.1064
      4.3945
      9.0704
     11.9967
      2.6889
      1.9763
      0.7848
      0.1809
      0.1223
      0.4370
      1.0077
      1.2648
      0.8592
      0.3150
      0.0626
      0.0151
      0.0748
      0.3499
      0.9290
      1.7144
      3.3980
      6.7518
      8.8583
      0.3064
      0.2255
      0.0937
      0.0592
      0.2530
      0.9558
      2.0584
      2.4331
      1.5618
      0.5415
      0.1011
      0.0130
      0.0286
      0.1413
      0.3997
      0.7584
      1.4359
      2.7340
      3.5507
      0.0187
      0.0149
      0.0177
      0.0790
      0.3656
      1.1809
      2.3148
      2.5601
      1.5524
      0.5102
      0.0902
      0.0091
      0.0061
      0.0308
      0.0942
      0.1958
      0.3976
      0.7695
      1.0001
      0.0010
      0.0033
      0.0225
      0.1066
      0.3593
      0.9151
      1.5926
      1.6702
      0.9893
      0.3230
      0.0576
      0.0056
      0.0009
      0.0045
      0.0263
      0.1535
      0.6515
      1.6102
      2.1839
      0.0005
      0.0035
      0.0243
      0.1008
      0.2901
      0.6923
      1.2834
      1.5283
      1.0516
      0.4024
      0.0843
      0.0096
      0.0007
      0.0044
      0.0703
      0.6124
      2.8679
      7.2301
      9.8369
      0.0004
      0.0024
      0.0162
      0.0697
      0.2578
      0.8720
      2.0484
      2.7925
      2.0951
      0.8530
      0.1872
      0.0220
      0.0017
      0.0106
      0.1755
      1.5405
      7.2258
     18.2226
     24.7941
      0.0003
      0.0016
      0.0108
      0.0534
      0.2617
      1.0622
      2.6599
      3.7053
      2.8063
      1.1486
      0.2529
      0.0298
      0.0023
      0.0145
      0.2388
      2.0959
      9.8315
     24.7939
     33.7352
