      0.0609
      0.0806
      0.1211
      0.1426
      0.1237
      0.0839
      0.0533
      0.0384
      0.0294
      0.0220
      0.0179
      0.0159
      0.0126
      0.0078
      0.0035
      0.0012
      0.0003
      0.0001
      0.0000
      0.0646
      0.0830
      0.1194
      0.1355
      0.1138
      0.0748
      0.0460
      0.0325
      0.0252
      0.0200
      0.0184
      0.0191
      0.0176
      0.0126
      0.0067
      0.0026
      0.0007
      0.0002
      0.0001
      0.0686
      0.0825
      0.1071
      0.1113
      0.0864
      0.0524
      0.0297
      0.0201
      0.0166
      0.0177
      0.0257
      0.0384
      0.0459
      0.0404
      0.0257
      0.0116
      0.0038
      0.0009
      0.0003
      0.0799
      0.0840
      0.0876
      0.0770
      0.0526
      0.0285
      0.0146
      0.0099
      0.0116
      0.0235
      0.0543
      0.1016
      0.1387
      0.1353
      0.0936
      0.0459
      0.0159
      0.0040
      0.0014
      0.2121
      0.1867
      0.1289
      0.0720
      0.0337
      0.0140
      0.0068
      0.0064
      0.0133
      0.0409
      0.1125
      0.2304
      0.3369
      0.3494
      0.2567
      0.1336
      0.0497
      0.0142
      0.0061
      0.8845
      0.7468
      0.4500
      0.1946
      0.0616
      0.0161
      0.0068
      0.0082
      0.0188
      0.0607
      0.1773
      0.3843
      0.5937
      0.6499
      0.5048
      0.2801
      0.1157
      0.0437
      0.0272
      2.9565
      2.4873
      1.4802
      0.6224
      0.1856
      0.0421
      0.0130
      0.0121
      0.0219
      0.0663
      0.2004
      0.4573
      0.7447
      0.8610
      0.7116
      0.4348
      0.2271
      0.1447
      0.1303
      7.0403
      5.9212
      3.5206
      1.4773
      0.4378
      0.0955
      0.0227
      0.0143
      0.0194
      0.0519
      0.1610
      0.3865
      0.6649
      0.8186
      0.7432
      0.5610
      0.4726
      0.5137
      0.5556
     11.8408
      9.9586
      5.9206
      2.4840
      0.7350
      0.1572
      0.0314
      0.0136
      0.0134
      0.0295
      0.0920
      0.2331
      0.4284
      0.5814
      0.6474
      0.7610
      1.0992
      1.5719
      1.8046
     14.0788
     11.8408
      7.0397
      2.9537
      0.8742
      0.1868
      0.0362
      0.0139
      0.0105
      0.0143
      0.0390
      0.1037
      0.2122
      0.3558
      0.6027
      1.1869
      2.3039
      3.6141
      4.2245
     11.8408
      9.9589
      5.9219
      2.4878
      0.7430
      0.1698
      0.0467
      0.0279
      0.0205
      0.0142
      0.0167
      0.0397
      0.0998
      0.2466
      0.6592
      1.7212
      3.6998
      5.9773
      7.0308
      7.0403
      5.9228
      3.5284
      1.4997
      0.4826
      0.1620
      0.0986
      0.0809
      0.0575
      0.0321
      0.0166
      0.0199
      0.0590
      0.2022
      0.6759
      1.9396
      4.3066
      7.0352
      8.2981
      2.9565
      2.4938
      1.5129
      0.7117
      0.3533
      0.2737
      0.2564
      0.2098
      0.1372
      0.0697
      0.0282
      0.0161
      0.0393
      0.1507
      0.5399
      1.5948
      3.5835
      5.8835
      6.9497
      0.8845
      0.7662
      0.5461
      0.4479
      0.5160
      0.6095
      0.5943
      0.4615
      0.2852
      0.1383
      0.0518
      0.0183
      0.0234
      0.0869
      0.3185
      0.9522
      2.1516
      3.5422
      4.1877
      0.2121
      0.2276
      0.3290
      0.5902
      0.9450
      1.1903
      1.1801
      0.9427
      0.6084
      0.3090
      0.1191
      0.0353
      0.0157
      0.0411
      0.1546
      0.4723
      1.0780
      1.7823
      2.1096
      0.0799
      0.1449
      0.3857
      0.8523
      1.4467
      1.9345
      2.1162
      1.9114
      1.3828
      0.7654
      0.3122
      0.0921
      0.0237
      0.0300
      0.1210
      0.3941
      0.9254
      1.5475
      1.8371
      0.0686
      0.1481
      0.4338
      0.9958
      1.8109
      2.7380
      3.4827
      3.5894
      2.8409
      1.6578
      0.6962
      0.2081
      0.0497
      0.0490
      0.2049
      0.6897
      1.6414
      2.7590
      3.2798
      0.0646
      0.1389
      0.4092
      0.9836
      1.9849
      3.4436
      4.9426
      5.5111
      4.5531
      2.7147
      1.1523
      0.3462
      0.0823
      0.0791
      0.3325
      1.1237
      2.6786
      4.5053
      5.3567
      0.0609
      0.1297
      0.3833
      0.9504
      2.0309
      3.7433
      5.6089
      6.4052
      5.3540
      3.2098
      1.3658
      0.4108
      0.0977
      0.0937
      0.3942
      1.3326
      3.1772
      5.3442
      6.3543
