      0.0352
      0.0467
      0.0706
      0.0834
      0.0728
      0.0505
      0.0349
      0.0335
      0.0485
      0.0833
      0.1266
      0.1459
      0.1213
      0.0717
      0.0300
      0.0088
      0.0018
      0.0003
      0.0001
      0.0376
      0.0484
      0.0699
      0.0795
      0.0672
      0.0451
      0.0301
      0.0284
      0.0415
      0.0730
      0.1140
      0.1355
      0.1169
      0.0722
      0.0318
      0.0100
      0.0022
      0.0004
      0.0001
      0.0421
      0.0501
      0.0642
      0.0664
      0.0516
      0.0318
      0.0194
      0.0174
      0.0264
      0.0502
      0.0855
      0.1119
      0.1078
      0.0755
      0.0383
      0.0141
      0.0037
      0.0007
      0.0002
      0.0653
      0.0650
      0.0614
      0.0500
      0.0329
      0.0177
      0.0096
      0.0084
      0.0142
      0.0314
      0.0633
      0.0991
      0.1152
      0.0980
      0.0605
      0.0270
      0.0087
      0.0021
      0.0007
      0.2488
      0.2144
      0.1386
      0.0693
      0.0282
      0.0105
      0.0051
      0.0052
      0.0100
      0.0262
      0.0645
      0.1226
      0.1701
      0.1697
      0.1210
      0.0617
      0.0227
      0.0067
      0.0031
      1.1171
      0.9414
      0.5636
      0.2402
      0.0737
      0.0180
      0.0066
      0.0070
      0.0119
      0.0302
      0.0814
      0.1720
      0.2628
      0.2859
      0.2216
      0.1237
      0.0529
      0.0224
      0.0156
      3.7604
      3.1631
      1.8815
      0.7903
      0.2348
      0.0521
      0.0142
      0.0110
      0.0146
      0.0321
      0.0884
      0.1988
      0.3243
      0.3782
      0.3183
      0.2032
      0.1181
      0.0873
      0.0834
      8.9596
      7.5355
      4.4802
      1.8798
      0.5566
      0.1202
      0.0266
      0.0146
      0.0149
      0.0265
      0.0724
      0.1733
      0.3058
      0.3939
      0.3853
      0.3258
      0.3060
      0.3445
      0.3730
     15.0696
     12.6741
      7.5351
      3.1614
      0.9359
      0.2017
      0.0433
      0.0217
      0.0181
      0.0210
      0.0484
      0.1249
      0.2547
      0.3990
      0.5137
      0.6301
      0.8356
      1.1044
      1.2375
     17.9178
     15.0696
      8.9596
      3.7610
      1.1199
      0.2570
      0.0812
      0.0622
      0.0521
      0.0375
      0.0422
      0.1028
      0.2572
      0.5132
      0.8424
      1.2712
      1.8961
      2.6050
      2.9396
     15.0696
     12.6745
      7.5381
      3.1749
      0.9795
      0.3034
      0.2137
      0.2253
      0.1900
      0.1184
      0.0730
      0.1168
      0.3161
      0.7166
      1.3024
      2.0933
      3.1951
      4.4009
      4.9631
      8.9596
      7.5373
      4.4927
      1.9314
      0.7119
      0.4634
      0.5764
      0.6470
      0.5314
      0.3137
      0.1505
      0.1396
      0.3448
      0.8190
      1.5513
      2.5423
      3.8743
      5.2959
      5.9531
      3.7604
      3.1692
      1.9194
      0.9317
      0.6235
      0.8515
      1.2257
      1.3437
      1.0634
      0.6023
      0.2561
      0.1463
      0.2847
      0.6865
      1.3377
      2.2177
      3.3581
      4.5417
      5.0832
      1.1171
      0.9567
      0.6508
      0.5327
      0.7970
      1.3794
      1.9344
      2.0200
      1.5324
      0.8347
      0.3309
      0.1315
      0.1732
      0.4119
      0.8256
      1.3912
      2.1045
      2.8239
      3.1489
      0.2488
      0.2428
      0.2913
      0.5347
      1.0619
      1.7745
      2.3178
      2.2877
      1.6646
      0.8774
      0.3336
      0.1053
      0.0808
      0.1796
      0.3805
      0.6852
      1.0947
      1.5131
      1.7016
      0.0653
      0.1041
      0.2629
      0.6249
      1.2102
      1.8786
      2.3144
      2.2082
      1.5845
      0.8348
      0.3182
      0.0910
      0.0371
      0.0701
      0.1899
      0.4608
      0.9298
      1.4580
      1.7015
      0.0421
      0.0898
      0.2663
      0.6304
      1.1856
      1.8226
      2.2879
      2.2714
      1.7138
      0.9528
      0.3829
      0.1111
      0.0315
      0.0534
      0.2156
      0.6916
      1.6120
      2.6875
      3.1881
      0.0376
      0.0807
      0.2365
      0.5586
      1.0878
      1.7986
      2.4644
      2.6488
      2.1299
      1.2447
      0.5204
      0.1551
      0.0421
      0.0728
      0.3267
      1.1006
      2.6186
      4.4008
      5.2314
      0.0352
      0.0744
      0.2158
      0.5149
      1.0395
      1.8093
      2.5985
      2.8888
      2.3751
      1.4088
      0.5951
      0.1787
      0.0486
      0.0849
      0.3850
      1.3025
      3.1044
      5.2209
      6.2075
