      0.0000
      0.0000
      0.0000
      0.0000
      0.0000
      0.0000
      0.0000
      0.0000
      0.0000
      0.0000
      0.0000
      0.0000
      0.0000
      0.0000
      0.0000
      0.0000
      0.0000
      0.0000
      0.0000
      0.0000
      0.0000
      0.0000
      0.0000
      0.0000
      0.0000
      0.0000
      0.0000
      0.0000
      0.0000
      0.0000
      0.0000
      0.0000
      0.0000
      0.0000
      0.0000
      0.0000
      0.0000
      0.0000
      0.0000
      0.0000
      0.0000
      0.0000
      0.0000
      0.0000
      0.0000
      0.0000
      0.0000
      0.0000
      0.0000
      0.0000
      0.0000
      0.0000
      0.0000
      0.0000
      0.0000
      0.0000
      0.0000
      0.0000
      0.0000
      0.0000
      0.0000
      0.0000
      0.0000
      0.0000
      0.0000
      0.0000
      0.0000
      0.0000
      0.0000
      0.0000
      0.0000
      0.0000
      0.0000
      0.0000
      0.0000
      0.0000
      0.0000
      0.0000
      0.0000
      0.0000
      0.0000
      0.0000
      0.0000
      0.0000
      0.0000
      0.0000
      0.0000
      0.0002
      0.0009
      0.0010
      0.0003
      0.0000
      0.0000
      0.0000
      0.0000
      0.0001
      0.0001
      0.0000
      0.0000
      0.0000
      0.0000
      0.0000
      0.0000
      0.0000
      0.0000
      0.0001
      0.0015
      0.0087
      0.0125
      0.0045
      0.0004
      0.0000
      0.0000
      0.0000
      0.0158
      0.0079
      0.0010
      0.0000
      0.0000
      0.0000
      0.0000
      0.0000
      0.0000
      0.0000
      0.0001
      0.0031
      0.0216
      0.0380
      0.0167
      0.0018
      0.0000
      0.0000
      0.0000
      0.5112
      0.2556
      0.0319
      0.0010
      0.0000
      0.0000
      0.0000
      0.0000
      0.0000
      0.0000
      0.0000
      0.0015
      0.0134
      0.0289
      0.0156
      0.0021
      0.0001
      0.0000
      0.0001
      4.1004
      2.0502
      0.2556
      0.0079
      0.0001
      0.0000
      0.0000
      0.0000
      0.0000
      0.0000
      0.0000
      0.0002
      0.0021
      0.0055
      0.0038
      0.0007
      0.0008
      0.0060
      0.0120
      8.2007
      4.1004
      0.5112
      0.0158
      0.0001
      0.0000
      0.0000
      0.0000
      0.0000
      0.0000
      0.0000
      0.0000
      0.0001
      0.0011
      0.0043
      0.0059
      0.0262
      0.1951
      0.3895
      4.1004
      2.0502
      0.2556
      0.0079
      0.0001
      0.0000
      0.0001
      0.0001
      0.0001
      0.0000
      0.0000
      0.0000
      0.0003
      0.0068
      0.0395
      0.0635
      0.2163
      1.5645
      3.1241
      0.5112
      0.2556
      0.0319
      0.0010
      0.0000
      0.0005
      0.0041
      0.0078
      0.0037
      0.0004
      0.0000
      0.0000
      0.0005
      0.0142
      0.0961
      0.1743
      0.4585
      3.1315
      6.2480
      0.0158
      0.0079
      0.0010
      0.0000
      0.0005
      0.0122
      0.0811
      0.1361
      0.0571
      0.0060
      0.0002
      0.0000
      0.0002
      0.0074
      0.0584
      0.1209
      0.2513
      1.5689
      3.1241
      0.0001
      0.0001
      0.0000
      0.0008
      0.0081
      0.0764
      0.4018
      0.5899
      0.2184
      0.0202
      0.0005
      0.0000
      0.0000
      0.0010
      0.0089
      0.0211
      0.0359
      0.1964
      0.3895
      0.0000
      0.0000
      0.0006
      0.0138
      0.0893
      0.2236
      0.5379
      0.6441
      0.2097
      0.0171
      0.0003
      0.0000
      0.0000
      0.0000
      0.0003
      0.0009
      0.0014
      0.0067
      0.0132
      0.0000
      0.0000
      0.0030
      0.0637
      0.3402
      0.4907
      0.3883
      0.3804
      0.1554
      0.0177
      0.0005
      0.0000
      0.0000
      0.0000
      0.0000
      0.0003
      0.0096
      0.0767
      0.1535
      0.0000
      0.0001
      0.0040
      0.0738
      0.3465
      0.7279
      3.0701
      6.3672
      3.4185
      0.4585
      0.0152
      0.0001
      0.0000
      0.0000
      0.0001
      0.0096
      0.3100
      2.4866
      4.9732
      0.0000
      0.0000
      0.0014
      0.0219
      0.1622
      2.8223
     23.6789
     50.9188
     27.3956
      3.6762
      0.1221
      0.0010
      0.0000
      0.0000
      0.0006
      0.0767
      2.4866
     19.9457
     39.8913
      0.0000
      0.0000
      0.0002
      0.0042
      0.1673
      5.4890
     47.3190
    101.8349
     54.7912
      7.3525
      0.2442
      0.0020
      0.0000
      0.0000
      0.0012
      0.1534
      4.9732
     39.8913
     79.7826
