      0.4520
      0.4614
      0.4820
      0.4979
      0.4997
      0.4921
      0.4897
      0.5066
      0.5462
      0.5965
      0.6316
      0.6221
      0.5530
      0.4351
      0.2996
      0.1801
      0.0958
      0.0494
      0.0350
      0.4450
      0.4527
      0.4687
      0.4788
      0.4754
      0.4641
      0.4599
      0.4767
      0.5187
      0.5746
      0.6191
      0.6215
      0.5639
      0.4535
      0.3200
      0.1975
      0.1082
      0.0574
      0.0415
      0.4290
      0.4316
      0.4346
      0.4290
      0.4120
      0.3917
      0.3835
      0.4012
      0.4500
      0.5217
      0.5922
      0.6279
      0.6026
      0.5136
      0.3848
      0.2531
      0.1485
      0.0850
      0.0642
      0.4217
      0.4164
      0.3994
      0.3704
      0.3345
      0.3035
      0.2919
      0.3124
      0.3717
      0.4655
      0.5727
      0.6566
      0.6788
      0.6217
      0.5003
      0.3544
      0.2259
      0.1421
      0.1136
      0.4568
      0.4403
      0.3955
      0.3347
      0.2746
      0.2310
      0.2165
      0.2403
      0.3099
      0.4257
      0.5717
      0.7090
      0.7873
      0.7714
      0.6643
      0.5067
      0.3534
      0.2473
      0.2101
      0.5722
      0.5403
      0.4571
      0.3524
      0.2581
      0.1959
      0.1747
      0.1982
      0.2722
      0.4018
      0.5778
      0.7633
      0.8996
      0.9356
      0.8600
      0.7100
      0.5484
      0.4305
      0.3882
      0.7813
      0.7297
      0.5969
      0.4343
      0.2934
      0.2030
      0.1679
      0.1838
      0.2521
      0.3809
      0.5692
      0.7877
      0.9777
      1.0787
      1.0653
      0.9639
      0.8338
      0.7329
      0.6957
      1.0441
      0.9715
      0.7853
      0.5600
      0.3675
      0.2446
      0.1914
      0.1937
      0.2460
      0.3574
      0.5363
      0.7670
      1.0016
      1.1805
      1.2677
      1.2712
      1.2317
      1.1916
      1.1759
      1.2692
      1.1806
      0.9547
      0.6836
      0.4556
      0.3122
      0.2477
      0.2371
      0.2670
      0.3468
      0.4952
      0.7159
      0.9820
      1.2454
      1.4647
      1.6253
      1.7341
      1.7998
      1.8224
      1.3583
      1.2667
      1.0348
      0.7618
      0.5404
      0.4098
      0.3551
      0.3399
      0.3441
      0.3791
      0.4773
      0.6657
      0.9441
      1.2832
      1.6412
      1.9801
      2.2659
      2.4615
      2.5318
      1.2692
      1.1917
      0.9996
      0.7848
      0.6291
      0.5582
      0.5420
      0.5324
      0.5052
      0.4795
      0.5061
      0.6375
      0.9000
      1.2834
      1.7484
      2.2375
      2.6787
      2.9913
      3.1050
      1.0441
      0.9964
      0.8860
      0.7852
      0.7504
      0.7817
      0.8275
      0.8268
      0.7561
      0.6495
      0.5815
      0.6292
      0.8397
      1.2164
      1.7223
      2.2874
      2.8153
      3.1956
      3.3349
      0.7813
      0.7722
      0.7677
      0.8132
      0.9307
      1.0861
      1.2008
      1.2014
      1.0708
      0.8644
      0.6832
      0.6253
      0.7497
      1.0650
      1.5347
      2.0853
      2.6124
      2.9966
      3.1380
      0.5722
      0.6024
      0.7053
      0.8991
      1.1690
      1.4442
      1.6187
      1.6082
      1.4056
      1.0909
      0.7906
      0.6182
      0.6366
      0.8530
      1.2305
      1.6984
      2.1584
      2.4982
      2.6239
      0.4568
      0.5202
      0.7142
      1.0337
      1.4322
      1.8068
      2.0268
      1.9992
      1.7263
      1.3100
      0.8984
      0.6171
      0.5295
      0.6389
      0.9083
      1.2735
      1.6471
      1.9289
      2.0341
      0.4217
      0.5091
      0.7690
      1.1804
      1.6746
      2.1257
      2.3839
      2.3466
      2.0199
      1.5203
      1.0140
      0.6382
      0.4590
      0.4785
      0.6606
      0.9470
      1.2581
      1.5001
      1.5917
      0.4290
      0.5310
      0.8317
      1.3015
      1.8607
      2.3699
      2.6655
      2.6333
      2.2756
      1.7162
      1.1354
      0.6836
      0.4346
      0.3926
      0.5236
      0.7722
      1.0603
      1.2917
      1.3806
      0.4450
      0.5543
      0.8756
      1.3767
      1.9741
      2.5228
      2.8501
      2.8312
      2.4613
      1.8660
      1.2355
      0.7324
      0.4389
      0.3632
      0.4733
      0.7141
      1.0052
      1.2438
      1.3362
      0.4520
      0.5634
      0.8907
      1.4016
      2.0118
      2.5750
      2.9152
      2.9032
      2.5308
      1.9235
      1.2752
      0.7536
      0.4446
      0.3585
      0.4638
      0.7054
      1.0014
      1.2454
      1.3402
