      0.0581
      0.0770
      0.1156
      0.1355
      0.1155
      0.0735
      0.0401
      0.0271
      0.0321
      0.0525
      0.0791
      0.0912
      0.0761
      0.0453
      0.0191
      0.0057
      0.0012
      0.0002
      0.0001
      0.0618
      0.0794
      0.1141
      0.1290
      0.1065
      0.0658
      0.0348
      0.0231
      0.0277
      0.0467
      0.0729
      0.0877
      0.0772
      0.0490
      0.0224
      0.0074
      0.0017
      0.0003
      0.0001
      0.0664
      0.0797
      0.1030
      0.1065
      0.0814
      0.0466
      0.0229
      0.0144
      0.0185
      0.0353
      0.0631
      0.0881
      0.0915
      0.0699
      0.0390
      0.0159
      0.0047
      0.0010
      0.0003
      0.0832
      0.0862
      0.0877
      0.0754
      0.0503
      0.0258
      0.0115
      0.0074
      0.0123
      0.0312
      0.0714
      0.1248
      0.1597
      0.1478
      0.0982
      0.0467
      0.0158
      0.0039
      0.0013
      0.2478
      0.2165
      0.1462
      0.0787
      0.0350
      0.0135
      0.0057
      0.0052
      0.0126
      0.0412
      0.1126
      0.2267
      0.3269
      0.3353
      0.2443
      0.1263
      0.0465
      0.0128
      0.0051
      1.0613
      0.8954
      0.5383
      0.2315
      0.0722
      0.0178
      0.0062
      0.0069
      0.0168
      0.0566
      0.1665
      0.3603
      0.5554
      0.6071
      0.4707
      0.2600
      0.1047
      0.0351
      0.0185
      3.5564
      2.9917
      1.7801
      0.7481
      0.2224
      0.0490
      0.0126
      0.0101
      0.0192
      0.0609
      0.1861
      0.4255
      0.6937
      0.8031
      0.6636
      0.3995
      0.1910
      0.0962
      0.0745
      8.4702
      7.1239
      4.2355
      1.7771
      0.5259
      0.1128
      0.0237
      0.0126
      0.0173
      0.0478
      0.1501
      0.3625
      0.6279
      0.7793
      0.7073
      0.5039
      0.3454
      0.2942
      0.2920
     14.2460
     11.9815
      7.1232
      2.9884
      0.8840
      0.1887
      0.0376
      0.0166
      0.0159
      0.0301
      0.0896
      0.2298
      0.4351
      0.6092
      0.6676
      0.6598
      0.7139
      0.8465
      0.9214
     16.9385
     14.2460
      8.4698
      3.5546
      1.0556
      0.2350
      0.0625
      0.0410
      0.0342
      0.0297
      0.0499
      0.1281
      0.2849
      0.4993
      0.7325
      1.0156
      1.4343
      1.9135
      2.1395
     14.2460
     11.9818
      7.1258
      2.9985
      0.9141
      0.2552
      0.1453
      0.1427
      0.1187
      0.0750
      0.0518
      0.0916
      0.2374
      0.5168
      0.9267
      1.4981
      2.2999
      3.1636
      3.5612
      8.4702
      7.1259
      4.2475
      1.8204
      0.6421
      0.3493
      0.3835
      0.4134
      0.3336
      0.1955
      0.0945
      0.0904
      0.2240
      0.5341
      1.0312
      1.7409
      2.7173
      3.7511
      4.2244
      3.5564
      2.9993
      1.8220
      0.8838
      0.5468
      0.6451
      0.8486
      0.8855
      0.6819
      0.3806
      0.1606
      0.0914
      0.1784
      0.4350
      0.8669
      1.4847
      2.3150
      3.1798
      3.5734
      1.0613
      0.9162
      0.6478
      0.5553
      0.7650
      1.1575
      1.4614
      1.4257
      1.0402
      0.5554
      0.2180
      0.0849
      0.1082
      0.2585
      0.5291
      0.9202
      1.4363
      1.9642
      2.2028
      0.2478
      0.2583
      0.3579
      0.6669
      1.1923
      1.7530
      2.0582
      1.8949
      1.3320
      0.6957
      0.2659
      0.0822
      0.0537
      0.1135
      0.2459
      0.4603
      0.7635
      1.0798
      1.2230
      0.0832
      0.1466
      0.3889
      0.8896
      1.6023
      2.3045
      2.6882
      2.5126
      1.8202
      0.9871
      0.3909
      0.1137
      0.0354
      0.0486
      0.1348
      0.3439
      0.7159
      1.1387
      1.3341
      0.0664
      0.1434
      0.4238
      0.9895
      1.8384
      2.8290
      3.6198
      3.7092
      2.9007
      1.6697
      0.6922
      0.2049
      0.0491
      0.0450
      0.1716
      0.5563
      1.3035
      2.1778
      2.5849
      0.0618
      0.1330
      0.3932
      0.9488
      1.9176
      3.3193
      4.7396
      5.2538
      4.3173
      2.5626
      1.0837
      0.3245
      0.0759
      0.0651
      0.2660
      0.8953
      2.1311
      3.5823
      4.2587
      0.0581
      0.1239
      0.3661
      0.9068
      1.9310
      3.5418
      5.2818
      6.0086
      5.0080
      2.9958
      1.2727
      0.3822
      0.0894
      0.0764
      0.3141
      1.0606
      2.5279
      4.2516
      5.0550
