      0.4675
      0.4841
      0.5230
      0.5607
      0.5794
      0.5767
      0.5602
      0.5367
      0.5083
      0.4736
      0.4296
      0.3728
      0.3021
      0.2234
      0.1482
      0.0881
      0.0483
      0.0274
      0.0211
      0.4635
      0.4775
      0.5095
      0.5389
      0.5507
      0.5440
      0.5267
      0.5053
      0.4814
      0.4530
      0.4163
      0.3668
      0.3025
      0.2280
      0.1546
      0.0941
      0.0528
      0.0304
      0.0236
      0.4589
      0.4653
      0.4781
      0.4847
      0.4781
      0.4616
      0.4432
      0.4280
      0.4157
      0.4029
      0.3844
      0.3537
      0.3061
      0.2433
      0.1749
      0.1135
      0.0683
      0.0423
      0.0340
      0.4808
      0.4752
      0.4580
      0.4300
      0.3971
      0.3680
      0.3499
      0.3436
      0.3452
      0.3497
      0.3516
      0.3436
      0.3180
      0.2722
      0.2125
      0.1519
      0.1030
      0.0728
      0.0628
      0.5796
      0.5569
      0.4969
      0.4205
      0.3512
      0.3055
      0.2866
      0.2876
      0.2990
      0.3146
      0.3311
      0.3429
      0.3408
      0.3171
      0.2734
      0.2213
      0.1753
      0.1454
      0.1353
      0.8113
      0.7643
      0.6435
      0.4972
      0.3738
      0.2993
      0.2714
      0.2721
      0.2838
      0.3000
      0.3220
      0.3488
      0.3717
      0.3791
      0.3672
      0.3433
      0.3196
      0.3045
      0.2995
      1.1909
      1.1120
      0.9107
      0.6698
      0.4693
      0.3475
      0.2963
      0.2846
      0.2860
      0.2935
      0.3139
      0.3530
      0.4056
      0.4598
      0.5073
      0.5484
      0.5852
      0.6136
      0.6247
      1.6486
      1.5348
      1.2446
      0.8974
      0.6066
      0.4245
      0.3382
      0.3045
      0.2886
      0.2829
      0.2993
      0.3511
      0.4410
      0.5622
      0.7059
      0.8628
      1.0143
      1.1287
      1.1718
      2.0329
      1.8914
      1.5305
      1.0979
      0.7330
      0.4990
      0.3799
      0.3237
      0.2904
      0.2714
      0.2831
      0.3476
      0.4796
      0.6840
      0.9568
      1.2777
      1.5978
      1.8410
      1.9327
      2.1839
      2.0335
      1.6505
      1.1922
      0.8060
      0.5569
      0.4260
      0.3578
      0.3105
      0.2773
      0.2798
      0.3504
      0.5187
      0.8060
      1.2167
      1.7203
      2.2331
      2.6260
      2.7743
      2.0329
      1.8987
      1.5588
      1.1565
      0.8239
      0.6145
      0.5040
      0.4374
      0.3767
      0.3213
      0.3017
      0.3616
      0.5456
      0.8900
      1.4079
      2.0615
      2.7369
      3.2579
      3.4552
      1.6486
      1.5525
      1.3130
      1.0400
      0.8291
      0.7089
      0.6454
      0.5862
      0.5034
      0.4096
      0.3481
      0.3743
      0.5425
      0.8976
      1.4576
      2.1809
      2.9373
      3.5242
      3.7469
      1.1909
      1.1443
      1.0352
      0.9300
      0.8760
      0.8675
      0.8572
      0.7975
      0.6764
      0.5260
      0.4051
      0.3780
      0.5016
      0.8202
      1.3513
      2.0534
      2.7962
      3.3760
      3.5965
      0.8113
      0.8132
      0.8322
      0.8909
      0.9872
      1.0795
      1.1071
      1.0299
      0.8561
      0.6396
      0.4543
      0.3687
      0.4357
      0.6934
      1.1560
      1.7852
      2.4603
      2.9912
      3.1938
      0.5796
      0.6203
      0.7410
      0.9274
      1.1359
      1.2952
      1.3357
      1.2276
      0.9992
      0.7234
      0.4848
      0.3522
      0.3728
      0.5792
      0.9849
      1.5562
      2.1808
      2.6771
      2.8674
      0.4808
      0.5467
      0.7324
      0.9974
      1.2690
      1.4576
      1.4917
      1.3524
      1.0832
      0.7690
      0.4986
      0.3396
      0.3375
      0.5262
      0.9247
      1.5038
      2.1489
      2.6670
      2.8667
      0.4589
      0.5377
      0.7552
      1.0551
      1.3493
      1.5411
      1.5625
      1.4032
      1.1149
      0.7856
      0.5039
      0.3375
      0.3352
      0.5397
      0.9807
      1.6324
      2.3672
      2.9616
      3.1915
      0.4635
      0.5469
      0.7748
      1.0835
      1.3789
      1.5643
      1.5763
      1.4099
      1.1185
      0.7886
      0.5071
      0.3425
      0.3498
      0.5819
      1.0790
      1.8176
      2.6544
      3.3336
      3.5967
      0.4675
      0.5518
      0.7814
      1.0904
      1.3838
      1.5657
      1.5746
      1.4072
      1.1168
      0.7885
      0.5084
      0.3458
      0.3582
      0.6033
      1.1257
      1.9027
      2.7839
      3.4998
      3.7772
