      0.0357
      0.0465
      0.0688
      0.0807
      0.0708
      0.0502
      0.0362
      0.0336
      0.0420
      0.0636
      0.0920
      0.1049
      0.0874
      0.0522
      0.0221
      0.0066
      0.0014
      0.0002
      0.0001
      0.0377
      0.0478
      0.0679
      0.0768
      0.0652
      0.0448
      0.0312
      0.0285
      0.0361
      0.0567
      0.0854
      0.1021
      0.0903
      0.0579
      0.0268
      0.0090
      0.0022
      0.0004
      0.0001
      0.0407
      0.0483
      0.0617
      0.0638
      0.0498
      0.0314
      0.0200
      0.0176
      0.0241
      0.0438
      0.0774
      0.1096
      0.1163
      0.0910
      0.0520
      0.0216
      0.0065
      0.0014
      0.0004
      0.0570
      0.0576
      0.0560
      0.0467
      0.0312
      0.0172
      0.0096
      0.0086
      0.0160
      0.0416
      0.0974
      0.1736
      0.2259
      0.2119
      0.1424
      0.0682
      0.0232
      0.0057
      0.0020
      0.1983
      0.1716
      0.1126
      0.0578
      0.0244
      0.0092
      0.0042
      0.0049
      0.0160
      0.0582
      0.1641
      0.3340
      0.4841
      0.4983
      0.3638
      0.1882
      0.0692
      0.0190
      0.0075
      0.8765
      0.7389
      0.4430
      0.1893
      0.0582
      0.0136
      0.0037
      0.0049
      0.0198
      0.0807
      0.2470
      0.5387
      0.8319
      0.9095
      0.7046
      0.3882
      0.1555
      0.0518
      0.0275
      2.9463
      2.4784
      1.4743
      0.6192
      0.1834
      0.0390
      0.0078
      0.0059
      0.0205
      0.0858
      0.2768
      0.6379
      1.0403
      1.2022
      0.9890
      0.5899
      0.2786
      0.1411
      0.1111
      7.0191
      5.9034
      3.5098
      1.4723
      0.4349
      0.0914
      0.0162
      0.0069
      0.0164
      0.0661
      0.2227
      0.5419
      0.9365
      1.1541
      1.0327
      0.7201
      0.4906
      0.4337
      0.4412
     11.8057
      9.9290
      5.9030
      2.4762
      0.7318
      0.1549
      0.0290
      0.0120
      0.0146
      0.0398
      0.1312
      0.3384
      0.6332
      0.8671
      0.9207
      0.8942
      1.0061
      1.2662
      1.4111
     14.0370
     11.8056
      7.0190
      2.9458
      0.8756
      0.1974
      0.0573
      0.0417
      0.0367
      0.0356
      0.0684
      0.1779
      0.3844
      0.6494
      0.9336
      1.3391
      2.0451
      2.9020
      3.3123
     11.8057
      9.9293
      5.9053
      2.4863
      0.7639
      0.2290
      0.1523
      0.1583
      0.1338
      0.0859
      0.0624
      0.1138
      0.2892
      0.6219
      1.1410
      1.9829
      3.3247
      4.8473
      5.5585
      7.0191
      5.9049
      3.5197
      1.5118
      0.5503
      0.3417
      0.4129
      0.4596
      0.3764
      0.2225
      0.1086
      0.1053
      0.2609
      0.6293
      1.2694
      2.3270
      3.9653
      5.7861
      6.6303
      2.9463
      2.4837
      1.5058
      0.7316
      0.4808
      0.6339
      0.8943
      0.9706
      0.7645
      0.4323
      0.1840
      0.1052
      0.2062
      0.5127
      1.0730
      1.9957
      3.3898
      4.9146
      5.6175
      0.8765
      0.7526
      0.5192
      0.4354
      0.6438
      1.0828
      1.4892
      1.5405
      1.1659
      0.6365
      0.2531
      0.0988
      0.1253
      0.3052
      0.6544
      1.2273
      2.0716
      2.9788
      3.3941
      0.1983
      0.1982
      0.2536
      0.4812
      0.9525
      1.5846
      2.0811
      2.0854
      1.5515
      0.8401
      0.3285
      0.1021
      0.0633
      0.1315
      0.2888
      0.5540
      0.9417
      1.3530
      1.5400
      0.0570
      0.0959
      0.2560
      0.6353
      1.3043
      2.1866
      2.9331
      3.0389
      2.3510
      1.3262
      0.5377
      0.1580
      0.0451
      0.0469
      0.1085
      0.2385
      0.4500
      0.6825
      0.7888
      0.0407
      0.0901
      0.2859
      0.7584
      1.6781
      3.0842
      4.5171
      5.0263
      4.1084
      2.4193
      1.0150
      0.3017
      0.0668
      0.0279
      0.0721
      0.2143
      0.4849
      0.7988
      0.9446
      0.0377
      0.0857
      0.2844
      0.8202
      2.0294
      4.1295
      6.4979
      7.5622
      6.3552
      3.8105
      1.6189
      0.4850
      0.1047
      0.0343
      0.0930
      0.3065
      0.7266
      1.2196
      1.4493
      0.0357
      0.0814
      0.2767
      0.8376
      2.1858
      4.6273
      7.4547
      8.7882
      7.4383
      4.4787
      1.9079
      0.5726
      0.1234
      0.0396
      0.1079
      0.3592
      0.8554
      1.4382
      1.7098
