      0.2414
      0.2612
      0.3009
      0.3200
      0.2956
      0.2423
      0.1960
      0.1878
      0.2300
      0.3107
      0.3913
      0.4212
      0.3739
      0.2696
      0.1570
      0.0736
      0.0280
      0.0092
      0.0046
      0.2401
      0.2576
      0.2914
      0.3043
      0.2766
      0.2233
      0.1785
      0.1707
      0.2114
      0.2909
      0.3745
      0.4134
      0.3777
      0.2817
      0.1706
      0.0837
      0.0334
      0.0116
      0.0059
      0.2357
      0.2465
      0.2644
      0.2615
      0.2265
      0.1753
      0.1359
      0.1303
      0.1688
      0.2480
      0.3428
      0.4087
      0.4063
      0.3321
      0.2219
      0.1209
      0.0538
      0.0208
      0.0115
      0.2434
      0.2433
      0.2360
      0.2102
      0.1664
      0.1201
      0.0899
      0.0899
      0.1297
      0.2149
      0.3342
      0.4468
      0.4968
      0.4531
      0.3367
      0.2034
      0.1004
      0.0434
      0.0263
      0.3278
      0.3086
      0.2575
      0.1907
      0.1271
      0.0811
      0.0596
      0.0666
      0.1115
      0.2104
      0.3668
      0.5436
      0.6634
      0.6588
      0.5303
      0.3467
      0.1870
      0.0911
      0.0608
      0.6080
      0.5518
      0.4135
      0.2587
      0.1402
      0.0744
      0.0520
      0.0621
      0.1106
      0.2219
      0.4142
      0.6567
      0.8540
      0.9014
      0.7724
      0.5426
      0.3233
      0.1839
      0.1384
      1.1885
      1.0671
      0.7730
      0.4546
      0.2234
      0.1037
      0.0635
      0.0681
      0.1119
      0.2213
      0.4266
      0.7088
      0.9704
      1.0835
      0.9928
      0.7642
      0.5242
      0.3641
      0.3107
      2.0164
      1.8065
      1.2997
      0.7543
      0.3619
      0.1600
      0.0883
      0.0796
      0.1092
      0.1976
      0.3814
      0.6602
      0.9565
      1.1462
      1.1526
      1.0121
      0.8345
      0.7101
      0.6683
      2.7940
      2.5024
      1.7993
      1.0447
      0.5048
      0.2297
      0.1317
      0.1112
      0.1216
      0.1741
      0.3095
      0.5499
      0.8564
      1.1331
      1.2951
      1.3360
      1.3183
      1.3005
      1.2961
      3.1174
      2.7932
      2.0134
      1.1822
      0.5986
      0.3160
      0.2275
      0.2089
      0.1970
      0.1999
      0.2692
      0.4551
      0.7621
      1.1324
      1.4810
      1.7571
      1.9607
      2.0981
      2.1493
      2.7940
      2.5079
      1.8248
      1.1135
      0.6461
      0.4626
      0.4425
      0.4440
      0.3966
      0.3222
      0.3010
      0.4173
      0.7118
      1.1562
      1.6669
      2.1557
      2.5653
      2.8496
      2.9540
      2.0164
      1.8216
      1.3689
      0.9361
      0.7239
      0.7391
      0.8402
      0.8666
      0.7512
      0.5531
      0.4024
      0.4195
      0.6646
      1.1206
      1.7029
      2.3016
      2.8225
      3.1865
      3.3193
      1.1885
      1.0990
      0.9158
      0.8174
      0.9195
      1.1771
      1.4118
      1.4402
      1.2127
      0.8466
      0.5335
      0.4220
      0.5696
      0.9522
      1.4854
      2.0573
      2.5647
      2.9199
      3.0490
      0.6080
      0.6070
      0.6553
      0.8545
      1.2439
      1.7171
      2.0493
      2.0404
      1.6719
      1.1267
      0.6513
      0.4070
      0.4317
      0.6835
      1.0824
      1.5344
      1.9487
      2.2437
      2.3516
      0.3278
      0.3879
      0.5995
      1.0154
      1.6162
      2.2416
      2.6279
      2.5664
      2.0682
      1.3688
      0.7555
      0.3948
      0.3037
      0.4232
      0.6825
      1.0150
      1.3501
      1.6057
      1.7024
      0.2434
      0.3392
      0.6478
      1.1961
      1.9340
      2.6717
      3.1188
      3.0464
      2.4657
      1.6403
      0.8971
      0.4245
      0.2349
      0.2597
      0.4380
      0.7299
      1.0768
      1.3714
      1.4887
      0.2357
      0.3474
      0.7003
      1.3166
      2.1469
      3.0012
      3.5650
      3.5571
      2.9452
      2.0025
      1.1112
      0.5117
      0.2335
      0.2050
      0.3722
      0.7139
      1.1698
      1.5822
      1.7510
      0.2401
      0.3556
      0.7209
      1.3660
      2.2608
      3.2299
      3.9349
      4.0269
      3.4126
      2.3676
      1.3345
      0.6156
      0.2653
      0.2116
      0.4030
      0.8285
      1.4184
      1.9625
      2.1871
      0.2414
      0.3569
      0.7233
      1.3759
      2.2960
      3.3162
      4.0870
      4.2274
      3.6154
      2.5271
      1.4328
      0.6627
      0.2831
      0.2220
      0.4282
      0.8936
      1.5435
      2.1452
      2.3940
