      0.0089
      0.0113
      0.0164
      0.0203
      0.0223
      0.0267
      0.0351
      0.0433
      0.0503
      0.0631
      0.0817
      0.0896
      0.0737
      0.0436
      0.0184
      0.0055
      0.0012
      0.0002
      0.0000
      0.0093
      0.0116
      0.0162
      0.0193
      0.0204
      0.0234
      0.0299
      0.0366
      0.0430
      0.0555
      0.0746
      0.0853
      0.0737
      0.0464
      0.0210
      0.0068
      0.0016
      0.0003
      0.0001
      0.0101
      0.0118
      0.0150
      0.0162
      0.0154
      0.0157
      0.0186
      0.0224
      0.0277
      0.0401
      0.0619
      0.0819
      0.0831
      0.0624
      0.0343
      0.0138
      0.0040
      0.0009
      0.0003
      0.0154
      0.0153
      0.0145
      0.0123
      0.0096
      0.0084
      0.0094
      0.0119
      0.0172
      0.0322
      0.0645
      0.1078
      0.1355
      0.1241
      0.0819
      0.0387
      0.0131
      0.0033
      0.0012
      0.0583
      0.0503
      0.0327
      0.0168
      0.0080
      0.0056
      0.0072
      0.0109
      0.0182
      0.0404
      0.0967
      0.1886
      0.2696
      0.2757
      0.2005
      0.1036
      0.0385
      0.0114
      0.0053
      0.2611
      0.2201
      0.1319
      0.0568
      0.0193
      0.0098
      0.0129
      0.0193
      0.0281
      0.0570
      0.1420
      0.2973
      0.4554
      0.4969
      0.3852
      0.2141
      0.0906
      0.0383
      0.0270
      0.8782
      0.7387
      0.4397
      0.1857
      0.0590
      0.0231
      0.0240
      0.0313
      0.0378
      0.0646
      0.1594
      0.3507
      0.5683
      0.6572
      0.5451
      0.3395
      0.1938
      0.1476
      0.1448
      2.0920
      1.7595
      1.0465
      0.4408
      0.1365
      0.0441
      0.0339
      0.0379
      0.0386
      0.0541
      0.1294
      0.2990
      0.5153
      0.6412
      0.5966
      0.4848
      0.4752
      0.5821
      0.6510
      3.5186
      2.9593
      1.7599
      0.7406
      0.2265
      0.0649
      0.0385
      0.0374
      0.0328
      0.0359
      0.0783
      0.1913
      0.3622
      0.5183
      0.6250
      0.8125
      1.2646
      1.8708
      2.1679
      4.1836
      3.5186
      2.0926
      0.8812
      0.2709
      0.0807
      0.0516
      0.0514
      0.0430
      0.0327
      0.0453
      0.1108
      0.2507
      0.4680
      0.8164
      1.5274
      2.8461
      4.4152
      5.1555
      3.5186
      2.9595
      1.7613
      0.7471
      0.2477
      0.1152
      0.1236
      0.1399
      0.1184
      0.0747
      0.0498
      0.0853
      0.2267
      0.5360
      1.1576
      2.4548
      4.7612
      7.4384
      8.6904
      2.0920
      1.7603
      1.0522
      0.4663
      0.2174
      0.2285
      0.3343
      0.3857
      0.3197
      0.1901
      0.0924
      0.0880
      0.2240
      0.5816
      1.3476
      2.9382
      5.7113
      8.8956
     10.3790
      0.8782
      0.7410
      0.4554
      0.2519
      0.2585
      0.4586
      0.7071
      0.7956
      0.6387
      0.3652
      0.1564
      0.0900
      0.1815
      0.4835
      1.1525
      2.5276
      4.8847
      7.5663
      8.8114
      0.2611
      0.2251
      0.1640
      0.1814
      0.3708
      0.7383
      1.1107
      1.2079
      0.9395
      0.5202
      0.2086
      0.0828
      0.1109
      0.2920
      0.7158
      1.5880
      3.0661
      4.7338
      5.5054
      0.0583
      0.0587
      0.0835
      0.1994
      0.4897
      0.9570
      1.3955
      1.4833
      1.1352
      0.6208
      0.2429
      0.0767
      0.0556
      0.1385
      0.3768
      0.9166
      1.8643
      2.9407
      3.4386
      0.0154
      0.0265
      0.0801
      0.2404
      0.5985
      1.1677
      1.7212
      1.8683
      1.4694
      0.8291
      0.3338
      0.0985
      0.0382
      0.0913
      0.3464
      1.0649
      2.4384
      4.0383
      4.7824
      0.0101
      0.0241
      0.0890
      0.2860
      0.7560
      1.5703
      2.4556
      2.8106
      2.3178
      1.3651
      0.5710
      0.1709
      0.0553
      0.1379
      0.6273
      2.1025
      4.9909
      8.3808
      9.9604
      0.0093
      0.0236
      0.0944
      0.3321
      0.9570
      2.1244
      3.4809
      4.1176
      3.4796
      2.0888
      0.8872
      0.2684
      0.0862
      0.2200
      1.0253
      3.4709
      8.2722
     13.9122
     16.5410
      0.0089
      0.0231
      0.0960
      0.3536
      1.0573
      2.4031
      3.9943
      4.7672
      4.0526
      2.4431
      1.0411
      0.3157
      0.1016
      0.2604
      1.2162
      4.1206
      9.8240
     16.5242
     19.6473
