      0.0000
      0.0000
      0.0000
      0.0000
      0.0000
      0.0000
      0.0000
      0.0000
      0.0000
      0.0000
      0.0000
      0.0000
      0.0000
      0.0000
      0.0000
      0.0000
      0.0000
      0.0000
      0.0000
      0.0000
      0.0000
      0.0000
      0.0000
      0.0000
      0.0000
      0.0000
      0.0000
      0.0000
      0.0000
      0.0000
      0.0000
      0.0000
      0.0000
      0.0000
      0.0000
      0.0000
      0.0000
      0.0000
      0.0000
      0.0000
      0.0000
      0.0000
      0.0000
      0.0000
      0.0000
      0.0000
      0.0000
      0.0000
      0.0000
      0.0000
      0.0000
      0.0000
      0.0000
      0.0000
      0.0000
      0.0000
      0.0000
      0.0000
      0.0000
      0.0000
      0.0000
      0.0000
      0.0000
      0.0000
      0.0000
      0.0000
      0.0000
      0.0000
      0.0000
      0.0000
      0.0000
      0.0000
      0.0000
      0.0000
      0.0000
      0.0000
      0.0000
      0.0000
      0.0000
      0.0000
      0.0000
      0.0000
      0.0000
      0.0000
      0.0000
      0.0000
      0.0000
      0.0001
      0.0005
      0.0006
      0.0002
      0.0000
      0.0000
      0.0000
      0.0000
      0.0018
      0.0009
      0.0001
      0.0000
      0.0000
      0.0000
      0.0000
      0.0000
      0.0000
      0.0000
      0.0000
      0.0009
      0.0051
      0.0073
      0.0026
      0.0002
      0.0000
      0.0000
      0.0000
      0.2435
      0.1218
      0.0152
      0.0005
      0.0000
      0.0000
      0.0000
      0.0000
      0.0000
      0.0000
      0.0001
      0.0018
      0.0126
      0.0222
      0.0098
      0.0011
      0.0000
      0.0000
      0.0000
      7.8970
      3.9485
      0.4923
      0.0152
      0.0001
      0.0000
      0.0000
      0.0000
      0.0000
      0.0000
      0.0000
      0.0009
      0.0078
      0.0169
      0.0091
      0.0012
      0.0001
      0.0002
      0.0004
     63.3433
     31.6717
      3.9485
      0.1218
      0.0009
      0.0000
      0.0000
      0.0000
      0.0000
      0.0000
      0.0000
      0.0001
      0.0012
      0.0033
      0.0023
      0.0006
      0.0035
      0.0276
      0.0552
    126.6866
     63.3433
      7.8970
      0.2435
      0.0018
      0.0000
      0.0000
      0.0000
      0.0000
      0.0000
      0.0000
      0.0000
      0.0001
      0.0015
      0.0071
      0.0121
      0.1143
      0.8952
      1.7900
     63.3433
     31.6717
      3.9485
      0.1218
      0.0009
      0.0000
      0.0001
      0.0002
      0.0001
      0.0000
      0.0000
      0.0000
      0.0005
      0.0116
      0.0677
      0.1255
      0.9306
      7.1822
     14.3579
      7.8970
      3.9485
      0.4923
      0.0152
      0.0001
      0.0009
      0.0070
      0.0133
      0.0063
      0.0008
      0.0000
      0.0000
      0.0009
      0.0242
      0.1645
      0.3325
      1.9072
     14.3701
     28.7161
      0.2435
      0.1218
      0.0152
      0.0005
      0.0008
      0.0206
      0.1386
      0.2326
      0.0976
      0.0102
      0.0003
      0.0000
      0.0004
      0.0126
      0.0999
      0.2240
      0.9917
      7.1907
     14.3585
      0.0018
      0.0009
      0.0001
      0.0001
      0.0054
      0.1156
      0.6801
      1.0077
      0.3734
      0.0345
      0.0008
      0.0000
      0.0000
      0.0016
      0.0151
      0.0382
      0.1315
      0.8978
      1.7902
      0.0000
      0.0000
      0.0001
      0.0018
      0.0181
      0.1749
      0.8390
      1.0918
      0.3575
      0.0292
      0.0006
      0.0000
      0.0000
      0.0001
      0.0006
      0.0016
      0.0045
      0.0285
      0.0566
      0.0000
      0.0000
      0.0004
      0.0080
      0.0451
      0.1168
      0.3264
      0.4109
      0.1469
      0.0144
      0.0004
      0.0000
      0.0000
      0.0000
      0.0000
      0.0004
      0.0117
      0.0934
      0.1868
      0.0000
      0.0000
      0.0005
      0.0092
      0.0478
      0.2523
      1.7587
      3.7349
      2.0034
      0.2685
      0.0089
      0.0001
      0.0000
      0.0000
      0.0001
      0.0116
      0.3767
      3.0219
      6.0437
      0.0000
      0.0000
      0.0002
      0.0030
      0.0563
      1.6136
     13.8454
     29.7921
     16.0292
      2.1510
      0.0714
      0.0006
      0.0000
      0.0000
      0.0007
      0.0932
      3.0219
     24.2390
     48.4779
      0.0000
      0.0000
      0.0000
      0.0010
      0.0931
      3.2076
     27.6854
     59.5833
     32.0582
      4.3019
      0.1429
      0.0012
      0.0000
      0.0000
      0.0014
      0.1864
      6.0437
     48.4779
     96.9559
