      0.0016
      0.0038
      0.0093
      0.0126
      0.0093
      0.0038
      0.0011
      0.0006
      0.0009
      0.0028
      0.0066
      0.0089
      0.0064
      0.0025
      0.0005
      0.0001
      0.0000
      0.0000
      0.0000
      0.0022
      0.0048
      0.0107
      0.0133
      0.0090
      0.0034
      0.0009
      0.0004
      0.0007
      0.0023
      0.0058
      0.0084
      0.0067
      0.0029
      0.0007
      0.0001
      0.0000
      0.0000
      0.0000
      0.0029
      0.0056
      0.0106
      0.0114
      0.0066
      0.0021
      0.0005
      0.0002
      0.0003
      0.0012
      0.0037
      0.0063
      0.0059
      0.0031
      0.0009
      0.0002
      0.0000
      0.0000
      0.0000
      0.0029
      0.0043
      0.0064
      0.0059
      0.0030
      0.0008
      0.0001
      0.0000
      0.0001
      0.0005
      0.0020
      0.0047
      0.0065
      0.0052
      0.0024
      0.0006
      0.0001
      0.0000
      0.0000
      0.0219
      0.0168
      0.0081
      0.0030
      0.0009
      0.0002
      0.0000
      0.0000
      0.0001
      0.0005
      0.0029
      0.0102
      0.0198
      0.0209
      0.0120
      0.0037
      0.0006
      0.0001
      0.0000
      0.3471
      0.2553
      0.1015
      0.0218
      0.0026
      0.0002
      0.0000
      0.0001
      0.0001
      0.0008
      0.0060
      0.0243
      0.0529
      0.0620
      0.0393
      0.0135
      0.0025
      0.0004
      0.0002
      3.0453
      2.2382
      0.8875
      0.1892
      0.0216
      0.0013
      0.0001
      0.0001
      0.0002
      0.0010
      0.0075
      0.0332
      0.0791
      0.1018
      0.0709
      0.0272
      0.0076
      0.0055
      0.0066
     14.2848
     10.4987
      4.1631
      0.8875
      0.1011
      0.0062
      0.0003
      0.0002
      0.0002
      0.0006
      0.0051
      0.0246
      0.0645
      0.0921
      0.0733
      0.0399
      0.0414
      0.0810
      0.1074
     36.0246
     26.4765
     10.4987
      2.2381
      0.2550
      0.0155
      0.0007
      0.0003
      0.0002
      0.0003
      0.0019
      0.0105
      0.0326
      0.0603
      0.0767
      0.1152
      0.3064
      0.7002
      0.9392
     49.0159
     36.0246
     14.2848
      3.0453
      0.3471
      0.0216
      0.0024
      0.0026
      0.0021
      0.0009
      0.0008
      0.0050
      0.0271
      0.0913
      0.2061
      0.4731
      1.4135
      3.2716
      4.3963
     36.0246
     26.4765
     10.4987
      2.2384
      0.2568
      0.0242
      0.0231
      0.0317
      0.0241
      0.0099
      0.0027
      0.0069
      0.0498
      0.2055
      0.5211
      1.2257
      3.5850
      8.2464
     11.0764
     14.2848
     10.4987
      4.1633
      0.8898
      0.1169
      0.0730
      0.1604
      0.2112
      0.1514
      0.0586
      0.0127
      0.0091
      0.0634
      0.2815
      0.7535
      1.7617
      4.9542
     11.2431
     15.0721
      3.0453
      2.2384
      0.8898
      0.2052
      0.1028
      0.2874
      0.6182
      0.7582
      0.5112
      0.1870
      0.0371
      0.0089
      0.0444
      0.2102
      0.5939
      1.3859
      3.7276
      8.3005
     11.0906
      0.3471
      0.2566
      0.1157
      0.0985
      0.2789
      0.7324
      1.3366
      1.4867
      0.9352
      0.3222
      0.0600
      0.0077
      0.0170
      0.0848
      0.2536
      0.5944
      1.5266
      3.3196
      4.4146
      0.0219
      0.0222
      0.0602
      0.2426
      0.6553
      1.2332
      1.7258
      1.6489
      0.9501
      0.3075
      0.0542
      0.0055
      0.0036
      0.0185
      0.0591
      0.1442
      0.3673
      0.7876
      1.0436
      0.0029
      0.0158
      0.1124
      0.4494
      1.0268
      1.4802
      1.5588
      1.2502
      0.6761
      0.2179
      0.0394
      0.0039
      0.0006
      0.0025
      0.0134
      0.0718
      0.2960
      0.7271
      0.9852
      0.0029
      0.0188
      0.1279
      0.4746
      1.0011
      1.3635
      1.5009
      1.4081
      0.9148
      0.3499
      0.0741
      0.0085
      0.0006
      0.0019
      0.0296
      0.2567
      1.2015
      3.0286
      4.1204
      0.0022
      0.0132
      0.0837
      0.2963
      0.6576
      1.2068
      2.0825
      2.6086
      1.9242
      0.7817
      0.1716
      0.0202
      0.0014
      0.0045
      0.0735
      0.6446
      3.0236
      7.6251
     10.3748
      0.0016
      0.0088
      0.0531
      0.1864
      0.4756
      1.1924
      2.5502
      3.4317
      2.5820
      1.0557
      0.2324
      0.0274
      0.0019
      0.0061
      0.0999
      0.8770
      4.1138
     10.3746
     14.1160
