      0.0014
      0.0034
      0.0083
      0.0112
      0.0082
      0.0033
      0.0009
      0.0004
      0.0008
      0.0028
      0.0067
      0.0090
      0.0065
      0.0026
      0.0005
      0.0001
      0.0000
      0.0000
      0.0000
      0.0020
      0.0043
      0.0095
      0.0118
      0.0080
      0.0030
      0.0007
      0.0003
      0.0006
      0.0023
      0.0059
      0.0086
      0.0068
      0.0030
      0.0007
      0.0001
      0.0000
      0.0000
      0.0000
      0.0026
      0.0050
      0.0094
      0.0101
      0.0059
      0.0019
      0.0004
      0.0001
      0.0003
      0.0013
      0.0041
      0.0074
      0.0077
      0.0047
      0.0017
      0.0003
      0.0000
      0.0000
      0.0000
      0.0021
      0.0034
      0.0056
      0.0052
      0.0026
      0.0007
      0.0001
      0.0000
      0.0001
      0.0009
      0.0047
      0.0140
      0.0233
      0.0216
      0.0111
      0.0031
      0.0005
      0.0000
      0.0000
      0.0041
      0.0037
      0.0027
      0.0017
      0.0007
      0.0002
      0.0000
      0.0000
      0.0002
      0.0022
      0.0148
      0.0540
      0.1066
      0.1139
      0.0658
      0.0205
      0.0034
      0.0003
      0.0000
      0.0547
      0.0403
      0.0162
      0.0036
      0.0005
      0.0001
      0.0001
      0.0001
      0.0004
      0.0045
      0.0335
      0.1353
      0.2941
      0.3453
      0.2190
      0.0749
      0.0138
      0.0015
      0.0003
      0.4783
      0.3515
      0.1394
      0.0297
      0.0034
      0.0003
      0.0002
      0.0003
      0.0006
      0.0052
      0.0417
      0.1848
      0.4404
      0.5665
      0.3937
      0.1481
      0.0314
      0.0069
      0.0053
      2.2433
      1.6487
      0.6538
      0.1394
      0.0159
      0.0011
      0.0004
      0.0005
      0.0005
      0.0032
      0.0281
      0.1366
      0.3569
      0.5038
      0.3863
      0.1666
      0.0619
      0.0650
      0.0816
      5.6573
      4.1579
      1.6487
      0.3515
      0.0401
      0.0026
      0.0004
      0.0005
      0.0004
      0.0011
      0.0103
      0.0551
      0.1603
      0.2572
      0.2392
      0.1741
      0.2562
      0.5331
      0.7097
      7.6975
      5.6573
      2.2433
      0.4782
      0.0546
      0.0040
      0.0020
      0.0027
      0.0022
      0.0011
      0.0024
      0.0146
      0.0573
      0.1424
      0.2458
      0.4287
      1.1036
      2.4800
      3.3200
      5.6573
      4.1579
      1.6487
      0.3517
      0.0419
      0.0113
      0.0230
      0.0321
      0.0244
      0.0100
      0.0029
      0.0081
      0.0541
      0.2136
      0.5132
      1.0640
      2.7947
      6.2519
      8.3644
      2.2433
      1.6487
      0.6540
      0.1416
      0.0317
      0.0683
      0.1620
      0.2137
      0.1532
      0.0594
      0.0129
      0.0093
      0.0644
      0.2837
      0.7351
      1.5405
      3.8826
      8.5331
     11.3849
      0.4783
      0.3517
      0.1415
      0.0448
      0.0828
      0.2860
      0.6230
      0.7666
      0.5174
      0.1893
      0.0376
      0.0090
      0.0449
      0.2115
      0.5808
      1.2253
      2.9429
      6.3112
      8.3827
      0.0547
      0.0415
      0.0290
      0.0740
      0.2629
      0.7201
      1.3416
      1.5055
      0.9504
      0.3280
      0.0612
      0.0079
      0.0172
      0.0854
      0.2488
      0.5320
      1.2191
      2.5380
      3.3501
      0.0041
      0.0085
      0.0493
      0.2182
      0.6088
      1.2048
      1.7767
      1.7616
      1.0416
      0.3449
      0.0623
      0.0064
      0.0037
      0.0186
      0.0591
      0.1401
      0.3440
      0.7273
      0.9613
      0.0021
      0.0137
      0.1003
      0.4075
      0.9815
      1.6337
      2.1835
      2.2003
      1.4091
      0.5189
      0.1057
      0.0117
      0.0011
      0.0031
      0.0224
      0.1501
      0.6629
      1.6521
      2.2437
      0.0026
      0.0168
      0.1154
      0.4513
      1.1552
      2.4917
      4.6566
      5.9098
      4.3434
      1.7555
      0.3838
      0.0450
      0.0030
      0.0046
      0.0722
      0.6310
      2.9570
      7.4558
     10.1442
      0.0020
      0.0119
      0.0786
      0.3359
      1.2426
      4.2616
     10.1579
     13.9932
     10.5735
      4.3258
      0.9525
      0.1122
      0.0073
      0.0112
      0.1810
      1.5886
      7.4520
     18.7929
     25.5700
      0.0014
      0.0080
      0.0530
      0.2643
      1.3171
      5.3953
     13.5632
     18.9290
     14.3514
      5.8779
      1.2949
      0.1525
      0.0100
      0.0152
      0.2463
      2.1615
     10.1392
     25.5699
     34.7909
