      0.0024
      0.0057
      0.0141
      0.0191
      0.0141
      0.0056
      0.0013
      0.0004
      0.0008
      0.0029
      0.0071
      0.0095
      0.0069
      0.0027
      0.0006
      0.0001
      0.0000
      0.0000
      0.0000
      0.0034
      0.0073
      0.0162
      0.0201
      0.0136
      0.0050
      0.0011
      0.0003
      0.0006
      0.0024
      0.0062
      0.0090
      0.0071
      0.0031
      0.0007
      0.0001
      0.0000
      0.0000
      0.0000
      0.0045
      0.0085
      0.0161
      0.0173
      0.0101
      0.0032
      0.0006
      0.0001
      0.0003
      0.0013
      0.0040
      0.0068
      0.0065
      0.0035
      0.0010
      0.0002
      0.0000
      0.0000
      0.0000
      0.0039
      0.0061
      0.0096
      0.0089
      0.0045
      0.0012
      0.0002
      0.0000
      0.0001
      0.0006
      0.0024
      0.0059
      0.0085
      0.0071
      0.0034
      0.0009
      0.0001
      0.0000
      0.0000
      0.0172
      0.0137
      0.0076
      0.0035
      0.0012
      0.0003
      0.0000
      0.0000
      0.0001
      0.0007
      0.0042
      0.0150
      0.0292
      0.0310
      0.0178
      0.0055
      0.0009
      0.0001
      0.0000
      0.2615
      0.1924
      0.0766
      0.0166
      0.0020
      0.0002
      0.0000
      0.0001
      0.0002
      0.0012
      0.0090
      0.0364
      0.0790
      0.0927
      0.0588
      0.0201
      0.0037
      0.0005
      0.0002
      2.2927
      1.6850
      0.6682
      0.1425
      0.0162
      0.0010
      0.0001
      0.0002
      0.0003
      0.0014
      0.0112
      0.0496
      0.1182
      0.1521
      0.1059
      0.0403
      0.0095
      0.0036
      0.0036
     10.7543
      7.9039
      3.1341
      0.6681
      0.0761
      0.0047
      0.0003
      0.0003
      0.0003
      0.0009
      0.0076
      0.0367
      0.0962
      0.1369
      0.1075
      0.0520
      0.0314
      0.0456
      0.0580
     27.1210
     19.9327
      7.9039
      1.6850
      0.1920
      0.0117
      0.0006
      0.0003
      0.0002
      0.0004
      0.0028
      0.0153
      0.0467
      0.0829
      0.0954
      0.1030
      0.1885
      0.3829
      0.5029
     36.9014
     27.1210
     10.7543
      2.2926
      0.2613
      0.0165
      0.0024
      0.0028
      0.0022
      0.0010
      0.0010
      0.0062
      0.0318
      0.1020
      0.2116
      0.3717
      0.8389
      1.7723
      2.3432
     27.1210
     19.9327
      7.9039
      1.6852
      0.1940
      0.0210
      0.0246
      0.0340
      0.0258
      0.0106
      0.0029
      0.0075
      0.0536
      0.2186
      0.5201
      0.9544
      2.1174
      4.4502
      5.8876
     10.7543
      7.9039
      3.1344
      0.6709
      0.0939
      0.0773
      0.1725
      0.2263
      0.1620
      0.0627
      0.0136
      0.0098
      0.0678
      0.2980
      0.7511
      1.3891
      2.9474
      6.0660
      8.0018
      2.2927
      1.6853
      0.6714
      0.1634
      0.1131
      0.3209
      0.6716
      0.8151
      0.5476
      0.2001
      0.0397
      0.0095
      0.0475
      0.2224
      0.5938
      1.1146
      2.2520
      4.4915
      5.8896
      0.2615
      0.1944
      0.0977
      0.1253
      0.3617
      0.8665
      1.4881
      1.6126
      1.0050
      0.3452
      0.0642
      0.0083
      0.0181
      0.0897
      0.2546
      0.4893
      0.9439
      1.8109
      2.3539
      0.0172
      0.0219
      0.0859
      0.3572
      0.9214
      1.5882
      2.0274
      1.8352
      1.0355
      0.3332
      0.0587
      0.0059
      0.0039
      0.0195
      0.0598
      0.1251
      0.2558
      0.4967
      0.6458
      0.0039
      0.0236
      0.1698
      0.6749
      1.5097
      2.0682
      2.0128
      1.5197
      0.8076
      0.2625
      0.0484
      0.0049
      0.0007
      0.0028
      0.0161
      0.0923
      0.3895
      0.9615
      1.3039
      0.0045
      0.0285
      0.1938
      0.7174
      1.5009
      2.0037
      2.1509
      2.0026
      1.3104
      0.5062
      0.1082
      0.0125
      0.0009
      0.0027
      0.0418
      0.3641
      1.7048
      4.2977
      5.8472
      0.0034
      0.0200
      0.1269
      0.4487
      0.9915
      1.8056
      3.1020
      3.8855
      2.8690
      1.1666
      0.2563
      0.0302
      0.0021
      0.0064
      0.1043
      0.9156
      4.2948
     10.8310
     14.7369
      0.0024
      0.0134
      0.0806
      0.2823
      0.7169
      1.7870
      3.8134
      5.1299
      3.8601
      1.5784
      0.3476
      0.0409
      0.0028
      0.0087
      0.1419
      1.2457
      5.8436
     14.7368
     20.0512
