      0.0483
      0.0488
      0.0527
      0.0658
      0.0946
      0.1396
      0.1901
      0.2307
      0.2552
      0.2696
      0.2766
      0.2656
      0.2249
      0.1606
      0.0944
      0.0452
      0.0178
      0.0062
      0.0033
      0.0478
      0.0482
      0.0516
      0.0630
      0.0881
      0.1275
      0.1721
      0.2092
      0.2345
      0.2544
      0.2708
      0.2712
      0.2403
      0.1802
      0.1118
      0.0568
      0.0238
      0.0087
      0.0048
      0.0524
      0.0519
      0.0522
      0.0575
      0.0725
      0.0984
      0.1298
      0.1598
      0.1889
      0.2252
      0.2700
      0.3055
      0.3045
      0.2560
      0.1777
      0.1009
      0.0470
      0.0191
      0.0111
      0.0880
      0.0829
      0.0711
      0.0608
      0.0595
      0.0697
      0.0886
      0.1141
      0.1518
      0.2145
      0.3062
      0.4020
      0.4533
      0.4237
      0.3233
      0.2004
      0.1018
      0.0459
      0.0289
      0.2182
      0.1982
      0.1502
      0.0998
      0.0676
      0.0591
      0.0697
      0.0954
      0.1442
      0.2371
      0.3867
      0.5635
      0.6900
      0.6915
      0.5623
      0.3720
      0.2054
      0.1058
      0.0745
      0.5503
      0.4945
      0.3601
      0.2172
      0.1193
      0.0784
      0.0787
      0.1041
      0.1590
      0.2727
      0.4717
      0.7283
      0.9402
      0.9906
      0.8495
      0.6024
      0.3730
      0.2330
      0.1889
      1.1771
      1.0551
      0.7613
      0.4481
      0.2295
      0.1281
      0.1065
      0.1236
      0.1719
      0.2839
      0.4989
      0.8003
      1.0791
      1.1940
      1.0913
      0.8575
      0.6356
      0.5073
      0.4698
      2.0408
      1.8283
      1.3164
      0.7694
      0.3834
      0.1949
      0.1374
      0.1368
      0.1662
      0.2527
      0.4413
      0.7315
      1.0351
      1.2214
      1.2322
      1.1419
      1.0753
      1.0759
      1.0899
      2.8419
      2.5457
      1.8322
      1.0689
      0.5272
      0.2566
      0.1640
      0.1447
      0.1517
      0.2004
      0.3339
      0.5692
      0.8594
      1.1211
      1.3218
      1.5246
      1.7984
      2.0837
      2.2104
      3.1737
      2.8432
      2.0478
      1.1984
      0.5983
      0.3015
      0.2015
      0.1763
      0.1651
      0.1736
      0.2431
      0.4090
      0.6720
      1.0131
      1.4480
      2.0389
      2.7804
      3.4628
      3.7473
      2.8419
      2.5475
      1.8411
      1.0941
      0.5813
      0.3489
      0.2903
      0.2799
      0.2522
      0.2139
      0.2152
      0.3126
      0.5466
      0.9532
      1.5950
      2.5385
      3.7113
      4.7619
      5.1930
      2.0408
      1.8332
      1.3403
      0.8373
      0.5286
      0.4408
      0.4699
      0.4899
      0.4366
      0.3325
      0.2527
      0.2768
      0.4680
      0.8887
      1.6236
      2.7364
      4.1147
      5.3371
      5.8356
      1.1771
      1.0647
      0.8085
      0.5819
      0.5139
      0.6053
      0.7445
      0.7962
      0.6999
      0.5066
      0.3288
      0.2677
      0.3891
      0.7503
      1.4262
      2.4660
      3.7511
      4.8846
      5.3452
      0.5503
      0.5102
      0.4368
      0.4336
      0.5762
      0.8392
      1.0883
      1.1655
      1.0113
      0.7120
      0.4239
      0.2680
      0.2996
      0.5507
      1.0692
      1.8857
      2.8991
      3.7918
      4.1541
      0.2182
      0.2207
      0.2598
      0.4086
      0.7191
      1.1437
      1.5110
      1.6204
      1.4018
      0.9784
      0.5598
      0.2953
      0.2319
      0.3756
      0.7509
      1.3796
      2.1795
      2.8913
      3.1811
      0.0880
      0.1128
      0.2176
      0.4760
      0.9425
      1.5540
      2.0844
      2.2591
      1.9733
      1.3877
      0.7892
      0.3823
      0.2222
      0.3004
      0.6361
      1.2593
      2.0887
      2.8426
      3.1521
      0.0524
      0.0900
      0.2397
      0.5941
      1.2287
      2.0701
      2.8214
      3.1019
      2.7461
      1.9549
      1.1202
      0.5317
      0.2719
      0.3302
      0.7369
      1.5435
      2.6484
      3.6666
      4.0870
      0.0478
      0.0934
      0.2752
      0.7083
      1.4929
      2.5495
      3.5143
      3.9027
      3.4866
      2.5024
      1.4434
      0.6849
      0.3405
      0.4029
      0.9182
      1.9602
      3.4005
      4.7334
      5.2848
      0.0483
      0.0970
      0.2911
      0.7562
      1.6034
      2.7507
      3.8064
      4.2414
      3.8004
      2.7348
      1.5809
      0.7509
      0.3720
      0.4391
      1.0050
      2.1533
      3.7432
      5.2158
      5.8252
