      0.2504
      0.2768
      0.3332
      0.3747
      0.3766
      0.3500
      0.3159
      0.2775
      0.2260
      0.1630
      0.1031
      0.0591
      0.0325
      0.0175
      0.0089
      0.0041
      0.0018
      0.0009
      0.0007
      0.2490
      0.2721
      0.3207
      0.3536
      0.3494
      0.3203
      0.2864
      0.2509
      0.2055
      0.1505
      0.0982
      0.0595
      0.0354
      0.0209
      0.0117
      0.0058
      0.0027
      0.0013
      0.0009
      0.2414
      0.2562
      0.2846
      0.2966
      0.2795
      0.2468
      0.2159
      0.1892
      0.1589
      0.1229
      0.0885
      0.0626
      0.0451
      0.0321
      0.0208
      0.0118
      0.0059
      0.0030
      0.0022
      0.2364
      0.2394
      0.2405
      0.2266
      0.1974
      0.1662
      0.1447
      0.1317
      0.1187
      0.1018
      0.0850
      0.0725
      0.0633
      0.0526
      0.0389
      0.0252
      0.0151
      0.0098
      0.0083
      0.2880
      0.2739
      0.2359
      0.1864
      0.1416
      0.1145
      0.1069
      0.1090
      0.1087
      0.1017
      0.0936
      0.0901
      0.0889
      0.0830
      0.0695
      0.0536
      0.0420
      0.0368
      0.0356
      0.4985
      0.4541
      0.3457
      0.2273
      0.1442
      0.1104
      0.1124
      0.1248
      0.1276
      0.1184
      0.1085
      0.1085
      0.1160
      0.1209
      0.1190
      0.1171
      0.1226
      0.1332
      0.1387
      0.9560
      0.8595
      0.6276
      0.3820
      0.2159
      0.1488
      0.1453
      0.1567
      0.1528
      0.1329
      0.1157
      0.1167
      0.1359
      0.1650
      0.2041
      0.2634
      0.3442
      0.4209
      0.4532
      1.6176
      1.4506
      1.0494
      0.6249
      0.3342
      0.2051
      0.1768
      0.1751
      0.1589
      0.1284
      0.1055
      0.1092
      0.1460
      0.2217
      0.3561
      0.5717
      0.8501
      1.1014
      1.2044
      2.2415
      2.0091
      1.4504
      0.8570
      0.4436
      0.2464
      0.1842
      0.1642
      0.1380
      0.1040
      0.0819
      0.0917
      0.1527
      0.3013
      0.6011
      1.1030
      1.7534
      2.3377
      2.5764
      2.5013
      2.2420
      1.6186
      0.9546
      0.4868
      0.2539
      0.1690
      0.1359
      0.1064
      0.0758
      0.0586
      0.0753
      0.1622
      0.3982
      0.9098
      1.7934
      2.9517
      3.9967
      4.4240
      2.2415
      2.0111
      1.4578
      0.8696
      0.4549
      0.2449
      0.1620
      0.1245
      0.0932
      0.0640
      0.0479
      0.0662
      0.1700
      0.4760
      1.1699
      2.3958
      4.0209
      5.4950
      6.0994
      1.6176
      1.4581
      1.0782
      0.6821
      0.4109
      0.2755
      0.2137
      0.1696
      0.1239
      0.0812
      0.0539
      0.0632
      0.1644
      0.4879
      1.2459
      2.6073
      4.4288
      6.0898
      6.7723
      0.9560
      0.8791
      0.7046
      0.5423
      0.4521
      0.4115
      0.3677
      0.2956
      0.2071
      0.1266
      0.0724
      0.0620
      0.1403
      0.4213
      1.0984
      2.3302
      3.9909
      5.5119
      6.1381
      0.4985
      0.4931
      0.5001
      0.5521
      0.6318
      0.6733
      0.6236
      0.4906
      0.3277
      0.1874
      0.0956
      0.0610
      0.1085
      0.3199
      0.8443
      1.8092
      3.1184
      4.3221
      4.8186
      0.2880
      0.3350
      0.4776
      0.6935
      0.9018
      0.9932
      0.9120
      0.6993
      0.4510
      0.2470
      0.1178
      0.0626
      0.0895
      0.2570
      0.6852
      1.4812
      2.5677
      3.5703
      3.9845
      0.2364
      0.3157
      0.5416
      0.8559
      1.1347
      1.2420
      1.1253
      0.8513
      0.5431
      0.2947
      0.1390
      0.0716
      0.0988
      0.2850
      0.7671
      1.6688
      2.9041
      4.0465
      4.5191
      0.2414
      0.3342
      0.5925
      0.9383
      1.2311
      1.3326
      1.2015
      0.9135
      0.5924
      0.3300
      0.1613
      0.0889
      0.1344
      0.3973
      1.0747
      2.3430
      4.0826
      5.6925
      6.3586
      0.2490
      0.3428
      0.6000
      0.9357
      1.2115
      1.3028
      1.1794
      0.9127
      0.6104
      0.3540
      0.1811
      0.1072
      0.1750
      0.5254
      1.4235
      3.1048
      5.4115
      7.5464
      8.4298
      0.2504
      0.3429
      0.5947
      0.9201
      1.1844
      1.2713
      1.1554
      0.9035
      0.6141
      0.3629
      0.1894
      0.1152
      0.1928
      0.5815
      1.5762
      3.4382
      5.9928
      8.3572
      9.3356
