      0.1717
      0.1799
      0.1965
      0.2056
      0.2001
      0.1871
      0.1768
      0.1722
      0.1719
      0.1762
      0.1829
      0.1813
      0.1600
      0.1197
      0.0740
      0.0374
      0.0154
      0.0054
      0.0028
      0.1661
      0.1735
      0.1877
      0.1939
      0.1861
      0.1717
      0.1610
      0.1579
      0.1624
      0.1762
      0.1967
      0.2101
      0.1993
      0.1598
      0.1059
      0.0574
      0.0253
      0.0096
      0.0052
      0.1496
      0.1545
      0.1626
      0.1621
      0.1496
      0.1334
      0.1237
      0.1262
      0.1457
      0.1888
      0.2539
      0.3178
      0.3431
      0.3077
      0.2254
      0.1338
      0.0644
      0.0266
      0.0153
      0.1273
      0.1286
      0.1285
      0.1206
      0.1054
      0.0911
      0.0870
      0.1006
      0.1444
      0.2362
      0.3805
      0.5402
      0.6400
      0.6188
      0.4838
      0.3050
      0.1559
      0.0692
      0.0423
      0.1175
      0.1140
      0.1032
      0.0871
      0.0713
      0.0632
      0.0691
      0.0972
      0.1684
      0.3182
      0.5655
      0.8615
      1.0798
      1.0966
      0.8980
      0.5935
      0.3210
      0.1547
      0.1019
      0.1510
      0.1397
      0.1115
      0.0806
      0.0605
      0.0581
      0.0740
      0.1131
      0.2024
      0.3959
      0.7343
      1.1678
      1.5251
      1.6124
      1.3770
      0.9564
      0.5563
      0.3034
      0.2214
      0.2527
      0.2284
      0.1705
      0.1110
      0.0759
      0.0719
      0.0915
      0.1315
      0.2184
      0.4172
      0.7888
      1.2977
      1.7594
      1.9363
      1.7340
      1.2880
      0.8397
      0.5510
      0.4572
      0.4116
      0.3700
      0.2710
      0.1698
      0.1079
      0.0926
      0.1067
      0.1365
      0.2009
      0.3625
      0.6904
      1.1723
      1.6539
      1.9095
      1.8262
      1.5091
      1.1764
      0.9718
      0.9095
      0.5651
      0.5075
      0.3703
      0.2290
      0.1395
      0.1092
      0.1134
      0.1285
      0.1626
      0.2645
      0.4963
      0.8686
      1.2863
      1.5892
      1.6878
      1.6502
      1.6186
      1.6472
      1.6734
      0.6295
      0.5656
      0.4138
      0.2579
      0.1593
      0.1250
      0.1256
      0.1311
      0.1391
      0.1820
      0.3093
      0.5476
      0.8645
      1.1874
      1.4814
      1.7941
      2.1721
      2.5326
      2.6870
      0.5651
      0.5094
      0.3789
      0.2499
      0.1774
      0.1649
      0.1789
      0.1841
      0.1703
      0.1609
      0.1995
      0.3241
      0.5483
      0.8715
      1.3161
      1.9266
      2.6718
      3.3390
      3.6134
      0.4116
      0.3762
      0.2981
      0.2358
      0.2290
      0.2711
      0.3192
      0.3283
      0.2851
      0.2177
      0.1778
      0.2144
      0.3635
      0.6611
      1.1621
      1.9118
      2.8375
      3.6574
      3.9915
      0.2527
      0.2432
      0.2346
      0.2669
      0.3611
      0.4910
      0.5919
      0.6012
      0.5062
      0.3560
      0.2272
      0.1822
      0.2598
      0.4976
      0.9508
      1.6578
      2.5385
      3.3172
      3.6338
      0.1510
      0.1684
      0.2361
      0.3835
      0.6145
      0.8749
      1.0588
      1.0688
      0.8908
      0.6108
      0.3534
      0.2055
      0.2003
      0.3548
      0.7030
      1.2706
      1.9870
      2.6228
      2.8815
      0.1175
      0.1612
      0.3096
      0.5952
      1.0165
      1.4857
      1.8276
      1.8700
      1.5762
      1.0865
      0.6142
      0.3036
      0.1901
      0.2630
      0.5299
      1.0056
      1.6258
      2.1839
      2.4121
      0.1273
      0.1959
      0.4282
      0.8799
      1.5667
      2.3694
      3.0041
      3.1548
      2.7167
      1.9037
      1.0820
      0.5102
      0.2483
      0.2590
      0.5287
      1.0691
      1.8035
      2.4763
      2.7535
      0.1496
      0.2398
      0.5518
      1.1841
      2.1943
      3.4405
      4.4958
      4.8358
      4.2418
      3.0140
      1.7282
      0.8100
      0.3660
      0.3361
      0.6919
      1.4500
      2.5012
      3.4732
      3.8750
      0.1661
      0.2711
      0.6432
      1.4251
      2.7228
      4.3808
      5.8405
      6.3761
      5.6536
      4.0484
      2.3339
      1.0954
      0.4879
      0.4347
      0.8980
      1.9012
      3.3002
      4.5970
      5.1337
      0.1717
      0.2819
      0.6767
      1.5180
      2.9333
      4.7628
      6.3930
      7.0132
      6.2397
      4.4789
      2.5864
      1.2150
      0.5402
      0.4791
      0.9905
      2.1011
      3.6512
      5.0889
      5.6840
