      0.6127
      0.6271
      0.6551
      0.6637
      0.6310
      0.5626
      0.4847
      0.4243
      0.3932
      0.3854
      0.3820
      0.3626
      0.3161
      0.2468
      0.1710
      0.1061
      0.0617
      0.0381
      0.0310
      0.6113
      0.6223
      0.6417
      0.6409
      0.6018
      0.5316
      0.4558
      0.3995
      0.3736
      0.3717
      0.3754
      0.3637
      0.3240
      0.2588
      0.1836
      0.1165
      0.0688
      0.0424
      0.0342
      0.6230
      0.6236
      0.6174
      0.5882
      0.5298
      0.4537
      0.3830
      0.3376
      0.3251
      0.3389
      0.3614
      0.3705
      0.3496
      0.2962
      0.2230
      0.1496
      0.0923
      0.0579
      0.0467
      0.7013
      0.6837
      0.6321
      0.5522
      0.4575
      0.3672
      0.3000
      0.2674
      0.2713
      0.3046
      0.3515
      0.3892
      0.3957
      0.3606
      0.2918
      0.2105
      0.1395
      0.0934
      0.0777
      0.9405
      0.8931
      0.7669
      0.6015
      0.4408
      0.3168
      0.2423
      0.2163
      0.2323
      0.2818
      0.3515
      0.4193
      0.4580
      0.4480
      0.3903
      0.3058
      0.2234
      0.1663
      0.1462
      1.4385
      1.3451
      1.1025
      0.7995
      0.5262
      0.3339
      0.2299
      0.1964
      0.2138
      0.2702
      0.3551
      0.4491
      0.5221
      0.5465
      0.5145
      0.4434
      0.3643
      0.3059
      0.2848
      2.2143
      2.0580
      1.6550
      1.1593
      0.7218
      0.4220
      0.2618
      0.2030
      0.2086
      0.2602
      0.3496
      0.4624
      0.5701
      0.6410
      0.6591
      0.6331
      0.5885
      0.5513
      0.5373
      3.1267
      2.9007
      2.3191
      1.6065
      0.9807
      0.5530
      0.3210
      0.2251
      0.2092
      0.2460
      0.3292
      0.4515
      0.5924
      0.7225
      0.8202
      0.8816
      0.9160
      0.9337
      0.9394
      3.8836
      3.6020
      2.8776
      1.9912
      1.2140
      0.6822
      0.3897
      0.2595
      0.2194
      0.2349
      0.3022
      0.4240
      0.5927
      0.7886
      0.9893
      1.1762
      1.3327
      1.4396
      1.4780
      4.1797
      3.8790
      3.1065
      2.1636
      1.3397
      0.7775
      0.4658
      0.3186
      0.2570
      0.2457
      0.2869
      0.3955
      0.5799
      0.8346
      1.1404
      1.4656
      1.7638
      1.9775
      2.0557
      3.8836
      3.6116
      2.9148
      2.0699
      1.3390
      0.8457
      0.5703
      0.4276
      0.3452
      0.2977
      0.2988
      0.3772
      0.5565
      0.8444
      1.2272
      1.6639
      2.0824
      2.3896
      2.5032
      3.1267
      2.9234
      2.4070
      1.7916
      1.2731
      0.9321
      0.7361
      0.6089
      0.4975
      0.3977
      0.3408
      0.3692
      0.5166
      0.7986
      1.2054
      1.6920
      2.1716
      2.5293
      2.6624
      2.2143
      2.0988
      1.8127
      1.4894
      1.2392
      1.0863
      0.9815
      0.8626
      0.7052
      0.5344
      0.4034
      0.3653
      0.4570
      0.6946
      1.0689
      1.5352
      2.0054
      2.3606
      2.4936
      1.4385
      1.4072
      1.3416
      1.2977
      1.3014
      1.3203
      1.2883
      1.1587
      0.9388
      0.6857
      0.4733
      0.3623
      0.3871
      0.5585
      0.8654
      1.2666
      1.6812
      1.9986
      2.1182
      0.9405
      0.9747
      1.0808
      1.2532
      1.4503
      1.5937
      1.6042
      1.4490
      1.1632
      0.8308
      0.5429
      0.3646
      0.3265
      0.4338
      0.6736
      1.0085
      1.3660
      1.6447
      1.7505
      0.7013
      0.7780
      0.9948
      1.3052
      1.6231
      1.8405
      1.8707
      1.6906
      1.3530
      0.9589
      0.6110
      0.3791
      0.2929
      0.3558
      0.5555
      0.8580
      1.1933
      1.4602
      1.5624
      0.6230
      0.7222
      0.9971
      1.3786
      1.7577
      2.0126
      2.0537
      1.8620
      1.4962
      1.0641
      0.6755
      0.4056
      0.2885
      0.3305
      0.5226
      0.8322
      1.1859
      1.4718
      1.5822
      0.6113
      0.7197
      1.0181
      1.4277
      1.8310
      2.1024
      2.1522
      1.9610
      1.5865
      1.1368
      0.7251
      0.4327
      0.2991
      0.3358
      0.5376
      0.8722
      1.2598
      1.5757
      1.6981
      0.6127
      0.7233
      1.0272
      1.4433
      1.8523
      2.1285
      2.1821
      1.9931
      1.6177
      1.1633
      0.7442
      0.4442
      0.3055
      0.3421
      0.5501
      0.8975
      1.3015
      1.6314
      1.7594
