      0.0116
      0.0138
      0.0182
      0.0205
      0.0185
      0.0153
      0.0142
      0.0155
      0.0192
      0.0274
      0.0387
      0.0442
      0.0375
      0.0230
      0.0101
      0.0032
      0.0007
      0.0001
      0.0001
      0.0119
      0.0139
      0.0179
      0.0195
      0.0171
      0.0135
      0.0122
      0.0132
      0.0169
      0.0256
      0.0390
      0.0486
      0.0456
      0.0315
      0.0160
      0.0059
      0.0016
      0.0003
      0.0001
      0.0150
      0.0160
      0.0177
      0.0169
      0.0132
      0.0094
      0.0078
      0.0085
      0.0128
      0.0257
      0.0508
      0.0802
      0.0946
      0.0814
      0.0506
      0.0226
      0.0072
      0.0017
      0.0005
      0.0507
      0.0450
      0.0322
      0.0194
      0.0104
      0.0056
      0.0041
      0.0054
      0.0131
      0.0398
      0.1019
      0.1931
      0.2627
      0.2549
      0.1757
      0.0858
      0.0296
      0.0074
      0.0025
      0.3003
      0.2538
      0.1535
      0.0671
      0.0219
      0.0063
      0.0033
      0.0058
      0.0200
      0.0730
      0.2085
      0.4293
      0.6279
      0.6507
      0.4774
      0.2477
      0.0909
      0.0243
      0.0089
      1.4334
      1.2060
      0.7180
      0.3021
      0.0902
      0.0205
      0.0067
      0.0092
      0.0290
      0.1086
      0.3277
      0.7142
      1.1039
      1.2076
      0.9350
      0.5127
      0.2006
      0.0600
      0.0264
      4.8543
      4.0827
      2.4275
      1.0186
      0.3017
      0.0655
      0.0158
      0.0132
      0.0322
      0.1175
      0.3702
      0.8498
      1.3839
      1.5954
      1.3037
      0.7600
      0.3278
      0.1261
      0.0776
     11.5726
      9.7330
      5.7865
      2.4275
      0.7178
      0.1529
      0.0303
      0.0154
      0.0267
      0.0909
      0.2972
      0.7182
      1.2336
      1.5028
      1.3070
      0.8360
      0.4478
      0.2816
      0.2501
     19.4657
     16.3714
      9.7331
      4.0829
      1.2065
      0.2547
      0.0459
      0.0163
      0.0185
      0.0514
      0.1704
      0.4343
      0.7923
      1.0351
      0.9947
      0.7800
      0.6520
      0.6910
      0.7418
     23.1449
     19.4657
     11.5728
      4.8550
      1.4359
      0.3060
      0.0598
      0.0250
      0.0206
      0.0282
      0.0745
      0.1969
      0.3926
      0.5829
      0.6953
      0.8084
      1.0905
      1.5000
      1.7072
     19.4657
     16.3715
      9.7338
      4.0863
      1.2177
      0.2809
      0.0897
      0.0680
      0.0557
      0.0383
      0.0383
      0.0827
      0.1907
      0.3597
      0.5944
      0.9887
      1.6696
      2.4732
      2.8533
     11.5726
      9.7335
      5.7898
      2.4412
      0.7597
      0.2461
      0.1800
      0.1858
      0.1519
      0.0905
      0.0465
      0.0500
      0.1216
      0.2839
      0.5753
      1.0994
      1.9630
      2.9445
      3.4020
      4.8543
      4.0843
      2.4375
      1.0570
      0.4101
      0.2928
      0.3645
      0.3969
      0.3161
      0.1803
      0.0773
      0.0443
      0.0862
      0.2165
      0.4711
      0.9326
      1.6750
      2.5048
      2.8891
      1.4334
      1.2100
      0.7414
      0.3854
      0.3091
      0.4552
      0.6491
      0.7004
      0.5473
      0.3062
      0.1239
      0.0466
      0.0526
      0.1282
      0.2890
      0.5830
      1.0492
      1.5638
      1.8008
      0.3003
      0.2615
      0.1985
      0.2221
      0.4213
      0.7959
      1.1799
      1.2959
      1.0324
      0.5900
      0.2408
      0.0739
      0.0332
      0.0597
      0.1449
      0.3209
      0.6138
      0.9403
      1.0906
      0.0507
      0.0574
      0.1064
      0.2898
      0.7549
      1.5755
      2.4780
      2.8516
      2.3630
      1.3976
      0.5866
      0.1752
      0.0436
      0.0365
      0.1128
      0.3295
      0.7382
      1.2120
      1.4320
      0.0150
      0.0328
      0.1274
      0.4619
      1.3613
      3.0561
      5.0351
      5.9745
      5.0586
      3.0409
      1.2927
      0.3877
      0.0875
      0.0520
      0.1879
      0.6225
      1.4737
      2.4721
      2.9373
      0.0119
      0.0340
      0.1612
      0.6542
      2.0638
      4.8147
      8.1025
      9.7309
      8.3007
      5.0148
      2.1396
      0.6431
      0.1440
      0.0823
      0.3039
      1.0224
      2.4357
      4.0960
      4.8698
      0.0116
      0.0351
      0.1761
      0.7420
      2.3916
      5.6416
      9.5475
     11.5002
      9.8265
      5.9429
      2.5373
      0.7631
      0.1708
      0.0973
      0.3602
      1.2132
      2.8920
      4.8642
      5.7836
