      0.0000
      0.0000
      0.0000
      0.0000
      0.0000
      0.0000
      0.0000
      0.0000
      0.0000
      0.0000
      0.0000
      0.0000
      0.0000
      0.0000
      0.0000
      0.0000
      0.0000
      0.0000
      0.0000
      0.0000
      0.0000
      0.0000
      0.0000
      0.0000
      0.0000
      0.0000
      0.0000
      0.0000
      0.0000
      0.0000
      0.0000
      0.0000
      0.0000
      0.0000
      0.0000
      0.0000
      0.0000
      0.0000
      0.0000
      0.0000
      0.0000
      0.0000
      0.0000
      0.0000
      0.0000
      0.0000
      0.0000
      0.0000
      0.0000
      0.0000
      0.0000
      0.0000
      0.0000
      0.0000
      0.0000
      0.0000
      0.0000
      0.0000
      0.0000
      0.0000
      0.0000
      0.0000
      0.0000
      0.0000
      0.0000
      0.0000
      0.0000
      0.0000
      0.0000
      0.0000
      0.0000
      0.0000
      0.0000
      0.0000
      0.0000
      0.0000
      0.0000
      0.0000
      0.0000
      0.0000
      0.0000
      0.0000
      0.0000
      0.0000
      0.0000
      0.0000
      0.0000
      0.0001
      0.0004
      0.0005
      0.0001
      0.0000
      0.0000
      0.0000
      0.0000
      0.0021
      0.0010
      0.0001
      0.0000
      0.0000
      0.0000
      0.0000
      0.0000
      0.0000
      0.0000
      0.0000
      0.0008
      0.0044
      0.0063
      0.0022
      0.0002
      0.0000
      0.0000
      0.0000
      0.2760
      0.1380
      0.0172
      0.0005
      0.0000
      0.0000
      0.0000
      0.0000
      0.0000
      0.0000
      0.0001
      0.0015
      0.0108
      0.0191
      0.0084
      0.0009
      0.0000
      0.0000
      0.0000
      8.9507
      4.4753
      0.5579
      0.0172
      0.0001
      0.0000
      0.0000
      0.0000
      0.0000
      0.0000
      0.0000
      0.0008
      0.0067
      0.0145
      0.0078
      0.0011
      0.0000
      0.0001
      0.0001
     71.7951
     35.8975
      4.4753
      0.1380
      0.0010
      0.0000
      0.0000
      0.0000
      0.0000
      0.0000
      0.0000
      0.0001
      0.0010
      0.0028
      0.0020
      0.0005
      0.0010
      0.0076
      0.0153
    143.5902
     71.7951
      8.9507
      0.2760
      0.0021
      0.0000
      0.0000
      0.0000
      0.0000
      0.0000
      0.0000
      0.0000
      0.0001
      0.0015
      0.0068
      0.0093
      0.0336
      0.2478
      0.4950
     71.7951
     35.8975
      4.4753
      0.1380
      0.0010
      0.0000
      0.0001
      0.0002
      0.0001
      0.0000
      0.0000
      0.0000
      0.0005
      0.0112
      0.0651
      0.1021
      0.2821
      1.9884
      3.9702
      8.9507
      4.4753
      0.5579
      0.0172
      0.0002
      0.0009
      0.0068
      0.0129
      0.0061
      0.0007
      0.0000
      0.0000
      0.0009
      0.0233
      0.1582
      0.2826
      0.6081
      3.9821
      7.9405
      0.2760
      0.1380
      0.0172
      0.0005
      0.0008
      0.0199
      0.1336
      0.2242
      0.0941
      0.0098
      0.0003
      0.0000
      0.0004
      0.0122
      0.0962
      0.1969
      0.3407
      1.9964
      3.9706
      0.0021
      0.0010
      0.0001
      0.0005
      0.0075
      0.1154
      0.6572
      0.9713
      0.3599
      0.0332
      0.0008
      0.0000
      0.0000
      0.0016
      0.0146
      0.0344
      0.0501
      0.2502
      0.4951
      0.0000
      0.0000
      0.0003
      0.0075
      0.0532
      0.2238
      0.8298
      1.0541
      0.3445
      0.0281
      0.0006
      0.0000
      0.0000
      0.0001
      0.0005
      0.0015
      0.0020
      0.0084
      0.0164
      0.0000
      0.0000
      0.0016
      0.0346
      0.1863
      0.3011
      0.3716
      0.3891
      0.1352
      0.0130
      0.0003
      0.0000
      0.0000
      0.0000
      0.0000
      0.0003
      0.0093
      0.0745
      0.1490
      0.0000
      0.0000
      0.0022
      0.0400
      0.1876
      0.3840
      1.5593
      3.2115
      1.7203
      0.2305
      0.0076
      0.0001
      0.0000
      0.0000
      0.0001
      0.0093
      0.3009
      2.4134
      4.8269
      0.0000
      0.0000
      0.0007
      0.0119
      0.0848
      1.4208
     11.8937
     25.5742
     13.7595
      1.8464
      0.0613
      0.0005
      0.0000
      0.0000
      0.0006
      0.0744
      2.4134
     19.3587
     38.7174
      0.0000
      0.0000
      0.0001
      0.0022
      0.0844
      2.7572
     23.7660
     51.1465
     27.5188
      3.6928
      0.1226
      0.0010
      0.0000
      0.0000
      0.0011
      0.1489
      4.8269
     38.7174
     77.4348
