      0.3869
      0.3924
      0.4028
      0.4052
      0.3925
      0.3696
      0.3496
      0.3446
      0.3580
      0.3820
      0.3997
      0.3924
      0.3498
      0.2775
      0.1938
      0.1193
      0.0662
      0.0366
      0.0275
      0.3821
      0.3861
      0.3928
      0.3911
      0.3756
      0.3522
      0.3340
      0.3324
      0.3506
      0.3809
      0.4064
      0.4074
      0.3715
      0.3021
      0.2168
      0.1371
      0.0780
      0.0440
      0.0332
      0.3762
      0.3757
      0.3714
      0.3577
      0.3347
      0.3108
      0.2983
      0.3068
      0.3381
      0.3853
      0.4320
      0.4562
      0.4397
      0.3788
      0.2885
      0.1936
      0.1166
      0.0690
      0.0532
      0.3968
      0.3884
      0.3647
      0.3306
      0.2955
      0.2715
      0.2687
      0.2919
      0.3407
      0.4095
      0.4846
      0.5421
      0.5550
      0.5086
      0.4120
      0.2944
      0.1891
      0.1196
      0.0957
      0.4909
      0.4697
      0.4145
      0.3467
      0.2906
      0.2630
      0.2693
      0.3061
      0.3691
      0.4555
      0.5572
      0.6507
      0.7002
      0.6764
      0.5788
      0.4390
      0.3028
      0.2079
      0.1745
      0.7072
      0.6660
      0.5616
      0.4392
      0.3443
      0.3009
      0.3069
      0.3476
      0.4127
      0.5036
      0.6209
      0.7455
      0.8346
      0.8445
      0.7621
      0.6166
      0.4625
      0.3503
      0.3099
      1.0560
      0.9876
      0.8149
      0.6137
      0.4570
      0.3779
      0.3666
      0.3949
      0.4456
      0.5239
      0.6405
      0.7841
      0.9111
      0.9677
      0.9275
      0.8113
      0.6727
      0.5667
      0.5278
      1.4725
      1.3737
      1.1239
      0.8314
      0.5980
      0.4673
      0.4228
      0.4241
      0.4473
      0.4995
      0.6000
      0.7479
      0.9059
      1.0193
      1.0522
      1.0115
      0.9370
      0.8734
      0.8493
      1.8203
      1.6972
      1.3852
      1.0177
      0.7182
      0.5390
      0.4592
      0.4301
      0.4224
      0.4431
      0.5174
      0.6552
      0.8334
      1.0060
      1.1348
      1.2100
      1.2460
      1.2614
      1.2658
      1.9568
      1.8256
      1.4934
      1.1015
      0.7802
      0.5826
      0.4852
      0.4356
      0.4021
      0.3914
      0.4328
      0.5479
      0.7314
      0.9540
      1.1811
      1.3876
      1.5569
      1.6714
      1.7125
      1.8203
      1.7030
      1.4075
      1.0628
      0.7854
      0.6188
      0.5350
      0.4814
      0.4277
      0.3833
      0.3836
      0.4623
      0.6324
      0.8825
      1.1850
      1.5038
      1.7935
      2.0005
      2.0761
      1.4725
      1.3883
      1.1800
      0.9477
      0.7770
      0.6899
      0.6494
      0.6033
      0.5272
      0.4393
      0.3853
      0.4122
      0.5478
      0.7949
      1.1329
      1.5196
      1.8895
      2.1608
      2.2612
      1.0560
      1.0150
      0.9215
      0.8389
      0.8123
      0.8337
      0.8520
      0.8141
      0.7048
      0.5574
      0.4338
      0.3944
      0.4778
      0.6956
      1.0331
      1.4466
      1.8585
      2.1678
      2.2832
      0.7072
      0.7094
      0.7315
      0.8021
      0.9255
      1.0613
      1.1392
      1.1029
      0.9477
      0.7261
      0.5202
      0.4053
      0.4290
      0.6097
      0.9390
      1.3742
      1.8278
      2.1773
      2.3094
      0.4909
      0.5294
      0.6495
      0.8528
      1.1105
      1.3516
      1.4851
      1.4472
      1.2406
      0.9373
      0.6423
      0.4493
      0.4184
      0.5784
      0.9303
      1.4327
      1.9804
      2.4136
      2.5793
      0.3968
      0.4616
      0.6548
      0.9608
      1.3282
      1.6625
      1.8515
      1.8179
      1.5656
      1.1825
      0.7981
      0.5301
      0.4582
      0.6286
      1.0567
      1.7004
      2.4239
      3.0064
      3.2310
      0.3762
      0.4581
      0.6996
      1.0775
      1.5287
      1.9426
      2.1873
      2.1686
      1.8842
      1.4329
      0.9679
      0.6341
      0.5362
      0.7429
      1.2868
      2.1232
      3.0764
      3.8502
      4.1497
      0.3821
      0.4733
      0.7419
      1.1627
      1.6683
      2.1392
      2.4293
      2.4288
      2.1272
      1.6291
      1.1058
      0.7250
      0.6134
      0.8597
      1.5105
      2.5182
      3.6722
      4.6120
      4.9763
      0.3869
      0.4810
      0.7582
      1.1933
      1.7181
      2.2102
      2.5183
      2.5260
      2.2193
      1.7045
      1.1596
      0.7615
      0.6457
      0.9089
      1.6033
      2.6798
      3.9141
      4.9200
      5.3101
