      0.4704
      0.4864
      0.5224
      0.5530
      0.5601
      0.5454
      0.5245
      0.5132
      0.5170
      0.5275
      0.5264
      0.4942
      0.4227
      0.3225
      0.2173
      0.1302
      0.0722
      0.0419
      0.0329
      0.4755
      0.4883
      0.5159
      0.5364
      0.5350
      0.5149
      0.4916
      0.4800
      0.4848
      0.4977
      0.5008
      0.4749
      0.4109
      0.3175
      0.2171
      0.1321
      0.0743
      0.0435
      0.0342
      0.5052
      0.5080
      0.5102
      0.5003
      0.4739
      0.4384
      0.4086
      0.3960
      0.4030
      0.4214
      0.4348
      0.4246
      0.3799
      0.3049
      0.2176
      0.1389
      0.0821
      0.0503
      0.0403
      0.6086
      0.5933
      0.5498
      0.4861
      0.4154
      0.3535
      0.3125
      0.2975
      0.3060
      0.3293
      0.3534
      0.3617
      0.3415
      0.2917
      0.2239
      0.1560
      0.1029
      0.0710
      0.0606
      0.8725
      0.8275
      0.7086
      0.5557
      0.4113
      0.3041
      0.2424
      0.2203
      0.2268
      0.2509
      0.2816
      0.3057
      0.3105
      0.2894
      0.2472
      0.1975
      0.1546
      0.1272
      0.1180
      1.3875
      1.2965
      1.0606
      0.7674
      0.5047
      0.3213
      0.2210
      0.1822
      0.1804
      0.2001
      0.2327
      0.2696
      0.2996
      0.3129
      0.3076
      0.2908
      0.2730
      0.2610
      0.2571
      2.1689
      2.0153
      1.6195
      1.1329
      0.7038
      0.4094
      0.2492
      0.1817
      0.1651
      0.1764
      0.2084
      0.2581
      0.3182
      0.3783
      0.4309
      0.4743
      0.5093
      0.5338
      0.5428
      3.0773
      2.8548
      2.2819
      1.5802
      0.9643
      0.5432
      0.3125
      0.2100
      0.1749
      0.1756
      0.2067
      0.2720
      0.3713
      0.4970
      0.6377
      0.7805
      0.9088
      1.0005
      1.0341
      3.8273
      3.5499
      2.8366
      1.9648
      1.2020
      0.6822
      0.3967
      0.2658
      0.2131
      0.2015
      0.2295
      0.3107
      0.4558
      0.6639
      0.9219
      1.2033
      1.4662
      1.6572
      1.7275
      4.1200
      3.8243
      3.0652
      2.1414
      1.3391
      0.7981
      0.5032
      0.3636
      0.2964
      0.2662
      0.2811
      0.3688
      0.5541
      0.8457
      1.2301
      1.6665
      2.0840
      2.3906
      2.5039
      3.8273
      3.5603
      2.8784
      2.0570
      1.3566
      0.8969
      0.6514
      0.5261
      0.4432
      0.3798
      0.3611
      0.4327
      0.6343
      0.9836
      1.4673
      2.0322
      2.5812
      2.9876
      3.1384
      3.0773
      2.8785
      2.3764
      1.7868
      1.3068
      1.0128
      0.8612
      0.7615
      0.6526
      0.5347
      0.4565
      0.4821
      0.6625
      1.0203
      1.5412
      2.1645
      2.7779
      3.2348
      3.4048
      2.1689
      2.0559
      1.7795
      1.4793
      1.2700
      1.1725
      1.1233
      1.0406
      0.8888
      0.6980
      0.5418
      0.4984
      0.6225
      0.9354
      1.4205
      2.0159
      2.6092
      3.0540
      3.2198
      1.3875
      1.3548
      1.2888
      1.2557
      1.2904
      1.3602
      1.3847
      1.2963
      1.0887
      0.8223
      0.5900
      0.4750
      0.5276
      0.7624
      1.1609
      1.6666
      2.1787
      2.5657
      2.7106
      0.8725
      0.8993
      0.9885
      1.1475
      1.3486
      1.5188
      1.5706
      1.4551
      1.1944
      0.8714
      0.5874
      0.4209
      0.4122
      0.5688
      0.8728
      1.2772
      1.6969
      2.0186
      2.1398
      0.6086
      0.6707
      0.8493
      1.1122
      1.3915
      1.5927
      1.6326
      1.4834
      1.1891
      0.8428
      0.5424
      0.3554
      0.3119
      0.4158
      0.6541
      0.9901
      1.3510
      1.6333
      1.7408
      0.5052
      0.5828
      0.7978
      1.0957
      1.3878
      1.5748
      1.5857
      1.4115
      1.1084
      0.7690
      0.4805
      0.2983
      0.2458
      0.3283
      0.5406
      0.8550
      1.2035
      1.4817
      1.5885
      0.4755
      0.5572
      0.7795
      1.0774
      1.3550
      1.5162
      1.5020
      1.3160
      1.0192
      0.6984
      0.4303
      0.2617
      0.2132
      0.2940
      0.5059
      0.8272
      1.1899
      1.4827
      1.5957
      0.4704
      0.5523
      0.7743
      1.0681
      1.3367
      1.4862
      1.4625
      1.2737
      0.9815
      0.6700
      0.4114
      0.2493
      0.2041
      0.2867
      0.5020
      0.8300
      1.2022
      1.5037
      1.6203
