      0.0002
      0.0004
      0.0009
      0.0012
      0.0009
      0.0005
      0.0004
      0.0006
      0.0012
      0.0043
      0.0103
      0.0138
      0.0100
      0.0039
      0.0008
      0.0001
      0.0000
      0.0000
      0.0000
      0.0002
      0.0004
      0.0010
      0.0012
      0.0008
      0.0004
      0.0003
      0.0004
      0.0010
      0.0035
      0.0091
      0.0131
      0.0104
      0.0045
      0.0011
      0.0001
      0.0000
      0.0000
      0.0000
      0.0003
      0.0005
      0.0010
      0.0011
      0.0006
      0.0002
      0.0001
      0.0002
      0.0004
      0.0019
      0.0060
      0.0105
      0.0104
      0.0059
      0.0019
      0.0004
      0.0000
      0.0000
      0.0000
      0.0007
      0.0007
      0.0007
      0.0006
      0.0003
      0.0001
      0.0000
      0.0000
      0.0002
      0.0011
      0.0050
      0.0139
      0.0220
      0.0198
      0.0099
      0.0027
      0.0004
      0.0000
      0.0000
      0.0163
      0.0121
      0.0049
      0.0012
      0.0002
      0.0000
      0.0000
      0.0000
      0.0002
      0.0019
      0.0130
      0.0471
      0.0927
      0.0988
      0.0570
      0.0178
      0.0030
      0.0003
      0.0000
      0.2691
      0.1978
      0.0785
      0.0167
      0.0019
      0.0001
      0.0000
      0.0000
      0.0003
      0.0039
      0.0290
      0.1169
      0.2543
      0.2985
      0.1893
      0.0647
      0.0120
      0.0013
      0.0003
      2.3618
      1.7358
      0.6883
      0.1467
      0.0167
      0.0010
      0.0001
      0.0001
      0.0004
      0.0044
      0.0361
      0.1597
      0.3807
      0.4896
      0.3403
      0.1281
      0.0279
      0.0080
      0.0074
     11.0787
      8.1424
      3.2287
      0.6883
      0.0784
      0.0048
      0.0002
      0.0001
      0.0003
      0.0027
      0.0243
      0.1181
      0.3088
      0.4365
      0.3358
      0.1477
      0.0669
      0.0910
      0.1185
     27.9392
     20.5341
      8.1424
      1.7358
      0.1978
      0.0120
      0.0006
      0.0003
      0.0003
      0.0010
      0.0089
      0.0481
      0.1416
      0.2330
      0.2281
      0.1919
      0.3486
      0.7714
      1.0373
     38.0147
     27.9392
     11.0787
      2.3618
      0.2693
      0.0172
      0.0032
      0.0040
      0.0032
      0.0016
      0.0024
      0.0146
      0.0632
      0.1752
      0.3279
      0.5964
      1.5829
      3.6195
      4.8685
     27.9392
     20.5341
      8.1424
      1.7361
      0.2005
      0.0254
      0.0353
      0.0492
      0.0374
      0.0154
      0.0043
      0.0115
      0.0798
      0.3200
      0.7663
      1.5587
      4.0745
      9.1679
     12.2948
     11.0787
      8.1424
      3.2289
      0.6909
      0.1003
      0.1046
      0.2459
      0.3268
      0.2349
      0.0911
      0.0198
      0.0142
      0.0985
      0.4336
      1.1153
      2.2941
      5.7107
     12.5531
     16.7642
      2.3618
      1.7359
      0.6892
      0.1588
      0.1102
      0.4002
      0.9267
      1.1647
      0.7915
      0.2903
      0.0577
      0.0139
      0.0690
      0.3242
      0.8854
      1.8397
      4.3532
      9.3056
     12.3597
      0.2691
      0.1980
      0.0815
      0.0493
      0.2225
      0.8680
      1.8905
      2.2433
      1.4422
      0.5005
      0.0935
      0.0120
      0.0264
      0.1309
      0.3799
      0.8014
      1.8053
      3.7359
      4.9274
      0.0163
      0.0127
      0.0122
      0.0568
      0.3048
      1.0679
      2.1682
      2.4397
      1.4977
      0.4983
      0.0894
      0.0091
      0.0057
      0.0285
      0.0882
      0.1932
      0.4260
      0.8598
      1.1266
      0.0007
      0.0019
      0.0126
      0.0704
      0.3076
      0.9846
      1.9911
      2.3263
      1.5186
      0.5472
      0.1081
      0.0117
      0.0012
      0.0036
      0.0152
      0.0622
      0.2287
      0.5467
      0.7374
      0.0003
      0.0018
      0.0142
      0.0812
      0.4108
      1.5938
      3.8215
      5.1634
      3.8279
      1.5428
      0.3360
      0.0392
      0.0025
      0.0015
      0.0212
      0.1811
      0.8451
      2.1291
      2.8964
      0.0002
      0.0014
      0.0121
      0.1020
      0.7340
      3.3598
      8.6274
     12.0699
      9.1449
      3.7421
      0.8238
      0.0970
      0.0062
      0.0033
      0.0516
      0.4527
      2.1234
      5.3548
      7.2859
      0.0002
      0.0010
      0.0107
      0.1169
      0.9478
      4.4888
     11.6390
     16.3410
     12.4027
      5.0806
      1.1192
      0.1318
      0.0084
      0.0045
      0.0702
      0.6159
      2.8890
      7.2857
      9.9130
