      0.0908
      0.1203
      0.1809
      0.2116
      0.1786
      0.1094
      0.0517
      0.0232
      0.0142
      0.0140
      0.0173
      0.0191
      0.0163
      0.0102
      0.0046
      0.0015
      0.0004
      0.0001
      0.0000
      0.0961
      0.1238
      0.1782
      0.2011
      0.1646
      0.0980
      0.0452
      0.0199
      0.0125
      0.0135
      0.0187
      0.0233
      0.0226
      0.0163
      0.0086
      0.0033
      0.0009
      0.0002
      0.0001
      0.0992
      0.1205
      0.1584
      0.1648
      0.1252
      0.0696
      0.0301
      0.0130
      0.0097
      0.0153
      0.0295
      0.0478
      0.0579
      0.0511
      0.0324
      0.0146
      0.0047
      0.0011
      0.0003
      0.0862
      0.0977
      0.1144
      0.1076
      0.0747
      0.0383
      0.0160
      0.0083
      0.0109
      0.0273
      0.0673
      0.1273
      0.1739
      0.1694
      0.1172
      0.0574
      0.0199
      0.0050
      0.0017
      0.0857
      0.0845
      0.0770
      0.0590
      0.0356
      0.0174
      0.0095
      0.0098
      0.0191
      0.0532
      0.1419
      0.2885
      0.4213
      0.4367
      0.3207
      0.1668
      0.0615
      0.0167
      0.0064
      0.2006
      0.1731
      0.1119
      0.0558
      0.0232
      0.0118
      0.0124
      0.0181
      0.0317
      0.0818
      0.2246
      0.4811
      0.7418
      0.8118
      0.6299
      0.3475
      0.1384
      0.0437
      0.0209
      0.6162
      0.5193
      0.3110
      0.1332
      0.0439
      0.0191
      0.0212
      0.0287
      0.0408
      0.0917
      0.2545
      0.5725
      0.9303
      1.0747
      0.8845
      0.5261
      0.2399
      0.1045
      0.0713
      1.4556
      1.2244
      0.7286
      0.3075
      0.0965
      0.0339
      0.0291
      0.0338
      0.0391
      0.0738
      0.2049
      0.4838
      0.8304
      1.0189
      0.9058
      0.6149
      0.3742
      0.2697
      0.2488
      2.4464
      2.0576
      1.2238
      0.5154
      0.1586
      0.0475
      0.0301
      0.0296
      0.0283
      0.0433
      0.1175
      0.2919
      0.5341
      0.7122
      0.7270
      0.6504
      0.6307
      0.6946
      0.7386
      2.9086
      2.4463
      1.4550
      0.6128
      0.1877
      0.0527
      0.0278
      0.0241
      0.0196
      0.0212
      0.0499
      0.1297
      0.2613
      0.4071
      0.5484
      0.7516
      1.0912
      1.4754
      1.6517
      2.4464
      2.0580
      1.2256
      0.5205
      0.1683
      0.0603
      0.0425
      0.0383
      0.0288
      0.0190
      0.0212
      0.0493
      0.1169
      0.2408
      0.4687
      0.9024
      1.5954
      2.3364
      2.6687
      1.4556
      1.2267
      0.7402
      0.3399
      0.1591
      0.1222
      0.1226
      0.1084
      0.0755
      0.0407
      0.0205
      0.0241
      0.0635
      0.1691
      0.4140
      0.9247
      1.7639
      2.6722
      3.0820
      0.6162
      0.5290
      0.3597
      0.2650
      0.2881
      0.3481
      0.3542
      0.2855
      0.1808
      0.0888
      0.0348
      0.0192
      0.0400
      0.1164
      0.3088
      0.7269
      1.4319
      2.2076
      2.5604
      0.2006
      0.2021
      0.2551
      0.4316
      0.6911
      0.8693
      0.8390
      0.6325
      0.3776
      0.1774
      0.0647
      0.0222
      0.0238
      0.0665
      0.1856
      0.4569
      0.9280
      1.4554
      1.6972
      0.0857
      0.1456
      0.3751
      0.8268
      1.3721
      1.7108
      1.6515
      1.2749
      0.7961
      0.3944
      0.1496
      0.0438
      0.0182
      0.0404
      0.1367
      0.3938
      0.8742
      1.4285
      1.6855
      0.0862
      0.1885
      0.5568
      1.2485
      2.0922
      2.7224
      2.8739
      2.5088
      1.7711
      0.9664
      0.3913
      0.1154
      0.0325
      0.0573
      0.2464
      0.8141
      1.9220
      3.2205
      3.8254
      0.0992
      0.2178
      0.6389
      1.4451
      2.5546
      3.7198
      4.5663
      4.5923
      3.5861
      2.0792
      0.8707
      0.2608
      0.0706
      0.1204
      0.5428
      1.8339
      4.3684
      7.3453
      8.7328
      0.0961
      0.2057
      0.5976
      1.3984
      2.7147
      4.5313
      6.3315
      6.9589
      5.7112
      3.3956
      1.4397
      0.4337
      0.1174
      0.2001
      0.9065
      3.0691
      7.3168
     12.3070
     14.6330
      0.0908
      0.1918
      0.5562
      1.3351
      2.7363
      4.8652
      7.1320
      8.0581
      6.7047
      4.0120
      1.7061
      0.5147
      0.1393
      0.2377
      1.0772
      3.6477
      8.6969
     14.6287
     17.3936
