      0.0048
      0.0053
      0.0064
      0.0074
      0.0083
      0.0107
      0.0156
      0.0241
      0.0420
      0.0765
      0.1182
      0.1371
      0.1146
      0.0681
      0.0287
      0.0086
      0.0018
      0.0003
      0.0001
      0.0049
      0.0055
      0.0066
      0.0073
      0.0078
      0.0094
      0.0133
      0.0204
      0.0362
      0.0677
      0.1082
      0.1307
      0.1146
      0.0723
      0.0328
      0.0107
      0.0025
      0.0004
      0.0001
      0.0077
      0.0078
      0.0078
      0.0072
      0.0064
      0.0065
      0.0083
      0.0127
      0.0242
      0.0503
      0.0908
      0.1257
      0.1290
      0.0972
      0.0535
      0.0214
      0.0062
      0.0013
      0.0004
      0.0372
      0.0323
      0.0217
      0.0119
      0.0061
      0.0040
      0.0043
      0.0070
      0.0161
      0.0425
      0.0963
      0.1662
      0.2106
      0.1932
      0.1276
      0.0603
      0.0203
      0.0050
      0.0017
      0.2356
      0.1988
      0.1197
      0.0518
      0.0167
      0.0052
      0.0036
      0.0062
      0.0168
      0.0538
      0.1455
      0.2917
      0.4193
      0.4292
      0.3121
      0.1609
      0.0589
      0.0159
      0.0061
      1.1302
      0.9509
      0.5660
      0.2382
      0.0714
      0.0171
      0.0074
      0.0098
      0.0228
      0.0734
      0.2132
      0.4601
      0.7085
      0.7736
      0.5986
      0.3288
      0.1303
      0.0417
      0.0207
      3.8280
      3.2196
      1.9143
      0.8035
      0.2387
      0.0537
      0.0163
      0.0150
      0.0267
      0.0791
      0.2381
      0.5428
      0.8841
      1.0214
      0.8390
      0.4964
      0.2266
      0.1049
      0.0773
      9.1256
      7.6750
      4.5630
      1.9146
      0.5673
      0.1238
      0.0295
      0.0187
      0.0245
      0.0626
      0.1923
      0.4629
      0.8005
      0.9884
      0.8822
      0.6005
      0.3778
      0.3021
      0.2969
     15.3496
     12.9096
      7.6751
      3.2202
      0.9538
      0.2066
      0.0459
      0.0243
      0.0233
      0.0403
      0.1158
      0.2958
      0.5590
      0.7741
      0.8175
      0.7471
      0.7471
      0.8684
      0.9485
     18.2508
     15.3496
      9.1261
      3.8306
      1.1400
      0.2603
      0.0802
      0.0603
      0.0514
      0.0430
      0.0675
      0.1708
      0.3793
      0.6523
      0.9060
      1.1526
      1.5285
      2.0087
      2.2478
     15.3496
     12.9099
      7.6773
      3.2311
      0.9911
      0.2965
      0.1994
      0.2094
      0.1774
      0.1125
      0.0760
      0.1307
      0.3351
      0.7090
      1.1951
      1.7724
      2.5440
      3.4087
      3.8199
      9.1256
      7.6760
      4.5711
      1.9529
      0.6945
      0.4213
      0.5216
      0.5937
      0.4921
      0.2923
      0.1419
      0.1345
      0.3280
      0.7585
      1.3816
      2.1470
      3.1136
      4.1411
      4.6203
      3.8280
      3.2221
      1.9342
      0.8952
      0.5323
      0.7178
      1.0801
      1.2206
      0.9825
      0.5617
      0.2402
      0.1374
      0.2652
      0.6297
      1.1928
      1.8920
      2.7343
      3.5910
      3.9836
      1.1302
      0.9557
      0.6017
      0.3963
      0.5589
      1.0839
      1.6655
      1.8372
      1.4387
      0.7986
      0.3201
      0.1265
      0.1618
      0.3786
      0.7418
      1.2050
      1.7498
      2.2836
      2.5238
      0.2356
      0.2057
      0.1690
      0.2617
      0.6444
      1.3472
      2.0534
      2.2356
      1.7318
      0.9524
      0.3734
      0.1176
      0.0795
      0.1676
      0.3517
      0.6283
      0.9965
      1.3716
      1.5405
      0.0372
      0.0406
      0.0804
      0.2603
      0.7522
      1.6212
      2.5253
      2.8202
      2.2496
      1.2780
      0.5162
      0.1516
      0.0495
      0.0727
      0.2023
      0.5142
      1.0685
      1.6985
      1.9896
      0.0077
      0.0175
      0.0784
      0.3194
      0.9924
      2.2527
      3.6806
      4.2999
      3.5795
      2.1173
      0.8872
      0.2637
      0.0650
      0.0685
      0.2680
      0.8704
      2.0406
      3.4100
      4.0476
      0.0049
      0.0167
      0.0930
      0.4108
      1.3419
      3.1613
      5.3177
      6.3614
      5.4013
      3.2489
      1.3809
      0.4145
      0.0993
      0.0995
      0.4183
      1.4089
      3.3538
      5.6377
      6.7022
      0.0048
      0.0174
      0.1011
      0.4580
      1.5207
      3.6217
      6.1389
      7.3860
      6.2993
      3.8026
      1.6210
      0.4876
      0.1168
      0.1167
      0.4942
      1.6697
      3.9799
      6.6937
      7.9586
