      0.2182
      0.2313
      0.2747
      0.3563
      0.4764
      0.6149
      0.7293
      0.7732
      0.7246
      0.6012
      0.4479
      0.3079
      0.2023
      0.1308
      0.0834
      0.0521
      0.0323
      0.0216
      0.0182
      0.2168
      0.2284
      0.2672
      0.3406
      0.4492
      0.5749
      0.6793
      0.7210
      0.6805
      0.5740
      0.4413
      0.3196
      0.2258
      0.1580
      0.1080
      0.0706
      0.0444
      0.0293
      0.0244
      0.2237
      0.2305
      0.2548
      0.3041
      0.3808
      0.4724
      0.5511
      0.5875
      0.5686
      0.5071
      0.4301
      0.3589
      0.2985
      0.2421
      0.1851
      0.1304
      0.0860
      0.0579
      0.0484
      0.2725
      0.2699
      0.2674
      0.2765
      0.3054
      0.3503
      0.3960
      0.4261
      0.4354
      0.4326
      0.4302
      0.4300
      0.4195
      0.3836
      0.3197
      0.2420
      0.1719
      0.1253
      0.1094
      0.4153
      0.3963
      0.3493
      0.2980
      0.2637
      0.2542
      0.2647
      0.2876
      0.3223
      0.3747
      0.4463
      0.5217
      0.5710
      0.5673
      0.5079
      0.4167
      0.3286
      0.2691
      0.2486
      0.7011
      0.6561
      0.5412
      0.4027
      0.2855
      0.2124
      0.1846
      0.1959
      0.2449
      0.3353
      0.4628
      0.6028
      0.7133
      0.7585
      0.7334
      0.6669
      0.5994
      0.5561
      0.5421
      1.1339
      1.0538
      0.8477
      0.5955
      0.3750
      0.2272
      0.1557
      0.1480
      0.1963
      0.3004
      0.4552
      0.6365
      0.8026
      0.9181
      0.9789
      1.0123
      1.0464
      1.0823
      1.0986
      1.6341
      1.5154
      1.2095
      0.8342
      0.5037
      0.2782
      0.1611
      0.1294
      0.1641
      0.2593
      0.4118
      0.6066
      0.8178
      1.0266
      1.2395
      1.4755
      1.7268
      1.9338
      2.0155
      2.0451
      1.8954
      1.5100
      1.0369
      0.6201
      0.3345
      0.1823
      0.1296
      0.1455
      0.2174
      0.3448
      0.5293
      0.7733
      1.0920
      1.5145
      2.0493
      2.6295
      3.0986
      3.2808
      2.2051
      2.0441
      1.6296
      1.1218
      0.6761
      0.3726
      0.2110
      0.1499
      0.1498
      0.1929
      0.2830
      0.4407
      0.7033
      1.1290
      1.7773
      2.6474
      3.6041
      4.3755
      4.6742
      2.0451
      1.8976
      1.5189
      1.0577
      0.6579
      0.3919
      0.2549
      0.2026
      0.1922
      0.2051
      0.2520
      0.3715
      0.6325
      1.1313
      1.9550
      3.0965
      4.3633
      5.3858
      5.7814
      1.6341
      1.5208
      1.2320
      0.8866
      0.5977
      0.4181
      0.3356
      0.3049
      0.2854
      0.2642
      0.2619
      0.3322
      0.5633
      1.0717
      1.9581
      3.2112
      4.6112
      5.7431
      6.1811
      1.1339
      1.0646
      0.8921
      0.6978
      0.5554
      0.4907
      0.4788
      0.4724
      0.4368
      0.3711
      0.3099
      0.3180
      0.4879
      0.9328
      1.7467
      2.9155
      4.2282
      5.2913
      5.7028
      0.7011
      0.6746
      0.6166
      0.5745
      0.5843
      0.6415
      0.7029
      0.7155
      0.6511
      0.5256
      0.3922
      0.3248
      0.4085
      0.7344
      1.3729
      2.3068
      3.3615
      4.2172
      4.5486
      0.4153
      0.4241
      0.4625
      0.5535
      0.7029
      0.8771
      1.0096
      1.0353
      0.9306
      0.7306
      0.5112
      0.3572
      0.3424
      0.5287
      0.9554
      1.6007
      2.3358
      2.9339
      3.1657
      0.2725
      0.3076
      0.4200
      0.6188
      0.8891
      1.1718
      1.3740
      1.4125
      1.2638
      0.9815
      0.6670
      0.4200
      0.3083
      0.3676
      0.6082
      1.0020
      1.4594
      1.8334
      1.9786
      0.2237
      0.2770
      0.4421
      0.7225
      1.0910
      1.4686
      1.7369
      1.7919
      1.6052
      1.2453
      0.8386
      0.5035
      0.3085
      0.2726
      0.3844
      0.6095
      0.8819
      1.1070
      1.1946
      0.2168
      0.2809
      0.4783
      0.8111
      1.2464
      1.6922
      2.0114
      2.0824
      1.8708
      1.4545
      0.9786
      0.5779
      0.3254
      0.2321
      0.2745
      0.4124
      0.5906
      0.7402
      0.7986
      0.2182
      0.2859
      0.4943
      0.8454
      1.3047
      1.7758
      2.1145
      2.1924
      1.9722
      1.5350
      1.0332
      0.6079
      0.3347
      0.2225
      0.2436
      0.3560
      0.5069
      0.6347
      0.6848
