      0.3243
      0.3545
      0.4138
      0.4382
      0.3897
      0.2879
      0.1872
      0.1339
      0.1423
      0.1958
      0.2562
      0.2815
      0.2516
      0.1814
      0.1052
      0.0492
      0.0189
      0.0067
      0.0037
      0.3244
      0.3507
      0.4007
      0.4161
      0.3643
      0.2658
      0.1714
      0.1226
      0.1317
      0.1838
      0.2445
      0.2740
      0.2508
      0.1861
      0.1117
      0.0544
      0.0218
      0.0079
      0.0044
      0.3255
      0.3409
      0.3655
      0.3575
      0.2985
      0.2103
      0.1333
      0.0969
      0.1086
      0.1580
      0.2202
      0.2616
      0.2569
      0.2066
      0.1356
      0.0726
      0.0320
      0.0125
      0.0071
      0.3600
      0.3570
      0.3396
      0.2943
      0.2235
      0.1488
      0.0949
      0.0753
      0.0917
      0.1397
      0.2067
      0.2668
      0.2887
      0.2577
      0.1882
      0.1122
      0.0550
      0.0238
      0.0145
      0.5509
      0.5135
      0.4166
      0.2959
      0.1877
      0.1134
      0.0772
      0.0726
      0.0938
      0.1421
      0.2173
      0.3016
      0.3565
      0.3484
      0.2786
      0.1821
      0.0990
      0.0489
      0.0330
      1.1224
      1.0147
      0.7514
      0.4610
      0.2442
      0.1289
      0.0897
      0.0905
      0.1118
      0.1577
      0.2398
      0.3485
      0.4398
      0.4615
      0.3981
      0.2843
      0.1735
      0.1010
      0.0768
      2.2692
      2.0357
      1.4712
      0.8624
      0.4244
      0.2018
      0.1269
      0.1173
      0.1299
      0.1663
      0.2468
      0.3712
      0.4963
      0.5580
      0.5231
      0.4161
      0.2946
      0.2072
      0.1765
      3.8859
      3.4808
      2.5035
      1.4531
      0.6993
      0.3129
      0.1732
      0.1392
      0.1360
      0.1563
      0.2244
      0.3505
      0.5021
      0.6160
      0.6440
      0.5879
      0.4926
      0.4115
      0.3806
      5.3974
      4.8338
      3.4742
      2.0134
      0.9641
      0.4220
      0.2185
      0.1591
      0.1388
      0.1402
      0.1884
      0.3053
      0.4780
      0.6564
      0.7812
      0.8225
      0.7961
      0.7487
      0.7266
      6.0250
      5.3967
      3.8824
      2.2584
      1.0968
      0.5017
      0.2803
      0.2117
      0.1758
      0.1523
      0.1721
      0.2719
      0.4618
      0.7086
      0.9454
      1.1083
      1.1769
      1.1828
      1.1768
      5.3974
      4.8388
      3.4965
      2.0688
      1.0684
      0.5805
      0.4158
      0.3594
      0.2994
      0.2296
      0.2000
      0.2670
      0.4596
      0.7565
      1.0844
      1.3524
      1.5090
      1.5687
      1.5801
      3.8859
      3.4960
      2.5693
      1.6132
      0.9925
      0.7455
      0.6960
      0.6554
      0.5416
      0.3853
      0.2716
      0.2778
      0.4408
      0.7414
      1.1028
      1.4219
      1.6301
      1.7267
      1.7514
      2.2692
      2.0701
      1.6174
      1.2088
      1.0378
      1.0738
      1.1428
      1.0873
      0.8736
      0.5892
      0.3615
      0.2818
      0.3798
      0.6297
      0.9579
      1.2688
      1.4919
      1.6114
      1.6468
      1.1224
      1.0773
      1.0135
      1.0654
      1.2785
      1.5448
      1.6784
      1.5565
      1.2073
      0.7801
      0.4373
      0.2696
      0.2889
      0.4601
      0.7244
      1.0119
      1.2598
      1.4250
      1.4829
      0.5509
      0.6062
      0.7996
      1.1610
      1.6280
      2.0254
      2.1579
      1.9414
      1.4628
      0.9185
      0.4881
      0.2530
      0.2078
      0.3170
      0.5506
      0.8791
      1.2452
      1.5455
      1.6634
      0.3600
      0.4693
      0.8010
      1.3250
      1.9155
      2.3617
      2.4725
      2.1930
      1.6394
      1.0254
      0.5373
      0.2546
      0.1702
      0.2638
      0.5500
      1.0496
      1.6972
      2.2781
      2.5153
      0.3255
      0.4555
      0.8364
      1.4112
      2.0337
      2.4956
      2.6192
      2.3503
      1.7905
      1.1454
      0.6112
      0.2858
      0.1797
      0.3012
      0.7185
      1.5061
      2.5755
      3.5585
      3.9640
      0.3244
      0.4562
      0.8377
      1.4049
      2.0197
      2.4958
      2.6664
      2.4553
      1.9264
      1.2684
      0.6938
      0.3295
      0.2102
      0.3726
      0.9313
      2.0041
      3.4768
      4.8382
      5.4012
      0.3243
      0.4545
      0.8297
      1.3863
      1.9937
      2.4779
      2.6753
      2.4966
      1.9858
      1.3238
      0.7315
      0.3502
      0.2259
      0.4071
      1.0269
      2.2203
      3.8618
      5.3807
      6.0091
