      0.2126
      0.2126
      0.2130
      0.2150
      0.2221
      0.2388
      0.2703
      0.3194
      0.3836
      0.4511
      0.5000
      0.5064
      0.4582
      0.3654
      0.2553
      0.1569
      0.0873
      0.0489
      0.0371
      0.2179
      0.2169
      0.2146
      0.2130
      0.2164
      0.2301
      0.2597
      0.3083
      0.3738
      0.4451
      0.5008
      0.5159
      0.4760
      0.3879
      0.2775
      0.1748
      0.0993
      0.0563
      0.0428
      0.2471
      0.2423
      0.2300
      0.2155
      0.2068
      0.2119
      0.2368
      0.2848
      0.3545
      0.4367
      0.5113
      0.5510
      0.5345
      0.4598
      0.3480
      0.2318
      0.1385
      0.0814
      0.0627
      0.3422
      0.3281
      0.2918
      0.2483
      0.2149
      0.2045
      0.2229
      0.2712
      0.3471
      0.4443
      0.5455
      0.6213
      0.6399
      0.5856
      0.4717
      0.3340
      0.2119
      0.1318
      0.1044
      0.5692
      0.5361
      0.4515
      0.3508
      0.2703
      0.2316
      0.2385
      0.2846
      0.3645
      0.4742
      0.6021
      0.7180
      0.7792
      0.7530
      0.6408
      0.4807
      0.3254
      0.2178
      0.1799
      0.9913
      0.9256
      0.7583
      0.5593
      0.3971
      0.3076
      0.2895
      0.3243
      0.3984
      0.5101
      0.6551
      0.8064
      0.9125
      0.9238
      0.8274
      0.6586
      0.4808
      0.3518
      0.3054
      1.6121
      1.5004
      1.2159
      0.8762
      0.5947
      0.4265
      0.3642
      0.3725
      0.4263
      0.5241
      0.6699
      0.8433
      0.9908
      1.0505
      0.9943
      0.8489
      0.6789
      0.5495
      0.5020
      2.3212
      2.1581
      1.7419
      1.2429
      0.8236
      0.5605
      0.4403
      0.4103
      0.4321
      0.5019
      0.6308
      0.8091
      0.9890
      1.1057
      1.1191
      1.0407
      0.9232
      0.8264
      0.7898
      2.9010
      2.6967
      2.1749
      1.5477
      1.0162
      0.6741
      0.5033
      0.4365
      0.4239
      0.4585
      0.5571
      0.7230
      0.9229
      1.0990
      1.2047
      1.2325
      1.2113
      1.1804
      1.1672
      3.1265
      2.9077
      2.3496
      1.6799
      1.1134
      0.7479
      0.5603
      0.4747
      0.4346
      0.4317
      0.4899
      0.6277
      0.8320
      1.0594
      1.2622
      1.4135
      1.5118
      1.5665
      1.5842
      2.9010
      2.7026
      2.1986
      1.6001
      1.1038
      0.7941
      0.6398
      0.5614
      0.5021
      0.4581
      0.4644
      0.5576
      0.7462
      1.0036
      1.2844
      1.5454
      1.7557
      1.8931
      1.9411
      2.3212
      2.1718
      1.7972
      1.3665
      1.0324
      0.8494
      0.7733
      0.7223
      0.6454
      0.5508
      0.4905
      0.5209
      0.6699
      0.9258
      1.2470
      1.5799
      1.8705
      2.0699
      2.1411
      1.6121
      1.5244
      1.3133
      1.0958
      0.9695
      0.9498
      0.9738
      0.9565
      0.8558
      0.6979
      0.5565
      0.5080
      0.5960
      0.8200
      1.1440
      1.5101
      1.8491
      2.0905
      2.1782
      0.9913
      0.9614
      0.9047
      0.8914
      0.9676
      1.1098
      1.2323
      1.2440
      1.1110
      0.8801
      0.6487
      0.5128
      0.5290
      0.7071
      1.0191
      1.4081
      1.7930
      2.0788
      2.1848
      0.5692
      0.5838
      0.6471
      0.7967
      1.0404
      1.3215
      1.5307
      1.5656
      1.3968
      1.0896
      0.7658
      0.5423
      0.4904
      0.6324
      0.9525
      1.3972
      1.8685
      2.2339
      2.3723
      0.3422
      0.3863
      0.5314
      0.7970
      1.1680
      1.5630
      1.8493
      1.9077
      1.7068
      1.3263
      0.9126
      0.6067
      0.4999
      0.6324
      1.0043
      1.5644
      2.1876
      2.6853
      2.8765
      0.2471
      0.3090
      0.5050
      0.8478
      1.3116
      1.7984
      2.1541
      2.2396
      2.0152
      1.5706
      1.0757
      0.6980
      0.5525
      0.7009
      1.1600
      1.8785
      2.6972
      3.3604
      3.6168
      0.2179
      0.2891
      0.5130
      0.9016
      1.4249
      1.9760
      2.3844
      2.4939
      2.2560
      1.7659
      1.2113
      0.7819
      0.6135
      0.7857
      1.3285
      2.1887
      3.1778
      3.9833
      4.2955
      0.2126
      0.2868
      0.5198
      0.9237
      1.4682
      2.0428
      2.4715
      2.5910
      2.3487
      1.8418
      1.2648
      0.8163
      0.6403
      0.8234
      1.4007
      2.3182
      3.3753
      4.2373
      4.5717
