      0.0000
      0.0000
      0.0000
      0.0000
      0.0000
      0.0000
      0.0000
      0.0000
      0.0000
      0.0000
      0.0000
      0.0000
      0.0000
      0.0000
      0.0000
      0.0000
      0.0000
      0.0000
      0.0000
      0.0000
      0.0000
      0.0000
      0.0000
      0.0000
      0.0000
      0.0000
      0.0000
      0.0000
      0.0000
      0.0000
      0.0000
      0.0000
      0.0000
      0.0000
      0.0000
      0.0000
      0.0000
      0.0000
      0.0000
      0.0000
      0.0000
      0.0000
      0.0000
      0.0000
      0.0000
      0.0000
      0.0000
      0.0000
      0.0000
      0.0000
      0.0000
      0.0000
      0.0000
      0.0000
      0.0000
      0.0000
      0.0000
      0.0000
      0.0000
      0.0000
      0.0000
      0.0000
      0.0000
      0.0000
      0.0000
      0.0000
      0.0000
      0.0000
      0.0000
      0.0000
      0.0000
      0.0000
      0.0000
      0.0000
      0.0000
      0.0000
      0.0000
      0.0000
      0.0000
      0.0000
      0.0000
      0.0000
      0.0000
      0.0000
      0.0000
      0.0000
      0.0000
      0.0001
      0.0005
      0.0005
      0.0002
      0.0000
      0.0000
      0.0000
      0.0000
      0.0014
      0.0007
      0.0001
      0.0000
      0.0000
      0.0000
      0.0000
      0.0000
      0.0000
      0.0000
      0.0000
      0.0008
      0.0046
      0.0066
      0.0024
      0.0002
      0.0000
      0.0000
      0.0000
      0.1885
      0.0942
      0.0117
      0.0004
      0.0000
      0.0000
      0.0000
      0.0000
      0.0000
      0.0000
      0.0001
      0.0016
      0.0115
      0.0203
      0.0089
      0.0010
      0.0000
      0.0000
      0.0000
      6.1123
      3.0562
      0.3810
      0.0117
      0.0001
      0.0000
      0.0000
      0.0000
      0.0000
      0.0000
      0.0000
      0.0008
      0.0071
      0.0154
      0.0083
      0.0011
      0.0001
      0.0003
      0.0007
     49.0281
     24.5141
      3.0562
      0.0942
      0.0007
      0.0000
      0.0000
      0.0000
      0.0000
      0.0000
      0.0000
      0.0001
      0.0011
      0.0029
      0.0020
      0.0005
      0.0058
      0.0460
      0.0919
     98.0563
     49.0281
      6.1123
      0.1885
      0.0014
      0.0000
      0.0000
      0.0000
      0.0000
      0.0000
      0.0000
      0.0000
      0.0001
      0.0004
      0.0013
      0.0072
      0.1864
      1.4902
      2.9800
     49.0281
     24.5141
      3.0562
      0.0942
      0.0007
      0.0000
      0.0000
      0.0000
      0.0000
      0.0000
      0.0000
      0.0000
      0.0001
      0.0019
      0.0114
      0.0622
      1.4964
     11.9523
     23.9027
      6.1123
      3.0562
      0.3810
      0.0117
      0.0001
      0.0002
      0.0012
      0.0022
      0.0010
      0.0001
      0.0000
      0.0000
      0.0001
      0.0040
      0.0276
      0.1375
      2.9995
     23.9049
     47.8053
      0.1885
      0.0942
      0.0117
      0.0004
      0.0002
      0.0035
      0.0228
      0.0382
      0.0160
      0.0017
      0.0000
      0.0000
      0.0001
      0.0021
      0.0167
      0.0782
      1.5059
     11.9533
     23.9026
      0.0014
      0.0007
      0.0001
      0.0006
      0.0048
      0.0259
      0.1147
      0.1657
      0.0613
      0.0057
      0.0001
      0.0000
      0.0000
      0.0003
      0.0025
      0.0114
      0.1890
      1.4904
      2.9800
      0.0000
      0.0000
      0.0004
      0.0104
      0.0652
      0.1246
      0.1749
      0.1833
      0.0591
      0.0048
      0.0001
      0.0000
      0.0000
      0.0000
      0.0001
      0.0004
      0.0060
      0.0466
      0.0931
      0.0000
      0.0000
      0.0022
      0.0480
      0.2554
      0.3521
      0.2021
      0.1620
      0.0704
      0.0085
      0.0003
      0.0000
      0.0000
      0.0000
      0.0000
      0.0003
      0.0096
      0.0772
      0.1544
      0.0000
      0.0000
      0.0030
      0.0556
      0.2588
      0.4719
      1.6590
      3.3956
      1.8230
      0.2446
      0.0081
      0.0001
      0.0000
      0.0000
      0.0001
      0.0096
      0.3107
      2.4921
      4.9842
      0.0000
      0.0000
      0.0010
      0.0164
      0.1050
      1.5237
     12.6369
     27.1652
     14.6154
      1.9613
      0.0651
      0.0005
      0.0000
      0.0000
      0.0006
      0.0769
      2.4921
     19.9894
     39.9789
      0.0000
      0.0000
      0.0002
      0.0029
      0.0915
      2.9303
     25.2449
     54.3284
     29.2308
      3.9225
      0.1303
      0.0011
      0.0000
      0.0000
      0.0012
      0.1537
      4.9842
     39.9789
     79.9577
