      0.2318
      0.2495
      0.2861
      0.3086
      0.2994
      0.2690
      0.2376
      0.2138
      0.1953
      0.1811
      0.1708
      0.1576
      0.1331
      0.0968
      0.0587
      0.0293
      0.0122
      0.0047
      0.0027
      0.2288
      0.2443
      0.2754
      0.2917
      0.2784
      0.2465
      0.2156
      0.1941
      0.1807
      0.1751
      0.1761
      0.1749
      0.1585
      0.1235
      0.0803
      0.0429
      0.0189
      0.0075
      0.0043
      0.2218
      0.2310
      0.2468
      0.2473
      0.2245
      0.1905
      0.1624
      0.1481
      0.1492
      0.1685
      0.2044
      0.2411
      0.2520
      0.2218
      0.1604
      0.0945
      0.0454
      0.0190
      0.0113
      0.2344
      0.2326
      0.2227
      0.1984
      0.1627
      0.1281
      0.1063
      0.1035
      0.1256
      0.1826
      0.2766
      0.3817
      0.4461
      0.4281
      0.3333
      0.2099
      0.1080
      0.0490
      0.0308
      0.3460
      0.3230
      0.2637
      0.1912
      0.1279
      0.0870
      0.0709
      0.0799
      0.1235
      0.2228
      0.3891
      0.5885
      0.7351
      0.7457
      0.6114
      0.4068
      0.2245
      0.1140
      0.0790
      0.6967
      0.6300
      0.4674
      0.2882
      0.1549
      0.0847
      0.0639
      0.0783
      0.1350
      0.2652
      0.4942
      0.7874
      1.0298
      1.0918
      0.9394
      0.6652
      0.4061
      0.2444
      0.1926
      1.4066
      1.2618
      0.9119
      0.5344
      0.2623
      0.1234
      0.0787
      0.0862
      0.1403
      0.2748
      0.5269
      0.8722
      1.1883
      1.3188
      1.2036
      0.9348
      0.6698
      0.5062
      0.4552
      2.4090
      2.1578
      1.5516
      0.8994
      0.4303
      0.1884
      0.1019
      0.0912
      0.1282
      0.2378
      0.4613
      0.7908
      1.1271
      1.3270
      1.3244
      1.1935
      1.0694
      1.0172
      1.0095
      3.3466
      2.9970
      2.1533
      1.2458
      0.5920
      0.2520
      0.1236
      0.0928
      0.1070
      0.1757
      0.3349
      0.5940
      0.8983
      1.1575
      1.3330
      1.4823
      1.6776
      1.8857
      1.9793
      3.7359
      3.3460
      2.4057
      1.3954
      0.6692
      0.2925
      0.1491
      0.1080
      0.1022
      0.1288
      0.2164
      0.3879
      0.6369
      0.9430
      1.3218
      1.8293
      2.4596
      3.0343
      3.2726
      3.3466
      2.9996
      2.1646
      1.2729
      0.6407
      0.3225
      0.2071
      0.1696
      0.1453
      0.1302
      0.1527
      0.2468
      0.4414
      0.7745
      1.3161
      2.1334
      3.1570
      4.0715
      4.4455
      2.4090
      2.1662
      1.5870
      0.9829
      0.5777
      0.3981
      0.3456
      0.3156
      0.2611
      0.1929
      0.1510
      0.1791
      0.3216
      0.6434
      1.2424
      2.1935
      3.3966
      4.4691
      4.9066
      1.4066
      1.2818
      0.9957
      0.7289
      0.5991
      0.5921
      0.6129
      0.5770
      0.4646
      0.3170
      0.1979
      0.1592
      0.2419
      0.5044
      1.0367
      1.9054
      3.0125
      4.0008
      4.4039
      0.6967
      0.6685
      0.6280
      0.6577
      0.7870
      0.9532
      1.0454
      0.9853
      0.7810
      0.5167
      0.2924
      0.1720
      0.1828
      0.3548
      0.7455
      1.4003
      2.2416
      2.9947
      3.3020
      0.3460
      0.3841
      0.5189
      0.7795
      1.1390
      1.4877
      1.6752
      1.5992
      1.2792
      0.8492
      0.4683
      0.2311
      0.1555
      0.2373
      0.4966
      0.9561
      1.5571
      2.0987
      2.3204
      0.2344
      0.3137
      0.5656
      1.0042
      1.5837
      2.1601
      2.5189
      2.4830
      2.0437
      1.3884
      0.7731
      0.3609
      0.1778
      0.1911
      0.3900
      0.7828
      1.3137
      1.7989
      1.9985
      0.2218
      0.3242
      0.6491
      1.2241
      2.0193
      2.8752
      3.4940
      3.5726
      3.0304
      2.1073
      1.1919
      0.5532
      0.2452
      0.2138
      0.4274
      0.8884
      1.5272
      2.1173
      2.3610
      0.2288
      0.3416
      0.7053
      1.3711
      2.3403
      3.4520
      4.3313
      4.5456
      3.9328
      2.7746
      1.5850
      0.7382
      0.3202
      0.2631
      0.5229
      1.1006
      1.9081
      2.6567
      2.9664
      0.2318
      0.3473
      0.7229
      1.4213
      2.4593
      3.6774
      4.6687
      4.9445
      4.3062
      3.0521
      1.7491
      0.8160
      0.3530
      0.2872
      0.5704
      1.2036
      2.0900
      2.9124
      3.2527
