      0.4615
      0.4744
      0.4998
      0.5097
      0.4855
      0.4318
      0.3712
      0.3269
      0.3084
      0.3086
      0.3095
      0.2934
      0.2528
      0.1941
      0.1326
      0.0828
      0.0510
      0.0354
      0.0309
      0.4728
      0.4820
      0.4984
      0.4985
      0.4675
      0.4117
      0.3526
      0.3112
      0.2951
      0.2966
      0.2986
      0.2843
      0.2464
      0.1908
      0.1316
      0.0830
      0.0512
      0.0352
      0.0306
      0.5286
      0.5264
      0.5143
      0.4825
      0.4291
      0.3653
      0.3095
      0.2753
      0.2647
      0.2684
      0.2716
      0.2606
      0.2291
      0.1814
      0.1289
      0.0838
      0.0529
      0.0363
      0.0313
      0.7026
      0.6780
      0.6101
      0.5148
      0.4142
      0.3293
      0.2725
      0.2452
      0.2389
      0.2416
      0.2418
      0.2310
      0.2058
      0.1685
      0.1263
      0.0883
      0.0604
      0.0444
      0.0393
      1.1197
      1.0554
      0.8875
      0.6758
      0.4830
      0.3473
      0.2736
      0.2443
      0.2356
      0.2302
      0.2204
      0.2050
      0.1843
      0.1589
      0.1314
      0.1057
      0.0856
      0.0733
      0.0693
      1.9058
      1.7772
      1.4458
      1.0397
      0.6854
      0.4492
      0.3278
      0.2784
      0.2559
      0.2347
      0.2103
      0.1884
      0.1733
      0.1647
      0.1594
      0.1552
      0.1519
      0.1496
      0.1489
      3.0750
      2.8569
      2.2968
      1.6148
      1.0240
      0.6308
      0.4246
      0.3330
      0.2850
      0.2442
      0.2067
      0.1831
      0.1813
      0.1997
      0.2300
      0.2631
      0.2915
      0.3103
      0.3169
      4.4195
      4.1015
      3.2851
      2.2908
      1.4272
      0.8465
      0.5327
      0.3847
      0.3059
      0.2476
      0.2044
      0.1895
      0.2130
      0.2731
      0.3576
      0.4494
      0.5308
      0.5865
      0.6064
      5.5229
      5.1244
      4.1008
      2.8529
      1.7652
      1.0269
      0.6192
      0.4204
      0.3153
      0.2459
      0.2050
      0.2074
      0.2658
      0.3798
      0.5351
      0.7066
      0.8627
      0.9724
      1.0118
      5.9526
      5.5246
      4.4256
      3.0856
      1.9163
      1.1189
      0.6729
      0.4498
      0.3297
      0.2536
      0.2159
      0.2347
      0.3267
      0.4951
      0.7252
      0.9843
      1.2260
      1.3987
      1.4616
      5.5229
      5.1315
      4.1276
      2.9067
      1.8450
      1.1224
      0.7147
      0.5015
      0.3754
      0.2885
      0.2434
      0.2649
      0.3750
      0.5811
      0.8694
      1.2018
      1.5182
      1.7478
      1.8321
      4.4195
      4.1187
      3.3504
      2.4237
      1.6273
      1.0907
      0.7822
      0.6012
      0.4674
      0.3559
      0.2851
      0.2881
      0.3921
      0.6071
      0.9210
      1.2931
      1.6548
      1.9212
      2.0197
      3.0750
      2.8882
      2.4161
      1.8591
      1.3950
      1.0880
      0.8967
      0.7460
      0.5919
      0.4402
      0.3277
      0.2957
      0.3732
      0.5716
      0.8806
      1.2610
      1.6406
      1.9251
      2.0312
      1.9058
      1.8244
      1.6257
      1.4081
      1.2448
      1.1378
      1.0374
      0.8960
      0.7079
      0.5094
      0.3533
      0.2847
      0.3320
      0.5077
      0.8065
      1.1936
      1.5939
      1.9010
      2.0168
      1.1197
      1.1156
      1.1164
      1.1427
      1.1875
      1.2069
      1.1492
      0.9940
      0.7690
      0.5337
      0.3492
      0.2598
      0.2926
      0.4655
      0.7835
      1.2182
      1.6855
      2.0531
      2.1935
      0.7026
      0.7441
      0.8606
      1.0222
      1.1717
      1.2406
      1.1831
      1.0034
      0.7534
      0.5042
      0.3166
      0.2304
      0.2747
      0.4794
      0.8665
      1.4142
      2.0192
      2.5036
      2.6902
      0.5286
      0.5908
      0.7573
      0.9707
      1.1489
      1.2157
      1.1371
      0.9370
      0.6805
      0.4401
      0.2701
      0.2057
      0.2815
      0.5445
      1.0373
      1.7437
      2.5340
      3.1721
      3.4188
      0.4728
      0.5413
      0.7213
      0.9429
      1.1148
      1.1625
      1.0630
      0.8525
      0.6013
      0.3783
      0.2307
      0.1905
      0.2988
      0.6183
      1.2087
      2.0578
      3.0118
      3.7846
      4.0838
      0.4615
      0.5310
      0.7124
      0.9323
      1.0978
      1.1359
      1.0282
      0.8149
      0.5677
      0.3531
      0.2154
      0.1856
      0.3075
      0.6503
      1.2805
      2.1871
      3.2069
      4.0336
      4.3537
