      0.0005
      0.0011
      0.0027
      0.0037
      0.0027
      0.0013
      0.0008
      0.0009
      0.0015
      0.0047
      0.0111
      0.0148
      0.0108
      0.0042
      0.0009
      0.0001
      0.0000
      0.0000
      0.0000
      0.0006
      0.0014
      0.0031
      0.0039
      0.0026
      0.0011
      0.0006
      0.0007
      0.0012
      0.0038
      0.0098
      0.0141
      0.0112
      0.0048
      0.0011
      0.0001
      0.0000
      0.0000
      0.0000
      0.0009
      0.0016
      0.0031
      0.0033
      0.0020
      0.0007
      0.0003
      0.0003
      0.0005
      0.0021
      0.0062
      0.0107
      0.0102
      0.0055
      0.0017
      0.0003
      0.0000
      0.0000
      0.0000
      0.0010
      0.0014
      0.0019
      0.0017
      0.0009
      0.0003
      0.0001
      0.0001
      0.0002
      0.0009
      0.0038
      0.0095
      0.0138
      0.0116
      0.0056
      0.0015
      0.0002
      0.0000
      0.0000
      0.0117
      0.0088
      0.0039
      0.0012
      0.0003
      0.0001
      0.0000
      0.0000
      0.0001
      0.0011
      0.0070
      0.0250
      0.0488
      0.0518
      0.0298
      0.0093
      0.0015
      0.0001
      0.0000
      0.1889
      0.1389
      0.0551
      0.0118
      0.0014
      0.0001
      0.0000
      0.0000
      0.0002
      0.0020
      0.0151
      0.0608
      0.1322
      0.1552
      0.0984
      0.0337
      0.0063
      0.0009
      0.0004
      1.6574
      1.2181
      0.4830
      0.1030
      0.0117
      0.0007
      0.0001
      0.0001
      0.0002
      0.0023
      0.0187
      0.0830
      0.1978
      0.2545
      0.1771
      0.0673
      0.0170
      0.0103
      0.0121
      7.7743
      5.7138
      2.2657
      0.4830
      0.0550
      0.0033
      0.0002
      0.0001
      0.0001
      0.0014
      0.0126
      0.0614
      0.1609
      0.2285
      0.1784
      0.0884
      0.0766
      0.1484
      0.1985
     19.6059
     14.4095
      5.7138
      1.2181
      0.1388
      0.0084
      0.0004
      0.0002
      0.0002
      0.0005
      0.0047
      0.0256
      0.0775
      0.1357
      0.1545
      0.2038
      0.5488
      1.2885
      1.7402
     26.6762
     19.6059
      7.7743
      1.6574
      0.1890
      0.0124
      0.0032
      0.0043
      0.0034
      0.0016
      0.0016
      0.0101
      0.0506
      0.1605
      0.3482
      0.8148
      2.5586
      6.0474
      8.1642
     19.6059
     14.4095
      5.7138
      1.2184
      0.1418
      0.0229
      0.0380
      0.0530
      0.0403
      0.0166
      0.0045
      0.0118
      0.0839
      0.3441
      0.8753
      2.1398
      6.5416
     15.2886
     20.6033
      7.7743
      5.7138
      2.2659
      0.4859
      0.0790
      0.1114
      0.2653
      0.3523
      0.2531
      0.0981
      0.0213
      0.0153
      0.1062
      0.4713
      1.2732
      3.0969
      9.0748
     20.8816
     28.0672
      1.6574
      1.2182
      0.4843
      0.1177
      0.1167
      0.4367
      1.0027
      1.2564
      0.8530
      0.3127
      0.0621
      0.0149
      0.0744
      0.3524
      1.0063
      2.4402
      6.8348
     15.4299
     20.6674
      0.1889
      0.1393
      0.0609
      0.0582
      0.2663
      0.9697
      2.0589
      2.4224
      1.5528
      0.5382
      0.1005
      0.0130
      0.0284
      0.1423
      0.4299
      1.0446
      2.7942
      6.1656
      8.2209
      0.0117
      0.0104
      0.0214
      0.1024
      0.4191
      1.2474
      2.3649
      2.5904
      1.5697
      0.5173
      0.0919
      0.0093
      0.0061
      0.0309
      0.0992
      0.2445
      0.6297
      1.3567
      1.7993
      0.0010
      0.0048
      0.0346
      0.1555
      0.4741
      1.1041
      1.8637
      1.9805
      1.2136
      0.4143
      0.0777
      0.0080
      0.0011
      0.0037
      0.0147
      0.0520
      0.1759
      0.4111
      0.5524
      0.0009
      0.0055
      0.0387
      0.1600
      0.4677
      1.1775
      2.3349
      2.9416
      2.1143
      0.8371
      0.1801
      0.0209
      0.0013
      0.0010
      0.0124
      0.1042
      0.4842
      1.2185
      1.6574
      0.0006
      0.0039
      0.0265
      0.1222
      0.5120
      1.8891
      4.5850
      6.3255
      4.7727
      1.9497
      0.4288
      0.0505
      0.0032
      0.0019
      0.0294
      0.2578
      1.2093
      3.0496
      4.1493
      0.0005
      0.0027
      0.0182
      0.1012
      0.5628
      2.4003
      6.0863
      8.5054
      6.4486
      2.6407
      0.5817
      0.0685
      0.0044
      0.0026
      0.0400
      0.3507
      1.6452
      4.1489
      5.6451
