      0.0181
      0.0233
      0.0341
      0.0398
      0.0351
      0.0254
      0.0196
      0.0216
      0.0349
      0.0632
      0.0979
      0.1137
      0.0950
      0.0565
      0.0238
      0.0071
      0.0015
      0.0002
      0.0001
      0.0190
      0.0240
      0.0337
      0.0380
      0.0324
      0.0227
      0.0169
      0.0184
      0.0301
      0.0561
      0.0898
      0.1086
      0.0953
      0.0602
      0.0273
      0.0089
      0.0021
      0.0004
      0.0001
      0.0204
      0.0241
      0.0308
      0.0318
      0.0250
      0.0160
      0.0110
      0.0118
      0.0206
      0.0423
      0.0761
      0.1054
      0.1083
      0.0818
      0.0451
      0.0181
      0.0053
      0.0011
      0.0003
      0.0271
      0.0277
      0.0275
      0.0233
      0.0159
      0.0093
      0.0065
      0.0079
      0.0156
      0.0376
      0.0826
      0.1414
      0.1790
      0.1644
      0.1087
      0.0514
      0.0173
      0.0042
      0.0014
      0.0879
      0.0764
      0.0509
      0.0270
      0.0124
      0.0068
      0.0072
      0.0112
      0.0209
      0.0511
      0.1271
      0.2501
      0.3582
      0.3666
      0.2666
      0.1375
      0.0504
      0.0136
      0.0052
      0.3821
      0.3223
      0.1936
      0.0836
      0.0279
      0.0125
      0.0151
      0.0225
      0.0342
      0.0734
      0.1876
      0.3951
      0.6058
      0.6611
      0.5117
      0.2814
      0.1117
      0.0357
      0.0177
      1.2815
      1.0781
      0.6417
      0.2708
      0.0848
      0.0303
      0.0286
      0.0369
      0.0458
      0.0829
      0.2106
      0.4662
      0.7560
      0.8733
      0.7181
      0.4260
      0.1951
      0.0898
      0.0656
      3.0522
      2.5671
      1.5267
      0.6426
      0.1972
      0.0594
      0.0409
      0.0448
      0.0464
      0.0690
      0.1709
      0.3974
      0.6845
      0.8456
      0.7568
      0.5178
      0.3258
      0.2564
      0.2493
      5.1334
      4.3174
      2.5674
      1.0798
      0.3280
      0.0893
      0.0475
      0.0447
      0.0396
      0.0454
      0.1031
      0.2535
      0.4772
      0.6619
      0.7024
      0.6446
      0.6388
      0.7289
      0.7896
      6.1036
      5.1334
      3.0528
      1.2847
      0.3925
      0.1118
      0.0657
      0.0642
      0.0538
      0.0416
      0.0591
      0.1453
      0.3216
      0.5542
      0.7730
      0.9835
      1.2895
      1.6707
      1.8591
      5.1334
      4.3177
      2.5694
      1.0886
      0.3566
      0.1564
      0.1603
      0.1798
      0.1517
      0.0954
      0.0640
      0.1095
      0.2809
      0.5958
      1.0073
      1.4920
      2.1229
      2.8161
      3.1433
      3.0522
      2.5683
      1.5349
      0.6778
      0.3062
      0.3039
      0.4353
      0.4985
      0.4110
      0.2432
      0.1179
      0.1118
      0.2730
      0.6326
      1.1543
      1.7907
      2.5797
      3.4061
      3.7893
      1.2815
      1.0817
      0.6655
      0.3654
      0.3585
      0.6119
      0.9264
      1.0317
      0.8226
      0.4678
      0.1995
      0.1140
      0.2202
      0.5234
      0.9928
      1.5740
      2.2673
      2.9656
      3.2842
      0.3821
      0.3308
      0.2454
      0.2709
      0.5260
      1.0038
      1.4716
      1.5763
      1.2146
      0.6684
      0.2667
      0.1051
      0.1344
      0.3164
      0.6272
      1.0386
      1.5413
      2.0418
      2.2675
      0.0879
      0.0917
      0.1380
      0.3167
      0.7232
      1.3361
      1.8799
      1.9573
      1.4808
      0.8047
      0.3137
      0.0985
      0.0679
      0.1517
      0.3535
      0.7310
      1.3264
      1.9779
      2.2765
      0.0271
      0.0487
      0.1438
      0.3965
      0.9057
      1.6570
      2.3478
      2.4948
      1.9419
      1.0908
      0.4385
      0.1291
      0.0478
      0.1042
      0.3804
      1.1476
      2.6057
      4.3010
      5.0891
      0.0204
      0.0469
      0.1598
      0.4640
      1.1231
      2.2019
      3.3378
      3.7645
      3.0849
      1.8126
      0.7576
      0.2264
      0.0703
      0.1617
      0.7301
      2.4438
      5.7981
      9.7342
     11.5684
      0.0190
      0.0452
      0.1623
      0.5131
      1.3706
      2.9190
      4.6916
      5.5046
      4.6364
      2.7799
      1.1803
      0.3565
      0.1098
      0.2591
      1.2012
      4.0653
      9.6886
     16.2939
     19.3727
      0.0181
      0.0434
      0.1605
      0.5330
      1.4904
      3.2760
      5.3661
      6.3665
      5.3996
      3.2524
      1.3855
      0.4195
      0.1295
      0.3068
      1.4256
      4.8293
     11.5134
     19.3658
     23.0259
