      0.1667
      0.1807
      0.2093
      0.2255
      0.2150
      0.1879
      0.1697
      0.1829
      0.2382
      0.3262
      0.4100
      0.4393
      0.3878
      0.2780
      0.1607
      0.0749
      0.0284
      0.0095
      0.0050
      0.1684
      0.1805
      0.2046
      0.2158
      0.2018
      0.1734
      0.1545
      0.1660
      0.2179
      0.3027
      0.3872
      0.4234
      0.3828
      0.2822
      0.1687
      0.0816
      0.0323
      0.0112
      0.0059
      0.1784
      0.1848
      0.1948
      0.1913
      0.1683
      0.1373
      0.1179
      0.1262
      0.1709
      0.2490
      0.3370
      0.3929
      0.3819
      0.3051
      0.1992
      0.1060
      0.0463
      0.0177
      0.0098
      0.2318
      0.2258
      0.2065
      0.1735
      0.1334
      0.0983
      0.0802
      0.0872
      0.1262
      0.2004
      0.2986
      0.3857
      0.4170
      0.3712
      0.2701
      0.1603
      0.0781
      0.0337
      0.0204
      0.4379
      0.4032
      0.3160
      0.2139
      0.1301
      0.0789
      0.0594
      0.0669
      0.1038
      0.1796
      0.2958
      0.4239
      0.5066
      0.4960
      0.3952
      0.2569
      0.1389
      0.0690
      0.0471
      0.9904
      0.8923
      0.6537
      0.3927
      0.2000
      0.0981
      0.0634
      0.0677
      0.1023
      0.1802
      0.3146
      0.4845
      0.6224
      0.6538
      0.5603
      0.3966
      0.2420
      0.1447
      0.1132
      2.0589
      1.8457
      1.3303
      0.7742
      0.3721
      0.1637
      0.0894
      0.0807
      0.1071
      0.1789
      0.3183
      0.5150
      0.7012
      0.7859
      0.7285
      0.5749
      0.4139
      0.3082
      0.2736
      3.5462
      3.1759
      2.2820
      1.3196
      0.6253
      0.2644
      0.1298
      0.0989
      0.1103
      0.1645
      0.2888
      0.4873
      0.7081
      0.8618
      0.8901
      0.8158
      0.7149
      0.6469
      0.6254
      4.9308
      4.4154
      3.1719
      1.8346
      0.8721
      0.3730
      0.1858
      0.1354
      0.1289
      0.1560
      0.2481
      0.4294
      0.6770
      0.9206
      1.0914
      1.1776
      1.2188
      1.2483
      1.2618
      5.5050
      4.9307
      3.5469
      2.0643
      1.0081
      0.4751
      0.2874
      0.2372
      0.2115
      0.1978
      0.2413
      0.3934
      0.6668
      1.0169
      1.3683
      1.6691
      1.9090
      2.0786
      2.1427
      4.9308
      4.4204
      3.1958
      1.9005
      1.0104
      0.6052
      0.5003
      0.4776
      0.4210
      0.3357
      0.3000
      0.4013
      0.6847
      1.1259
      1.6427
      2.1457
      2.5749
      2.8779
      2.9902
      3.5462
      3.1893
      2.3450
      1.4899
      0.9740
      0.8352
      0.8851
      0.9033
      0.7857
      0.5797
      0.4186
      0.4296
      0.6769
      1.1430
      1.7394
      2.3520
      2.8861
      3.2610
      3.3984
      2.0589
      1.8730
      1.4557
      1.1032
      1.0240
      1.1980
      1.4188
      1.4606
      1.2431
      0.8750
      0.5547
      0.4403
      0.5950
      0.9940
      1.5473
      2.1380
      2.6606
      3.0264
      3.1595
      0.9904
      0.9377
      0.8573
      0.9112
      1.1939
      1.6239
      1.9667
      1.9925
      1.6550
      1.1261
      0.6569
      0.4176
      0.4528
      0.7226
      1.1455
      1.6241
      2.0641
      2.3789
      2.4944
      0.4379
      0.4656
      0.5915
      0.8985
      1.4058
      1.9842
      2.3780
      2.3633
      1.9265
      1.2834
      0.7125
      0.3808
      0.3112
      0.4533
      0.7438
      1.1197
      1.5064
      1.8064
      1.9210
      0.2318
      0.2985
      0.5241
      0.9522
      1.5636
      2.2071
      2.6219
      2.5888
      2.1048
      1.4000
      0.7649
      0.3679
      0.2246
      0.2857
      0.5131
      0.8825
      1.3302
      1.7161
      1.8710
      0.1784
      0.2587
      0.5183
      0.9865
      1.6371
      2.3224
      2.7836
      2.7860
      2.3033
      1.5590
      0.8611
      0.4002
      0.2043
      0.2344
      0.4795
      0.9484
      1.5745
      2.1433
      2.3767
      0.1684
      0.2506
      0.5141
      0.9881
      1.6562
      2.3862
      2.9177
      2.9848
      2.5220
      1.7422
      0.9783
      0.4553
      0.2208
      0.2478
      0.5453
      1.1456
      1.9708
      2.7318
      3.0462
      0.1667
      0.2484
      0.5102
      0.9832
      1.6580
      2.4101
      2.9771
      3.0768
      2.6241
      1.8277
      1.0333
      0.4825
      0.2327
      0.2614
      0.5856
      1.2458
      2.1581
      3.0019
      3.3509
