      0.3652
      0.3658
      0.3650
      0.3589
      0.3483
      0.3428
      0.3579
      0.4078
      0.4949
      0.6011
      0.6890
      0.7159
      0.6591
      0.5308
      0.3716
      0.2258
      0.1206
      0.0616
      0.0432
      0.3582
      0.3580
      0.3553
      0.3465
      0.3331
      0.3250
      0.3383
      0.3875
      0.4762
      0.5882
      0.6869
      0.7283
      0.6851
      0.5649
      0.4057
      0.2535
      0.1396
      0.0737
      0.0527
      0.3424
      0.3400
      0.3311
      0.3144
      0.2933
      0.2792
      0.2885
      0.3370
      0.4315
      0.5609
      0.6913
      0.7745
      0.7710
      0.6737
      0.5137
      0.3416
      0.2009
      0.1138
      0.0849
      0.3347
      0.3278
      0.3077
      0.2774
      0.2450
      0.2237
      0.2297
      0.2797
      0.3849
      0.5417
      0.7208
      0.8681
      0.9256
      0.8642
      0.7029
      0.4985
      0.3138
      0.1914
      0.1494
      0.3627
      0.3483
      0.3097
      0.2583
      0.2096
      0.1795
      0.1830
      0.2360
      0.3535
      0.5407
      0.7751
      0.9978
      1.1305
      1.1173
      0.9603
      0.7210
      0.4842
      0.3184
      0.2598
      0.4554
      0.4297
      0.3627
      0.2789
      0.2052
      0.1614
      0.1597
      0.2124
      0.3364
      0.5449
      0.8247
      1.1169
      1.3277
      1.3752
      1.2411
      0.9850
      0.7089
      0.5064
      0.4332
      0.6217
      0.5808
      0.4757
      0.3478
      0.2389
      0.1739
      0.1610
      0.2057
      0.3230
      0.5320
      0.8302
      1.1670
      1.4446
      1.5639
      1.4851
      1.2552
      0.9803
      0.7686
      0.6904
      0.8291
      0.7720
      0.6259
      0.4502
      0.3029
      0.2140
      0.1866
      0.2165
      0.3124
      0.4959
      0.7768
      1.1211
      1.4429
      1.6396
      1.6533
      1.5082
      1.2949
      1.1178
      1.0503
      1.0061
      0.9369
      0.7611
      0.5525
      0.3813
      0.2805
      0.2456
      0.2607
      0.3254
      0.4612
      0.6911
      1.0055
      1.3435
      1.6142
      1.7481
      1.7396
      1.6460
      1.5480
      1.5080
      1.0761
      1.0054
      0.8278
      0.6233
      0.4654
      0.3835
      0.3619
      0.3707
      0.3997
      0.4713
      0.6243
      0.8778
      1.2038
      1.5324
      1.7897
      1.9395
      1.9963
      2.0036
      2.0009
      1.0061
      0.9479
      0.8065
      0.6571
      0.5649
      0.5456
      0.5663
      0.5805
      0.5697
      0.5623
      0.6170
      0.7840
      1.0686
      1.4238
      1.7759
      2.0631
      2.2592
      2.3675
      2.4016
      0.8291
      0.7964
      0.7262
      0.6801
      0.7037
      0.7890
      0.8778
      0.9042
      0.8450
      0.7412
      0.6777
      0.7350
      0.9460
      1.2826
      1.6738
      2.0415
      2.3289
      2.5074
      2.5675
      0.6217
      0.6219
      0.6439
      0.7312
      0.9026
      1.1183
      1.2884
      1.3256
      1.2053
      0.9883
      0.7894
      0.7170
      0.8241
      1.0943
      1.4606
      1.8386
      2.1554
      2.3623
      2.4338
      0.4554
      0.4896
      0.6076
      0.8347
      1.1624
      1.5156
      1.7690
      1.8123
      1.6215
      1.2804
      0.9358
      0.7214
      0.7036
      0.8725
      1.1655
      1.4999
      1.7982
      2.0012
      2.0728
      0.3627
      0.4272
      0.6315
      0.9877
      1.4638
      1.9515
      2.2891
      2.3405
      2.0794
      1.6124
      1.1188
      0.7580
      0.6082
      0.6638
      0.8664
      1.1382
      1.4017
      1.5906
      1.6592
      0.3347
      0.4233
      0.6983
      1.1648
      1.7750
      2.3930
      2.8213
      2.8930
      2.5732
      1.9866
      1.3461
      0.8407
      0.5643
      0.5162
      0.6410
      0.8641
      1.1061
      1.2910
      1.3601
      0.3424
      0.4486
      0.7766
      1.3306
      2.0553
      2.7943
      3.3169
      3.4229
      3.0620
      2.3716
      1.5968
      0.9597
      0.5738
      0.4450
      0.5194
      0.7211
      0.9651
      1.1619
      1.2373
      0.3582
      0.4752
      0.8366
      1.4492
      2.2552
      3.0856
      3.6852
      3.8259
      3.4420
      2.6779
      1.8040
      1.0700
      0.6071
      0.4275
      0.4772
      0.6774
      0.9359
      1.1506
      1.2340
      0.3652
      0.4858
      0.8589
      1.4924
      2.3283
      3.1936
      3.8235
      3.9790
      3.5878
      2.7966
      1.8856
      1.1153
      0.6243
      0.4273
      0.4701
      0.6725
      0.9389
      1.1620
      1.2489
