      0.6373
      0.6442
      0.6506
      0.6270
      0.5556
      0.4466
      0.3313
      0.2412
      0.1914
      0.1774
      0.1821
      0.1862
      0.1762
      0.1490
      0.1113
      0.0737
      0.0447
      0.0275
      0.0220
      0.6229
      0.6276
      0.6290
      0.6012
      0.5295
      0.4252
      0.3185
      0.2387
      0.1994
      0.1959
      0.2108
      0.2236
      0.2183
      0.1902
      0.1461
      0.0990
      0.0606
      0.0370
      0.0292
      0.5892
      0.5878
      0.5754
      0.5359
      0.4638
      0.3732
      0.2903
      0.2385
      0.2277
      0.2526
      0.2959
      0.3339
      0.3438
      0.3146
      0.2529
      0.1781
      0.1120
      0.0687
      0.0539
      0.5689
      0.5581
      0.5241
      0.4663
      0.3927
      0.3209
      0.2708
      0.2566
      0.2828
      0.3450
      0.4280
      0.5045
      0.5412
      0.5158
      0.4313
      0.3156
      0.2057
      0.1304
      0.1041
      0.6194
      0.5949
      0.5288
      0.4413
      0.3583
      0.3015
      0.2822
      0.3023
      0.3607
      0.4557
      0.5780
      0.6990
      0.7735
      0.7628
      0.6614
      0.5036
      0.3438
      0.2300
      0.1893
      0.8013
      0.7565
      0.6416
      0.5038
      0.3917
      0.3330
      0.3290
      0.3671
      0.4395
      0.5496
      0.6973
      0.8573
      0.9749
      0.9939
      0.8953
      0.7135
      0.5164
      0.3704
      0.3173
      1.1330
      1.0606
      0.8774
      0.6629
      0.4941
      0.4071
      0.3931
      0.4248
      0.4872
      0.5879
      0.7379
      0.9193
      1.0751
      1.1367
      1.0705
      0.9025
      0.7031
      0.5487
      0.4913
      1.5484
      1.4449
      1.1832
      0.8762
      0.6303
      0.4915
      0.4440
      0.4475
      0.4800
      0.5513
      0.6804
      0.8594
      1.0378
      1.1460
      1.1404
      1.0325
      0.8803
      0.7544
      0.7063
      1.9026
      1.7738
      1.4472
      1.0609
      0.7433
      0.5491
      0.4586
      0.4249
      0.4207
      0.4544
      0.5479
      0.7026
      0.8823
      1.0291
      1.0985
      1.0863
      1.0260
      0.9650
      0.9402
      2.0425
      1.9050
      1.5554
      1.1389
      0.7894
      0.5634
      0.4414
      0.3762
      0.3401
      0.3385
      0.3920
      0.5087
      0.6696
      0.8367
      0.9745
      1.0672
      1.1190
      1.1429
      1.1496
      1.9026
      1.7789
      1.4648
      1.0898
      0.7717
      0.5578
      0.4294
      0.3459
      0.2849
      0.2517
      0.2652
      0.3377
      0.4654
      0.6312
      0.8133
      0.9909
      1.1432
      1.2478
      1.2853
      1.5484
      1.4594
      1.2347
      0.9699
      0.7468
      0.5912
      0.4822
      0.3892
      0.3017
      0.2321
      0.2015
      0.2261
      0.3126
      0.4594
      0.6578
      0.8871
      1.1099
      1.2751
      1.3365
      1.1330
      1.0909
      0.9892
      0.8792
      0.7953
      0.7317
      0.6587
      0.5555
      0.4283
      0.3048
      0.2165
      0.1864
      0.2282
      0.3497
      0.5510
      0.8132
      1.0876
      1.3000
      1.3805
      0.8013
      0.8088
      0.8386
      0.8987
      0.9738
      1.0208
      0.9938
      0.8757
      0.6900
      0.4868
      0.3179
      0.2203
      0.2167
      0.3218
      0.5417
      0.8573
      1.2049
      1.4821
      1.5885
      0.6194
      0.6718
      0.8225
      1.0448
      1.2805
      1.4488
      1.4796
      1.3492
      1.0923
      0.7846
      0.5082
      0.3258
      0.2773
      0.3889
      0.6731
      1.1058
      1.5968
      1.9944
      2.1482
      0.5689
      0.6572
      0.9072
      1.2694
      1.6553
      1.9512
      2.0568
      1.9286
      1.6020
      1.1765
      0.7724
      0.4905
      0.3993
      0.5444
      0.9488
      1.5793
      2.3027
      2.8919
      3.1203
      0.5892
      0.7027
      1.0247
      1.4953
      2.0088
      2.4268
      2.6179
      2.5100
      2.1290
      1.5925
      1.0608
      0.6787
      0.5502
      0.7460
      1.3026
      2.1759
      3.1809
      4.0009
      4.3191
      0.6229
      0.7511
      1.1162
      1.6558
      2.2573
      2.7676
      3.0308
      2.9490
      2.5354
      1.9189
      1.2905
      0.8317
      0.6767
      0.9186
      1.6054
      2.6842
      3.9265
      4.9406
      5.3342
      0.6373
      0.7703
      1.1497
      1.7131
      2.3463
      2.8915
      3.1833
      3.1134
      2.6892
      2.0434
      1.3788
      0.8909
      0.7264
      0.9868
      1.7251
      2.8848
      4.2205
      5.3110
      5.7342
