      0.4689
      0.4866
      0.5273
      0.5643
      0.5794
      0.5758
      0.5732
      0.5911
      0.6350
      0.6898
      0.7232
      0.7019
      0.6121
      0.4705
      0.3151
      0.1830
      0.0928
      0.0444
      0.0297
      0.4628
      0.4781
      0.5126
      0.5422
      0.5508
      0.5429
      0.5376
      0.5538
      0.5964
      0.6510
      0.6871
      0.6722
      0.5917
      0.4599
      0.3121
      0.1841
      0.0953
      0.0469
      0.0321
      0.4433
      0.4523
      0.4709
      0.4815
      0.4746
      0.4572
      0.4469
      0.4596
      0.4988
      0.5523
      0.5940
      0.5946
      0.5379
      0.4318
      0.3046
      0.1885
      0.1041
      0.0562
      0.0412
      0.4116
      0.4126
      0.4112
      0.3995
      0.3765
      0.3516
      0.3392
      0.3497
      0.3845
      0.4341
      0.4794
      0.4970
      0.4697
      0.3979
      0.2999
      0.2023
      0.1261
      0.0805
      0.0656
      0.3805
      0.3735
      0.3529
      0.3217
      0.2875
      0.2613
      0.2520
      0.2631
      0.2927
      0.3348
      0.3789
      0.4094
      0.4108
      0.3763
      0.3138
      0.2424
      0.1813
      0.1424
      0.1294
      0.3726
      0.3582
      0.3205
      0.2731
      0.2320
      0.2086
      0.2053
      0.2177
      0.2407
      0.2724
      0.3115
      0.3522
      0.3822
      0.3900
      0.3735
      0.3422
      0.3102
      0.2884
      0.2809
      0.4048
      0.3834
      0.3294
      0.2665
      0.2188
      0.1974
      0.1983
      0.2099
      0.2247
      0.2451
      0.2800
      0.3336
      0.3992
      0.4630
      0.5137
      0.5491
      0.5728
      0.5876
      0.5929
      0.4706
      0.4428
      0.3738
      0.2967
      0.2421
      0.2210
      0.2236
      0.2322
      0.2377
      0.2479
      0.2817
      0.3552
      0.4697
      0.6121
      0.7629
      0.9050
      1.0239
      1.1049
      1.1339
      0.5370
      0.5056
      0.4288
      0.3461
      0.2926
      0.2778
      0.2858
      0.2927
      0.2886
      0.2870
      0.3191
      0.4154
      0.5894
      0.8318
      1.1161
      1.4066
      1.6627
      1.8412
      1.9057
      0.5650
      0.5359
      0.4674
      0.4012
      0.3718
      0.3834
      0.4107
      0.4215
      0.4043
      0.3808
      0.3980
      0.5056
      0.7333
      1.0785
      1.5084
      1.9671
      2.3825
      2.6760
      2.7824
      0.5370
      0.5190
      0.4828
      0.4667
      0.4978
      0.5672
      0.6336
      0.6528
      0.6113
      0.5429
      0.5162
      0.6044
      0.8551
      1.2733
      1.8207
      2.4227
      2.9777
      3.3734
      3.5175
      0.4706
      0.4727
      0.4938
      0.5631
      0.6912
      0.8472
      0.9667
      0.9897
      0.9037
      0.7599
      0.6531
      0.6807
      0.9053
      1.3371
      1.9337
      2.6081
      3.2391
      3.6924
      3.8580
      0.4048
      0.4333
      0.5285
      0.7046
      0.9483
      1.1994
      1.3666
      1.3768
      1.2237
      0.9813
      0.7704
      0.7064
      0.8593
      1.2398
      1.8042
      2.4624
      3.0888
      3.5429
      3.7094
      0.3726
      0.4282
      0.5980
      0.8770
      1.2237
      1.5472
      1.7348
      1.7091
      1.4779
      1.1380
      0.8286
      0.6715
      0.7340
      1.0242
      1.5009
      2.0816
      2.6481
      3.0649
      3.2188
      0.3805
      0.4579
      0.6853
      1.0369
      1.4441
      1.7934
      1.9634
      1.8856
      1.5869
      1.1803
      0.8095
      0.5893
      0.5775
      0.7802
      1.1648
      1.6629
      2.1682
      2.5493
      2.6918
      0.4116
      0.5014
      0.7585
      1.1385
      1.5527
      1.8784
      2.0015
      1.8726
      1.5361
      1.1100
      0.7280
      0.4890
      0.4404
      0.5908
      0.9216
      1.3812
      1.8701
      2.2505
      2.3947
      0.4433
      0.5363
      0.7972
      1.1681
      1.5500
      1.8235
      1.8920
      1.7276
      1.3862
      0.9797
      0.6241
      0.4007
      0.3502
      0.4885
      0.8141
      1.2892
      1.8137
      2.2318
      2.3923
      0.4628
      0.5541
      0.8063
      1.1542
      1.4960
      1.7204
      1.7479
      1.5668
      1.2376
      0.8627
      0.5418
      0.3435
      0.3061
      0.4541
      0.7995
      1.3137
      1.8918
      2.3582
      2.5382
      0.4689
      0.5588
      0.8058
      1.1423
      1.4667
      1.6714
      1.6841
      1.4988
      1.1769
      0.8166
      0.5110
      0.3241
      0.2940
      0.4488
      0.8059
      1.3397
      1.9427
      2.4308
      2.6196
