      0.3220
      0.3550
      0.4238
      0.4675
      0.4521
      0.3934
      0.3282
      0.2753
      0.2324
      0.1951
      0.1633
      0.1342
      0.1028
      0.0689
      0.0388
      0.0181
      0.0074
      0.0032
      0.0022
      0.3222
      0.3510
      0.4095
      0.4425
      0.4204
      0.3604
      0.2972
      0.2480
      0.2100
      0.1788
      0.1531
      0.1297
      0.1026
      0.0712
      0.0416
      0.0202
      0.0085
      0.0036
      0.0024
      0.3242
      0.3412
      0.3718
      0.3766
      0.3392
      0.2780
      0.2217
      0.1824
      0.1568
      0.1399
      0.1293
      0.1199
      0.1042
      0.0794
      0.0510
      0.0274
      0.0126
      0.0056
      0.0037
      0.3632
      0.3606
      0.3453
      0.3062
      0.2467
      0.1854
      0.1397
      0.1135
      0.1018
      0.1000
      0.1058
      0.1133
      0.1124
      0.0968
      0.0703
      0.0430
      0.0233
      0.0130
      0.0100
      0.5712
      0.5318
      0.4305
      0.3066
      0.1979
      0.1236
      0.0840
      0.0684
      0.0668
      0.0752
      0.0932
      0.1158
      0.1309
      0.1270
      0.1046
      0.0755
      0.0524
      0.0400
      0.0365
      1.1874
      1.0726
      0.7921
      0.4826
      0.2495
      0.1201
      0.0671
      0.0529
      0.0545
      0.0661
      0.0902
      0.1245
      0.1560
      0.1695
      0.1618
      0.1453
      0.1345
      0.1330
      0.1340
      2.4187
      2.1689
      1.5647
      0.9107
      0.4340
      0.1813
      0.0832
      0.0568
      0.0542
      0.0631
      0.0876
      0.1295
      0.1791
      0.2227
      0.2584
      0.2986
      0.3520
      0.4044
      0.4270
      4.1510
      3.7175
      2.6701
      1.5401
      0.7203
      0.2869
      0.1169
      0.0669
      0.0553
      0.0582
      0.0793
      0.1257
      0.1972
      0.2936
      0.4261
      0.6116
      0.8383
      1.0392
      1.1211
      5.7694
      5.1657
      3.7080
      2.1361
      0.9959
      0.3921
      0.1525
      0.0787
      0.0576
      0.0536
      0.0693
      0.1184
      0.2175
      0.3943
      0.6920
      1.1427
      1.6980
      2.1854
      2.3826
      6.4411
      5.7678
      4.1424
      2.3914
      1.1237
      0.4542
      0.1888
      0.1048
      0.0757
      0.0621
      0.0685
      0.1172
      0.2455
      0.5177
      1.0250
      1.8274
      2.8315
      3.7168
      4.0756
      5.7694
      5.1695
      3.7236
      2.1723
      1.0586
      0.4796
      0.2538
      0.1764
      0.1350
      0.1004
      0.0862
      0.1246
      0.2699
      0.6176
      1.3039
      2.4203
      3.8363
      5.0931
      5.6038
      4.1510
      3.7293
      2.7192
      1.6519
      0.9090
      0.5424
      0.4021
      0.3317
      0.2574
      0.1778
      0.1232
      0.1340
      0.2687
      0.6323
      1.3789
      2.6168
      4.2033
      5.6196
      6.1966
      2.4187
      2.1974
      1.6810
      1.1700
      0.8593
      0.7364
      0.6776
      0.5843
      0.4397
      0.2842
      0.1695
      0.1367
      0.2314
      0.5396
      1.1965
      2.3015
      3.7288
      5.0085
      5.5309
      1.1874
      1.1269
      1.0117
      0.9625
      1.0147
      1.0839
      1.0567
      0.8921
      0.6404
      0.3899
      0.2091
      0.1296
      0.1712
      0.3831
      0.8578
      1.6677
      2.7208
      3.6684
      4.0559
      0.5712
      0.6146
      0.7626
      1.0212
      1.3106
      1.4826
      1.4288
      1.1629
      0.7987
      0.4635
      0.2313
      0.1173
      0.1145
      0.2378
      0.5395
      1.0658
      1.7567
      2.3815
      2.6376
      0.3632
      0.4623
      0.7509
      1.1691
      1.5677
      1.7625
      1.6583
      1.3123
      0.8778
      0.4974
      0.2403
      0.1088
      0.0811
      0.1551
      0.3646
      0.7449
      1.2535
      1.7176
      1.9086
      0.3242
      0.4442
      0.7815
      1.2434
      1.6536
      1.8280
      1.6936
      1.3289
      0.8894
      0.5085
      0.2483
      0.1101
      0.0733
      0.1378
      0.3411
      0.7240
      1.2454
      1.7258
      1.9241
      0.3222
      0.4438
      0.7789
      1.2232
      1.6017
      1.7501
      1.6167
      1.2796
      0.8742
      0.5145
      0.2593
      0.1177
      0.0793
      0.1534
      0.3907
      0.8436
      1.4651
      2.0398
      2.2775
      0.3220
      0.4416
      0.7689
      1.1976
      1.5573
      1.6953
      1.5683
      1.2507
      0.8655
      0.5175
      0.2650
      0.1221
      0.0835
      0.1640
      0.4207
      0.9115
      1.5861
      2.2103
      2.4686
