      0.0003
      0.0007
      0.0017
      0.0023
      0.0017
      0.0008
      0.0005
      0.0007
      0.0016
      0.0056
      0.0137
      0.0183
      0.0133
      0.0052
      0.0011
      0.0001
      0.0000
      0.0000
      0.0000
      0.0004
      0.0009
      0.0020
      0.0025
      0.0017
      0.0007
      0.0004
      0.0005
      0.0012
      0.0046
      0.0120
      0.0174
      0.0137
      0.0059
      0.0014
      0.0002
      0.0000
      0.0000
      0.0000
      0.0005
      0.0010
      0.0020
      0.0021
      0.0012
      0.0004
      0.0002
      0.0002
      0.0006
      0.0025
      0.0075
      0.0125
      0.0115
      0.0058
      0.0016
      0.0002
      0.0000
      0.0000
      0.0000
      0.0006
      0.0009
      0.0012
      0.0011
      0.0006
      0.0002
      0.0001
      0.0001
      0.0002
      0.0008
      0.0030
      0.0060
      0.0067
      0.0043
      0.0015
      0.0003
      0.0000
      0.0000
      0.0000
      0.0073
      0.0055
      0.0025
      0.0008
      0.0002
      0.0000
      0.0000
      0.0000
      0.0001
      0.0003
      0.0013
      0.0039
      0.0068
      0.0066
      0.0036
      0.0011
      0.0002
      0.0000
      0.0000
      0.1188
      0.0873
      0.0347
      0.0074
      0.0009
      0.0001
      0.0001
      0.0001
      0.0002
      0.0003
      0.0017
      0.0068
      0.0146
      0.0171
      0.0108
      0.0037
      0.0008
      0.0003
      0.0003
      1.0425
      0.7662
      0.3038
      0.0648
      0.0074
      0.0005
      0.0002
      0.0004
      0.0004
      0.0004
      0.0021
      0.0091
      0.0216
      0.0280
      0.0197
      0.0081
      0.0042
      0.0066
      0.0088
      4.8903
      3.5942
      1.4252
      0.3038
      0.0346
      0.0022
      0.0004
      0.0005
      0.0004
      0.0003
      0.0014
      0.0069
      0.0186
      0.0284
      0.0265
      0.0234
      0.0476
      0.1076
      0.1450
     12.3327
      9.0640
      3.5942
      0.7662
      0.0873
      0.0055
      0.0006
      0.0006
      0.0005
      0.0002
      0.0007
      0.0041
      0.0171
      0.0457
      0.0828
      0.1501
      0.4093
      0.9449
      1.2727
     16.7802
     12.3327
      4.8903
      1.0426
      0.1190
      0.0085
      0.0039
      0.0054
      0.0043
      0.0019
      0.0010
      0.0066
      0.0438
      0.1648
      0.3708
      0.7328
      1.9533
      4.4461
      5.9748
     12.3327
      9.0640
      3.5942
      0.7666
      0.0910
      0.0231
      0.0467
      0.0654
      0.0497
      0.0204
      0.0054
      0.0139
      0.1011
      0.4156
      1.0011
      1.9909
      5.0521
     11.2663
     15.0893
      4.8903
      3.5942
      1.4254
      0.3073
      0.0638
      0.1350
      0.3270
      0.4346
      0.3123
      0.1211
      0.0263
      0.0188
      0.1307
      0.5752
      1.4704
      2.9445
      7.0956
     15.4327
     20.5767
      1.0425
      0.7663
      0.3051
      0.0814
      0.1330
      0.5331
      1.2333
      1.5487
      1.0522
      0.3858
      0.0766
      0.0184
      0.0917
      0.4304
      1.1684
      2.3682
      5.4217
     11.4475
     15.1740
      0.1188
      0.0877
      0.0396
      0.0543
      0.3025
      1.1631
      2.5152
      2.9767
      1.9113
      0.6627
      0.1237
      0.0159
      0.0350
      0.1738
      0.5016
      1.0353
      2.2581
      4.6084
      6.0631
      0.0073
      0.0066
      0.0152
      0.0874
      0.4276
      1.4169
      2.8024
      3.1051
      1.8812
      0.6168
      0.1088
      0.0109
      0.0075
      0.0379
      0.1179
      0.2619
      0.5902
      1.2029
      1.5792
      0.0006
      0.0031
      0.0231
      0.1127
      0.3931
      1.0209
      1.7681
      1.8147
      1.0409
      0.3261
      0.0552
      0.0051
      0.0010
      0.0054
      0.0318
      0.1844
      0.7811
      1.9298
      2.6172
      0.0005
      0.0035
      0.0246
      0.0994
      0.2620
      0.5257
      0.8065
      0.8189
      0.4922
      0.1672
      0.0316
      0.0033
      0.0004
      0.0052
      0.0829
      0.7213
      3.3776
      8.5150
     11.5850
      0.0004
      0.0025
      0.0157
      0.0584
      0.1477
      0.3283
      0.6210
      0.7779
      0.5615
      0.2236
      0.0484
      0.0056
      0.0007
      0.0125
      0.2067
      1.8138
      8.5079
     21.4557
     29.1931
      0.0003
      0.0016
      0.0100
      0.0368
      0.1075
      0.3105
      0.6980
      0.9456
      0.7100
      0.2896
      0.0636
      0.0075
      0.0010
      0.0170
      0.2812
      2.4678
     11.5758
     29.1929
     39.7205
