      0.1079
      0.1442
      0.2185
      0.2565
      0.2172
      0.1340
      0.0652
      0.0317
      0.0226
      0.0256
      0.0331
      0.0365
      0.0302
      0.0179
      0.0076
      0.0023
      0.0005
      0.0001
      0.0000
      0.1150
      0.1488
      0.2155
      0.2439
      0.2001
      0.1201
      0.0569
      0.0271
      0.0194
      0.0227
      0.0307
      0.0356
      0.0310
      0.0197
      0.0090
      0.0030
      0.0007
      0.0001
      0.0000
      0.1220
      0.1476
      0.1930
      0.2004
      0.1524
      0.0852
      0.0376
      0.0169
      0.0125
      0.0169
      0.0270
      0.0368
      0.0382
      0.0293
      0.0164
      0.0067
      0.0020
      0.0004
      0.0001
      0.1309
      0.1406
      0.1520
      0.1362
      0.0924
      0.0468
      0.0188
      0.0082
      0.0074
      0.0144
      0.0308
      0.0531
      0.0678
      0.0627
      0.0417
      0.0198
      0.0067
      0.0017
      0.0006
      0.2893
      0.2584
      0.1862
      0.1104
      0.0542
      0.0219
      0.0080
      0.0043
      0.0065
      0.0182
      0.0480
      0.0960
      0.1382
      0.1417
      0.1034
      0.0538
      0.0202
      0.0061
      0.0028
      1.1417
      0.9655
      0.5849
      0.2557
      0.0821
      0.0207
      0.0059
      0.0045
      0.0084
      0.0248
      0.0705
      0.1517
      0.2338
      0.2562
      0.2002
      0.1133
      0.0495
      0.0212
      0.0145
      3.7936
      3.1918
      1.9001
      0.7994
      0.2378
      0.0515
      0.0112
      0.0067
      0.0100
      0.0268
      0.0787
      0.1789
      0.2923
      0.3414
      0.2899
      0.1893
      0.1127
      0.0812
      0.0752
      9.0285
      7.5935
      4.5149
      1.8942
      0.5599
      0.1185
      0.0220
      0.0087
      0.0094
      0.0213
      0.0635
      0.1527
      0.2669
      0.3410
      0.3361
      0.2937
      0.2807
      0.3057
      0.3236
     15.1841
     12.7704
      7.5923
      3.1848
      0.9408
      0.1979
      0.0345
      0.0106
      0.0082
      0.0134
      0.0379
      0.0974
      0.1895
      0.2868
      0.3771
      0.5016
      0.7045
      0.9313
      1.0350
     18.0539
     15.1840
      9.0274
      3.7876
      1.1211
      0.2400
      0.0479
      0.0202
      0.0148
      0.0124
      0.0208
      0.0546
      0.1289
      0.2586
      0.4803
      0.8709
      1.4685
      2.0967
      2.3771
     15.1841
     12.7709
      7.5949
      3.1933
      0.9607
      0.2338
      0.0847
      0.0639
      0.0493
      0.0302
      0.0208
      0.0384
      0.1078
      0.2724
      0.6142
      1.2684
      2.2982
      3.3954
      3.8883
      9.0285
      7.5964
      4.5300
      1.9390
      0.6549
      0.2718
      0.2144
      0.1953
      0.1441
      0.0803
      0.0378
      0.0368
      0.0984
      0.2698
      0.6484
      1.3997
      2.6131
      3.9283
      4.5242
      3.7936
      3.2038
      1.9612
      0.9692
      0.5671
      0.5279
      0.5424
      0.4684
      0.3168
      0.1631
      0.0657
      0.0367
      0.0760
      0.2102
      0.5157
      1.1310
      2.1390
      3.2441
      3.7477
      1.1417
      1.0010
      0.7612
      0.7230
      0.9273
      1.1361
      1.1224
      0.8734
      0.5343
      0.2533
      0.0925
      0.0344
      0.0451
      0.1211
      0.3013
      0.6675
      1.2712
      1.9370
      2.2415
      0.2893
      0.3325
      0.5471
      1.0361
      1.6482
      1.9940
      1.8357
      1.3171
      0.7495
      0.3369
      0.1174
      0.0343
      0.0223
      0.0528
      0.1376
      0.3194
      0.6269
      0.9697
      1.1271
      0.1309
      0.2493
      0.6756
      1.4522
      2.2972
      2.6977
      2.4262
      1.7355
      1.0105
      0.4742
      0.1731
      0.0483
      0.0152
      0.0249
      0.0816
      0.2327
      0.5140
      0.8385
      0.9890
      0.1220
      0.2611
      0.7384
      1.5639
      2.4381
      2.8961
      2.7549
      2.1838
      1.4383
      0.7536
      0.2986
      0.0867
      0.0218
      0.0274
      0.1141
      0.3772
      0.8905
      1.4921
      1.7723
      0.1150
      0.2403
      0.6584
      1.3662
      2.1489
      2.7122
      2.9026
      2.6487
      1.9612
      1.1092
      0.4595
      0.1366
      0.0338
      0.0414
      0.1801
      0.6081
      1.4485
      2.4356
      2.8957
      0.1079
      0.2214
      0.5949
      1.2243
      1.9518
      2.5770
      2.9509
      2.8677
      2.2141
      1.2814
      0.5371
      0.1607
      0.0398
      0.0488
      0.2130
      0.7205
      1.7177
      2.8890
      3.4350
