      0.0019
      0.0045
      0.0110
      0.0150
      0.0110
      0.0045
      0.0014
      0.0009
      0.0013
      0.0036
      0.0083
      0.0111
      0.0081
      0.0032
      0.0007
      0.0001
      0.0000
      0.0000
      0.0000
      0.0026
      0.0057
      0.0127
      0.0157
      0.0106
      0.0040
      0.0012
      0.0007
      0.0010
      0.0029
      0.0073
      0.0106
      0.0084
      0.0036
      0.0008
      0.0001
      0.0000
      0.0000
      0.0000
      0.0035
      0.0066
      0.0126
      0.0135
      0.0079
      0.0026
      0.0006
      0.0003
      0.0004
      0.0016
      0.0046
      0.0078
      0.0073
      0.0038
      0.0011
      0.0002
      0.0000
      0.0000
      0.0000
      0.0028
      0.0046
      0.0075
      0.0070
      0.0035
      0.0010
      0.0002
      0.0001
      0.0001
      0.0006
      0.0022
      0.0050
      0.0066
      0.0050
      0.0022
      0.0006
      0.0001
      0.0000
      0.0000
      0.0054
      0.0048
      0.0036
      0.0022
      0.0009
      0.0002
      0.0000
      0.0000
      0.0001
      0.0004
      0.0025
      0.0088
      0.0169
      0.0177
      0.0101
      0.0031
      0.0005
      0.0001
      0.0000
      0.0711
      0.0524
      0.0211
      0.0047
      0.0006
      0.0001
      0.0000
      0.0001
      0.0001
      0.0007
      0.0051
      0.0204
      0.0443
      0.0520
      0.0329
      0.0113
      0.0022
      0.0005
      0.0004
      0.6219
      0.4571
      0.1813
      0.0387
      0.0044
      0.0003
      0.0001
      0.0002
      0.0002
      0.0008
      0.0063
      0.0278
      0.0662
      0.0852
      0.0595
      0.0233
      0.0082
      0.0091
      0.0116
      2.9170
      2.1438
      0.8501
      0.1812
      0.0207
      0.0013
      0.0002
      0.0003
      0.0002
      0.0005
      0.0042
      0.0206
      0.0542
      0.0779
      0.0637
      0.0416
      0.0655
      0.1423
      0.1905
      7.3562
      5.4065
      2.1438
      0.4570
      0.0521
      0.0032
      0.0004
      0.0003
      0.0003
      0.0003
      0.0016
      0.0090
      0.0292
      0.0578
      0.0846
      0.1677
      0.5248
      1.2379
      1.6681
     10.0090
      7.3562
      2.9170
      0.6219
      0.0710
      0.0051
      0.0024
      0.0033
      0.0026
      0.0012
      0.0008
      0.0054
      0.0313
      0.1111
      0.2705
      0.7332
      2.4408
      5.7928
      7.8140
      7.3562
      5.4065
      2.1439
      0.4573
      0.0544
      0.0142
      0.0285
      0.0399
      0.0303
      0.0124
      0.0033
      0.0086
      0.0624
      0.2601
      0.6948
      1.8971
      6.1853
     14.6059
     19.6944
      2.9170
      2.1439
      0.8504
      0.1841
      0.0404
      0.0851
      0.2014
      0.2655
      0.1903
      0.0737
      0.0160
      0.0115
      0.0798
      0.3572
      1.0025
      2.7013
      8.5143
     19.9040
     26.7999
      0.6219
      0.4573
      0.1840
      0.0581
      0.1049
      0.3578
      0.7756
      0.9528
      0.6427
      0.2351
      0.0467
      0.0112
      0.0559
      0.2667
      0.7875
      2.1005
      6.3674
     14.6765
     19.7143
      0.0711
      0.0540
      0.0380
      0.0970
      0.3380
      0.9075
      1.6711
      1.8654
      1.1748
      0.4049
      0.0754
      0.0097
      0.0214
      0.1076
      0.3351
      0.8895
      2.5864
      5.8559
      7.8394
      0.0054
      0.0112
      0.0655
      0.2882
      0.7886
      1.5059
      2.1354
      2.0537
      1.1852
      0.3833
      0.0675
      0.0068
      0.0046
      0.0234
      0.0778
      0.2123
      0.6071
      1.3567
      1.8108
      0.0028
      0.0183
      0.1332
      0.5339
      1.2220
      1.7645
      1.8527
      1.4689
      0.7804
      0.2462
      0.0435
      0.0042
      0.0007
      0.0032
      0.0179
      0.0995
      0.4158
      1.0242
      1.3884
      0.0035
      0.0223
      0.1517
      0.5615
      1.1714
      1.5333
      1.5531
      1.3434
      0.8330
      0.3107
      0.0648
      0.0073
      0.0005
      0.0026
      0.0404
      0.3504
      1.6403
      4.1348
      5.6255
      0.0026
      0.0157
      0.0990
      0.3463
      0.7319
      1.1961
      1.8548
      2.2276
      1.6237
      0.6572
      0.1441
      0.0169
      0.0012
      0.0061
      0.1002
      0.8796
      4.1261
     10.4054
     14.1578
      0.0019
      0.0105
      0.0626
      0.2139
      0.4978
      1.0919
      2.1839
      2.8880
      2.1647
      0.8842
      0.1946
      0.0229
      0.0017
      0.0083
      0.1363
      1.1968
      5.6138
     14.1574
     19.2629
