      0.2536
      0.2717
      0.3060
      0.3158
      0.2778
      0.2055
      0.1346
      0.0937
      0.0911
      0.1173
      0.1514
      0.1690
      0.1559
      0.1173
      0.0717
      0.0359
      0.0152
      0.0063
      0.0040
      0.2528
      0.2683
      0.2963
      0.3001
      0.2598
      0.1898
      0.1234
      0.0868
      0.0879
      0.1189
      0.1606
      0.1880
      0.1828
      0.1456
      0.0948
      0.0505
      0.0224
      0.0092
      0.0056
      0.2601
      0.2673
      0.2760
      0.2616
      0.2146
      0.1507
      0.0968
      0.0722
      0.0844
      0.1313
      0.1995
      0.2606
      0.2823
      0.2503
      0.1807
      0.1059
      0.0507
      0.0212
      0.0126
      0.3343
      0.3234
      0.2901
      0.2357
      0.1701
      0.1099
      0.0707
      0.0621
      0.0921
      0.1684
      0.2869
      0.4138
      0.4899
      0.4710
      0.3660
      0.2294
      0.1165
      0.0512
      0.0310
      0.6476
      0.5938
      0.4593
      0.3030
      0.1748
      0.0951
      0.0609
      0.0655
      0.1146
      0.2282
      0.4159
      0.6381
      0.8001
      0.8115
      0.6632
      0.4368
      0.2339
      0.1095
      0.0697
      1.4993
      1.3490
      0.9837
      0.5846
      0.2898
      0.1320
      0.0759
      0.0812
      0.1411
      0.2835
      0.5338
      0.8535
      1.1167
      1.1813
      1.0082
      0.6963
      0.3955
      0.2017
      0.1380
      3.1474
      2.8204
      2.0300
      1.1765
      0.5574
      0.2330
      0.1139
      0.1001
      0.1535
      0.2982
      0.5713
      0.9453
      1.2854
      1.4171
      1.2665
      0.9259
      0.5703
      0.3297
      0.2482
      5.4390
      4.8703
      3.4971
      2.0165
      0.9441
      0.3797
      0.1630
      0.1131
      0.1434
      0.2598
      0.5011
      0.8569
      1.2145
      1.4045
      1.3313
      1.0545
      0.7329
      0.5024
      0.4220
      7.5705
      6.7783
      4.8654
      2.8032
      1.3085
      0.5186
      0.2082
      0.1210
      0.1224
      0.1934
      0.3649
      0.6435
      0.9586
      1.1819
      1.2189
      1.0862
      0.8892
      0.7349
      0.6791
      8.4541
      7.5699
      5.4356
      3.1362
      1.4718
      0.5937
      0.2475
      0.1424
      0.1197
      0.1437
      0.2370
      0.4195
      0.6642
      0.8962
      1.0407
      1.0782
      1.0494
      1.0101
      0.9940
      7.5705
      6.7814
      4.8787
      2.8353
      1.3669
      0.6038
      0.3093
      0.2137
      0.1703
      0.1469
      0.1685
      0.2654
      0.4416
      0.6645
      0.8818
      1.0544
      1.1718
      1.2399
      1.2625
      5.4390
      4.8799
      3.5379
      2.1136
      1.1169
      0.6267
      0.4504
      0.3769
      0.3008
      0.2170
      0.1668
      0.1909
      0.3067
      0.5020
      0.7402
      0.9765
      1.1738
      1.3056
      1.3522
      3.1474
      2.8430
      2.1252
      1.3987
      0.9442
      0.7729
      0.7294
      0.6639
      0.5254
      0.3531
      0.2173
      0.1688
      0.2241
      0.3722
      0.5830
      0.8156
      1.0270
      1.1767
      1.2312
      1.4993
      1.3921
      1.1641
      1.0009
      1.0041
      1.1153
      1.1865
      1.1050
      0.8684
      0.5694
      0.3193
      0.1833
      0.1704
      0.2600
      0.4231
      0.6276
      0.8340
      0.9919
      1.0518
      0.6476
      0.6617
      0.7435
      0.9593
      1.3047
      1.6616
      1.8545
      1.7620
      1.4034
      0.9275
      0.5094
      0.2487
      0.1528
      0.1872
      0.3219
      0.5354
      0.7886
      1.0039
      1.0898
      0.3343
      0.4131
      0.6697
      1.1289
      1.7473
      2.3674
      2.7522
      2.7072
      2.2241
      1.5085
      0.8390
      0.3905
      0.1864
      0.1780
      0.3319
      0.6370
      1.0432
      1.4108
      1.5613
      0.2601
      0.3699
      0.7197
      1.3406
      2.2007
      3.1266
      3.7946
      3.8766
      3.2864
      2.2844
      1.2918
      0.5995
      0.2649
      0.2261
      0.4439
      0.9158
      1.5687
      2.1709
      2.4196
      0.2528
      0.3752
      0.7695
      1.4909
      2.5400
      3.7426
      4.6932
      4.9241
      4.2599
      3.0054
      1.7170
      0.8001
      0.3486
      0.2903
      0.5798
      1.2200
      2.1139
      2.9424
      3.2852
      0.2536
      0.3791
      0.7864
      1.5431
      2.6664
      3.9840
      5.0561
      5.3542
      4.6632
      3.3055
      1.8945
      0.8844
      0.3849
      0.3194
      0.6403
      1.3520
      2.3474
      3.2707
      3.6528
