      0.5264
      0.5362
      0.5515
      0.5428
      0.4928
      0.4140
      0.3430
      0.3176
      0.3529
      0.4303
      0.5063
      0.5350
      0.4942
      0.3958
      0.2753
      0.1687
      0.0954
      0.0564
      0.0448
      0.5360
      0.5423
      0.5490
      0.5311
      0.4749
      0.3943
      0.3243
      0.3000
      0.3350
      0.4117
      0.4889
      0.5222
      0.4884
      0.3968
      0.2805
      0.1747
      0.1000
      0.0592
      0.0467
      0.5858
      0.5810
      0.5602
      0.5119
      0.4348
      0.3468
      0.2782
      0.2563
      0.2904
      0.3652
      0.4455
      0.4909
      0.4761
      0.4031
      0.2980
      0.1942
      0.1151
      0.0690
      0.0543
      0.7461
      0.7196
      0.6444
      0.5345
      0.4117
      0.3021
      0.2292
      0.2079
      0.2399
      0.3118
      0.3960
      0.4577
      0.4688
      0.4215
      0.3323
      0.2311
      0.1457
      0.0915
      0.0733
      1.1375
      1.0721
      0.8993
      0.6753
      0.4612
      0.2991
      0.2047
      0.1759
      0.2023
      0.2697
      0.3572
      0.4359
      0.4755
      0.4581
      0.3886
      0.2922
      0.2004
      0.1371
      0.1149
      1.8823
      1.7542
      1.4217
      1.0070
      0.6328
      0.3684
      0.2228
      0.1712
      0.1850
      0.2445
      0.3332
      0.4277
      0.4969
      0.5137
      0.4709
      0.3865
      0.2931
      0.2230
      0.1974
      2.9962
      2.7812
      2.2259
      1.5417
      0.9350
      0.5152
      0.2852
      0.1930
      0.1856
      0.2324
      0.3188
      0.4271
      0.5274
      0.5859
      0.5827
      0.5246
      0.4417
      0.3721
      0.3453
      4.2815
      3.9696
      3.1661
      2.1794
      1.3093
      0.7099
      0.3796
      0.2372
      0.2023
      0.2317
      0.3112
      0.4300
      0.5632
      0.6729
      0.7264
      0.7153
      0.6613
      0.6041
      0.5802
      5.3383
      4.9491
      3.9475
      2.7203
      1.6416
      0.9011
      0.4918
      0.3074
      0.2452
      0.2522
      0.3174
      0.4403
      0.6046
      0.7716
      0.8962
      0.9517
      0.9457
      0.9145
      0.8983
      5.7501
      5.3344
      4.2662
      2.9624
      1.8235
      1.0484
      0.6216
      0.4218
      0.3364
      0.3128
      0.3503
      0.4635
      0.6479
      0.8670
      1.0648
      1.1955
      1.2491
      1.2536
      1.2490
      5.3383
      4.9614
      3.9965
      2.8288
      1.8236
      1.1534
      0.7886
      0.6053
      0.4976
      0.4283
      0.4167
      0.4968
      0.6777
      0.9268
      1.1803
      1.3761
      1.4869
      1.5288
      1.5370
      4.2815
      3.9973
      3.2761
      2.4206
      1.7097
      1.2582
      1.0166
      0.8680
      0.7296
      0.5937
      0.5075
      0.5262
      0.6716
      0.9150
      1.1894
      1.4228
      1.5743
      1.6468
      1.6662
      2.9962
      2.8281
      2.4117
      1.9448
      1.5954
      1.4058
      1.3028
      1.1835
      0.9987
      0.7780
      0.5991
      0.5355
      0.6170
      0.8186
      1.0751
      1.3129
      1.4834
      1.5760
      1.6039
      1.8823
      1.8218
      1.6876
      1.5784
      1.5570
      1.5961
      1.6021
      1.4899
      1.2464
      0.9377
      0.6667
      0.5180
      0.5242
      0.6632
      0.8766
      1.0969
      1.2725
      1.3793
      1.4144
      1.1375
      1.1567
      1.2303
      1.3812
      1.5913
      1.7816
      1.8466
      1.7202
      1.4206
      1.0410
      0.6992
      0.4823
      0.4222
      0.5007
      0.6698
      0.8724
      1.0560
      1.1815
      1.2258
      0.7461
      0.8130
      1.0093
      1.3092
      1.6441
      1.9061
      1.9883
      1.8420
      1.5055
      1.0858
      0.7042
      0.4457
      0.3411
      0.3780
      0.5213
      0.7243
      0.9326
      1.0888
      1.1469
      0.5858
      0.6749
      0.9268
      1.2895
      1.6702
      1.9508
      2.0305
      1.8725
      1.5241
      1.0935
      0.6986
      0.4215
      0.2943
      0.3123
      0.4524
      0.6762
      0.9249
      1.1215
      1.1966
      0.5360
      0.6325
      0.9016
      1.2802
      1.6673
      1.9450
      2.0195
      1.8602
      1.5153
      1.0889
      0.6943
      0.4117
      0.2761
      0.2899
      0.4386
      0.6888
      0.9765
      1.2091
      1.2988
      0.5264
      0.6243
      0.8960
      1.2759
      1.6613
      1.9358
      2.0083
      1.8502
      1.5089
      1.0862
      0.6931
      0.4097
      0.2724
      0.2863
      0.4402
      0.7022
      1.0061
      1.2533
      1.3489
