      0.0000
      0.0000
      0.0000
      0.0000
      0.0000
      0.0000
      0.0000
      0.0000
      0.0000
      0.0000
      0.0000
      0.0000
      0.0000
      0.0000
      0.0000
      0.0000
      0.0000
      0.0000
      0.0000
      0.0000
      0.0000
      0.0000
      0.0000
      0.0000
      0.0000
      0.0000
      0.0000
      0.0000
      0.0000
      0.0000
      0.0000
      0.0000
      0.0000
      0.0000
      0.0000
      0.0000
      0.0000
      0.0000
      0.0000
      0.0000
      0.0000
      0.0000
      0.0000
      0.0000
      0.0000
      0.0000
      0.0000
      0.0000
      0.0000
      0.0000
      0.0000
      0.0000
      0.0000
      0.0000
      0.0000
      0.0000
      0.0000
      0.0000
      0.0000
      0.0000
      0.0000
      0.0000
      0.0000
      0.0000
      0.0000
      0.0000
      0.0000
      0.0000
      0.0000
      0.0000
      0.0000
      0.0000
      0.0000
      0.0000
      0.0000
      0.0000
      0.0000
      0.0000
      0.0000
      0.0000
      0.0000
      0.0000
      0.0000
      0.0000
      0.0000
      0.0000
      0.0000
      0.0000
      0.0002
      0.0002
      0.0001
      0.0000
      0.0000
      0.0000
      0.0000
      0.0023
      0.0011
      0.0001
      0.0000
      0.0000
      0.0000
      0.0000
      0.0000
      0.0000
      0.0000
      0.0000
      0.0003
      0.0016
      0.0023
      0.0008
      0.0001
      0.0000
      0.0000
      0.0000
      0.3000
      0.1500
      0.0187
      0.0006
      0.0000
      0.0000
      0.0000
      0.0000
      0.0000
      0.0000
      0.0000
      0.0006
      0.0040
      0.0070
      0.0031
      0.0003
      0.0000
      0.0000
      0.0000
      9.7275
      4.8637
      0.6064
      0.0187
      0.0001
      0.0000
      0.0000
      0.0000
      0.0000
      0.0000
      0.0000
      0.0003
      0.0025
      0.0054
      0.0029
      0.0004
      0.0001
      0.0004
      0.0008
     78.0260
     39.0130
      4.8637
      0.1500
      0.0011
      0.0000
      0.0000
      0.0000
      0.0000
      0.0000
      0.0000
      0.0000
      0.0004
      0.0010
      0.0008
      0.0004
      0.0065
      0.0517
      0.1033
    156.0519
     78.0260
      9.7275
      0.3000
      0.0023
      0.0000
      0.0000
      0.0000
      0.0000
      0.0000
      0.0000
      0.0000
      0.0000
      0.0006
      0.0030
      0.0102
      0.2102
      1.6755
      3.3506
     78.0260
     39.0130
      4.8637
      0.1500
      0.0011
      0.0000
      0.0000
      0.0001
      0.0000
      0.0000
      0.0000
      0.0000
      0.0002
      0.0050
      0.0292
      0.0936
      1.6909
     13.4394
     26.8753
      9.7275
      4.8637
      0.6064
      0.0187
      0.0002
      0.0004
      0.0030
      0.0057
      0.0027
      0.0003
      0.0000
      0.0000
      0.0004
      0.0103
      0.0709
      0.2218
      3.4009
     26.8807
     53.7505
      0.3000
      0.1500
      0.0187
      0.0006
      0.0004
      0.0089
      0.0592
      0.0994
      0.0417
      0.0044
      0.0001
      0.0000
      0.0002
      0.0054
      0.0430
      0.1356
      1.7166
     13.4426
     26.8753
      0.0023
      0.0011
      0.0002
      0.0005
      0.0057
      0.0554
      0.2932
      0.4307
      0.1595
      0.0147
      0.0003
      0.0000
      0.0000
      0.0007
      0.0065
      0.0213
      0.2174
      1.6765
      3.3506
      0.0000
      0.0000
      0.0004
      0.0095
      0.0619
      0.1582
      0.3905
      0.4693
      0.1527
      0.0124
      0.0003
      0.0000
      0.0000
      0.0000
      0.0002
      0.0009
      0.0069
      0.0522
      0.1043
      0.0000
      0.0000
      0.0021
      0.0441
      0.2352
      0.3354
      0.2283
      0.1707
      0.0561
      0.0052
      0.0001
      0.0000
      0.0000
      0.0000
      0.0000
      0.0003
      0.0079
      0.0635
      0.1270
      0.0000
      0.0000
      0.0028
      0.0510
      0.2348
      0.3307
      0.6310
      1.1914
      0.6359
      0.0852
      0.0028
      0.0000
      0.0000
      0.0000
      0.0001
      0.0079
      0.2552
      2.0470
      4.0939
      0.0000
      0.0000
      0.0009
      0.0149
      0.0725
      0.5651
      4.4030
      9.4468
      5.0822
      0.6820
      0.0227
      0.0002
      0.0000
      0.0000
      0.0005
      0.0631
      2.0470
     16.4191
     32.8383
      0.0000
      0.0000
      0.0002
      0.0023
      0.0363
      1.0227
      8.7792
     18.8916
     10.1644
      1.3640
      0.0453
      0.0004
      0.0000
      0.0000
      0.0010
      0.1262
      4.0939
     32.8383
     65.6766
