      0.0011
      0.0027
      0.0066
      0.0089
      0.0066
      0.0027
      0.0009
      0.0006
      0.0011
      0.0037
      0.0089
      0.0119
      0.0086
      0.0034
      0.0007
      0.0001
      0.0000
      0.0000
      0.0000
      0.0016
      0.0034
      0.0076
      0.0094
      0.0063
      0.0024
      0.0007
      0.0005
      0.0009
      0.0030
      0.0078
      0.0113
      0.0090
      0.0039
      0.0009
      0.0001
      0.0000
      0.0000
      0.0000
      0.0021
      0.0040
      0.0075
      0.0081
      0.0047
      0.0015
      0.0004
      0.0002
      0.0004
      0.0017
      0.0052
      0.0093
      0.0095
      0.0055
      0.0019
      0.0004
      0.0000
      0.0000
      0.0000
      0.0018
      0.0028
      0.0045
      0.0042
      0.0021
      0.0006
      0.0001
      0.0000
      0.0001
      0.0010
      0.0051
      0.0145
      0.0235
      0.0215
      0.0109
      0.0030
      0.0005
      0.0000
      0.0000
      0.0071
      0.0057
      0.0033
      0.0016
      0.0006
      0.0001
      0.0000
      0.0000
      0.0002
      0.0021
      0.0144
      0.0524
      0.1033
      0.1103
      0.0637
      0.0198
      0.0033
      0.0003
      0.0000
      0.1069
      0.0787
      0.0314
      0.0068
      0.0008
      0.0001
      0.0000
      0.0001
      0.0004
      0.0043
      0.0324
      0.1307
      0.2843
      0.3337
      0.2116
      0.0724
      0.0134
      0.0015
      0.0004
      0.9373
      0.6889
      0.2732
      0.0582
      0.0066
      0.0004
      0.0001
      0.0002
      0.0004
      0.0049
      0.0403
      0.1786
      0.4257
      0.5475
      0.3805
      0.1433
      0.0311
      0.0086
      0.0077
      4.3965
      3.2312
      1.2813
      0.2731
      0.0311
      0.0019
      0.0002
      0.0002
      0.0003
      0.0031
      0.0272
      0.1320
      0.3451
      0.4875
      0.3746
      0.1645
      0.0726
      0.0946
      0.1222
     11.0875
      8.1488
      3.2312
      0.6888
      0.0785
      0.0048
      0.0004
      0.0003
      0.0003
      0.0011
      0.0100
      0.0535
      0.1565
      0.2545
      0.2443
      0.2018
      0.3629
      0.7956
      1.0665
     15.0859
     11.0875
      4.3965
      0.9373
      0.1070
      0.0073
      0.0025
      0.0035
      0.0028
      0.0014
      0.0025
      0.0151
      0.0627
      0.1659
      0.3056
      0.5840
      1.6189
      3.7179
      4.9970
     11.0875
      8.1488
      3.2313
      0.6891
      0.0809
      0.0164
      0.0303
      0.0424
      0.0322
      0.0133
      0.0037
      0.0102
      0.0699
      0.2793
      0.6820
      1.4871
      4.1237
      9.3894
     12.6020
      4.3965
      3.2313
      1.2815
      0.2758
      0.0511
      0.0896
      0.2131
      0.2821
      0.2024
      0.0785
      0.0170
      0.0123
      0.0850
      0.3753
      0.9839
      2.1582
      5.7330
     12.8247
     17.1627
      0.9373
      0.6890
      0.2751
      0.0741
      0.1012
      0.3638
      0.8128
      1.0091
      0.6831
      0.2502
      0.0497
      0.0120
      0.0594
      0.2802
      0.7780
      1.7132
      4.3385
      9.4849
     12.6394
      0.1069
      0.0797
      0.0422
      0.0721
      0.2808
      0.8647
      1.7111
      1.9648
      1.2498
      0.4323
      0.0807
      0.0104
      0.0227
      0.1131
      0.3330
      0.7403
      1.7871
      3.8001
      5.0351
      0.0071
      0.0096
      0.0412
      0.1861
      0.5727
      1.3018
      2.1333
      2.2174
      1.3289
      0.4401
      0.0791
      0.0081
      0.0049
      0.0246
      0.0775
      0.1797
      0.4292
      0.8971
      1.1833
      0.0018
      0.0110
      0.0806
      0.3340
      0.8499
      1.5653
      2.2958
      2.3947
      1.5289
      0.5546
      0.1111
      0.0122
      0.0012
      0.0033
      0.0160
      0.0794
      0.3182
      0.7765
      1.0510
      0.0021
      0.0134
      0.0925
      0.3682
      0.9928
      2.3104
      4.5065
      5.7761
      4.2426
      1.7106
      0.3732
      0.0437
      0.0028
      0.0021
      0.0314
      0.2717
      1.2708
      3.2028
      4.3574
      0.0016
      0.0095
      0.0635
      0.2827
      1.1263
      4.0511
      9.7918
     13.5265
     10.2243
      4.1825
      0.9208
      0.1084
      0.0069
      0.0049
      0.0777
      0.6816
      3.1970
      8.0624
     10.9699
      0.0011
      0.0064
      0.0434
      0.2305
      1.2305
      5.1761
     13.0908
     18.2907
     13.8701
      5.6808
      1.2515
      0.1474
      0.0094
      0.0067
      0.1057
      0.9273
      4.3498
     10.9697
     14.9256
