      0.0000
      0.0000
      0.0000
      0.0000
      0.0000
      0.0000
      0.0000
      0.0000
      0.0000
      0.0000
      0.0000
      0.0000
      0.0000
      0.0000
      0.0000
      0.0000
      0.0000
      0.0000
      0.0000
      0.0000
      0.0000
      0.0000
      0.0000
      0.0000
      0.0000
      0.0000
      0.0000
      0.0000
      0.0000
      0.0000
      0.0000
      0.0000
      0.0000
      0.0000
      0.0000
      0.0000
      0.0000
      0.0000
      0.0000
      0.0000
      0.0000
      0.0000
      0.0000
      0.0000
      0.0000
      0.0000
      0.0000
      0.0000
      0.0000
      0.0000
      0.0000
      0.0000
      0.0000
      0.0000
      0.0000
      0.0000
      0.0000
      0.0000
      0.0000
      0.0000
      0.0000
      0.0000
      0.0000
      0.0000
      0.0000
      0.0000
      0.0000
      0.0000
      0.0000
      0.0000
      0.0000
      0.0000
      0.0000
      0.0000
      0.0000
      0.0000
      0.0000
      0.0000
      0.0000
      0.0000
      0.0000
      0.0000
      0.0000
      0.0000
      0.0000
      0.0000
      0.0000
      0.0001
      0.0006
      0.0007
      0.0002
      0.0000
      0.0000
      0.0000
      0.0000
      0.0018
      0.0009
      0.0001
      0.0000
      0.0000
      0.0000
      0.0000
      0.0000
      0.0000
      0.0000
      0.0000
      0.0011
      0.0061
      0.0087
      0.0031
      0.0003
      0.0000
      0.0000
      0.0000
      0.2377
      0.1189
      0.0148
      0.0005
      0.0000
      0.0000
      0.0000
      0.0000
      0.0000
      0.0000
      0.0001
      0.0021
      0.0151
      0.0266
      0.0117
      0.0013
      0.0000
      0.0000
      0.0000
      7.7086
      3.8543
      0.4805
      0.0148
      0.0001
      0.0000
      0.0000
      0.0000
      0.0000
      0.0000
      0.0000
      0.0011
      0.0094
      0.0202
      0.0109
      0.0015
      0.0001
      0.0004
      0.0008
     61.8318
     30.9159
      3.8543
      0.1189
      0.0009
      0.0000
      0.0000
      0.0000
      0.0000
      0.0000
      0.0000
      0.0001
      0.0015
      0.0039
      0.0027
      0.0008
      0.0066
      0.0526
      0.1051
    123.6635
     61.8318
      7.7086
      0.2377
      0.0018
      0.0000
      0.0000
      0.0000
      0.0000
      0.0000
      0.0000
      0.0000
      0.0001
      0.0013
      0.0057
      0.0134
      0.2146
      1.7043
      3.4083
     61.8318
     30.9159
      3.8543
      0.1189
      0.0009
      0.0000
      0.0001
      0.0001
      0.0001
      0.0000
      0.0000
      0.0000
      0.0004
      0.0092
      0.0538
      0.1301
      1.7323
     13.6717
     27.3383
      7.7086
      3.8543
      0.4805
      0.0148
      0.0001
      0.0007
      0.0056
      0.0106
      0.0050
      0.0006
      0.0000
      0.0000
      0.0007
      0.0192
      0.1307
      0.3247
      3.5011
     27.3480
     54.6768
      0.2377
      0.1189
      0.0148
      0.0005
      0.0006
      0.0163
      0.1097
      0.1842
      0.0773
      0.0081
      0.0002
      0.0000
      0.0003
      0.0100
      0.0794
      0.2081
      1.7807
     13.6785
     27.3387
      0.0018
      0.0009
      0.0001
      0.0002
      0.0046
      0.0920
      0.5388
      0.7980
      0.2957
      0.0273
      0.0006
      0.0000
      0.0000
      0.0013
      0.0120
      0.0340
      0.2282
      1.7064
      3.4084
      0.0000
      0.0000
      0.0001
      0.0021
      0.0186
      0.1452
      0.6671
      0.8652
      0.2833
      0.0231
      0.0005
      0.0000
      0.0000
      0.0000
      0.0005
      0.0014
      0.0074
      0.0530
      0.1057
      0.0000
      0.0000
      0.0004
      0.0095
      0.0529
      0.1177
      0.2875
      0.3724
      0.1413
      0.0148
      0.0004
      0.0000
      0.0000
      0.0000
      0.0000
      0.0002
      0.0049
      0.0393
      0.0786
      0.0000
      0.0000
      0.0006
      0.0110
      0.0572
      0.3001
      2.0968
      4.4615
      2.3954
      0.3212
      0.0107
      0.0001
      0.0000
      0.0000
      0.0000
      0.0048
      0.1573
      1.2613
      2.5227
      0.0000
      0.0000
      0.0002
      0.0036
      0.0674
      1.9309
     16.5685
     35.6518
     19.1819
      2.5740
      0.0855
      0.0007
      0.0000
      0.0000
      0.0003
      0.0389
      1.2613
     10.1174
     20.2348
      0.0000
      0.0000
      0.0000
      0.0012
      0.1114
      3.8385
     33.1308
     71.3027
     38.3637
      5.1481
      0.1710
      0.0014
      0.0000
      0.0000
      0.0006
      0.0778
      2.5227
     20.2348
     40.4695
