      0.3691
      0.3743
      0.3848
      0.3911
      0.3868
      0.3735
      0.3560
      0.3380
      0.3199
      0.3009
      0.2792
      0.2513
      0.2140
      0.1680
      0.1196
      0.0772
      0.0470
      0.0300
      0.0247
      0.3671
      0.3706
      0.3769
      0.3783
      0.3704
      0.3558
      0.3399
      0.3263
      0.3153
      0.3056
      0.2941
      0.2754
      0.2438
      0.1986
      0.1461
      0.0968
      0.0594
      0.0374
      0.0303
      0.3747
      0.3728
      0.3657
      0.3516
      0.3325
      0.3143
      0.3033
      0.3022
      0.3104
      0.3254
      0.3417
      0.3488
      0.3343
      0.2922
      0.2283
      0.1588
      0.1003
      0.0630
      0.0505
      0.4354
      0.4229
      0.3892
      0.3450
      0.3043
      0.2789
      0.2743
      0.2899
      0.3228
      0.3695
      0.4232
      0.4676
      0.4806
      0.4462
      0.3680
      0.2687
      0.1775
      0.1161
      0.0948
      0.6197
      0.5880
      0.5062
      0.4073
      0.3257
      0.2822
      0.2792
      0.3081
      0.3607
      0.4342
      0.5233
      0.6086
      0.6571
      0.6396
      0.5528
      0.4248
      0.2985
      0.2101
      0.1788
      0.9966
      0.9334
      0.7725
      0.5814
      0.4267
      0.3426
      0.3255
      0.3540
      0.4113
      0.4954
      0.6065
      0.7265
      0.8141
      0.8263
      0.7497
      0.6126
      0.4677
      0.3626
      0.3250
      1.5750
      1.4679
      1.1953
      0.8714
      0.6061
      0.4513
      0.3969
      0.4045
      0.4463
      0.5203
      0.6335
      0.7735
      0.8972
      0.9529
      0.9168
      0.8112
      0.6876
      0.5949
      0.5614
      2.2490
      2.0924
      1.6935
      1.2170
      0.8193
      0.5729
      0.4618
      0.4316
      0.4425
      0.4901
      0.5870
      0.7287
      0.8790
      0.9877
      1.0260
      1.0046
      0.9594
      0.9228
      0.9096
      2.8052
      2.6085
      2.1064
      1.5032
      0.9920
      0.6618
      0.4940
      0.4230
      0.3998
      0.4158
      0.4852
      0.6126
      0.7760
      0.9387
      1.0753
      1.1834
      1.2703
      1.3332
      1.3570
      3.0222
      2.8106
      2.2698
      1.6177
      1.0598
      0.6907
      0.4912
      0.3933
      0.3444
      0.3322
      0.3708
      0.4729
      0.6348
      0.8413
      1.0778
      1.3312
      1.5751
      1.7595
      1.8292
      2.8052
      2.6117
      2.1174
      1.5218
      1.0117
      0.6713
      0.4816
      0.3792
      0.3155
      0.2792
      0.2852
      0.3543
      0.5003
      0.7295
      1.0411
      1.4157
      1.7968
      2.0905
      2.2019
      2.2490
      2.1014
      1.7264
      1.2790
      0.9017
      0.6536
      0.5120
      0.4227
      0.3479
      0.2839
      0.2517
      0.2801
      0.3961
      0.6215
      0.9664
      1.4088
      1.8732
      2.2356
      2.3737
      1.5750
      1.4869
      1.2669
      1.0155
      0.8184
      0.6996
      0.6277
      0.5565
      0.4630
      0.3582
      0.2757
      0.2540
      0.3285
      0.5289
      0.8704
      1.3308
      1.8257
      2.2162
      2.3655
      0.9966
      0.9662
      0.8987
      0.8438
      0.8327
      0.8519
      0.8545
      0.7972
      0.6711
      0.5070
      0.3573
      0.2747
      0.3020
      0.4727
      0.8041
      1.2730
      1.7886
      2.1999
      2.3579
      0.6197
      0.6364
      0.6950
      0.8078
      0.9633
      1.1132
      1.1895
      1.1428
      0.9730
      0.7320
      0.4978
      0.3437
      0.3252
      0.4824
      0.8358
      1.3594
      1.9472
      2.4210
      2.6039
      0.4354
      0.4859
      0.6374
      0.8803
      1.1749
      1.4444
      1.5959
      1.5639
      1.3487
      1.0213
      0.6900
      0.4574
      0.4000
      0.5721
      1.0022
      1.6586
      2.4057
      3.0122
      3.2470
      0.3747
      0.4471
      0.6610
      0.9970
      1.4008
      1.7748
      2.0007
      1.9906
      1.7381
      1.3289
      0.9019
      0.5932
      0.5065
      0.7164
      1.2630
      2.1079
      3.0753
      3.8632
      4.1687
      0.3671
      0.4517
      0.7015
      1.0948
      1.5711
      2.0204
      2.3050
      2.3171
      2.0412
      1.5722
      1.0728
      0.7068
      0.6019
      0.8508
      1.5050
      2.5198
      3.6842
      4.6337
      5.0020
      0.3691
      0.4577
      0.7192
      1.1319
      1.6341
      2.1115
      2.4188
      2.4404
      2.1566
      1.6657
      1.1390
      0.7514
      0.6402
      0.9056
      1.6036
      2.6870
      3.9309
      4.9453
      5.3389
