      0.0017
      0.0042
      0.0102
      0.0139
      0.0102
      0.0041
      0.0010
      0.0003
      0.0009
      0.0037
      0.0092
      0.0123
      0.0089
      0.0035
      0.0007
      0.0001
      0.0000
      0.0000
      0.0000
      0.0025
      0.0053
      0.0118
      0.0146
      0.0099
      0.0036
      0.0008
      0.0002
      0.0007
      0.0031
      0.0081
      0.0117
      0.0093
      0.0040
      0.0010
      0.0001
      0.0000
      0.0000
      0.0000
      0.0032
      0.0062
      0.0117
      0.0126
      0.0073
      0.0023
      0.0004
      0.0001
      0.0003
      0.0017
      0.0053
      0.0093
      0.0091
      0.0051
      0.0017
      0.0003
      0.0000
      0.0000
      0.0000
      0.0029
      0.0045
      0.0070
      0.0065
      0.0033
      0.0009
      0.0001
      0.0000
      0.0001
      0.0009
      0.0042
      0.0114
      0.0178
      0.0159
      0.0079
      0.0022
      0.0003
      0.0000
      0.0000
      0.0139
      0.0110
      0.0060
      0.0026
      0.0009
      0.0002
      0.0000
      0.0000
      0.0001
      0.0015
      0.0103
      0.0373
      0.0734
      0.0782
      0.0451
      0.0140
      0.0023
      0.0002
      0.0000
      0.2136
      0.1571
      0.0626
      0.0135
      0.0016
      0.0001
      0.0000
      0.0001
      0.0003
      0.0031
      0.0229
      0.0925
      0.2010
      0.2360
      0.1496
      0.0512
      0.0094
      0.0010
      0.0002
      1.8727
      1.3763
      0.5458
      0.1164
      0.0133
      0.0008
      0.0001
      0.0002
      0.0004
      0.0035
      0.0285
      0.1263
      0.3009
      0.3871
      0.2691
      0.1013
      0.0213
      0.0040
      0.0026
      8.7842
      6.4560
      2.5600
      0.5457
      0.0622
      0.0038
      0.0003
      0.0003
      0.0003
      0.0022
      0.0192
      0.0934
      0.2442
      0.3455
      0.2664
      0.1159
      0.0395
      0.0325
      0.0385
     22.1526
     16.2812
      6.4560
      1.3763
      0.1568
      0.0096
      0.0006
      0.0004
      0.0003
      0.0008
      0.0071
      0.0381
      0.1127
      0.1872
      0.1854
      0.1359
      0.1483
      0.2575
      0.3322
     30.1413
     22.1526
      8.7842
      1.8726
      0.2135
      0.0138
      0.0029
      0.0036
      0.0029
      0.0014
      0.0020
      0.0120
      0.0533
      0.1513
      0.2761
      0.3794
      0.6291
      1.1902
      1.5482
     22.1526
     16.2812
      6.4560
      1.3766
      0.1594
      0.0216
      0.0317
      0.0440
      0.0334
      0.0137
      0.0038
      0.0102
      0.0710
      0.2837
      0.6433
      0.9820
      1.6192
      3.0040
      3.8962
      8.7842
      6.4560
      2.5603
      0.5487
      0.0836
      0.0958
      0.2220
      0.2930
      0.2100
      0.0814
      0.0177
      0.0127
      0.0879
      0.3841
      0.9341
      1.4699
      2.3179
      4.1274
      5.3095
      1.8727
      1.3765
      0.5484
      0.1360
      0.1196
      0.3892
      0.8516
      1.0500
      0.7091
      0.2595
      0.0515
      0.0124
      0.0615
      0.2868
      0.7427
      1.2091
      1.8278
      3.0895
      3.9242
      0.2136
      0.1586
      0.0786
      0.1032
      0.3447
      0.9647
      1.8210
      2.0534
      1.2980
      0.4480
      0.0835
      0.0108
      0.0235
      0.1158
      0.3198
      0.5422
      0.7934
      1.2659
      1.5812
      0.0139
      0.0170
      0.0639
      0.2739
      0.7731
      1.5584
      2.3261
      2.3079
      1.3555
      0.4441
      0.0792
      0.0080
      0.0051
      0.0252
      0.0752
      0.1408
      0.2310
      0.3903
      0.4922
      0.0029
      0.0172
      0.1245
      0.5038
      1.1957
      1.9011
      2.3471
      2.1858
      1.3149
      0.4599
      0.0896
      0.0096
      0.0011
      0.0035
      0.0186
      0.0997
      0.4113
      1.0103
      1.3690
      0.0032
      0.0208
      0.1422
      0.5419
      1.2660
      2.2717
      3.6272
      4.2964
      3.0766
      1.2285
      0.2667
      0.0311
      0.0020
      0.0029
      0.0447
      0.3885
      1.8187
      4.5845
      6.2373
      0.0025
      0.0146
      0.0948
      0.3691
      1.1071
      3.1777
      7.1024
      9.6267
      7.2444
      2.9600
      0.6514
      0.0767
      0.0050
      0.0069
      0.1113
      0.9769
      4.5824
     11.5562
     15.7236
      0.0017
      0.0098
      0.0620
      0.2627
      1.0414
      3.8195
      9.3369
     12.9548
      9.8098
      4.0166
      0.8848
      0.1042
      0.0068
      0.0094
      0.1514
      1.3292
      6.2348
     15.7235
     21.3938
