      0.0000
      0.0000
      0.0000
      0.0000
      0.0000
      0.0000
      0.0000
      0.0000
      0.0000
      0.0000
      0.0000
      0.0000
      0.0000
      0.0000
      0.0000
      0.0000
      0.0000
      0.0000
      0.0000
      0.0000
      0.0000
      0.0000
      0.0000
      0.0000
      0.0000
      0.0000
      0.0000
      0.0000
      0.0000
      0.0000
      0.0000
      0.0000
      0.0000
      0.0000
      0.0000
      0.0000
      0.0000
      0.0000
      0.0000
      0.0000
      0.0000
      0.0000
      0.0000
      0.0000
      0.0000
      0.0000
      0.0000
      0.0000
      0.0000
      0.0000
      0.0000
      0.0000
      0.0000
      0.0000
      0.0000
      0.0000
      0.0000
      0.0000
      0.0000
      0.0000
      0.0000
      0.0000
      0.0000
      0.0000
      0.0000
      0.0000
      0.0000
      0.0000
      0.0000
      0.0000
      0.0000
      0.0000
      0.0000
      0.0000
      0.0000
      0.0000
      0.0000
      0.0000
      0.0000
      0.0000
      0.0000
      0.0000
      0.0000
      0.0000
      0.0000
      0.0000
      0.0000
      0.0000
      0.0001
      0.0001
      0.0000
      0.0000
      0.0000
      0.0000
      0.0000
      0.0015
      0.0007
      0.0001
      0.0000
      0.0000
      0.0000
      0.0000
      0.0000
      0.0000
      0.0000
      0.0000
      0.0001
      0.0005
      0.0008
      0.0003
      0.0000
      0.0000
      0.0000
      0.0000
      0.1966
      0.0983
      0.0123
      0.0004
      0.0000
      0.0000
      0.0000
      0.0000
      0.0000
      0.0000
      0.0000
      0.0002
      0.0013
      0.0023
      0.0010
      0.0001
      0.0000
      0.0000
      0.0000
      6.3759
      3.1880
      0.3974
      0.0123
      0.0001
      0.0000
      0.0000
      0.0000
      0.0000
      0.0000
      0.0000
      0.0001
      0.0008
      0.0018
      0.0010
      0.0001
      0.0000
      0.0003
      0.0006
     51.1427
     25.5713
      3.1880
      0.0983
      0.0007
      0.0000
      0.0000
      0.0000
      0.0000
      0.0000
      0.0000
      0.0000
      0.0001
      0.0004
      0.0005
      0.0005
      0.0052
      0.0410
      0.0820
    102.2854
     51.1427
      6.3759
      0.1966
      0.0015
      0.0000
      0.0000
      0.0000
      0.0000
      0.0000
      0.0000
      0.0000
      0.0001
      0.0023
      0.0112
      0.0190
      0.1701
      1.3301
      2.6596
     51.1427
     25.5713
      3.1880
      0.0983
      0.0007
      0.0000
      0.0001
      0.0003
      0.0002
      0.0000
      0.0000
      0.0000
      0.0008
      0.0187
      0.1091
      0.1988
      1.3870
     10.6715
     21.3329
      6.3759
      3.1880
      0.3974
      0.0123
      0.0001
      0.0015
      0.0113
      0.0215
      0.0102
      0.0012
      0.0000
      0.0000
      0.0014
      0.0390
      0.2651
      0.5291
      2.8485
     21.3526
     42.6664
      0.1966
      0.0983
      0.0123
      0.0004
      0.0012
      0.0332
      0.2234
      0.3750
      0.1574
      0.0165
      0.0004
      0.0000
      0.0006
      0.0204
      0.1611
      0.3576
      1.4857
     10.6855
     21.3338
      0.0015
      0.0007
      0.0001
      0.0001
      0.0079
      0.1849
      1.0958
      1.6244
      0.6020
      0.0556
      0.0013
      0.0000
      0.0001
      0.0026
      0.0244
      0.0611
      0.1979
      1.3344
      2.6599
      0.0000
      0.0000
      0.0000
      0.0007
      0.0158
      0.2615
      1.3441
      1.7581
      0.5756
      0.0469
      0.0009
      0.0000
      0.0000
      0.0001
      0.0009
      0.0026
      0.0069
      0.0424
      0.0843
      0.0000
      0.0000
      0.0001
      0.0029
      0.0196
      0.1090
      0.4229
      0.4879
      0.1439
      0.0108
      0.0002
      0.0000
      0.0000
      0.0000
      0.0000
      0.0006
      0.0186
      0.1490
      0.2980
      0.0000
      0.0000
      0.0002
      0.0032
      0.0158
      0.0456
      0.2182
      0.4243
      0.2191
      0.0288
      0.0009
      0.0000
      0.0000
      0.0000
      0.0001
      0.0185
      0.6011
      4.8213
      9.6425
      0.0000
      0.0000
      0.0001
      0.0010
      0.0085
      0.1730
      1.4623
      3.1446
      1.6917
      0.2270
      0.0075
      0.0001
      0.0000
      0.0000
      0.0011
      0.1487
      4.8213
     38.6722
     77.3444
      0.0000
      0.0000
      0.0000
      0.0002
      0.0101
      0.3388
      2.9218
      6.2881
      3.3832
      0.4540
      0.0151
      0.0001
      0.0000
      0.0000
      0.0022
      0.2974
      9.6425
     77.3444
    154.6887
