      0.2688
      0.2895
      0.3303
      0.3477
      0.3170
      0.2532
      0.1932
      0.1665
      0.1823
      0.2305
      0.2830
      0.3034
      0.2709
      0.1977
      0.1170
      0.0560
      0.0219
      0.0075
      0.0040
      0.2660
      0.2841
      0.3187
      0.3297
      0.2960
      0.2332
      0.1761
      0.1519
      0.1695
      0.2207
      0.2800
      0.3110
      0.2891
      0.2207
      0.1375
      0.0697
      0.0290
      0.0105
      0.0057
      0.2578
      0.2688
      0.2865
      0.2813
      0.2412
      0.1827
      0.1346
      0.1181
      0.1420
      0.2044
      0.2868
      0.3524
      0.3631
      0.3083
      0.2141
      0.1211
      0.0559
      0.0224
      0.0127
      0.2632
      0.2625
      0.2533
      0.2242
      0.1761
      0.1249
      0.0902
      0.0857
      0.1218
      0.2067
      0.3334
      0.4626
      0.5320
      0.4999
      0.3812
      0.2354
      0.1183
      0.0518
      0.0314
      0.3555
      0.3341
      0.2774
      0.2040
      0.1347
      0.0850
      0.0619
      0.0696
      0.1206
      0.2364
      0.4246
      0.6437
      0.7993
      0.8044
      0.6540
      0.4302
      0.2320
      0.1117
      0.0734
      0.6680
      0.6057
      0.4526
      0.2819
      0.1518
      0.0800
      0.0565
      0.0701
      0.1309
      0.2716
      0.5166
      0.8274
      1.0819
      1.1446
      0.9797
      0.6836
      0.4000
      0.2190
      0.1598
      1.3154
      1.1807
      0.8547
      0.5018
      0.2459
      0.1136
      0.0699
      0.0778
      0.1351
      0.2779
      0.5442
      0.9076
      1.2399
      1.3757
      1.2453
      0.9375
      0.6179
      0.4052
      0.3343
      2.2378
      2.0047
      1.4419
      0.8360
      0.3997
      0.1745
      0.0940
      0.0858
      0.1261
      0.2430
      0.4803
      0.8312
      1.1912
      1.4012
      1.3705
      1.1558
      0.9039
      0.7304
      0.6724
      3.1034
      2.7793
      1.9976
      1.1574
      0.5538
      0.2425
      0.1281
      0.1033
      0.1201
      0.1930
      0.3646
      0.6501
      0.9901
      1.2661
      1.3884
      1.3708
      1.3027
      1.2562
      1.2432
      3.4633
      3.1025
      2.2335
      1.3034
      0.6422
      0.3099
      0.1936
      0.1641
      0.1569
      0.1773
      0.2693
      0.4701
      0.7690
      1.1009
      1.3936
      1.6229
      1.8064
      1.9446
      1.9992
      3.1034
      2.7838
      2.0178
      1.2100
      0.6576
      0.4076
      0.3414
      0.3232
      0.2853
      0.2394
      0.2440
      0.3595
      0.6120
      0.9792
      1.4084
      1.8500
      2.2609
      2.5720
      2.6911
      2.2378
      2.0177
      1.4996
      0.9818
      0.6782
      0.6031
      0.6318
      0.6280
      0.5352
      0.3930
      0.2920
      0.3159
      0.5086
      0.8667
      1.3484
      1.8922
      2.4206
      2.8234
      2.9769
      1.3154
      1.2096
      0.9803
      0.8092
      0.8122
      0.9538
      1.0890
      1.0792
      0.8923
      0.6159
      0.3855
      0.3039
      0.4126
      0.7042
      1.1382
      1.6527
      2.1634
      2.5545
      2.7034
      0.6680
      0.6581
      0.6770
      0.8176
      1.1097
      1.4579
      1.6818
      1.6358
      1.3200
      0.8807
      0.5035
      0.3053
      0.3123
      0.4989
      0.8214
      1.2260
      1.6398
      1.9614
      2.0845
      0.3555
      0.4130
      0.6124
      0.9940
      1.5274
      2.0613
      2.3700
      2.2873
      1.8340
      1.2134
      0.6683
      0.3386
      0.2375
      0.3183
      0.5325
      0.8389
      1.1786
      1.4559
      1.5645
      0.2632
      0.3625
      0.6795
      1.2346
      1.9719
      2.7045
      3.1523
      3.0907
      2.5215
      1.6949
      0.9353
      0.4378
      0.2213
      0.2204
      0.3808
      0.6723
      1.0398
      1.3625
      1.4929
      0.2578
      0.3791
      0.7630
      1.4369
      2.3565
      3.3255
      3.9984
      4.0435
      3.3938
      2.3375
      1.3113
      0.6050
      0.2640
      0.2086
      0.3754
      0.7410
      1.2400
      1.6962
      1.8839
      0.2660
      0.3956
      0.8099
      1.5557
      2.6186
      3.8087
      4.7195
      4.9020
      4.2062
      2.9479
      1.6750
      0.7752
      0.3264
      0.2384
      0.4387
      0.9057
      1.5589
      2.1634
      2.4132
      0.2688
      0.4002
      0.8224
      1.5928
      2.7122
      3.9962
      5.0118
      5.2580
      4.5469
      3.2056
      1.8293
      0.8484
      0.3555
      0.2563
      0.4740
      0.9874
      1.7090
      2.3781
      2.6549
