      0.0362
      0.0472
      0.0697
      0.0811
      0.0686
      0.0430
      0.0227
      0.0165
      0.0255
      0.0497
      0.0795
      0.0934
      0.0785
      0.0470
      0.0199
      0.0060
      0.0013
      0.0002
      0.0001
      0.0382
      0.0485
      0.0688
      0.0772
      0.0634
      0.0385
      0.0198
      0.0141
      0.0222
      0.0447
      0.0742
      0.0914
      0.0815
      0.0524
      0.0244
      0.0082
      0.0020
      0.0004
      0.0001
      0.0417
      0.0493
      0.0627
      0.0642
      0.0487
      0.0275
      0.0131
      0.0092
      0.0158
      0.0361
      0.0690
      0.0999
      0.1070
      0.0842
      0.0483
      0.0202
      0.0061
      0.0013
      0.0004
      0.0617
      0.0617
      0.0586
      0.0478
      0.0310
      0.0156
      0.0072
      0.0059
      0.0132
      0.0378
      0.0906
      0.1625
      0.2122
      0.1994
      0.1342
      0.0644
      0.0219
      0.0054
      0.0018
      0.2284
      0.1970
      0.1277
      0.0642
      0.0262
      0.0098
      0.0052
      0.0069
      0.0178
      0.0571
      0.1563
      0.3163
      0.4581
      0.4716
      0.3444
      0.1781
      0.0652
      0.0174
      0.0064
      1.0215
      0.8609
      0.5155
      0.2199
      0.0679
      0.0177
      0.0089
      0.0121
      0.0265
      0.0821
      0.2369
      0.5114
      0.7884
      0.8617
      0.6672
      0.3663
      0.1436
      0.0427
      0.0184
      3.4378
      2.8917
      1.7201
      0.7228
      0.2157
      0.0504
      0.0183
      0.0188
      0.0318
      0.0895
      0.2662
      0.6057
      0.9860
      1.1386
      0.9339
      0.5479
      0.2374
      0.0888
      0.0518
      8.1908
      6.8889
      4.0958
      1.7189
      0.5104
      0.1139
      0.0312
      0.0228
      0.0292
      0.0709
      0.2146
      0.5144
      0.8867
      1.0894
      0.9616
      0.6273
      0.3351
      0.1929
      0.1588
     13.7766
     11.5866
      6.8887
      2.8906
      0.8571
      0.1876
      0.0443
      0.0252
      0.0243
      0.0435
      0.1264
      0.3204
      0.5963
      0.8063
      0.8126
      0.6584
      0.5110
      0.4588
      0.4565
     16.3804
     13.7766
      8.1909
      3.4381
      1.0227
      0.2314
      0.0668
      0.0466
      0.0391
      0.0356
      0.0649
      0.1665
      0.3550
      0.5775
      0.7393
      0.8139
      0.8786
      0.9794
      1.0361
     13.7766
     11.5869
      6.8907
      2.8994
      0.8844
      0.2497
      0.1469
      0.1464
      0.1223
      0.0781
      0.0568
      0.1036
      0.2583
      0.5245
      0.8333
      1.1077
      1.3620
      1.6096
      1.7259
      8.1908
      6.8903
      4.1051
      1.7550
      0.6139
      0.3348
      0.3775
      0.4147
      0.3381
      0.1992
      0.0971
      0.0941
      0.2284
      0.5184
      0.9048
      1.2819
      1.6241
      1.9301
      2.0680
      3.4378
      2.8969
      1.7504
      0.8287
      0.4903
      0.5907
      0.8133
      0.8757
      0.6867
      0.3871
      0.1643
      0.0936
      0.1795
      0.4199
      0.7645
      1.1128
      1.4190
      1.6756
      1.7878
      1.0215
      0.8744
      0.5901
      0.4566
      0.6201
      1.0075
      1.3642
      1.3985
      1.0527
      0.5727
      0.2272
      0.0883
      0.1093
      0.2510
      0.4750
      0.7187
      0.9440
      1.1322
      1.2129
      0.2284
      0.2235
      0.2675
      0.4779
      0.9166
      1.4938
      1.9331
      1.9191
      1.4206
      0.7675
      0.2999
      0.0930
      0.0567
      0.1147
      0.2427
      0.4406
      0.7095
      0.9854
      1.1098
      0.0617
      0.1001
      0.2580
      0.6275
      1.2649
      2.0860
      2.7652
      2.8462
      2.1960
      1.2382
      0.5024
      0.1479
      0.0446
      0.0628
      0.1967
      0.5506
      1.2062
      1.9619
      2.3123
      0.0417
      0.0912
      0.2858
      0.7472
      1.6269
      2.9510
      4.2879
      4.7536
      3.8805
      2.2846
      0.9588
      0.2859
      0.0710
      0.0810
      0.3337
      1.1046
      2.6102
      4.3754
      5.1978
      0.0382
      0.0862
      0.2827
      0.8025
      1.9563
      3.9422
      6.1729
      7.1692
      6.0205
      3.6092
      1.5335
      0.4607
      0.1125
      0.1259
      0.5408
      1.8255
      4.3489
      7.3128
      8.6942
      0.0362
      0.0818
      0.2742
      0.8162
      2.1007
      4.4115
      7.0802
      8.3340
      7.0498
      4.2441
      1.8080
      0.5442
      0.1329
      0.1487
      0.6410
      2.1674
      5.1667
      8.6903
     10.3326
