      0.0647
      0.0851
      0.1268
      0.1486
      0.1285
      0.0865
      0.0540
      0.0387
      0.0312
      0.0273
      0.0273
      0.0275
      0.0228
      0.0141
      0.0064
      0.0021
      0.0005
      0.0001
      0.0000
      0.0682
      0.0872
      0.1248
      0.1412
      0.1183
      0.0771
      0.0467
      0.0328
      0.0269
      0.0252
      0.0286
      0.0328
      0.0311
      0.0223
      0.0118
      0.0046
      0.0013
      0.0003
      0.0001
      0.0697
      0.0844
      0.1107
      0.1156
      0.0897
      0.0541
      0.0302
      0.0205
      0.0187
      0.0247
      0.0420
      0.0657
      0.0792
      0.0698
      0.0443
      0.0201
      0.0065
      0.0015
      0.0005
      0.0587
      0.0669
      0.0791
      0.0751
      0.0532
      0.0292
      0.0150
      0.0108
      0.0155
      0.0376
      0.0921
      0.1743
      0.2385
      0.2326
      0.1610
      0.0789
      0.0274
      0.0069
      0.0024
      0.0480
      0.0491
      0.0479
      0.0388
      0.0245
      0.0126
      0.0073
      0.0084
      0.0209
      0.0689
      0.1928
      0.3960
      0.5795
      0.6011
      0.4415
      0.2295
      0.0848
      0.0234
      0.0093
      0.0827
      0.0726
      0.0495
      0.0269
      0.0125
      0.0068
      0.0072
      0.0119
      0.0303
      0.1030
      0.3044
      0.6612
      1.0216
      1.1181
      0.8671
      0.4783
      0.1922
      0.0647
      0.0347
      0.2355
      0.1988
      0.1198
      0.0520
      0.0180
      0.0091
      0.0112
      0.0170
      0.0350
      0.1123
      0.3442
      0.7870
      1.2814
      1.4793
      1.2157
      0.7253
      0.3447
      0.1778
      0.1417
      0.5519
      0.4643
      0.2765
      0.1170
      0.0376
      0.0151
      0.0150
      0.0191
      0.0304
      0.0875
      0.2764
      0.6649
      1.1425
      1.3988
      1.2423
      0.8640
      0.5995
      0.5463
      0.5620
      0.9269
      0.7796
      0.4638
      0.1957
      0.0613
      0.0207
      0.0158
      0.0170
      0.0206
      0.0495
      0.1580
      0.4006
      0.7325
      0.9735
      1.0063
      0.9910
      1.1931
      1.5797
      1.7848
      1.1020
      0.9269
      0.5515
      0.2329
      0.0733
      0.0248
      0.0181
      0.0181
      0.0168
      0.0242
      0.0670
      0.1777
      0.3569
      0.5594
      0.8073
      1.3263
      2.3465
      3.5746
      4.1528
      0.9269
      0.7799
      0.4653
      0.2004
      0.0720
      0.0394
      0.0413
      0.0430
      0.0350
      0.0248
      0.0290
      0.0678
      0.1613
      0.3482
      0.7791
      1.8093
      3.7050
      5.8895
      6.9016
      0.5519
      0.4660
      0.2852
      0.1430
      0.0931
      0.1051
      0.1281
      0.1274
      0.0967
      0.0554
      0.0289
      0.0340
      0.0915
      0.2670
      0.7658
      2.0114
      4.3003
      6.9291
      8.1456
      0.2355
      0.2057
      0.1553
      0.1518
      0.2148
      0.3008
      0.3459
      0.3141
      0.2206
      0.1171
      0.0485
      0.0277
      0.0605
      0.1964
      0.6090
      1.6551
      3.5839
      5.8025
      6.8302
      0.0827
      0.0932
      0.1524
      0.3043
      0.5295
      0.7237
      0.7769
      0.6611
      0.4419
      0.2264
      0.0876
      0.0314
      0.0364
      0.1137
      0.3624
      0.9980
      2.1724
      3.5252
      4.1522
      0.0480
      0.0924
      0.2619
      0.6053
      1.0620
      1.4420
      1.5633
      1.3699
      0.9530
      0.5082
      0.2013
      0.0603
      0.0253
      0.0549
      0.1834
      0.5257
      1.1660
      1.9065
      2.2502
      0.0587
      0.1318
      0.4017
      0.9426
      1.7084
      2.4979
      3.0176
      2.9605
      2.2595
      1.2873
      0.5324
      0.1581
      0.0397
      0.0425
      0.1620
      0.5196
      1.2122
      2.0221
      2.3991
      0.0697
      0.1558
      0.4761
      1.1621
      2.3167
      3.8918
      5.4002
      5.8758
      4.7829
      2.8276
      1.1943
      0.3577
      0.0838
      0.0715
      0.2906
      0.9758
      2.3207
      3.8998
      4.6358
      0.0682
      0.1504
      0.4674
      1.2285
      2.7713
      5.2938
      8.0687
      9.2730
      7.7655
      4.6568
      1.9812
      0.5955
      0.1389
      0.1159
      0.4747
      1.6027
      3.8202
      6.4253
      7.6395
      0.0647
      0.1420
      0.4480
      1.2310
      2.9479
      5.9198
      9.3023
     10.8594
      9.1624
      5.5138
      2.3498
      0.7068
      0.1649
      0.1374
      0.5631
      1.9020
      4.5345
      7.6271
      9.0687
