      0.1539
      0.1705
      0.2068
      0.2367
      0.2467
      0.2452
      0.2478
      0.2627
      0.2915
      0.3311
      0.3646
      0.3624
      0.3074
      0.2151
      0.1222
      0.0561
      0.0213
      0.0075
      0.0043
      0.1581
      0.1724
      0.2031
      0.2263
      0.2306
      0.2248
      0.2241
      0.2363
      0.2630
      0.3014
      0.3360
      0.3388
      0.2919
      0.2080
      0.1206
      0.0567
      0.0220
      0.0079
      0.0044
      0.1792
      0.1862
      0.1988
      0.2018
      0.1905
      0.1745
      0.1667
      0.1729
      0.1942
      0.2287
      0.2644
      0.2779
      0.2506
      0.1878
      0.1151
      0.0576
      0.0239
      0.0091
      0.0053
      0.2697
      0.2600
      0.2325
      0.1930
      0.1520
      0.1207
      0.1052
      0.1057
      0.1208
      0.1488
      0.1824
      0.2047
      0.1983
      0.1606
      0.1074
      0.0595
      0.0285
      0.0137
      0.0097
      0.5871
      0.5367
      0.4121
      0.2706
      0.1592
      0.0936
      0.0656
      0.0608
      0.0700
      0.0902
      0.1185
      0.1449
      0.1547
      0.1396
      0.1063
      0.0709
      0.0458
      0.0336
      0.0304
      1.4093
      1.2671
      0.9221
      0.5460
      0.2684
      0.1184
      0.0589
      0.0441
      0.0471
      0.0599
      0.0824
      0.1108
      0.1337
      0.1402
      0.1305
      0.1162
      0.1089
      0.1099
      0.1118
      2.9786
      2.6688
      1.9197
      1.1099
      0.5202
      0.2067
      0.0832
      0.0481
      0.0429
      0.0492
      0.0680
      0.1008
      0.1414
      0.1796
      0.2132
      0.2508
      0.2990
      0.3457
      0.3657
      5.1521
      4.6131
      3.3112
      1.9062
      0.8855
      0.3439
      0.1294
      0.0654
      0.0500
      0.0505
      0.0684
      0.1123
      0.1850
      0.2833
      0.4082
      0.5675
      0.7536
      0.9170
      0.9837
      7.1715
      6.4208
      4.6080
      2.6533
      1.2360
      0.4867
      0.1918
      0.1030
      0.0775
      0.0700
      0.0866
      0.1486
      0.2745
      0.4759
      0.7646
      1.1492
      1.5949
      1.9794
      2.1347
      8.0083
      7.1710
      5.1505
      2.9768
      1.4104
      0.5955
      0.2861
      0.1955
      0.1590
      0.1317
      0.1345
      0.2108
      0.4020
      0.7403
      1.2526
      1.9485
      2.7541
      3.4445
      3.7224
      7.1715
      6.4252
      4.6286
      2.7099
      1.3544
      0.6852
      0.4614
      0.4000
      0.3428
      0.2655
      0.2215
      0.2853
      0.5228
      0.9837
      1.7069
      2.6990
      3.8449
      4.8224
      5.2147
      5.1521
      4.6250
      3.3661
      2.0529
      1.1831
      0.8285
      0.7702
      0.7539
      0.6499
      0.4775
      0.3396
      0.3451
      0.5736
      1.0781
      1.8969
      3.0273
      4.3283
      5.4328
      5.8747
      2.9786
      2.6931
      2.0296
      1.3937
      1.0747
      1.0766
      1.1947
      1.2049
      1.0195
      0.7169
      0.4543
      0.3648
      0.5219
      0.9619
      1.7076
      2.7446
      3.9337
      4.9377
      5.3382
      1.4093
      1.3076
      1.1005
      0.9908
      1.1024
      1.3737
      1.6010
      1.5916
      1.3075
      0.8840
      0.5155
      0.3361
      0.3946
      0.6984
      1.2492
      2.0258
      2.9160
      3.6648
      3.9626
      0.5871
      0.5917
      0.6495
      0.8422
      1.1870
      1.5739
      1.8074
      1.7379
      1.3792
      0.8989
      0.4929
      0.2716
      0.2531
      0.4208
      0.7643
      1.2662
      1.8495
      2.3426
      2.5389
      0.2697
      0.3215
      0.4926
      0.8000
      1.2005
      1.5647
      1.7280
      1.5966
      1.2230
      0.7716
      0.4046
      0.1974
      0.1467
      0.2296
      0.4400
      0.7749
      1.1843
      1.5400
      1.6833
      0.1792
      0.2439
      0.4389
      0.7469
      1.0983
      1.3721
      1.4502
      1.2905
      0.9599
      0.5920
      0.3029
      0.1382
      0.0893
      0.1431
      0.3108
      0.6087
      0.9991
      1.3513
      1.4955
      0.1581
      0.2214
      0.4045
      0.6741
      0.9546
      1.1452
      1.1681
      1.0124
      0.7413
      0.4545
      0.2322
      0.1049
      0.0680
      0.1226
      0.2987
      0.6290
      1.0773
      1.4894
      1.6594
      0.1539
      0.2150
      0.3892
      0.6386
      0.8882
      1.0469
      1.0526
      0.9041
      0.6599
      0.4055
      0.2084
      0.0949
      0.0637
      0.1222
      0.3082
      0.6610
      1.1434
      1.5887
      1.7727
