      0.0805
      0.0885
      0.1068
      0.1249
      0.1384
      0.1525
      0.1753
      0.2134
      0.2713
      0.3451
      0.4096
      0.4243
      0.3675
      0.2601
      0.1487
      0.0683
      0.0252
      0.0078
      0.0036
      0.0814
      0.0886
      0.1048
      0.1199
      0.1299
      0.1405
      0.1597
      0.1940
      0.2478
      0.3181
      0.3820
      0.4016
      0.3540
      0.2559
      0.1500
      0.0709
      0.0270
      0.0087
      0.0041
      0.0832
      0.0881
      0.0983
      0.1056
      0.1080
      0.1115
      0.1237
      0.1502
      0.1946
      0.2557
      0.3172
      0.3478
      0.3229
      0.2481
      0.1559
      0.0798
      0.0333
      0.0121
      0.0064
      0.0879
      0.0891
      0.0901
      0.0874
      0.0827
      0.0823
      0.0919
      0.1138
      0.1491
      0.1984
      0.2547
      0.2964
      0.2978
      0.2507
      0.1742
      0.0995
      0.0474
      0.0206
      0.0129
      0.1124
      0.1074
      0.0943
      0.0785
      0.0683
      0.0704
      0.0859
      0.1099
      0.1386
      0.1752
      0.2236
      0.2739
      0.2998
      0.2791
      0.2161
      0.1396
      0.0785
      0.0442
      0.0339
      0.1909
      0.1749
      0.1366
      0.0976
      0.0780
      0.0849
      0.1108
      0.1397
      0.1614
      0.1829
      0.2212
      0.2782
      0.3275
      0.3340
      0.2878
      0.2143
      0.1497
      0.1127
      0.1017
      0.3552
      0.3206
      0.2389
      0.1580
      0.1160
      0.1210
      0.1530
      0.1818
      0.1916
      0.1952
      0.2219
      0.2849
      0.3603
      0.4045
      0.3956
      0.3535
      0.3158
      0.3002
      0.2978
      0.5918
      0.5323
      0.3917
      0.2511
      0.1721
      0.1633
      0.1908
      0.2114
      0.2057
      0.1919
      0.2089
      0.2800
      0.3899
      0.4962
      0.5701
      0.6220
      0.6786
      0.7383
      0.7656
      0.8154
      0.7330
      0.5382
      0.3419
      0.2267
      0.2016
      0.2212
      0.2320
      0.2126
      0.1849
      0.1946
      0.2780
      0.4371
      0.6422
      0.8631
      1.0959
      1.3415
      1.5526
      1.6391
      0.9086
      0.8176
      0.6034
      0.3909
      0.2720
      0.2549
      0.2845
      0.2969
      0.2661
      0.2179
      0.2112
      0.3030
      0.5210
      0.8548
      1.2754
      1.7599
      2.2697
      2.6918
      2.8604
      0.8154
      0.7368
      0.5564
      0.3923
      0.3319
      0.3775
      0.4591
      0.4919
      0.4400
      0.3413
      0.2833
      0.3557
      0.6139
      1.0646
      1.6774
      2.4071
      3.1717
      3.7938
      4.0394
      0.5918
      0.5426
      0.4407
      0.3855
      0.4508
      0.6236
      0.8031
      0.8672
      0.7665
      0.5670
      0.4047
      0.4080
      0.6507
      1.1452
      1.8560
      2.7185
      3.6180
      4.3410
      4.6242
      0.3552
      0.3409
      0.3345
      0.4172
      0.6451
      0.9793
      1.2725
      1.3561
      1.1737
      0.8346
      0.5325
      0.4261
      0.5894
      1.0266
      1.6980
      2.5329
      3.4073
      4.1066
      4.3791
      0.1909
      0.2068
      0.2847
      0.4915
      0.8643
      1.3324
      1.7035
      1.7754
      1.5004
      1.0329
      0.6093
      0.3976
      0.4554
      0.7744
      1.3238
      2.0505
      2.8410
      3.4850
      3.7376
      0.1124
      0.1484
      0.2816
      0.5657
      1.0174
      1.5405
      1.9217
      1.9566
      1.6178
      1.0864
      0.6084
      0.3395
      0.3191
      0.5421
      1.0141
      1.7300
      2.5871
      3.3250
      3.6212
      0.0879
      0.1331
      0.2888
      0.5942
      1.0492
      1.5497
      1.8922
      1.8950
      1.5470
      1.0263
      0.5605
      0.2861
      0.2405
      0.4511
      0.9976
      1.9524
      3.2030
      4.3327
      4.7955
      0.0832
      0.1293
      0.2827
      0.5709
      0.9861
      1.4337
      1.7370
      1.7378
      1.4245
      0.9516
      0.5217
      0.2632
      0.2318
      0.5117
      1.2841
      2.7158
      4.6589
      6.4464
      7.1843
      0.0814
      0.1249
      0.2670
      0.5291
      0.9043
      1.3135
      1.6028
      1.6244
      1.3539
      0.9214
      0.5148
      0.2672
      0.2593
      0.6312
      1.6557
      3.5817
      6.2195
      8.6577
      9.6660
      0.0805
      0.1224
      0.2588
      0.5094
      0.8694
      1.2665
      1.5553
      1.5896
      1.3374
      0.9190
      0.5185
      0.2733
      0.2758
      0.6892
      1.8238
      3.9617
      6.8944
      9.6075
     10.7299
