      0.2886
      0.2915
      0.2973
      0.3007
      0.3000
      0.3008
      0.3135
      0.3470
      0.4021
      0.4664
      0.5152
      0.5212
      0.4709
      0.3747
      0.2615
      0.1612
      0.0912
      0.0532
      0.0416
      0.2979
      0.2990
      0.3000
      0.2972
      0.2909
      0.2876
      0.2977
      0.3302
      0.3860
      0.4535
      0.5084
      0.5230
      0.4814
      0.3911
      0.2789
      0.1758
      0.1012
      0.0593
      0.0462
      0.3445
      0.3389
      0.3228
      0.2989
      0.2737
      0.2573
      0.2602
      0.2902
      0.3483
      0.4246
      0.4969
      0.5356
      0.5185
      0.4442
      0.3348
      0.2226
      0.1338
      0.0802
      0.0626
      0.4872
      0.4667
      0.4123
      0.3420
      0.2771
      0.2347
      0.2245
      0.2505
      0.3118
      0.4007
      0.4976
      0.5713
      0.5901
      0.5399
      0.4342
      0.3075
      0.1962
      0.1237
      0.0990
      0.8212
      0.7716
      0.6428
      0.4830
      0.3419
      0.2501
      0.2152
      0.2320
      0.2939
      0.3939
      0.5162
      0.6290
      0.6905
      0.6712
      0.5736
      0.4329
      0.2964
      0.2020
      0.1688
      1.4390
      1.3403
      1.0860
      0.7746
      0.5034
      0.3255
      0.2448
      0.2408
      0.2948
      0.3978
      0.5382
      0.6859
      0.7918
      0.8116
      0.7347
      0.5931
      0.4421
      0.3321
      0.2925
      2.3467
      2.1791
      1.7481
      1.2221
      0.7648
      0.4607
      0.3093
      0.2688
      0.3024
      0.3953
      0.5398
      0.7107
      0.8578
      0.9265
      0.8929
      0.7799
      0.6426
      0.5366
      0.4975
      3.3835
      3.1390
      2.5106
      1.7440
      1.0763
      0.6274
      0.3921
      0.3051
      0.3083
      0.3782
      0.5103
      0.6887
      0.8694
      0.9962
      1.0338
      0.9901
      0.9080
      0.8367
      0.8093
      4.2315
      3.9254
      3.1391
      2.1803
      1.3452
      0.7812
      0.4784
      0.3509
      0.3219
      0.3599
      0.4650
      0.6342
      0.8379
      1.0266
      1.1579
      1.2210
      1.2351
      1.2297
      1.2256
      4.5612
      4.2334
      3.3925
      2.3703
      1.4842
      0.8894
      0.5692
      0.4248
      0.3695
      0.3700
      0.4349
      0.5780
      0.7898
      1.0331
      1.2632
      1.4493
      1.5812
      1.6597
      1.6859
      4.2315
      3.9332
      3.1710
      2.2523
      1.4685
      0.9552
      0.6849
      0.5547
      0.4795
      0.4348
      0.4444
      0.5426
      0.7407
      1.0162
      1.3242
      1.6174
      1.8573
      2.0149
      2.0701
      3.3835
      3.1567
      2.5826
      1.9058
      1.3526
      1.0157
      0.8509
      0.7570
      0.6615
      0.5592
      0.4960
      0.5284
      0.6858
      0.9577
      1.3010
      1.6572
      1.9673
      2.1789
      2.2542
      2.3467
      2.2093
      1.8704
      1.4964
      1.2313
      1.1127
      1.0754
      1.0216
      0.8977
      0.7243
      0.5738
      0.5230
      0.6146
      0.8461
      1.1769
      1.5451
      1.8804
      2.1156
      2.2004
      1.4390
      1.3842
      1.2637
      1.1722
      1.1773
      1.2631
      1.3416
      1.3174
      1.1557
      0.9042
      0.6609
      0.5198
      0.5323
      0.7008
      0.9897
      1.3390
      1.6743
      1.9175
      2.0066
      0.8212
      0.8282
      0.8718
      0.9950
      1.2079
      1.4528
      1.6205
      1.6140
      1.4123
      1.0855
      0.7541
      0.5266
      0.4623
      0.5687
      0.8175
      1.1539
      1.4994
      1.7610
      1.8589
      0.4872
      0.5330
      0.6808
      0.9432
      1.2958
      1.6526
      1.8868
      1.8947
      1.6603
      1.2689
      0.8597
      0.5565
      0.4286
      0.4921
      0.7278
      1.0858
      1.4783
      1.7876
      1.9055
      0.3445
      0.4114
      0.6166
      0.9590
      1.3978
      1.8310
      2.1176
      2.1431
      1.8886
      1.4474
      0.9740
      0.6090
      0.4348
      0.4788
      0.7315
      1.1452
      1.6176
      1.9987
      2.1456
      0.2979
      0.3744
      0.6068
      0.9894
      1.4758
      1.9567
      2.2812
      2.3241
      2.0607
      1.5872
      1.0693
      0.6617
      0.4592
      0.4993
      0.7797
      1.2530
      1.8029
      2.2511
      2.4247
      0.2886
      0.3678
      0.6080
      1.0028
      1.5047
      2.0024
      2.3413
      2.3918
      2.1261
      1.6413
      1.1072
      0.6841
      0.4719
      0.5123
      0.8059
      1.3047
      1.8868
      2.3625
      2.5470
