      0.0361
      0.0478
      0.0720
      0.0853
      0.0759
      0.0560
      0.0431
      0.0405
      0.0455
      0.0602
      0.0811
      0.0901
      0.0744
      0.0440
      0.0185
      0.0055
      0.0012
      0.0002
      0.0000
      0.0384
      0.0494
      0.0711
      0.0812
      0.0699
      0.0498
      0.0371
      0.0343
      0.0389
      0.0529
      0.0738
      0.0853
      0.0738
      0.0462
      0.0207
      0.0067
      0.0015
      0.0003
      0.0001
      0.0413
      0.0496
      0.0643
      0.0671
      0.0532
      0.0347
      0.0237
      0.0211
      0.0249
      0.0378
      0.0598
      0.0790
      0.0792
      0.0585
      0.0316
      0.0125
      0.0036
      0.0008
      0.0002
      0.0513
      0.0533
      0.0545
      0.0474
      0.0327
      0.0190
      0.0118
      0.0106
      0.0147
      0.0285
      0.0577
      0.0956
      0.1186
      0.1073
      0.0701
      0.0329
      0.0110
      0.0027
      0.0010
      0.1495
      0.1309
      0.0889
      0.0484
      0.0224
      0.0101
      0.0068
      0.0079
      0.0137
      0.0328
      0.0809
      0.1581
      0.2253
      0.2297
      0.1666
      0.0860
      0.0320
      0.0095
      0.0044
      0.6368
      0.5374
      0.3233
      0.1395
      0.0445
      0.0136
      0.0094
      0.0124
      0.0195
      0.0444
      0.1160
      0.2451
      0.3759
      0.4103
      0.3185
      0.1777
      0.0759
      0.0325
      0.0230
      2.1323
      1.7938
      1.0675
      0.4492
      0.1354
      0.0348
      0.0177
      0.0198
      0.0252
      0.0492
      0.1294
      0.2883
      0.4685
      0.5433
      0.4532
      0.2858
      0.1660
      0.1265
      0.1233
      5.0780
      4.2709
      2.5395
      1.0663
      0.3185
      0.0756
      0.0279
      0.0243
      0.0254
      0.0407
      0.1050
      0.2466
      0.4275
      0.5368
      0.5082
      0.4228
      0.4154
      0.4984
      0.5521
      8.5406
      7.1830
      4.2707
      1.7928
      0.5339
      0.1222
      0.0369
      0.0262
      0.0229
      0.0274
      0.0643
      0.1604
      0.3087
      0.4526
      0.5617
      0.7332
      1.1064
      1.5927
      1.8291
     10.1547
      8.5406
      5.0781
      2.1326
      0.6380
      0.1524
      0.0559
      0.0457
      0.0380
      0.0291
      0.0397
      0.0985
      0.2290
      0.4392
      0.7681
      1.3853
      2.4711
      3.7373
      4.3309
      8.5406
      7.1833
      4.2727
      1.8013
      0.5599
      0.1810
      0.1338
      0.1410
      0.1183
      0.0742
      0.0486
      0.0823
      0.2215
      0.5236
      1.0974
      2.2091
      4.1037
      6.2679
      7.2750
      5.0780
      4.2723
      2.5487
      1.1017
      0.4187
      0.2880
      0.3596
      0.3998
      0.3265
      0.1926
      0.0930
      0.0881
      0.2234
      0.5708
      1.2699
      2.6245
      4.8973
      7.4711
      8.6655
      2.1323
      1.7990
      1.0978
      0.5540
      0.4038
      0.5575
      0.7819
      0.8414
      0.6594
      0.3719
      0.1581
      0.0905
      0.1813
      0.4725
      1.0792
      2.2457
      4.1724
      6.3356
      7.3364
      0.6368
      0.5512
      0.3986
      0.3747
      0.5833
      0.9624
      1.2901
      1.3097
      0.9790
      0.5300
      0.2098
      0.0828
      0.1103
      0.2833
      0.6634
      1.3950
      2.5885
      3.9166
      4.5290
      0.1495
      0.1579
      0.2290
      0.4537
      0.8656
      1.3606
      1.6937
      1.6254
      1.1698
      0.6172
      0.2364
      0.0740
      0.0538
      0.1290
      0.3272
      0.7433
      1.4453
      2.2317
      2.5942
      0.0513
      0.0917
      0.2492
      0.5879
      1.1036
      1.6634
      2.0196
      1.9339
      1.4128
      0.7643
      0.3003
      0.0874
      0.0329
      0.0694
      0.2412
      0.7069
      1.5834
      2.5992
      3.0709
      0.0413
      0.0898
      0.2690
      0.6411
      1.2247
      1.9382
      2.5279
      2.6107
      2.0416
      1.1707
      0.4829
      0.1431
      0.0425
      0.0881
      0.3899
      1.2974
      3.0711
      5.1514
      6.1205
      0.0384
      0.0832
      0.2487
      0.6108
      1.2620
      2.2250
      3.2097
      3.5709
      2.9350
      1.7402
      0.7349
      0.2211
      0.0647
      0.1366
      0.6280
      2.1239
      5.0605
      8.5097
     10.1175
      0.0361
      0.0774
      0.2315
      0.5838
      1.2690
      2.3641
      3.5543
      4.0556
      3.3823
      2.0227
      0.8589
      0.2593
      0.0760
      0.1613
      0.7440
      2.5196
      6.0068
     10.1034
     12.0129
