      0.0846
      0.0954
      0.1250
      0.1713
      0.2377
      0.3235
      0.4056
      0.4433
      0.4130
      0.3319
      0.2405
      0.1659
      0.1108
      0.0689
      0.0376
      0.0172
      0.0065
      0.0021
      0.0010
      0.0836
      0.0934
      0.1200
      0.1608
      0.2189
      0.2937
      0.3652
      0.3981
      0.3721
      0.3024
      0.2240
      0.1599
      0.1115
      0.0727
      0.0416
      0.0201
      0.0081
      0.0028
      0.0015
      0.0791
      0.0862
      0.1049
      0.1326
      0.1710
      0.2202
      0.2674
      0.2899
      0.2748
      0.2327
      0.1864
      0.1493
      0.1187
      0.0880
      0.0569
      0.0311
      0.0145
      0.0063
      0.0041
      0.0703
      0.0739
      0.0829
      0.0958
      0.1140
      0.1382
      0.1628
      0.1766
      0.1742
      0.1622
      0.1528
      0.1495
      0.1434
      0.1238
      0.0915
      0.0573
      0.0321
      0.0189
      0.0151
      0.0646
      0.0643
      0.0637
      0.0641
      0.0682
      0.0777
      0.0903
      0.1012
      0.1088
      0.1191
      0.1399
      0.1690
      0.1900
      0.1851
      0.1531
      0.1116
      0.0802
      0.0653
      0.0616
      0.0773
      0.0725
      0.0610
      0.0497
      0.0449
      0.0490
      0.0592
      0.0706
      0.0829
      0.1036
      0.1424
      0.1968
      0.2453
      0.2629
      0.2470
      0.2226
      0.2159
      0.2271
      0.2351
      0.1222
      0.1109
      0.0844
      0.0579
      0.0440
      0.0453
      0.0557
      0.0670
      0.0778
      0.0980
      0.1418
      0.2106
      0.2850
      0.3425
      0.3893
      0.4618
      0.5818
      0.7098
      0.7664
      0.1948
      0.1754
      0.1295
      0.0833
      0.0568
      0.0530
      0.0615
      0.0698
      0.0750
      0.0880
      0.1263
      0.1985
      0.2988
      0.4289
      0.6295
      0.9636
      1.4264
      1.8654
      2.0497
      0.2660
      0.2391
      0.1755
      0.1109
      0.0722
      0.0625
      0.0679
      0.0727
      0.0720
      0.0760
      0.1034
      0.1724
      0.3043
      0.5527
      1.0313
      1.8568
      2.9699
      3.9998
      4.4267
      0.2960
      0.2663
      0.1963
      0.1260
      0.0851
      0.0766
      0.0844
      0.0897
      0.0851
      0.0789
      0.0919
      0.1550
      0.3247
      0.7263
      1.5771
      3.0711
      5.0762
      6.9187
      7.6796
      0.2660
      0.2405
      0.1817
      0.1270
      0.1039
      0.1138
      0.1372
      0.1499
      0.1400
      0.1164
      0.1064
      0.1563
      0.3552
      0.8931
      2.0834
      4.1932
      7.0235
      9.6194
     10.6902
      0.1948
      0.1796
      0.1482
      0.1309
      0.1495
      0.1999
      0.2541
      0.2773
      0.2526
      0.1952
      0.1464
      0.1670
      0.3626
      0.9492
      2.2796
      4.6494
      7.8293
     10.7438
     11.9456
      0.1222
      0.1204
      0.1259
      0.1617
      0.2409
      0.3481
      0.4394
      0.4658
      0.4090
      0.2988
      0.1962
      0.1712
      0.3214
      0.8373
      2.0323
      4.1683
      7.0347
      9.6609
     10.7435
      0.0773
      0.0895
      0.1347
      0.2294
      0.3753
      0.5400
      0.6594
      0.6726
      0.5675
      0.3953
      0.2365
      0.1620
      0.2426
      0.6087
      1.4817
      3.0488
      5.1524
      7.0792
      7.8733
      0.0646
      0.0893
      0.1705
      0.3183
      0.5220
      0.7305
      0.8622
      0.8503
      0.6945
      0.4669
      0.2626
      0.1478
      0.1639
      0.3801
      0.9262
      1.9155
      3.2461
      4.4655
      4.9681
      0.0703
      0.1043
      0.2115
      0.3971
      0.6406
      0.8785
      1.0182
      0.9892
      0.7978
      0.5297
      0.2903
      0.1448
      0.1174
      0.2406
      0.5901
      1.2371
      2.1133
      2.9184
      3.2506
      0.0791
      0.1177
      0.2379
      0.4426
      0.7092
      0.9719
      1.1322
      1.1102
      0.9057
      0.6084
      0.3355
      0.1612
      0.1091
      0.2022
      0.5037
      1.0767
      1.8603
      2.5834
      2.8823
      0.0836
      0.1232
      0.2463
      0.4566
      0.7355
      1.0211
      1.2114
      1.2122
      1.0092
      0.6908
      0.3870
      0.1865
      0.1210
      0.2183
      0.5498
      1.1875
      2.0641
      2.8751
      3.2106
      0.0846
      0.1241
      0.2469
      0.4578
      0.7407
      1.0366
      1.2417
      1.2551
      1.0546
      0.7278
      0.4105
      0.1987
      0.1286
      0.2318
      0.5857
      1.2679
      2.2068
      3.0759
      3.4355
