      0.0004
      0.0008
      0.0021
      0.0028
      0.0021
      0.0009
      0.0004
      0.0005
      0.0016
      0.0065
      0.0159
      0.0213
      0.0155
      0.0061
      0.0013
      0.0001
      0.0000
      0.0000
      0.0000
      0.0005
      0.0011
      0.0024
      0.0030
      0.0020
      0.0008
      0.0003
      0.0003
      0.0012
      0.0053
      0.0140
      0.0203
      0.0161
      0.0069
      0.0016
      0.0002
      0.0000
      0.0000
      0.0000
      0.0007
      0.0012
      0.0024
      0.0025
      0.0015
      0.0005
      0.0001
      0.0001
      0.0006
      0.0029
      0.0089
      0.0153
      0.0147
      0.0078
      0.0024
      0.0004
      0.0000
      0.0000
      0.0000
      0.0005
      0.0009
      0.0014
      0.0013
      0.0007
      0.0002
      0.0000
      0.0000
      0.0002
      0.0013
      0.0054
      0.0134
      0.0195
      0.0163
      0.0078
      0.0021
      0.0003
      0.0000
      0.0000
      0.0003
      0.0004
      0.0005
      0.0004
      0.0002
      0.0000
      0.0000
      0.0000
      0.0002
      0.0015
      0.0097
      0.0348
      0.0679
      0.0720
      0.0414
      0.0129
      0.0021
      0.0002
      0.0000
      0.0015
      0.0011
      0.0005
      0.0002
      0.0000
      0.0000
      0.0001
      0.0002
      0.0004
      0.0029
      0.0210
      0.0846
      0.1839
      0.2158
      0.1368
      0.0468
      0.0086
      0.0009
      0.0002
      0.0129
      0.0095
      0.0038
      0.0008
      0.0001
      0.0001
      0.0003
      0.0004
      0.0006
      0.0033
      0.0261
      0.1154
      0.2751
      0.3540
      0.2462
      0.0928
      0.0201
      0.0053
      0.0047
      0.0606
      0.0446
      0.0177
      0.0038
      0.0005
      0.0002
      0.0004
      0.0006
      0.0006
      0.0021
      0.0176
      0.0855
      0.2238
      0.3178
      0.2468
      0.1102
      0.0473
      0.0578
      0.0740
      0.1529
      0.1124
      0.0446
      0.0095
      0.0011
      0.0003
      0.0006
      0.0007
      0.0006
      0.0009
      0.0066
      0.0356
      0.1082
      0.1891
      0.2041
      0.1742
      0.2459
      0.4886
      0.6476
      0.2081
      0.1529
      0.0607
      0.0130
      0.0018
      0.0017
      0.0043
      0.0063
      0.0050
      0.0023
      0.0023
      0.0143
      0.0718
      0.2256
      0.4366
      0.6265
      1.1382
      2.3005
      3.0422
      0.1529
      0.1124
      0.0446
      0.0100
      0.0054
      0.0209
      0.0542
      0.0763
      0.0580
      0.0238
      0.0065
      0.0169
      0.1203
      0.4852
      1.1020
      1.7092
      3.0073
      5.8627
      7.6969
      0.0606
      0.0446
      0.0179
      0.0078
      0.0345
      0.1550
      0.3811
      0.5067
      0.3641
      0.1412
      0.0306
      0.0220
      0.1523
      0.6652
      1.6194
      2.5968
      4.3491
      8.0972
     10.5259
      0.0129
      0.0096
      0.0053
      0.0202
      0.1468
      0.6213
      1.4381
      1.8058
      1.2268
      0.4498
      0.0894
      0.0215
      0.1067
      0.4976
      1.2922
      2.1463
      3.4372
      6.0736
      7.7954
      0.0015
      0.0015
      0.0063
      0.0553
      0.3531
      1.3586
      2.9365
      3.4752
      2.2318
      0.7740
      0.1445
      0.0186
      0.0408
      0.2010
      0.5571
      0.9632
      1.4891
      2.4886
      3.1446
      0.0003
      0.0017
      0.0157
      0.1034
      0.5063
      1.6769
      3.3239
      3.6968
      2.2509
      0.7427
      0.1320
      0.0133
      0.0088
      0.0438
      0.1315
      0.2530
      0.4427
      0.7837
      0.9994
      0.0005
      0.0035
      0.0279
      0.1387
      0.5024
      1.3795
      2.5396
      2.7830
      1.7194
      0.5874
      0.1100
      0.0113
      0.0015
      0.0063
      0.0361
      0.2062
      0.8693
      2.1455
      2.9093
      0.0007
      0.0043
      0.0307
      0.1386
      0.4879
      1.4727
      3.1666
      4.0798
      2.9460
      1.1668
      0.2509
      0.0290
      0.0020
      0.0060
      0.0950
      0.8270
      3.8724
      9.7623
     13.2820
      0.0005
      0.0030
      0.0218
      0.1190
      0.6196
      2.5373
      6.3306
      8.7857
      6.6366
      2.7115
      0.5964
      0.0702
      0.0048
      0.0145
      0.2370
      2.0803
      9.7582
     24.6089
     33.4834
      0.0004
      0.0021
      0.0159
      0.1106
      0.7311
      3.2904
      8.4405
     11.8220
      8.9670
      3.6723
      0.8089
      0.0953
      0.0066
      0.0197
      0.3225
      2.8304
     13.2771
     33.4833
     45.5581
