      0.0020
      0.0049
      0.0120
      0.0163
      0.0120
      0.0048
      0.0012
      0.0004
      0.0011
      0.0043
      0.0105
      0.0142
      0.0103
      0.0040
      0.0008
      0.0001
      0.0000
      0.0000
      0.0000
      0.0029
      0.0062
      0.0138
      0.0171
      0.0116
      0.0043
      0.0010
      0.0003
      0.0008
      0.0035
      0.0093
      0.0134
      0.0106
      0.0046
      0.0011
      0.0001
      0.0000
      0.0000
      0.0000
      0.0038
      0.0072
      0.0137
      0.0147
      0.0086
      0.0027
      0.0005
      0.0001
      0.0004
      0.0019
      0.0059
      0.0100
      0.0094
      0.0049
      0.0014
      0.0002
      0.0000
      0.0000
      0.0000
      0.0032
      0.0051
      0.0082
      0.0076
      0.0039
      0.0011
      0.0002
      0.0000
      0.0001
      0.0007
      0.0030
      0.0070
      0.0095
      0.0075
      0.0034
      0.0009
      0.0001
      0.0000
      0.0000
      0.0104
      0.0086
      0.0053
      0.0027
      0.0010
      0.0002
      0.0000
      0.0000
      0.0001
      0.0007
      0.0041
      0.0143
      0.0277
      0.0291
      0.0167
      0.0052
      0.0009
      0.0001
      0.0000
      0.1530
      0.1126
      0.0450
      0.0098
      0.0012
      0.0001
      0.0001
      0.0001
      0.0002
      0.0012
      0.0084
      0.0339
      0.0736
      0.0863
      0.0547
      0.0187
      0.0035
      0.0004
      0.0001
      1.3406
      0.9853
      0.3907
      0.0833
      0.0095
      0.0006
      0.0002
      0.0003
      0.0003
      0.0014
      0.0105
      0.0462
      0.1100
      0.1416
      0.0987
      0.0376
      0.0088
      0.0034
      0.0034
      6.2883
      4.6216
      1.8326
      0.3907
      0.0445
      0.0028
      0.0004
      0.0004
      0.0004
      0.0009
      0.0071
      0.0342
      0.0899
      0.1284
      0.1019
      0.0500
      0.0302
      0.0432
      0.0550
     15.8583
     11.6552
      4.6216
      0.9853
      0.1123
      0.0069
      0.0006
      0.0005
      0.0004
      0.0004
      0.0027
      0.0147
      0.0462
      0.0868
      0.1069
      0.1143
      0.1870
      0.3651
      0.4775
     21.5772
     15.8583
      6.2883
      1.3406
      0.1529
      0.0103
      0.0031
      0.0042
      0.0033
      0.0015
      0.0012
      0.0075
      0.0418
      0.1411
      0.2908
      0.4500
      0.8510
      1.6981
      2.2288
     15.8583
     11.6552
      4.6217
      0.9856
      0.1152
      0.0207
      0.0363
      0.0507
      0.0385
      0.0158
      0.0042
      0.0110
      0.0792
      0.3223
      0.7438
      1.1981
      2.1920
      4.2858
      5.6108
      6.2883
      4.6217
      1.8329
      0.3942
      0.0692
      0.1086
      0.2554
      0.3371
      0.2417
      0.0937
      0.0203
      0.0146
      0.1011
      0.4423
      1.0854
      1.7869
      3.1147
      5.8769
      7.6432
      1.3406
      0.9855
      0.3938
      0.1061
      0.1324
      0.4481
      0.9803
      1.2083
      0.8159
      0.2986
      0.0593
      0.0143
      0.0708
      0.3305
      0.8626
      1.4614
      2.4319
      4.3835
      5.6425
      0.1530
      0.1144
      0.0637
      0.1143
      0.3990
      1.1131
      2.0952
      2.3595
      1.4904
      0.5141
      0.0958
      0.0123
      0.0271
      0.1334
      0.3711
      0.6519
      1.0440
      1.7871
      2.2691
      0.0104
      0.0156
      0.0731
      0.3195
      0.8968
      1.7873
      2.6345
      2.5870
      1.5058
      0.4887
      0.0862
      0.0087
      0.0058
      0.0291
      0.0875
      0.1708
      0.3072
      0.5534
      0.7082
      0.0032
      0.0200
      0.1455
      0.5858
      1.3614
      2.0395
      2.2674
      1.8903
      1.0358
      0.3335
      0.0599
      0.0059
      0.0009
      0.0042
      0.0244
      0.1409
      0.5959
      1.4718
      1.9960
      0.0038
      0.0243
      0.1655
      0.6159
      1.3115
      1.8299
      2.0855
      1.9944
      1.2984
      0.4950
      0.1045
      0.0120
      0.0009
      0.0041
      0.0651
      0.5666
      2.6533
      6.6890
      9.1008
      0.0029
      0.0171
      0.1083
      0.3849
      0.8663
      1.6348
      2.8805
      3.6312
      2.6812
      1.0891
      0.2391
      0.0281
      0.0021
      0.0099
      0.1624
      1.4254
      6.6862
     16.8616
     22.9422
      0.0020
      0.0114
      0.0688
      0.2432
      0.6342
      1.6345
      3.5378
      4.7740
      3.5937
      1.4694
      0.3235
      0.0381
      0.0028
      0.0134
      0.2210
      1.9394
      9.0972
     22.9421
     31.2156
