      0.0000
      0.0000
      0.0000
      0.0000
      0.0000
      0.0000
      0.0000
      0.0000
      0.0000
      0.0000
      0.0000
      0.0000
      0.0000
      0.0000
      0.0000
      0.0000
      0.0000
      0.0000
      0.0000
      0.0000
      0.0000
      0.0000
      0.0000
      0.0000
      0.0000
      0.0000
      0.0000
      0.0000
      0.0000
      0.0000
      0.0000
      0.0000
      0.0000
      0.0000
      0.0000
      0.0000
      0.0000
      0.0000
      0.0000
      0.0000
      0.0000
      0.0000
      0.0000
      0.0000
      0.0000
      0.0000
      0.0000
      0.0000
      0.0000
      0.0000
      0.0000
      0.0000
      0.0000
      0.0000
      0.0000
      0.0000
      0.0000
      0.0000
      0.0000
      0.0000
      0.0000
      0.0000
      0.0000
      0.0000
      0.0000
      0.0000
      0.0000
      0.0000
      0.0000
      0.0000
      0.0000
      0.0000
      0.0000
      0.0000
      0.0000
      0.0000
      0.0000
      0.0000
      0.0000
      0.0000
      0.0000
      0.0000
      0.0000
      0.0000
      0.0000
      0.0000
      0.0000
      0.0000
      0.0002
      0.0002
      0.0001
      0.0000
      0.0000
      0.0000
      0.0000
      0.0013
      0.0006
      0.0001
      0.0000
      0.0000
      0.0000
      0.0000
      0.0000
      0.0000
      0.0000
      0.0000
      0.0003
      0.0019
      0.0027
      0.0010
      0.0001
      0.0000
      0.0000
      0.0000
      0.1661
      0.0831
      0.0104
      0.0003
      0.0000
      0.0000
      0.0000
      0.0000
      0.0000
      0.0000
      0.0000
      0.0007
      0.0047
      0.0083
      0.0036
      0.0004
      0.0000
      0.0000
      0.0000
      5.3870
      2.6935
      0.3358
      0.0104
      0.0001
      0.0000
      0.0000
      0.0000
      0.0000
      0.0000
      0.0000
      0.0003
      0.0029
      0.0063
      0.0034
      0.0005
      0.0001
      0.0004
      0.0008
     43.2104
     21.6052
      2.6935
      0.0831
      0.0006
      0.0000
      0.0000
      0.0000
      0.0000
      0.0000
      0.0000
      0.0000
      0.0005
      0.0013
      0.0011
      0.0007
      0.0065
      0.0511
      0.1022
     86.4209
     43.2104
      5.3870
      0.1661
      0.0013
      0.0000
      0.0000
      0.0000
      0.0000
      0.0000
      0.0000
      0.0000
      0.0001
      0.0027
      0.0133
      0.0228
      0.2117
      1.6572
      3.3136
     43.2104
     21.6052
      2.6935
      0.0831
      0.0006
      0.0000
      0.0002
      0.0004
      0.0002
      0.0000
      0.0000
      0.0000
      0.0009
      0.0221
      0.1290
      0.2377
      1.7246
     13.2957
     26.5792
      5.3870
      2.6935
      0.3358
      0.0104
      0.0001
      0.0018
      0.0134
      0.0254
      0.0121
      0.0014
      0.0000
      0.0000
      0.0017
      0.0462
      0.3135
      0.6308
      3.5370
     26.6025
     53.1591
      0.1661
      0.0831
      0.0104
      0.0003
      0.0015
      0.0393
      0.2641
      0.4434
      0.1861
      0.0195
      0.0005
      0.0000
      0.0008
      0.0241
      0.1905
      0.4255
      1.8411
     13.3121
     26.5803
      0.0013
      0.0006
      0.0001
      0.0002
      0.0100
      0.2196
      1.2961
      1.9208
      0.7118
      0.0657
      0.0015
      0.0000
      0.0001
      0.0031
      0.0289
      0.0726
      0.2445
      1.6622
      3.3140
      0.0000
      0.0000
      0.0001
      0.0024
      0.0280
      0.3235
      1.5949
      2.0795
      0.6807
      0.0555
      0.0011
      0.0000
      0.0000
      0.0001
      0.0011
      0.0031
      0.0084
      0.0519
      0.1032
      0.0000
      0.0000
      0.0005
      0.0103
      0.0601
      0.1792
      0.5294
      0.6066
      0.1855
      0.0148
      0.0003
      0.0000
      0.0000
      0.0000
      0.0000
      0.0003
      0.0087
      0.0693
      0.1387
      0.0000
      0.0000
      0.0006
      0.0119
      0.0569
      0.1453
      0.6978
      1.4235
      0.7545
      0.1006
      0.0033
      0.0000
      0.0000
      0.0000
      0.0001
      0.0086
      0.2787
      2.2356
      4.4711
      0.0000
      0.0000
      0.0002
      0.0036
      0.0306
      0.6110
      5.1637
     11.1056
      5.9749
      0.8018
      0.0266
      0.0002
      0.0000
      0.0000
      0.0005
      0.0689
      2.2356
     17.9319
     35.8639
      0.0000
      0.0000
      0.0000
      0.0007
      0.0359
      1.1966
     10.3199
     22.2095
     11.9496
      1.6035
      0.0533
      0.0004
      0.0000
      0.0000
      0.0010
      0.1379
      4.4711
     35.8639
     71.7278
