      0.0000
      0.0000
      0.0000
      0.0000
      0.0000
      0.0000
      0.0000
      0.0000
      0.0000
      0.0000
      0.0000
      0.0000
      0.0000
      0.0000
      0.0000
      0.0000
      0.0000
      0.0000
      0.0000
      0.0000
      0.0000
      0.0000
      0.0000
      0.0000
      0.0000
      0.0000
      0.0000
      0.0000
      0.0000
      0.0000
      0.0000
      0.0000
      0.0000
      0.0000
      0.0000
      0.0000
      0.0000
      0.0000
      0.0000
      0.0000
      0.0000
      0.0000
      0.0000
      0.0000
      0.0000
      0.0000
      0.0000
      0.0000
      0.0000
      0.0000
      0.0000
      0.0000
      0.0000
      0.0000
      0.0000
      0.0000
      0.0000
      0.0000
      0.0000
      0.0000
      0.0000
      0.0000
      0.0000
      0.0000
      0.0000
      0.0000
      0.0000
      0.0000
      0.0000
      0.0000
      0.0000
      0.0000
      0.0000
      0.0000
      0.0000
      0.0000
      0.0000
      0.0000
      0.0000
      0.0000
      0.0000
      0.0000
      0.0000
      0.0000
      0.0000
      0.0000
      0.0000
      0.0002
      0.0010
      0.0012
      0.0004
      0.0000
      0.0000
      0.0000
      0.0000
      0.0002
      0.0001
      0.0000
      0.0000
      0.0000
      0.0000
      0.0000
      0.0000
      0.0000
      0.0000
      0.0001
      0.0018
      0.0104
      0.0150
      0.0054
      0.0005
      0.0000
      0.0000
      0.0000
      0.0314
      0.0157
      0.0020
      0.0001
      0.0000
      0.0000
      0.0000
      0.0000
      0.0000
      0.0000
      0.0001
      0.0037
      0.0259
      0.0456
      0.0201
      0.0022
      0.0001
      0.0000
      0.0000
      1.0190
      0.5095
      0.0635
      0.0020
      0.0000
      0.0000
      0.0000
      0.0000
      0.0000
      0.0000
      0.0001
      0.0019
      0.0161
      0.0347
      0.0187
      0.0025
      0.0001
      0.0004
      0.0008
      8.1735
      4.0867
      0.5095
      0.0157
      0.0001
      0.0000
      0.0000
      0.0000
      0.0000
      0.0000
      0.0000
      0.0002
      0.0025
      0.0067
      0.0046
      0.0012
      0.0065
      0.0516
      0.1032
     16.3469
      8.1735
      1.0190
      0.0314
      0.0002
      0.0000
      0.0000
      0.0000
      0.0000
      0.0000
      0.0000
      0.0000
      0.0002
      0.0022
      0.0099
      0.0184
      0.2123
      1.6736
      3.3466
      8.1735
      4.0867
      0.5095
      0.0157
      0.0001
      0.0000
      0.0001
      0.0003
      0.0001
      0.0000
      0.0000
      0.0000
      0.0007
      0.0161
      0.0940
      0.1874
      1.7226
     13.4264
     26.8440
      1.0190
      0.5095
      0.0635
      0.0020
      0.0001
      0.0013
      0.0097
      0.0185
      0.0088
      0.0010
      0.0000
      0.0000
      0.0012
      0.0336
      0.2284
      0.4880
      3.5092
     26.8610
     53.6885
      0.0314
      0.0157
      0.0020
      0.0001
      0.0011
      0.0286
      0.1923
      0.3227
      0.1354
      0.0142
      0.0004
      0.0000
      0.0005
      0.0175
      0.1388
      0.3241
      1.8075
     13.4384
     26.8448
      0.0002
      0.0001
      0.0000
      0.0001
      0.0069
      0.1592
      0.9431
      1.3980
      0.5181
      0.0478
      0.0011
      0.0000
      0.0001
      0.0023
      0.0210
      0.0546
      0.2363
      1.6773
      3.3469
      0.0000
      0.0000
      0.0000
      0.0007
      0.0142
      0.2261
      1.1579
      1.5148
      0.4962
      0.0405
      0.0008
      0.0000
      0.0000
      0.0001
      0.0008
      0.0023
      0.0079
      0.0519
      0.1033
      0.0000
      0.0000
      0.0001
      0.0029
      0.0195
      0.1089
      0.4693
      0.6445
      0.2447
      0.0255
      0.0007
      0.0000
      0.0000
      0.0000
      0.0000
      0.0001
      0.0010
      0.0076
      0.0151
      0.0000
      0.0000
      0.0002
      0.0034
      0.0272
      0.4337
      3.5714
      7.6458
      4.1058
      0.5505
      0.0183
      0.0001
      0.0000
      0.0000
      0.0000
      0.0009
      0.0290
      0.2323
      0.4647
      0.0000
      0.0000
      0.0001
      0.0016
      0.0979
      3.2922
     28.3936
     61.1056
     32.8770
      4.4118
      0.1465
      0.0012
      0.0000
      0.0000
      0.0001
      0.0072
      0.2323
      1.8637
      3.7274
      0.0000
      0.0000
      0.0000
      0.0015
      0.1888
      6.5772
     56.7846
    122.2101
     65.7539
      8.8236
      0.2930
      0.0024
      0.0000
      0.0000
      0.0001
      0.0143
      0.4647
      3.7274
      7.4548
