      0.2750
      0.2780
      0.2864
      0.2996
      0.3181
      0.3427
      0.3726
      0.4048
      0.4354
      0.4591
      0.4667
      0.4463
      0.3914
      0.3083
      0.2158
      0.1346
      0.0776
      0.0462
      0.0365
      0.2804
      0.2819
      0.2861
      0.2936
      0.3061
      0.3255
      0.3522
      0.3840
      0.4181
      0.4491
      0.4672
      0.4585
      0.4130
      0.3345
      0.2407
      0.1541
      0.0904
      0.0540
      0.0425
      0.3138
      0.3097
      0.2992
      0.2872
      0.2804
      0.2846
      0.3024
      0.3337
      0.3773
      0.4288
      0.4764
      0.5005
      0.4823
      0.4169
      0.3192
      0.2164
      0.1328
      0.0811
      0.0639
      0.4286
      0.4118
      0.3681
      0.3146
      0.2700
      0.2470
      0.2506
      0.2810
      0.3375
      0.4171
      0.5065
      0.5791
      0.6026
      0.5585
      0.4562
      0.3286
      0.2136
      0.1375
      0.1114
      0.7097
      0.6678
      0.5597
      0.4275
      0.3140
      0.2445
      0.2245
      0.2497
      0.3166
      0.4228
      0.5558
      0.6828
      0.7574
      0.7441
      0.6429
      0.4914
      0.3427
      0.2391
      0.2027
      1.2382
      1.1540
      0.9373
      0.6730
      0.4451
      0.2988
      0.2379
      0.2468
      0.3135
      0.4347
      0.6002
      0.7755
      0.9035
      0.9324
      0.8502
      0.6943
      0.5283
      0.4082
      0.3652
      2.0193
      1.8755
      1.5061
      1.0559
      0.6659
      0.4090
      0.2858
      0.2631
      0.3143
      0.4315
      0.6082
      0.8140
      0.9894
      1.0727
      1.0402
      0.9218
      0.7804
      0.6740
      0.6354
      2.9133
      2.7030
      2.1629
      1.5043
      0.9316
      0.5482
      0.3508
      0.2859
      0.3085
      0.4029
      0.5665
      0.7786
      0.9883
      1.1358
      1.1896
      1.1656
      1.1094
      1.0627
      1.0456
      3.6449
      3.3813
      2.7042
      1.8786
      1.1597
      0.6747
      0.4164
      0.3134
      0.3033
      0.3629
      0.4934
      0.6885
      0.9163
      1.1306
      1.2995
      1.4208
      1.5083
      1.5675
      1.5895
      3.9294
      3.6467
      2.9214
      2.0389
      1.2731
      0.7581
      0.4816
      0.3607
      0.3234
      0.3429
      0.4269
      0.5865
      0.8145
      1.0864
      1.3759
      1.6630
      1.9224
      2.1114
      2.1818
      3.6449
      3.3871
      2.7279
      1.9318
      1.2502
      0.8015
      0.5648
      0.4539
      0.3972
      0.3726
      0.3996
      0.5084
      0.7164
      1.0209
      1.4039
      1.8309
      2.2412
      2.5465
      2.6605
      2.9133
      2.7166
      2.2178
      1.6275
      1.1414
      0.8418
      0.6944
      0.6146
      0.5402
      0.4637
      0.4219
      0.4649
      0.6295
      0.9287
      1.3506
      1.8518
      2.3483
      2.7219
      2.8618
      2.0193
      1.8995
      1.6031
      1.2737
      1.0364
      0.9267
      0.8915
      0.8484
      0.7496
      0.6091
      0.4862
      0.4494
      0.5480
      0.8023
      1.2023
      1.7011
      2.2062
      2.5898
      2.7340
      1.2382
      1.1904
      1.0851
      1.0047
      1.0090
      1.0862
      1.1606
      1.1479
      1.0143
      0.7979
      0.5832
      0.4564
      0.4742
      0.6577
      0.9961
      1.4425
      1.9060
      2.2622
      2.3967
      0.7097
      0.7174
      0.7609
      0.8794
      1.0835
      1.3212
      1.4918
      1.5023
      1.3274
      1.0277
      0.7141
      0.4920
      0.4253
      0.5349
      0.8086
      1.2006
      1.6226
      1.9529
      2.0785
      0.4286
      0.4734
      0.6187
      0.8792
      1.2352
      1.6048
      1.8611
      1.8947
      1.6802
      1.2964
      0.8814
      0.5633
      0.4182
      0.4697
      0.7060
      1.0806
      1.5016
      1.8382
      1.9674
      0.3138
      0.3810
      0.5896
      0.9446
      1.4109
      1.8865
      2.2200
      2.2804
      2.0353
      1.5758
      1.0660
      0.6599
      0.4496
      0.4659
      0.6986
      1.0989
      1.5633
      1.9407
      2.0867
      0.2804
      0.3594
      0.6027
      1.0130
      1.5496
      2.0987
      2.4906
      2.5754
      2.3118
      1.7979
      1.2178
      0.7468
      0.4922
      0.4922
      0.7389
      1.1801
      1.7001
      2.1260
      2.2912
      0.2750
      0.3576
      0.6121
      1.0409
      1.6022
      2.1782
      2.5925
      2.6875
      2.4177
      1.8839
      1.2773
      0.7821
      0.5116
      0.5072
      0.7621
      1.2226
      1.7675
      2.2147
      2.3884
