      0.2227
      0.2358
      0.2715
      0.3219
      0.3801
      0.4426
      0.5058
      0.5647
      0.6126
      0.6409
      0.6376
      0.5907
      0.4980
      0.3744
      0.2474
      0.1423
      0.0716
      0.0339
      0.0225
      0.2212
      0.2330
      0.2650
      0.3101
      0.3623
      0.4190
      0.4776
      0.5336
      0.5805
      0.6099
      0.6098
      0.5684
      0.4829
      0.3666
      0.2452
      0.1433
      0.0737
      0.0360
      0.0245
      0.2154
      0.2237
      0.2464
      0.2783
      0.3164
      0.3604
      0.4092
      0.4590
      0.5034
      0.5340
      0.5403
      0.5116
      0.4439
      0.3465
      0.2403
      0.1473
      0.0813
      0.0443
      0.0327
      0.2040
      0.2081
      0.2195
      0.2371
      0.2618
      0.2956
      0.3378
      0.3831
      0.4237
      0.4521
      0.4611
      0.4440
      0.3968
      0.3238
      0.2390
      0.1604
      0.1014
      0.0669
      0.0559
      0.1908
      0.1911
      0.1933
      0.2013
      0.2205
      0.2541
      0.2983
      0.3431
      0.3778
      0.3969
      0.4003
      0.3883
      0.3593
      0.3128
      0.2550
      0.1980
      0.1534
      0.1268
      0.1182
      0.1850
      0.1826
      0.1791
      0.1842
      0.2072
      0.2500
      0.3027
      0.3481
      0.3726
      0.3755
      0.3664
      0.3555
      0.3448
      0.3305
      0.3110
      0.2911
      0.2771
      0.2708
      0.2693
      0.1946
      0.1905
      0.1844
      0.1910
      0.2221
      0.2765
      0.3369
      0.3792
      0.3891
      0.3728
      0.3516
      0.3458
      0.3623
      0.3956
      0.4378
      0.4847
      0.5320
      0.5696
      0.5843
      0.2183
      0.2133
      0.2063
      0.2154
      0.2537
      0.3158
      0.3780
      0.4119
      0.4055
      0.3732
      0.3473
      0.3578
      0.4179
      0.5236
      0.6629
      0.8209
      0.9750
      1.0914
      1.1352
      0.2437
      0.2387
      0.2329
      0.2460
      0.2904
      0.3574
      0.4182
      0.4430
      0.4230
      0.3803
      0.3569
      0.3932
      0.5116
      0.7136
      0.9861
      1.3012
      1.6096
      1.8411
      1.9278
      0.2545
      0.2516
      0.2524
      0.2764
      0.3341
      0.4128
      0.4791
      0.5008
      0.4709
      0.4178
      0.3935
      0.4515
      0.6272
      0.9320
      1.3530
      1.8477
      2.3349
      2.7005
      2.8373
      0.2437
      0.2464
      0.2635
      0.3132
      0.4022
      0.5112
      0.5988
      0.6260
      0.5846
      0.5089
      0.4643
      0.5206
      0.7292
      1.1122
      1.6572
      2.3077
      2.9522
      3.4364
      3.6175
      0.2183
      0.2308
      0.2765
      0.3705
      0.5133
      0.6742
      0.7981
      0.8339
      0.7706
      0.6509
      0.5570
      0.5768
      0.7763
      1.1855
      1.7920
      2.5289
      3.2645
      3.8187
      4.0261
      0.1946
      0.2200
      0.3033
      0.4548
      0.6649
      0.8876
      1.0494
      1.0865
      0.9866
      0.8047
      0.6403
      0.5964
      0.7478
      1.1279
      1.7249
      2.4689
      3.2209
      3.7908
      4.0046
      0.1850
      0.2239
      0.3452
      0.5525
      0.8235
      1.0954
      1.2788
      1.3021
      1.1573
      0.9124
      0.6801
      0.5704
      0.6599
      0.9841
      1.5356
      2.2496
      2.9874
      3.5537
      3.7673
      0.1908
      0.2401
      0.3897
      0.6343
      0.9391
      1.2288
      1.4067
      1.4032
      1.2196
      0.9332
      0.6608
      0.5106
      0.5576
      0.8432
      1.3729
      2.0926
      2.8604
      3.4611
      3.6899
      0.2040
      0.2584
      0.4201
      0.6749
      0.9787
      1.2514
      1.4007
      1.3676
      1.1638
      0.8693
      0.5952
      0.4419
      0.4850
      0.7801
      1.3551
      2.1684
      3.0619
      3.7742
      4.0479
      0.2154
      0.2700
      0.4293
      0.6724
      0.9502
      1.1855
      1.2979
      1.2428
      1.0392
      0.7636
      0.5154
      0.3869
      0.4587
      0.8073
      1.4880
      2.4697
      3.5667
      4.4509
      4.7924
      0.2212
      0.2738
      0.4250
      0.6499
      0.8982
      1.0986
      1.1821
      1.1156
      0.9222
      0.6719
      0.4540
      0.3552
      0.4627
      0.8727
      1.6631
      2.8100
      4.1002
      5.1448
      5.5491
      0.2227
      0.2742
      0.4213
      0.6378
      0.8736
      1.0599
      1.1328
      1.0633
      0.8754
      0.6364
      0.4314
      0.3454
      0.4686
      0.9053
      1.7422
      2.9579
      4.3276
      5.4379
      5.8679
