      0.3130
      0.3186
      0.3313
      0.3420
      0.3459
      0.3464
      0.3527
      0.3724
      0.4062
      0.4447
      0.4694
      0.4602
      0.4075
      0.3202
      0.2214
      0.1353
      0.0754
      0.0429
      0.0329
      0.3164
      0.3204
      0.3286
      0.3338
      0.3328
      0.3304
      0.3355
      0.3557
      0.3916
      0.4340
      0.4646
      0.4630
      0.4175
      0.3348
      0.2367
      0.1480
      0.0841
      0.0483
      0.0371
      0.3397
      0.3379
      0.3316
      0.3192
      0.3037
      0.2927
      0.2952
      0.3174
      0.3590
      0.4118
      0.4585
      0.4774
      0.4520
      0.3821
      0.2856
      0.1889
      0.1130
      0.0673
      0.0524
      0.4240
      0.4107
      0.3752
      0.3287
      0.2858
      0.2599
      0.2587
      0.2840
      0.3330
      0.3986
      0.4663
      0.5136
      0.5170
      0.4661
      0.3724
      0.2635
      0.1689
      0.1077
      0.0869
      0.6380
      0.6039
      0.5157
      0.4077
      0.3158
      0.2625
      0.2522
      0.2778
      0.3310
      0.4058
      0.4923
      0.5693
      0.6065
      0.5809
      0.4946
      0.3753
      0.2615
      0.1832
      0.1557
      1.0500
      0.9820
      0.8078
      0.5982
      0.4231
      0.3195
      0.2860
      0.3020
      0.3499
      0.4239
      0.5208
      0.6232
      0.6960
      0.7045
      0.6389
      0.5238
      0.4027
      0.3153
      0.2839
      1.6681
      1.5529
      1.2586
      0.9053
      0.6090
      0.4263
      0.3497
      0.3413
      0.3708
      0.4316
      0.5270
      0.6464
      0.7547
      0.8089
      0.7878
      0.7074
      0.6090
      0.5335
      0.5058
      2.3817
      2.2140
      1.7854
      1.2697
      0.8331
      0.5545
      0.4207
      0.3764
      0.3780
      0.4157
      0.4988
      0.6256
      0.7670
      0.8791
      0.9319
      0.9282
      0.8957
      0.8646
      0.8526
      2.9686
      2.7588
      2.2225
      1.5761
      1.0253
      0.6665
      0.4824
      0.4039
      0.3764
      0.3870
      0.4498
      0.5739
      0.7429
      0.9197
      1.0706
      1.1821
      1.2582
      1.3046
      1.3206
      3.1972
      2.9729
      2.4000
      1.7107
      1.1241
      0.7412
      0.5401
      0.4442
      0.3938
      0.3757
      0.4103
      0.5198
      0.7045
      0.9408
      1.1953
      1.4385
      1.6450
      1.7871
      1.8383
      2.9686
      2.7655
      2.2490
      1.6334
      1.1184
      0.7907
      0.6213
      0.5317
      0.4643
      0.4121
      0.4061
      0.4841
      0.6645
      0.9381
      1.2748
      1.6317
      1.9557
      2.1864
      2.2705
      2.3817
      2.2298
      1.8480
      1.4057
      1.0558
      0.8536
      0.7576
      0.6908
      0.6046
      0.5059
      0.4423
      0.4684
      0.6182
      0.8941
      1.2695
      1.6932
      2.0927
      2.3825
      2.4890
      1.6681
      1.5809
      1.3698
      1.1480
      1.0085
      0.9653
      0.9601
      0.9173
      0.8025
      0.6427
      0.5058
      0.4627
      0.5582
      0.8021
      1.1714
      1.6123
      2.0420
      2.3594
      2.4769
      1.0500
      1.0238
      0.9745
      0.9630
      1.0249
      1.1331
      1.2101
      1.1814
      1.0274
      0.7974
      0.5804
      0.4613
      0.4923
      0.6882
      1.0313
      1.4701
      1.9158
      2.2533
      2.3797
      0.6380
      0.6587
      0.7341
      0.8861
      1.1064
      1.3337
      1.4730
      1.4486
      1.2528
      0.9543
      0.6611
      0.4711
      0.4442
      0.6028
      0.9381
      1.4032
      1.8995
      2.2866
      2.4337
      0.4240
      0.4750
      0.6318
      0.8923
      1.2204
      1.5318
      1.7173
      1.6962
      1.4665
      1.1103
      0.7517
      0.5029
      0.4358
      0.5861
      0.9586
      1.5101
      2.1226
      2.6120
      2.8000
      0.3397
      0.4074
      0.6099
      0.9333
      1.3280
      1.6968
      1.9194
      1.9075
      1.6576
      1.2587
      0.8486
      0.5550
      0.4663
      0.6357
      1.0839
      1.7695
      2.5470
      3.1761
      3.4193
      0.3164
      0.3919
      0.6159
      0.9706
      1.4015
      1.8060
      2.0565
      2.0567
      1.7984
      1.3733
      0.9287
      0.6060
      0.5085
      0.7051
      1.2296
      2.0406
      2.9677
      3.7217
      4.0138
      0.3130
      0.3906
      0.6206
      0.9848
      1.4274
      1.8444
      2.1056
      2.1115
      1.8514
      1.4174
      0.9604
      0.6274
      0.5278
      0.7368
      1.2933
      2.1557
      3.1434
      3.9477
      4.2595
