      0.2942
      0.2958
      0.2980
      0.2956
      0.2875
      0.2792
      0.2803
      0.2990
      0.3363
      0.3824
      0.4180
      0.4216
      0.3819
      0.3058
      0.2151
      0.1335
      0.0755
      0.0434
      0.0335
      0.2964
      0.2967
      0.2956
      0.2893
      0.2780
      0.2681
      0.2695
      0.2900
      0.3305
      0.3818
      0.4246
      0.4365
      0.4039
      0.3311
      0.2388
      0.1520
      0.0877
      0.0508
      0.0392
      0.3164
      0.3122
      0.2995
      0.2798
      0.2583
      0.2440
      0.2465
      0.2724
      0.3222
      0.3876
      0.4504
      0.4858
      0.4736
      0.4105
      0.3135
      0.2109
      0.1275
      0.0760
      0.0590
      0.3967
      0.3825
      0.3448
      0.2964
      0.2534
      0.2297
      0.2335
      0.2672
      0.3294
      0.4137
      0.5042
      0.5741
      0.5934
      0.5461
      0.4426
      0.3156
      0.2017
      0.1265
      0.1006
      0.6056
      0.5723
      0.4864
      0.3825
      0.2967
      0.2515
      0.2513
      0.2901
      0.3615
      0.4613
      0.5791
      0.6874
      0.7457
      0.7221
      0.6166
      0.4643
      0.3156
      0.2120
      0.1754
      1.0097
      0.9441
      0.7768
      0.5775
      0.4148
      0.3248
      0.3058
      0.3382
      0.4071
      0.5104
      0.6450
      0.7868
      0.8871
      0.8977
      0.8049
      0.6419
      0.4693
      0.3436
      0.2983
      1.6153
      1.5044
      1.2218
      0.8849
      0.6071
      0.4426
      0.3831
      0.3915
      0.4413
      0.5308
      0.6653
      0.8275
      0.9666
      1.0226
      0.9675
      0.8261
      0.6604
      0.5339
      0.4873
      2.3135
      2.1517
      1.7392
      1.2454
      0.8320
      0.5744
      0.4578
      0.4279
      0.4454
      0.5067
      0.6239
      0.7892
      0.9579
      1.0673
      1.0785
      1.0019
      0.8878
      0.7935
      0.7578
      2.8870
      2.6842
      2.1668
      1.5454
      1.0194
      0.6812
      0.5116
      0.4430
      0.4256
      0.4523
      0.5398
      0.6918
      0.8769
      1.0405
      1.1388
      1.1646
      1.1449
      1.1163
      1.1040
      3.1104
      2.8931
      2.3388
      1.6730
      1.1083
      0.7413
      0.5494
      0.4585
      0.4133
      0.4052
      0.4553
      0.5798
      0.7659
      0.9741
      1.1619
      1.3055
      1.4024
      1.4584
      1.4770
      2.8870
      2.6897
      2.1878
      1.5894
      1.0882
      0.7681
      0.6010
      0.5123
      0.4483
      0.4040
      0.4083
      0.4916
      0.6604
      0.8925
      1.1502
      1.3967
      1.6017
      1.7391
      1.7878
      2.3135
      2.1648
      1.7907
      1.3556
      1.0085
      0.8041
      0.7044
      0.6369
      0.5558
      0.4672
      0.4136
      0.4409
      0.5724
      0.8006
      1.0936
      1.4068
      1.6890
      1.8873
      1.9591
      1.6153
      1.5285
      1.3175
      1.0928
      0.9465
      0.8949
      0.8841
      0.8429
      0.7374
      0.5912
      0.4656
      0.4230
      0.5002
      0.7001
      0.9971
      1.3439
      1.6751
      1.9164
      2.0051
      1.0097
      0.9818
      0.9272
      0.9075
      0.9606
      1.0634
      1.1417
      1.1218
      0.9813
      0.7645
      0.5552
      0.4337
      0.4485
      0.6121
      0.9065
      1.2850
      1.6698
      1.9610
      2.0702
      0.6056
      0.6240
      0.6940
      0.8416
      1.0638
      1.3027
      1.4618
      1.4584
      1.2770
      0.9819
      0.6817
      0.4779
      0.4340
      0.5751
      0.8944
      1.3467
      1.8345
      2.2174
      2.3633
      0.3967
      0.4468
      0.6040
      0.8740
      1.2282
      1.5825
      1.8166
      1.8320
      1.6125
      1.2386
      0.8454
      0.5607
      0.4697
      0.6160
      1.0080
      1.6006
      2.2650
      2.7985
      3.0040
      0.3164
      0.3860
      0.5986
      0.9518
      1.4041
      1.8538
      2.1580
      2.1980
      1.9499
      1.5056
      1.0262
      0.6687
      0.5444
      0.7197
      1.2198
      1.9972
      2.8842
      3.6039
      3.8825
      0.2964
      0.3764
      0.6198
      1.0223
      1.5381
      2.0551
      2.4136
      2.4769
      2.2122
      1.7177
      1.1744
      0.7639
      0.6198
      0.8280
      1.4272
      2.3668
      3.4457
      4.3245
      4.6652
      0.2942
      0.3775
      0.6308
      1.0499
      1.5882
      2.1300
      2.5095
      2.5827
      2.3125
      1.7997
      1.2325
      0.8022
      0.6515
      0.8739
      1.5134
      2.5180
      3.6731
      4.6149
      4.9802
