      0.0020
      0.0049
      0.0121
      0.0164
      0.0121
      0.0049
      0.0014
      0.0007
      0.0014
      0.0046
      0.0112
      0.0150
      0.0109
      0.0043
      0.0009
      0.0001
      0.0000
      0.0000
      0.0000
      0.0029
      0.0063
      0.0139
      0.0172
      0.0117
      0.0044
      0.0011
      0.0005
      0.0010
      0.0038
      0.0098
      0.0143
      0.0113
      0.0049
      0.0011
      0.0001
      0.0000
      0.0000
      0.0000
      0.0038
      0.0073
      0.0138
      0.0148
      0.0086
      0.0028
      0.0006
      0.0002
      0.0005
      0.0021
      0.0064
      0.0110
      0.0107
      0.0059
      0.0018
      0.0003
      0.0000
      0.0000
      0.0000
      0.0029
      0.0049
      0.0081
      0.0076
      0.0039
      0.0011
      0.0002
      0.0001
      0.0002
      0.0010
      0.0045
      0.0118
      0.0180
      0.0157
      0.0077
      0.0021
      0.0003
      0.0000
      0.0000
      0.0022
      0.0025
      0.0029
      0.0022
      0.0010
      0.0002
      0.0000
      0.0000
      0.0001
      0.0015
      0.0099
      0.0357
      0.0699
      0.0744
      0.0429
      0.0133
      0.0022
      0.0002
      0.0000
      0.0167
      0.0125
      0.0053
      0.0014
      0.0002
      0.0000
      0.0000
      0.0000
      0.0002
      0.0029
      0.0217
      0.0878
      0.1909
      0.2240
      0.1421
      0.0486
      0.0090
      0.0011
      0.0003
      0.1446
      0.1063
      0.0422
      0.0090
      0.0010
      0.0001
      0.0001
      0.0001
      0.0003
      0.0033
      0.0271
      0.1199
      0.2857
      0.3675
      0.2556
      0.0967
      0.0221
      0.0082
      0.0083
      0.6780
      0.4983
      0.1976
      0.0421
      0.0048
      0.0003
      0.0001
      0.0002
      0.0002
      0.0021
      0.0182
      0.0887
      0.2320
      0.3287
      0.2550
      0.1177
      0.0670
      0.1027
      0.1338
      1.7098
      1.2567
      0.4983
      0.1062
      0.0121
      0.0008
      0.0002
      0.0003
      0.0003
      0.0008
      0.0067
      0.0364
      0.1087
      0.1842
      0.1943
      0.1960
      0.3986
      0.8741
      1.1681
      2.3265
      1.7098
      0.6780
      0.1446
      0.0167
      0.0021
      0.0030
      0.0043
      0.0035
      0.0016
      0.0020
      0.0125
      0.0582
      0.1742
      0.3506
      0.6782
      1.8073
      4.0817
      5.4681
      1.7098
      1.2567
      0.4983
      0.1066
      0.0152
      0.0155
      0.0382
      0.0535
      0.0407
      0.0167
      0.0046
      0.0121
      0.0856
      0.3473
      0.8445
      1.7541
      4.6025
     10.2984
     13.7810
      0.6780
      0.4983
      0.1979
      0.0458
      0.0308
      0.1121
      0.2698
      0.3563
      0.2555
      0.0990
      0.0215
      0.0154
      0.1071
      0.4724
      1.2229
      2.5515
      6.4037
     14.0622
     18.7618
      0.1446
      0.1065
      0.0453
      0.0326
      0.1295
      0.4712
      1.0349
      1.2769
      0.8625
      0.3157
      0.0627
      0.0151
      0.0750
      0.3528
      0.9674
      2.0323
      4.8581
     10.4038
     13.8161
      0.0167
      0.0143
      0.0242
      0.1079
      0.4116
      1.1653
      2.2087
      2.4944
      1.5775
      0.5445
      0.1015
      0.0131
      0.0287
      0.1424
      0.4143
      0.8819
      2.0082
      4.1705
      5.5029
      0.0022
      0.0096
      0.0713
      0.3231
      0.9186
      1.8644
      2.7961
      2.7774
      1.6294
      0.5325
      0.0946
      0.0096
      0.0062
      0.0310
      0.0961
      0.2120
      0.4724
      0.9573
      1.2554
      0.0029
      0.0200
      0.1466
      0.5936
      1.4048
      2.2115
      2.6767
      2.4361
      1.4353
      0.4927
      0.0943
      0.0099
      0.0012
      0.0039
      0.0166
      0.0679
      0.2500
      0.5977
      0.8062
      0.0038
      0.0245
      0.1673
      0.6338
      1.4458
      2.4491
      3.6744
      4.2141
      2.9781
      1.1816
      0.2555
      0.0297
      0.0019
      0.0016
      0.0230
      0.1972
      0.9204
      2.3187
      3.1544
      0.0029
      0.0172
      0.1110
      0.4216
      1.1828
      3.1526
      6.8252
      9.1721
      6.8870
      2.8119
      0.6186
      0.0728
      0.0047
      0.0035
      0.0562
      0.4930
      2.3124
      5.8314
      7.9343
      0.0020
      0.0116
      0.0720
      0.2913
      1.0609
      3.6936
      8.8986
     12.3080
      9.3139
      3.8129
      0.8399
      0.0989
      0.0063
      0.0048
      0.0764
      0.6707
      3.1461
      7.9341
     10.7953
