      0.0843
      0.1124
      0.1701
      0.2005
      0.1728
      0.1140
      0.0677
      0.0458
      0.0368
      0.0340
      0.0361
      0.0366
      0.0295
      0.0175
      0.0074
      0.0022
      0.0005
      0.0001
      0.0000
      0.0896
      0.1158
      0.1677
      0.1905
      0.1590
      0.1018
      0.0586
      0.0388
      0.0314
      0.0301
      0.0336
      0.0362
      0.0313
      0.0201
      0.0094
      0.0032
      0.0008
      0.0001
      0.0000
      0.0928
      0.1130
      0.1492
      0.1561
      0.1207
      0.0716
      0.0381
      0.0240
      0.0202
      0.0225
      0.0310
      0.0409
      0.0432
      0.0341
      0.0197
      0.0083
      0.0025
      0.0006
      0.0002
      0.0789
      0.0901
      0.1068
      0.1015
      0.0717
      0.0388
      0.0191
      0.0122
      0.0125
      0.0203
      0.0398
      0.0682
      0.0884
      0.0831
      0.0560
      0.0270
      0.0092
      0.0024
      0.0009
      0.0649
      0.0663
      0.0648
      0.0525
      0.0331
      0.0170
      0.0098
      0.0092
      0.0133
      0.0283
      0.0678
      0.1332
      0.1918
      0.1973
      0.1443
      0.0751
      0.0284
      0.0088
      0.0043
      0.1118
      0.0982
      0.0669
      0.0364
      0.0171
      0.0098
      0.0106
      0.0145
      0.0207
      0.0413
      0.1026
      0.2149
      0.3297
      0.3607
      0.2812
      0.1586
      0.0701
      0.0325
      0.0243
      0.3184
      0.2688
      0.1619
      0.0705
      0.0248
      0.0136
      0.0174
      0.0231
      0.0279
      0.0471
      0.1156
      0.2543
      0.4127
      0.4796
      0.4037
      0.2626
      0.1646
      0.1358
      0.1353
      0.7461
      0.6277
      0.3738
      0.1584
      0.0517
      0.0225
      0.0236
      0.0278
      0.0283
      0.0394
      0.0937
      0.2162
      0.3733
      0.4702
      0.4559
      0.4074
      0.4389
      0.5461
      0.6071
      1.2531
      1.0540
      0.6270
      0.2648
      0.0839
      0.0302
      0.0247
      0.0256
      0.0225
      0.0250
      0.0553
      0.1350
      0.2558
      0.3759
      0.4942
      0.7235
      1.1810
      1.7354
      1.9967
      1.4897
      1.2530
      0.7456
      0.3152
      0.1001
      0.0355
      0.0275
      0.0273
      0.0222
      0.0176
      0.0278
      0.0700
      0.1586
      0.3141
      0.6298
      1.3335
      2.5915
      4.0232
      4.6832
      1.2531
      1.0543
      0.6291
      0.2713
      0.0986
      0.0560
      0.0601
      0.0629
      0.0505
      0.0313
      0.0226
      0.0427
      0.1192
      0.3194
      0.8332
      2.0427
      4.2057
      6.6605
      7.7913
      0.7461
      0.6300
      0.3858
      0.1942
      0.1284
      0.1477
      0.1822
      0.1823
      0.1386
      0.0786
      0.0377
      0.0376
      0.1046
      0.3190
      0.9107
      2.3366
      4.9081
      7.8390
      9.1919
      0.3184
      0.2782
      0.2102
      0.2063
      0.2930
      0.4110
      0.4728
      0.4286
      0.2998
      0.1583
      0.0649
      0.0369
      0.0807
      0.2528
      0.7431
      1.9357
      4.0966
      6.5676
      7.7102
      0.1118
      0.1260
      0.2055
      0.4074
      0.6991
      0.9332
      0.9676
      0.7888
      0.5042
      0.2478
      0.0929
      0.0351
      0.0485
      0.1489
      0.4473
      1.1789
      2.5083
      4.0313
      4.7362
      0.0649
      0.1242
      0.3479
      0.7851
      1.3151
      1.6491
      1.5907
      1.2120
      0.7357
      0.3502
      0.1274
      0.0381
      0.0257
      0.0729
      0.2385
      0.6675
      1.4631
      2.3806
      2.8061
      0.0789
      0.1751
      0.5186
      1.1486
      1.8677
      2.2943
      2.2155
      1.7382
      1.1111
      0.5616
      0.2155
      0.0622
      0.0228
      0.0585
      0.2435
      0.7832
      1.8281
      3.0501
      3.6190
      0.0928
      0.2023
      0.5822
      1.2624
      2.0577
      2.6431
      2.8072
      2.4971
      1.7980
      0.9949
      0.4061
      0.1206
      0.0390
      0.1003
      0.4625
      1.5583
      3.7071
      6.2301
      7.4059
      0.0896
      0.1887
      0.5267
      1.1368
      1.9297
      2.7371
      3.3310
      3.3574
      2.6345
      1.5333
      0.6436
      0.1940
      0.0627
      0.1629
      0.7605
      2.5757
      6.1400
     10.3271
     12.2788
      0.0843
      0.1745
      0.4801
      1.0398
      1.8225
      2.7443
      3.5623
      3.7636
      3.0342
      1.7906
      0.7569
      0.2289
      0.0742
      0.1931
      0.9026
      3.0583
      7.2916
     12.2648
     14.5829
