      0.1906
      0.2033
      0.2278
      0.2357
      0.2112
      0.1656
      0.1274
      0.1224
      0.1616
      0.2352
      0.3097
      0.3416
      0.3081
      0.2250
      0.1327
      0.0631
      0.0244
      0.0081
      0.0041
      0.1883
      0.1995
      0.2202
      0.2242
      0.1980
      0.1533
      0.1171
      0.1131
      0.1520
      0.2259
      0.3048
      0.3462
      0.3232
      0.2460
      0.1521
      0.0764
      0.0313
      0.0111
      0.0058
      0.1822
      0.1890
      0.1991
      0.1931
      0.1635
      0.1228
      0.0932
      0.0935
      0.1336
      0.2120
      0.3076
      0.3798
      0.3892
      0.3275
      0.2252
      0.1261
      0.0576
      0.0227
      0.0127
      0.1861
      0.1852
      0.1779
      0.1567
      0.1232
      0.0899
      0.0720
      0.0813
      0.1280
      0.2206
      0.3515
      0.4810
      0.5471
      0.5097
      0.3860
      0.2367
      0.1180
      0.0508
      0.0303
      0.2509
      0.2359
      0.1964
      0.1460
      0.1009
      0.0733
      0.0685
      0.0896
      0.1469
      0.2618
      0.4440
      0.6550
      0.8033
      0.8032
      0.6498
      0.4247
      0.2262
      0.1056
      0.0673
      0.4684
      0.4252
      0.3195
      0.2039
      0.1212
      0.0853
      0.0876
      0.1165
      0.1799
      0.3112
      0.5402
      0.8349
      1.0773
      1.1329
      0.9643
      0.6657
      0.3793
      0.1956
      0.1353
      0.9183
      0.8250
      0.6003
      0.3611
      0.1968
      0.1265
      0.1209
      0.1467
      0.2024
      0.3284
      0.5714
      0.9138
      1.2311
      1.3563
      1.2159
      0.8949
      0.5590
      0.3318
      0.2549
      1.5592
      1.3978
      1.0099
      0.5980
      0.3132
      0.1833
      0.1541
      0.1651
      0.1997
      0.2955
      0.5079
      0.8385
      1.1837
      1.3785
      1.3228
      1.0671
      0.7624
      0.5421
      0.4652
      2.1608
      1.9365
      1.3976
      0.8251
      0.4269
      0.2389
      0.1845
      0.1783
      0.1874
      0.2396
      0.3902
      0.6612
      0.9904
      1.2461
      1.3193
      1.2105
      1.0211
      0.8658
      0.8085
      2.4109
      2.1615
      1.5630
      0.9303
      0.4952
      0.2955
      0.2411
      0.2295
      0.2149
      0.2178
      0.2946
      0.4884
      0.7826
      1.0906
      1.3063
      1.3804
      1.3501
      1.2933
      1.2681
      2.1608
      1.9405
      1.4158
      0.8732
      0.5232
      0.3938
      0.3864
      0.3872
      0.3441
      0.2825
      0.2742
      0.3869
      0.6404
      0.9838
      1.3161
      1.5495
      1.6647
      1.7016
      1.7077
      1.5592
      1.4091
      1.0612
      0.7314
      0.5755
      0.5968
      0.6819
      0.7030
      0.6085
      0.4491
      0.3315
      0.3510
      0.5469
      0.8857
      1.2709
      1.5947
      1.8013
      1.9009
      1.9287
      0.9183
      0.8493
      0.7088
      0.6371
      0.7257
      0.9392
      1.1344
      1.1622
      0.9813
      0.6865
      0.4335
      0.3418
      0.4526
      0.7333
      1.0958
      1.4348
      1.6803
      1.8177
      1.8606
      0.4684
      0.4677
      0.5071
      0.6704
      0.9937
      1.3946
      1.6875
      1.6990
      1.4047
      0.9531
      0.5522
      0.3400
      0.3482
      0.5381
      0.8380
      1.1672
      1.4563
      1.6541
      1.7247
      0.2509
      0.2983
      0.4693
      0.8165
      1.3383
      1.9092
      2.2962
      2.2931
      1.8836
      1.2666
      0.7062
      0.3657
      0.2709
      0.3804
      0.6493
      1.0374
      1.4751
      1.8370
      1.9797
      0.1861
      0.2638
      0.5221
      1.0061
      1.7023
      2.4583
      2.9875
      3.0206
      2.5160
      1.7134
      0.9542
      0.4566
      0.2606
      0.3312
      0.6600
      1.2557
      2.0329
      2.7315
      3.0170
      0.1822
      0.2766
      0.5884
      1.1749
      2.0387
      3.0202
      3.7689
      3.9106
      3.3361
      2.3200
      1.3104
      0.6178
      0.3184
      0.3912
      0.8684
      1.8078
      3.0907
      4.2710
      4.7580
      0.1883
      0.2901
      0.6303
      1.2867
      2.2906
      3.4866
      4.4635
      4.7354
      4.1154
      2.9056
      1.6600
      0.7852
      0.3973
      0.4896
      1.1272
      2.4066
      4.1725
      5.8062
      6.4819
      0.1906
      0.2943
      0.6433
      1.3255
      2.3866
      3.6742
      4.7510
      5.0821
      4.4456
      3.1547
      1.8093
      0.8576
      0.4336
      0.5361
      1.2432
      2.6663
      4.6343
      6.4568
      7.2109
