      0.0009
      0.0022
      0.0053
      0.0072
      0.0053
      0.0022
      0.0008
      0.0006
      0.0007
      0.0015
      0.0035
      0.0046
      0.0033
      0.0013
      0.0003
      0.0000
      0.0000
      0.0000
      0.0000
      0.0013
      0.0028
      0.0061
      0.0076
      0.0051
      0.0020
      0.0007
      0.0005
      0.0005
      0.0013
      0.0031
      0.0044
      0.0035
      0.0015
      0.0004
      0.0000
      0.0000
      0.0000
      0.0000
      0.0017
      0.0032
      0.0061
      0.0065
      0.0038
      0.0013
      0.0003
      0.0002
      0.0002
      0.0007
      0.0021
      0.0039
      0.0042
      0.0026
      0.0010
      0.0002
      0.0000
      0.0000
      0.0000
      0.0016
      0.0024
      0.0037
      0.0034
      0.0017
      0.0005
      0.0001
      0.0000
      0.0001
      0.0006
      0.0028
      0.0085
      0.0144
      0.0134
      0.0069
      0.0019
      0.0003
      0.0000
      0.0000
      0.0097
      0.0076
      0.0038
      0.0015
      0.0005
      0.0001
      0.0000
      0.0000
      0.0001
      0.0014
      0.0093
      0.0340
      0.0672
      0.0718
      0.0415
      0.0129
      0.0022
      0.0002
      0.0000
      0.1528
      0.1124
      0.0447
      0.0096
      0.0011
      0.0001
      0.0001
      0.0001
      0.0003
      0.0029
      0.0211
      0.0853
      0.1855
      0.2178
      0.1381
      0.0472
      0.0088
      0.0011
      0.0004
      1.3403
      0.9851
      0.3906
      0.0833
      0.0095
      0.0006
      0.0002
      0.0004
      0.0005
      0.0033
      0.0264
      0.1166
      0.2778
      0.3573
      0.2483
      0.0937
      0.0214
      0.0083
      0.0087
      6.2871
      4.6208
      1.8323
      0.3906
      0.0445
      0.0028
      0.0005
      0.0005
      0.0005
      0.0021
      0.0178
      0.0861
      0.2250
      0.3176
      0.2439
      0.1103
      0.0649
      0.1066
      0.1408
     15.8554
     11.6530
      4.6208
      0.9851
      0.1123
      0.0069
      0.0006
      0.0005
      0.0003
      0.0008
      0.0065
      0.0347
      0.1005
      0.1607
      0.1528
      0.1548
      0.3881
      0.9118
      1.2313
     21.5732
     15.8554
      6.2871
      1.3403
      0.1528
      0.0096
      0.0013
      0.0015
      0.0012
      0.0006
      0.0015
      0.0089
      0.0337
      0.0822
      0.1624
      0.4783
      1.7556
      4.2625
      5.7693
     15.8554
     11.6530
      4.6208
      0.9852
      0.1132
      0.0113
      0.0120
      0.0165
      0.0125
      0.0051
      0.0015
      0.0043
      0.0284
      0.1150
      0.3377
      1.1864
      4.4265
     10.7443
     14.5426
      6.2871
      4.6208
      1.8324
      0.3918
      0.0528
      0.0375
      0.0833
      0.1096
      0.0785
      0.0304
      0.0066
      0.0048
      0.0332
      0.1515
      0.4762
      1.6587
      6.0596
     14.6290
     19.7864
      1.3403
      0.9852
      0.3919
      0.0920
      0.0528
      0.1507
      0.3220
      0.3940
      0.2654
      0.0971
      0.0193
      0.0046
      0.0232
      0.1128
      0.3704
      1.2658
      4.4976
     10.7706
     14.5487
      0.1528
      0.1132
      0.0528
      0.0527
      0.1525
      0.3912
      0.7035
      0.7782
      0.4890
      0.1686
      0.0314
      0.0040
      0.0089
      0.0455
      0.1563
      0.5259
      1.8123
      4.2950
      5.7909
      0.0097
      0.0107
      0.0336
      0.1381
      0.3707
      0.6917
      0.9676
      0.9348
      0.5489
      0.1820
      0.0331
      0.0034
      0.0019
      0.0100
      0.0375
      0.1349
      0.4723
      1.1191
      1.5082
      0.0016
      0.0090
      0.0645
      0.2606
      0.6176
      0.9961
      1.2918
      1.2909
      0.8319
      0.3095
      0.0637
      0.0071
      0.0007
      0.0022
      0.0214
      0.1643
      0.7497
      1.8806
      2.5567
      0.0017
      0.0108
      0.0743
      0.2897
      0.7354
      1.5677
      2.9142
      3.6995
      2.7235
      1.1024
      0.2413
      0.0283
      0.0019
      0.0050
      0.0805
      0.7050
      3.3054
      8.3351
     11.3408
      0.0013
      0.0076
      0.0506
      0.2152
      0.7892
      2.6913
      6.4050
      8.8218
      6.6665
      2.7277
      0.6006
      0.0707
      0.0048
      0.0124
      0.2023
      1.7756
      8.3288
     21.0042
     28.5788
      0.0009
      0.0052
      0.0341
      0.1687
      0.8341
      3.4056
      8.5552
     11.9383
      9.0512
      3.7071
      0.8167
      0.0962
      0.0065
      0.0168
      0.2752
      2.4158
     11.3322
     28.5786
     38.8847
