      0.3433
      0.3587
      0.3966
      0.4390
      0.4725
      0.4958
      0.5156
      0.5380
      0.5625
      0.5804
      0.5764
      0.5352
      0.4522
      0.3405
      0.2255
      0.1307
      0.0673
      0.0339
      0.0238
      0.3424
      0.3557
      0.3880
      0.4234
      0.4504
      0.4690
      0.4862
      0.5075
      0.5320
      0.5510
      0.5497
      0.5132
      0.4367
      0.3317
      0.2221
      0.1305
      0.0685
      0.0353
      0.0252
      0.3423
      0.3498
      0.3669
      0.3836
      0.3944
      0.4022
      0.4139
      0.4332
      0.4576
      0.4781
      0.4819
      0.4560
      0.3953
      0.3079
      0.2131
      0.1309
      0.0731
      0.0411
      0.0312
      0.3557
      0.3544
      0.3495
      0.3405
      0.3310
      0.3280
      0.3365
      0.3554
      0.3785
      0.3971
      0.4020
      0.3849
      0.3420
      0.2774
      0.2038
      0.1369
      0.0877
      0.0594
      0.0504
      0.4103
      0.3976
      0.3644
      0.3243
      0.2931
      0.2816
      0.2903
      0.3102
      0.3290
      0.3387
      0.3367
      0.3222
      0.2945
      0.2546
      0.2082
      0.1644
      0.1313
      0.1121
      0.1061
      0.5400
      0.5124
      0.4430
      0.3631
      0.3045
      0.2824
      0.2903
      0.3083
      0.3177
      0.3121
      0.2972
      0.2818
      0.2698
      0.2600
      0.2512
      0.2449
      0.2430
      0.2445
      0.2456
      0.7568
      0.7109
      0.5958
      0.4648
      0.3682
      0.3264
      0.3256
      0.3347
      0.3294
      0.3063
      0.2801
      0.2689
      0.2816
      0.3164
      0.3663
      0.4242
      0.4809
      0.5238
      0.5401
      1.0222
      0.9567
      0.7924
      0.6045
      0.4625
      0.3923
      0.3741
      0.3678
      0.3459
      0.3087
      0.2792
      0.2840
      0.3378
      0.4405
      0.5814
      0.7427
      0.8981
      1.0133
      1.0561
      1.2472
      1.1665
      0.9643
      0.7324
      0.5542
      0.4598
      0.4248
      0.4037
      0.3678
      0.3218
      0.2963
      0.3267
      0.4360
      0.6289
      0.8930
      1.1984
      1.4944
      1.7140
      1.7957
      1.3359
      1.2517
      1.0417
      0.8030
      0.6226
      0.5290
      0.4934
      0.4667
      0.4203
      0.3647
      0.3396
      0.3918
      0.5556
      0.8437
      1.2437
      1.7124
      2.1702
      2.5110
      2.6379
      1.2472
      1.1752
      0.9987
      0.8067
      0.6757
      0.6240
      0.6144
      0.5936
      0.5349
      0.4570
      0.4129
      0.4643
      0.6589
      1.0180
      1.5294
      2.1375
      2.7364
      3.1838
      3.3505
      1.0222
      0.9767
      0.8716
      0.7764
      0.7440
      0.7725
      0.8108
      0.8000
      0.7177
      0.5954
      0.5038
      0.5209
      0.7061
      1.0866
      1.6497
      2.3318
      3.0097
      3.5183
      3.7083
      0.7568
      0.7453
      0.7319
      0.7597
      0.8500
      0.9737
      1.0621
      1.0520
      0.9294
      0.7435
      0.5834
      0.5403
      0.6793
      1.0292
      1.5774
      2.2585
      2.9447
      3.4632
      3.6574
      0.5400
      0.5615
      0.6365
      0.7804
      0.9811
      1.1816
      1.2989
      1.2708
      1.0973
      0.8460
      0.6199
      0.5148
      0.5952
      0.8893
      1.3880
      2.0314
      2.6943
      3.2019
      3.3932
      0.4103
      0.4570
      0.5977
      0.8228
      1.0914
      1.3257
      1.4378
      1.3755
      1.1562
      0.8611
      0.5968
      0.4550
      0.4954
      0.7494
      1.2185
      1.8534
      2.5286
      3.0560
      3.2567
      0.3557
      0.4166
      0.5917
      0.8519
      1.1363
      1.3580
      1.4362
      1.3362
      1.0914
      0.7876
      0.5245
      0.3831
      0.4203
      0.6782
      1.1773
      1.8804
      2.6510
      3.2645
      3.5000
      0.3423
      0.4077
      0.5904
      0.8485
      1.1105
      1.2916
      1.3256
      1.1972
      0.9504
      0.6674
      0.4344
      0.3212
      0.3862
      0.6885
      1.2722
      2.1108
      3.0462
      3.7995
      4.0903
      0.3424
      0.4070
      0.5844
      0.8255
      1.0559
      1.1966
      1.1957
      1.0525
      0.8159
      0.5615
      0.3630
      0.2822
      0.3816
      0.7364
      1.4111
      2.3858
      3.4808
      4.3669
      4.7097
      0.3433
      0.4070
      0.5805
      0.8129
      1.0290
      1.1532
      1.1395
      0.9921
      0.7615
      0.5199
      0.3362
      0.2692
      0.3837
      0.7616
      1.4752
      2.5071
      3.6682
      4.6090
      4.9732
