      0.5247
      0.5245
      0.5172
      0.4901
      0.4381
      0.3716
      0.3125
      0.2813
      0.2864
      0.3198
      0.3593
      0.3781
      0.3580
      0.2990
      0.2184
      0.1395
      0.0794
      0.0442
      0.0330
      0.5104
      0.5091
      0.4993
      0.4700
      0.4175
      0.3533
      0.2988
      0.2743
      0.2886
      0.3343
      0.3888
      0.4226
      0.4127
      0.3555
      0.2677
      0.1762
      0.1031
      0.0586
      0.0440
      0.4766
      0.4721
      0.4548
      0.4187
      0.3652
      0.3073
      0.2659
      0.2603
      0.3004
      0.3810
      0.4789
      0.5570
      0.5789
      0.5287
      0.4210
      0.2921
      0.1793
      0.1061
      0.0813
      0.4523
      0.4420
      0.4112
      0.3628
      0.3059
      0.2566
      0.2337
      0.2543
      0.3303
      0.4610
      0.6243
      0.7726
      0.8484
      0.8151
      0.6807
      0.4943
      0.3175
      0.1969
      0.1548
      0.4837
      0.4637
      0.4100
      0.3388
      0.2711
      0.2266
      0.2204
      0.2659
      0.3763
      0.5583
      0.7936
      1.0261
      1.1742
      1.1734
      1.0187
      0.7702
      0.5179
      0.3386
      0.2747
      0.6172
      0.5820
      0.4908
      0.3793
      0.2850
      0.2326
      0.2323
      0.2905
      0.4202
      0.6359
      0.9278
      1.2371
      1.4628
      1.5124
      1.3616
      1.0730
      0.7601
      0.5294
      0.4458
      0.8657
      0.8092
      0.6649
      0.4926
      0.3513
      0.2727
      0.2609
      0.3126
      0.4372
      0.6549
      0.9669
      1.3209
      1.6097
      1.7221
      1.6126
      1.3345
      1.0084
      0.7584
      0.6662
      1.1782
      1.0977
      0.8929
      0.6491
      0.4480
      0.3293
      0.2913
      0.3193
      0.4154
      0.6015
      0.8891
      1.2407
      1.5601
      1.7345
      1.7035
      1.4997
      1.2288
      1.0102
      0.9278
      1.4448
      1.3453
      1.0919
      0.7897
      0.5379
      0.3821
      0.3154
      0.3131
      0.3684
      0.5001
      0.7275
      1.0323
      1.3435
      1.5651
      1.6330
      1.5545
      1.4013
      1.2643
      1.2107
      1.5502
      1.4449
      1.1772
      0.8585
      0.5927
      0.4253
      0.3442
      0.3177
      0.3317
      0.4011
      0.5500
      0.7798
      1.0505
      1.2949
      1.4559
      1.5190
      1.5133
      1.4854
      1.4717
      1.4448
      1.3518
      1.1170
      0.8416
      0.6174
      0.4797
      0.4099
      0.3718
      0.3488
      0.3550
      0.4204
      0.5635
      0.7736
      1.0129
      1.2376
      1.4185
      1.5464
      1.6223
      1.6475
      1.1782
      1.1141
      0.9561
      0.7816
      0.6550
      0.5906
      0.5583
      0.5186
      0.4575
      0.3959
      0.3740
      0.4267
      0.5647
      0.7728
      1.0198
      1.2696
      1.4865
      1.6358
      1.6893
      0.8657
      0.8407
      0.7880
      0.7540
      0.7671
      0.8113
      0.8370
      0.7990
      0.6895
      0.5446
      0.4234
      0.3781
      0.4349
      0.5919
      0.8256
      1.0979
      1.3576
      1.5468
      1.6164
      0.6172
      0.6345
      0.6972
      0.8227
      1.0017
      1.1815
      1.2839
      1.2495
      1.0761
      0.8223
      0.5768
      0.4162
      0.3812
      0.4767
      0.6826
      0.9584
      1.2424
      1.4586
      1.5397
      0.4837
      0.5411
      0.7164
      1.0053
      1.3664
      1.7077
      1.9112
      1.8902
      1.6407
      1.2486
      0.8444
      0.5418
      0.4022
      0.4371
      0.6262
      0.9236
      1.2528
      1.5131
      1.6125
      0.4523
      0.5446
      0.8216
      1.2675
      1.8183
      2.3441
      2.6777
      2.6892
      2.3623
      1.8101
      1.2163
      0.7461
      0.4918
      0.4753
      0.6749
      1.0344
      1.4533
      1.7932
      1.9245
      0.4766
      0.5966
      0.9568
      1.5397
      2.2687
      2.9815
      3.4592
      3.5207
      3.1276
      2.4171
      1.6293
      0.9875
      0.6214
      0.5669
      0.8009
      1.2539
      1.7952
      2.2398
      2.4123
      0.5104
      0.6484
      1.0645
      1.7438
      2.6049
      3.4632
      4.0594
      4.1687
      3.7317
      2.9016
      1.9633
      1.1881
      0.7375
      0.6597
      0.9311
      1.4705
      2.1210
      2.6577
      2.8664
      0.5247
      0.6690
      1.1049
      1.8193
      2.7298
      3.6439
      4.2865
      4.4158
      3.9633
      3.0883
      2.0927
      1.2667
      0.7841
      0.6986
      0.9860
      1.5606
      2.2551
      2.8287
      3.0519
