      0.0003
      0.0008
      0.0020
      0.0027
      0.0020
      0.0009
      0.0005
      0.0005
      0.0008
      0.0023
      0.0053
      0.0071
      0.0051
      0.0020
      0.0004
      0.0000
      0.0000
      0.0000
      0.0000
      0.0005
      0.0010
      0.0023
      0.0029
      0.0020
      0.0008
      0.0004
      0.0004
      0.0006
      0.0019
      0.0047
      0.0068
      0.0054
      0.0024
      0.0006
      0.0001
      0.0000
      0.0000
      0.0000
      0.0006
      0.0012
      0.0023
      0.0025
      0.0014
      0.0005
      0.0002
      0.0002
      0.0003
      0.0011
      0.0033
      0.0062
      0.0067
      0.0042
      0.0016
      0.0003
      0.0000
      0.0000
      0.0000
      0.0007
      0.0010
      0.0014
      0.0013
      0.0007
      0.0002
      0.0001
      0.0000
      0.0001
      0.0009
      0.0047
      0.0142
      0.0241
      0.0227
      0.0117
      0.0033
      0.0005
      0.0000
      0.0000
      0.0063
      0.0048
      0.0022
      0.0007
      0.0002
      0.0000
      0.0000
      0.0000
      0.0002
      0.0023
      0.0157
      0.0576
      0.1139
      0.1218
      0.0704
      0.0219
      0.0037
      0.0003
      0.0000
      0.1005
      0.0739
      0.0293
      0.0063
      0.0007
      0.0001
      0.0001
      0.0002
      0.0005
      0.0048
      0.0358
      0.1447
      0.3147
      0.3694
      0.2343
      0.0801
      0.0148
      0.0016
      0.0004
      0.8815
      0.6478
      0.2569
      0.0548
      0.0063
      0.0005
      0.0002
      0.0004
      0.0007
      0.0056
      0.0447
      0.1977
      0.4712
      0.6060
      0.4211
      0.1583
      0.0339
      0.0086
      0.0074
      4.1348
      3.0389
      1.2050
      0.2569
      0.0293
      0.0019
      0.0004
      0.0006
      0.0006
      0.0035
      0.0301
      0.1461
      0.3817
      0.5384
      0.4120
      0.1777
      0.0726
      0.0903
      0.1167
     10.4275
      7.6638
      3.0389
      0.6478
      0.0738
      0.0046
      0.0005
      0.0005
      0.0004
      0.0012
      0.0110
      0.0587
      0.1701
      0.2703
      0.2465
      0.1867
      0.3366
      0.7567
      1.0198
     14.1879
     10.4275
      4.1348
      0.8815
      0.1005
      0.0066
      0.0017
      0.0022
      0.0017
      0.0009
      0.0025
      0.0148
      0.0554
      0.1300
      0.2214
      0.4695
      1.4880
      3.5391
      4.7822
     10.4275
      7.6638
      3.0389
      0.6480
      0.0753
      0.0114
      0.0182
      0.0254
      0.0193
      0.0079
      0.0023
      0.0068
      0.0440
      0.1727
      0.4418
      1.1663
      3.7771
      8.9387
     12.0646
      4.1348
      3.0389
      1.2051
      0.2583
      0.0408
      0.0536
      0.1269
      0.1683
      0.1209
      0.0469
      0.0102
      0.0074
      0.0510
      0.2270
      0.6305
      1.6689
      5.2183
     12.1976
     16.4298
      0.8815
      0.6479
      0.2577
      0.0625
      0.0581
      0.2111
      0.4808
      0.6010
      0.4077
      0.1494
      0.0297
      0.0071
      0.0356
      0.1693
      0.4965
      1.3041
      3.9130
      9.0035
     12.0935
      0.1005
      0.0742
      0.0331
      0.0331
      0.1387
      0.4793
      0.9982
      1.1675
      0.7476
      0.2593
      0.0485
      0.0062
      0.0136
      0.0683
      0.2117
      0.5547
      1.5961
      3.6041
      4.8233
      0.0063
      0.0060
      0.0145
      0.0666
      0.2446
      0.6729
      1.2409
      1.3621
      0.8385
      0.2828
      0.0517
      0.0054
      0.0030
      0.0150
      0.0506
      0.1450
      0.4333
      0.9823
      1.3142
      0.0007
      0.0035
      0.0255
      0.1139
      0.3531
      0.8809
      1.6530
      1.9659
      1.3448
      0.5104
      0.1059
      0.0119
      0.0010
      0.0028
      0.0238
      0.1718
      0.7736
      1.9354
      2.6300
      0.0006
      0.0041
      0.0300
      0.1414
      0.5587
      1.9224
      4.5081
      6.1276
      4.5879
      1.8651
      0.4088
      0.0480
      0.0032
      0.0052
      0.0838
      0.7332
      3.4371
      8.6669
     11.7921
      0.0005
      0.0030
      0.0234
      0.1537
      0.9528
      4.1837
     10.6598
     14.9040
     11.2985
      4.6261
      1.0189
      0.1200
      0.0079
      0.0129
      0.2104
      1.8465
      8.6615
     21.8433
     29.7204
      0.0003
      0.0021
      0.0186
      0.1614
      1.2007
      5.5786
     14.4133
     20.2251
     15.3506
      6.2885
      1.3854
      0.1632
      0.0107
      0.0176
      0.2862
      2.5123
     11.7849
     29.7202
     40.4380
