      0.0006
      0.0013
      0.0032
      0.0044
      0.0032
      0.0013
      0.0004
      0.0003
      0.0003
      0.0005
      0.0011
      0.0015
      0.0011
      0.0004
      0.0001
      0.0000
      0.0000
      0.0000
      0.0000
      0.0008
      0.0017
      0.0037
      0.0046
      0.0031
      0.0012
      0.0003
      0.0002
      0.0002
      0.0004
      0.0010
      0.0015
      0.0012
      0.0005
      0.0001
      0.0000
      0.0000
      0.0000
      0.0000
      0.0010
      0.0020
      0.0037
      0.0040
      0.0023
      0.0008
      0.0002
      0.0001
      0.0001
      0.0003
      0.0009
      0.0019
      0.0024
      0.0018
      0.0008
      0.0002
      0.0000
      0.0000
      0.0000
      0.0016
      0.0019
      0.0024
      0.0021
      0.0010
      0.0003
      0.0001
      0.0000
      0.0001
      0.0004
      0.0026
      0.0083
      0.0147
      0.0142
      0.0074
      0.0021
      0.0003
      0.0000
      0.0000
      0.0262
      0.0195
      0.0082
      0.0022
      0.0004
      0.0001
      0.0000
      0.0000
      0.0001
      0.0015
      0.0101
      0.0372
      0.0737
      0.0789
      0.0457
      0.0142
      0.0024
      0.0002
      0.0000
      0.4282
      0.3148
      0.1249
      0.0267
      0.0031
      0.0002
      0.0001
      0.0001
      0.0004
      0.0032
      0.0233
      0.0940
      0.2044
      0.2400
      0.1522
      0.0521
      0.0096
      0.0010
      0.0002
      3.7581
      2.7621
      1.0952
      0.2335
      0.0266
      0.0017
      0.0002
      0.0003
      0.0005
      0.0036
      0.0290
      0.1285
      0.3062
      0.3937
      0.2736
      0.1028
      0.0218
      0.0049
      0.0039
     17.6287
     12.9563
      5.1376
      1.0952
      0.1248
      0.0077
      0.0006
      0.0005
      0.0005
      0.0023
      0.0196
      0.0949
      0.2478
      0.3492
      0.2666
      0.1139
      0.0427
      0.0476
      0.0607
     44.4575
     32.6743
     12.9563
      2.7621
      0.3147
      0.0191
      0.0009
      0.0004
      0.0003
      0.0008
      0.0071
      0.0379
      0.1090
      0.1700
      0.1492
      0.1039
      0.1761
      0.3929
      0.5287
     60.4899
     44.4575
     17.6287
      3.7581
      0.4282
      0.0260
      0.0013
      0.0006
      0.0004
      0.0003
      0.0015
      0.0086
      0.0289
      0.0575
      0.0859
      0.2100
      0.7541
      1.8293
      2.4751
     44.4575
     32.6743
     12.9563
      2.7621
      0.3150
      0.0205
      0.0045
      0.0054
      0.0041
      0.0017
      0.0006
      0.0021
      0.0115
      0.0424
      0.1260
      0.4863
      1.8862
      4.6049
      6.2357
     17.6287
     12.9563
      5.1376
      1.0957
      0.1278
      0.0193
      0.0276
      0.0357
      0.0255
      0.0099
      0.0021
      0.0016
      0.0110
      0.0505
      0.1703
      0.6697
      2.5719
      6.2638
      8.4804
      3.7581
      2.7621
      1.0960
      0.2377
      0.0443
      0.0554
      0.1084
      0.1294
      0.0865
      0.0316
      0.0063
      0.0015
      0.0075
      0.0373
      0.1312
      0.5058
      1.9022
      4.6075
      6.2331
      0.4282
      0.3152
      0.1297
      0.0504
      0.0758
      0.1585
      0.2522
      0.2644
      0.1632
      0.0561
      0.0105
      0.0013
      0.0029
      0.0150
      0.0551
      0.2086
      0.7658
      1.8411
      2.4875
      0.0262
      0.0214
      0.0262
      0.0825
      0.2045
      0.3397
      0.4242
      0.3912
      0.2321
      0.0799
      0.0152
      0.0016
      0.0007
      0.0034
      0.0142
      0.0615
      0.2364
      0.5728
      0.7747
      0.0016
      0.0060
      0.0395
      0.1590
      0.3814
      0.6487
      0.9317
      1.0285
      0.7130
      0.2801
      0.0602
      0.0070
      0.0005
      0.0013
      0.0169
      0.1402
      0.6509
      1.6382
      2.2283
      0.0010
      0.0066
      0.0459
      0.1865
      0.5393
      1.4034
      2.9568
      3.9287
      2.9388
      1.1982
      0.2634
      0.0310
      0.0021
      0.0044
      0.0721
      0.6322
      2.9650
      7.4772
     10.1736
      0.0008
      0.0047
      0.0324
      0.1579
      0.7231
      2.8149
      6.9671
      9.6855
      7.3362
      3.0039
      0.6617
      0.0779
      0.0052
      0.0111
      0.1815
      1.5934
      7.4745
     18.8498
     25.6475
      0.0006
      0.0032
      0.0229
      0.1393
      0.8389
      3.6779
      9.3896
     13.1460
      9.9738
      4.0857
      0.9001
      0.1060
      0.0071
      0.0151
      0.2470
      2.1680
     10.1699
     25.6473
     34.8964
