      0.0014
      0.0032
      0.0079
      0.0108
      0.0079
      0.0032
      0.0009
      0.0004
      0.0004
      0.0010
      0.0023
      0.0031
      0.0023
      0.0009
      0.0002
      0.0000
      0.0000
      0.0000
      0.0000
      0.0019
      0.0041
      0.0092
      0.0113
      0.0077
      0.0029
      0.0007
      0.0003
      0.0003
      0.0008
      0.0021
      0.0030
      0.0025
      0.0011
      0.0003
      0.0000
      0.0000
      0.0000
      0.0000
      0.0025
      0.0048
      0.0091
      0.0097
      0.0057
      0.0018
      0.0004
      0.0001
      0.0001
      0.0005
      0.0017
      0.0035
      0.0042
      0.0030
      0.0012
      0.0003
      0.0000
      0.0000
      0.0000
      0.0021
      0.0034
      0.0054
      0.0050
      0.0025
      0.0007
      0.0001
      0.0000
      0.0001
      0.0007
      0.0041
      0.0132
      0.0232
      0.0223
      0.0117
      0.0033
      0.0005
      0.0000
      0.0000
      0.0073
      0.0060
      0.0036
      0.0018
      0.0007
      0.0002
      0.0000
      0.0000
      0.0002
      0.0023
      0.0158
      0.0582
      0.1154
      0.1235
      0.0714
      0.0223
      0.0037
      0.0003
      0.0000
      0.1077
      0.0792
      0.0316
      0.0069
      0.0008
      0.0001
      0.0001
      0.0002
      0.0005
      0.0049
      0.0364
      0.1470
      0.3197
      0.3753
      0.2380
      0.0814
      0.0150
      0.0016
      0.0003
      0.9436
      0.6935
      0.2750
      0.0586
      0.0067
      0.0005
      0.0003
      0.0004
      0.0007
      0.0056
      0.0454
      0.2009
      0.4787
      0.6157
      0.4278
      0.1608
      0.0339
      0.0070
      0.0050
      4.4263
      3.2531
      1.2900
      0.2750
      0.0314
      0.0020
      0.0005
      0.0006
      0.0006
      0.0035
      0.0306
      0.1484
      0.3875
      0.5463
      0.4173
      0.1779
      0.0623
      0.0614
      0.0766
     11.1626
      8.2040
      3.2531
      0.6935
      0.0791
      0.0049
      0.0005
      0.0005
      0.0004
      0.0012
      0.0111
      0.0594
      0.1708
      0.2675
      0.2359
      0.1581
      0.2335
      0.4977
      0.6652
     15.1881
     11.1626
      4.4263
      0.9436
      0.1076
      0.0068
      0.0010
      0.0011
      0.0008
      0.0005
      0.0023
      0.0137
      0.0470
      0.0968
      0.1453
      0.3034
      0.9759
      2.3079
      3.1091
     11.1626
      8.2040
      3.2531
      0.6936
      0.0797
      0.0079
      0.0082
      0.0112
      0.0085
      0.0035
      0.0012
      0.0038
      0.0223
      0.0834
      0.2245
      0.6948
      2.4295
      5.7998
      7.8251
      4.4263
      3.2531
      1.2901
      0.2761
      0.0378
      0.0268
      0.0575
      0.0747
      0.0533
      0.0206
      0.0045
      0.0033
      0.0227
      0.1023
      0.3064
      0.9617
      3.3137
      7.8840
     10.6359
      0.9436
      0.6937
      0.2767
      0.0686
      0.0465
      0.1167
      0.2292
      0.2716
      0.1809
      0.0659
      0.0131
      0.0031
      0.0157
      0.0757
      0.2376
      0.7344
      2.4584
      5.8003
      7.8158
      0.1077
      0.0804
      0.0432
      0.0638
      0.1706
      0.3533
      0.5412
      0.5557
      0.3401
      0.1164
      0.0217
      0.0028
      0.0060
      0.0305
      0.1004
      0.3070
      0.9946
      2.3193
      3.1188
      0.0073
      0.0106
      0.0474
      0.1964
      0.4856
      0.7709
      0.9004
      0.7859
      0.4511
      0.1520
      0.0285
      0.0030
      0.0014
      0.0067
      0.0250
      0.0875
      0.3015
      0.7115
      0.9581
      0.0021
      0.0133
      0.0958
      0.3834
      0.8861
      1.3669
      1.7202
      1.7460
      1.1688
      0.4522
      0.0963
      0.0111
      0.0008
      0.0019
      0.0212
      0.1698
      0.7823
      1.9659
      2.6734
      0.0025
      0.0161
      0.1110
      0.4350
      1.1268
      2.5030
      4.8154
      6.2180
      4.6162
      1.8780
      0.4125
      0.0485
      0.0032
      0.0054
      0.0864
      0.7576
      3.5529
      8.9594
     12.1902
      0.0019
      0.0114
      0.0763
      0.3334
      1.2889
      4.5591
     10.9811
     15.1729
     11.4774
      4.6981
      1.0348
      0.1219
      0.0080
      0.0134
      0.2175
      1.9093
      8.9560
     22.5858
     30.7308
      0.0014
      0.0077
      0.0519
      0.2688
      1.3994
      5.8327
     14.7241
     20.5684
     15.5982
      6.3891
      1.4076
      0.1658
      0.0109
      0.0182
      0.2960
      2.5978
     12.1856
     30.7307
     41.8129
