      0.0170
      0.0216
      0.0311
      0.0362
      0.0321
      0.0238
      0.0189
      0.0203
      0.0296
      0.0501
      0.0757
      0.0874
      0.0732
      0.0437
      0.0185
      0.0056
      0.0012
      0.0002
      0.0001
      0.0179
      0.0222
      0.0308
      0.0346
      0.0296
      0.0212
      0.0163
      0.0172
      0.0256
      0.0448
      0.0704
      0.0853
      0.0756
      0.0486
      0.0225
      0.0075
      0.0018
      0.0003
      0.0001
      0.0213
      0.0242
      0.0292
      0.0293
      0.0229
      0.0149
      0.0105
      0.0109
      0.0176
      0.0353
      0.0645
      0.0922
      0.0982
      0.0769
      0.0441
      0.0184
      0.0055
      0.0012
      0.0004
      0.0513
      0.0476
      0.0382
      0.0266
      0.0160
      0.0087
      0.0056
      0.0064
      0.0134
      0.0354
      0.0829
      0.1478
      0.1924
      0.1807
      0.1215
      0.0583
      0.0198
      0.0049
      0.0016
      0.2661
      0.2261
      0.1393
      0.0634
      0.0224
      0.0075
      0.0045
      0.0066
      0.0167
      0.0522
      0.1416
      0.2861
      0.4142
      0.4263
      0.3112
      0.1610
      0.0590
      0.0159
      0.0061
      1.2505
      1.0526
      0.6275
      0.2650
      0.0801
      0.0197
      0.0088
      0.0114
      0.0244
      0.0746
      0.2143
      0.4622
      0.7124
      0.7785
      0.6028
      0.3312
      0.1310
      0.0412
      0.0199
      4.2282
      3.5563
      2.1148
      0.8879
      0.2641
      0.0600
      0.0191
      0.0178
      0.0294
      0.0813
      0.2408
      0.5474
      0.8909
      1.0285
      0.8438
      0.4978
      0.2244
      0.0994
      0.0704
     10.0785
      8.4764
      5.0395
      2.1146
      0.6269
      0.1374
      0.0338
      0.0219
      0.0272
      0.0645
      0.1941
      0.4649
      0.8012
      0.9844
      0.8718
      0.5845
      0.3550
      0.2700
      0.2600
     16.9522
     14.2574
      8.4764
      3.5564
      1.0531
      0.2274
      0.0490
      0.0244
      0.0227
      0.0397
      0.1144
      0.2898
      0.5395
      0.7315
      0.7514
      0.6654
      0.6493
      0.7472
      0.8142
     20.1562
     16.9522
     10.0787
      4.2296
      1.2554
      0.2779
      0.0711
      0.0444
      0.0366
      0.0329
      0.0592
      0.1514
      0.3237
      0.5336
      0.7203
      0.9214
      1.2603
      1.6937
      1.9071
     16.9522
     14.2576
      8.4780
      3.5637
      1.0769
      0.2831
      0.1427
      0.1363
      0.1139
      0.0728
      0.0527
      0.0956
      0.2397
      0.4990
      0.8539
      1.3352
      2.0402
      2.8362
      3.2112
     10.0785
      8.4774
      5.0461
      2.1428
      0.7135
      0.3312
      0.3462
      0.3813
      0.3134
      0.1856
      0.0907
      0.0878
      0.2149
      0.5022
      0.9482
      1.5748
      2.4531
      3.4082
      3.8518
      4.2282
      3.5593
      2.1342
      0.9637
      0.4803
      0.5160
      0.7205
      0.7941
      0.6319
      0.3593
      0.1533
      0.0876
      0.1699
      0.4100
      0.8070
      1.3678
      2.1268
      2.9295
      3.2983
      1.2505
      1.0598
      0.6709
      0.4189
      0.4822
      0.8108
      1.1647
      1.2425
      0.9572
      0.5276
      0.2109
      0.0824
      0.1036
      0.2459
      0.5013
      0.8713
      1.3652
      1.8766
      2.1091
      0.2661
      0.2395
      0.2150
      0.3122
      0.6268
      1.1332
      1.5932
      1.6677
      1.2724
      0.6985
      0.2751
      0.0858
      0.0534
      0.1122
      0.2519
      0.4982
      0.8710
      1.2722
      1.4554
      0.0513
      0.0666
      0.1440
      0.3692
      0.8453
      1.5745
      2.2769
      2.4671
      1.9553
      1.1167
      0.4556
      0.1345
      0.0412
      0.0604
      0.1928
      0.5452
      1.2005
      1.9570
      2.3080
      0.0213
      0.0458
      0.1538
      0.4608
      1.1608
      2.3535
      3.6542
      4.1896
      3.4735
      2.0588
      0.8664
      0.2586
      0.0647
      0.0765
      0.3171
      1.0502
      2.4821
      4.1610
      4.9431
      0.0179
      0.0433
      0.1629
      0.5437
      1.5166
      3.3175
      5.4107
      6.3991
      5.4150
      3.2563
      1.3852
      0.4165
      0.1024
      0.1186
      0.5118
      1.7281
      4.1168
      6.9225
      8.2302
      0.0170
      0.0420
      0.1648
      0.5791
      1.6845
      3.7829
      6.2618
      7.4675
      6.3503
      3.8310
      1.6333
      0.4918
      0.1209
      0.1400
      0.6065
      2.0509
      4.8892
      8.2235
      9.7776
