      0.0014
      0.0032
      0.0080
      0.0108
      0.0080
      0.0033
      0.0010
      0.0006
      0.0009
      0.0026
      0.0061
      0.0082
      0.0060
      0.0023
      0.0005
      0.0001
      0.0000
      0.0000
      0.0000
      0.0019
      0.0041
      0.0092
      0.0114
      0.0077
      0.0029
      0.0008
      0.0004
      0.0007
      0.0021
      0.0054
      0.0078
      0.0062
      0.0027
      0.0006
      0.0001
      0.0000
      0.0000
      0.0000
      0.0025
      0.0048
      0.0091
      0.0098
      0.0057
      0.0018
      0.0004
      0.0002
      0.0003
      0.0012
      0.0035
      0.0059
      0.0057
      0.0030
      0.0009
      0.0002
      0.0000
      0.0000
      0.0000
      0.0025
      0.0036
      0.0055
      0.0051
      0.0026
      0.0007
      0.0001
      0.0000
      0.0001
      0.0005
      0.0021
      0.0053
      0.0078
      0.0066
      0.0032
      0.0008
      0.0001
      0.0000
      0.0000
      0.0182
      0.0140
      0.0068
      0.0025
      0.0008
      0.0002
      0.0000
      0.0000
      0.0001
      0.0006
      0.0040
      0.0142
      0.0278
      0.0295
      0.0169
      0.0053
      0.0009
      0.0001
      0.0000
      0.2884
      0.2121
      0.0843
      0.0181
      0.0021
      0.0002
      0.0000
      0.0001
      0.0002
      0.0012
      0.0086
      0.0346
      0.0753
      0.0883
      0.0560
      0.0192
      0.0036
      0.0005
      0.0003
      2.5303
      1.8596
      0.7374
      0.1572
      0.0179
      0.0011
      0.0002
      0.0002
      0.0003
      0.0014
      0.0107
      0.0473
      0.1126
      0.1449
      0.1009
      0.0385
      0.0099
      0.0060
      0.0070
     11.8689
      8.7232
      3.4590
      0.7374
      0.0840
      0.0052
      0.0004
      0.0003
      0.0003
      0.0009
      0.0072
      0.0350
      0.0916
      0.1302
      0.1021
      0.0517
      0.0453
      0.0855
      0.1134
     29.9321
     21.9988
      8.7232
      1.8596
      0.2119
      0.0129
      0.0007
      0.0004
      0.0003
      0.0004
      0.0027
      0.0145
      0.0441
      0.0773
      0.0896
      0.1217
      0.3204
      0.7377
      0.9913
     40.7263
     29.9321
     11.8689
      2.5303
      0.2884
      0.0180
      0.0022
      0.0025
      0.0019
      0.0009
      0.0009
      0.0057
      0.0283
      0.0903
      0.1995
      0.4747
      1.4740
      3.4485
      4.6424
     29.9321
     21.9988
      8.7232
      1.8598
      0.2136
      0.0209
      0.0214
      0.0294
      0.0223
      0.0092
      0.0025
      0.0065
      0.0466
      0.1917
      0.4932
      1.2234
      3.7375
      8.6949
     11.6992
     11.8689
      8.7232
      3.4592
      0.7395
      0.0986
      0.0668
      0.1485
      0.1957
      0.1402
      0.0543
      0.0118
      0.0085
      0.0588
      0.2617
      0.7117
      1.7526
      5.1582
     11.8536
     15.9210
      2.5303
      1.8598
      0.7394
      0.1714
      0.0916
      0.2641
      0.5713
      0.7020
      0.4736
      0.1733
      0.0344
      0.0083
      0.0412
      0.1954
      0.5604
      1.3731
      3.8722
      8.7476
     11.7145
      0.2884
      0.2133
      0.0966
      0.0852
      0.2485
      0.6662
      1.2303
      1.3752
      0.8665
      0.2987
      0.0557
      0.0072
      0.0157
      0.0788
      0.2391
      0.5864
      1.5820
      3.4984
      4.6655
      0.0182
      0.0186
      0.0516
      0.2099
      0.5744
      1.1054
      1.5812
      1.5307
      0.8878
      0.2885
      0.0510
      0.0052
      0.0034
      0.0172
      0.0561
      0.1459
      0.3977
      0.8746
      1.1640
      0.0025
      0.0136
      0.0966
      0.3875
      0.8954
      1.3301
      1.4761
      1.2493
      0.7037
      0.2343
      0.0437
      0.0045
      0.0006
      0.0026
      0.0172
      0.1085
      0.4711
      1.1701
      1.5882
      0.0025
      0.0161
      0.1100
      0.4112
      0.8934
      1.3322
      1.7034
      1.7853
      1.2194
      0.4772
      0.1024
      0.0119
      0.0008
      0.0031
      0.0494
      0.4307
      2.0178
      5.0873
      6.9216
      0.0019
      0.0113
      0.0723
      0.2631
      0.6444
      1.4228
      2.7943
      3.6530
      2.7246
      1.1104
      0.2441
      0.0287
      0.0020
      0.0075
      0.1234
      1.0834
      5.0821
     12.8163
     17.4382
      0.0014
      0.0076
      0.0463
      0.1720
      0.5165
      1.5480
      3.5554
      4.8661
      3.6744
      1.5035
      0.3311
      0.0390
      0.0028
      0.0102
      0.1679
      1.4741
      6.9147
     17.4380
     23.7265
