      0.0006
      0.0015
      0.0038
      0.0051
      0.0038
      0.0016
      0.0007
      0.0007
      0.0013
      0.0041
      0.0097
      0.0130
      0.0094
      0.0037
      0.0008
      0.0001
      0.0000
      0.0000
      0.0000
      0.0009
      0.0020
      0.0044
      0.0054
      0.0037
      0.0015
      0.0006
      0.0005
      0.0010
      0.0033
      0.0086
      0.0124
      0.0098
      0.0042
      0.0010
      0.0001
      0.0000
      0.0000
      0.0000
      0.0012
      0.0023
      0.0043
      0.0046
      0.0027
      0.0009
      0.0003
      0.0002
      0.0004
      0.0018
      0.0056
      0.0097
      0.0095
      0.0053
      0.0017
      0.0003
      0.0000
      0.0000
      0.0000
      0.0011
      0.0017
      0.0026
      0.0024
      0.0012
      0.0004
      0.0001
      0.0001
      0.0001
      0.0009
      0.0042
      0.0112
      0.0173
      0.0152
      0.0075
      0.0021
      0.0003
      0.0000
      0.0000
      0.0076
      0.0058
      0.0029
      0.0011
      0.0004
      0.0001
      0.0000
      0.0000
      0.0001
      0.0015
      0.0098
      0.0354
      0.0695
      0.0740
      0.0427
      0.0133
      0.0022
      0.0002
      0.0000
      0.1189
      0.0875
      0.0348
      0.0075
      0.0009
      0.0001
      0.0000
      0.0001
      0.0003
      0.0029
      0.0217
      0.0874
      0.1901
      0.2231
      0.1415
      0.0484
      0.0090
      0.0011
      0.0004
      1.0432
      0.7667
      0.3040
      0.0648
      0.0074
      0.0005
      0.0001
      0.0002
      0.0004
      0.0033
      0.0270
      0.1194
      0.2845
      0.3659
      0.2544
      0.0961
      0.0220
      0.0088
      0.0093
      4.8936
      3.5966
      1.4262
      0.3040
      0.0347
      0.0022
      0.0003
      0.0003
      0.0004
      0.0021
      0.0182
      0.0883
      0.2309
      0.3268
      0.2526
      0.1159
      0.0695
      0.1144
      0.1511
     12.3411
      9.0702
      3.5966
      0.7667
      0.0874
      0.0054
      0.0005
      0.0004
      0.0003
      0.0008
      0.0067
      0.0361
      0.1072
      0.1794
      0.1849
      0.1901
      0.4294
      0.9824
      1.3233
     16.7917
     12.3411
      4.8936
      1.0433
      0.1190
      0.0081
      0.0028
      0.0038
      0.0030
      0.0014
      0.0019
      0.0118
      0.0535
      0.1559
      0.3135
      0.6652
      1.9721
      4.6049
      6.2062
     12.3411
      9.0702
      3.5966
      0.7670
      0.0900
      0.0180
      0.0332
      0.0464
      0.0353
      0.0145
      0.0040
      0.0106
      0.0746
      0.3025
      0.7528
      1.7309
      5.0409
     11.6407
     15.6600
      4.8936
      3.5966
      1.4264
      0.3067
      0.0559
      0.0971
      0.2325
      0.3084
      0.2215
      0.0859
      0.0186
      0.0134
      0.0929
      0.4114
      1.0924
      2.5128
      7.0056
     15.9036
     21.3335
      1.0432
      0.7668
      0.3055
      0.0790
      0.1027
      0.3867
      0.8811
      1.1010
      0.7468
      0.2737
      0.0544
      0.0131
      0.0651
      0.3074
      0.8641
      1.9891
      5.2912
     11.7589
     15.7119
      0.1189
      0.0881
      0.0418
      0.0571
      0.2545
      0.8772
      1.8228
      2.1293
      1.3619
      0.4718
      0.0881
      0.0114
      0.0249
      0.1241
      0.3697
      0.8563
      2.1733
      4.7090
      6.2598
      0.0076
      0.0081
      0.0258
      0.1228
      0.4430
      1.1909
      2.1526
      2.3215
      1.4032
      0.4636
      0.0828
      0.0084
      0.0054
      0.0270
      0.0863
      0.2094
      0.5298
      1.1335
      1.5015
      0.0011
      0.0065
      0.0472
      0.2034
      0.5690
      1.2029
      1.9373
      2.0613
      1.2929
      0.4553
      0.0884
      0.0094
      0.0011
      0.0038
      0.0206
      0.1138
      0.4742
      1.1673
      1.5822
      0.0012
      0.0077
      0.0536
      0.2187
      0.6250
      1.5560
      3.1168
      3.9918
      2.9114
      1.1659
      0.2530
      0.0295
      0.0019
      0.0031
      0.0481
      0.4180
      1.9567
      4.9326
      6.7109
      0.0009
      0.0055
      0.0370
      0.1710
      0.7230
      2.6877
      6.5502
      9.0575
      6.8439
      2.7984
      0.6159
      0.0725
      0.0048
      0.0074
      0.1197
      1.0500
      4.9254
     12.4213
     16.9007
      0.0006
      0.0037
      0.0255
      0.1432
      0.8044
      3.4443
      8.7439
     12.2249
      9.2706
      3.7968
      0.8364
      0.0985
      0.0065
      0.0100
      0.1628
      1.4286
      6.7015
     16.9004
     22.9951
