      0.3005
      0.3315
      0.3959
      0.4368
      0.4217
      0.3657
      0.3036
      0.2532
      0.2125
      0.1771
      0.1469
      0.1197
      0.0910
      0.0607
      0.0340
      0.0159
      0.0065
      0.0029
      0.0020
      0.3009
      0.3279
      0.3827
      0.4134
      0.3923
      0.3353
      0.2753
      0.2285
      0.1925
      0.1626
      0.1379
      0.1154
      0.0903
      0.0621
      0.0360
      0.0174
      0.0073
      0.0032
      0.0022
      0.3035
      0.3195
      0.3479
      0.3522
      0.3169
      0.2594
      0.2067
      0.1700
      0.1458
      0.1287
      0.1166
      0.1055
      0.0897
      0.0671
      0.0425
      0.0226
      0.0103
      0.0047
      0.0032
      0.3428
      0.3400
      0.3249
      0.2877
      0.2319
      0.1754
      0.1342
      0.1113
      0.1003
      0.0959
      0.0961
      0.0973
      0.0926
      0.0777
      0.0555
      0.0337
      0.0185
      0.0107
      0.0084
      0.5457
      0.5076
      0.4102
      0.2921
      0.1899
      0.1228
      0.0898
      0.0787
      0.0769
      0.0792
      0.0860
      0.0962
      0.1024
      0.0968
      0.0793
      0.0583
      0.0423
      0.0341
      0.0319
      1.1422
      1.0316
      0.7620
      0.4656
      0.2455
      0.1280
      0.0851
      0.0769
      0.0771
      0.0784
      0.0853
      0.1007
      0.1179
      0.1263
      0.1231
      0.1161
      0.1141
      0.1177
      0.1203
      2.3314
      2.0909
      1.5095
      0.8822
      0.4293
      0.1959
      0.1121
      0.0926
      0.0867
      0.0816
      0.0849
      0.1039
      0.1349
      0.1694
      0.2059
      0.2523
      0.3109
      0.3654
      0.3882
      4.0033
      3.5856
      2.5773
      1.4921
      0.7100
      0.3040
      0.1514
      0.1078
      0.0908
      0.0784
      0.0782
      0.1017
      0.1531
      0.2355
      0.3600
      0.5391
      0.7566
      0.9474
      1.0248
      5.5647
      4.9830
      3.5792
      2.0681
      0.9771
      0.4057
      0.1838
      0.1147
      0.0874
      0.0698
      0.0682
      0.0983
      0.1781
      0.3348
      0.6096
      1.0298
      1.5470
      1.9995
      2.1824
      6.2127
      5.5638
      3.9980
      2.3133
      1.0973
      0.4590
      0.2081
      0.1267
      0.0926
      0.0700
      0.0654
      0.1006
      0.2109
      0.4565
      0.9222
      1.6625
      2.5889
      3.4050
      3.7355
      5.5647
      4.9864
      3.5928
      2.0986
      1.0274
      0.4715
      0.2545
      0.1781
      0.1347
      0.0974
      0.0792
      0.1097
      0.2386
      0.5545
      1.1834
      2.2098
      3.5122
      4.6681
      5.1377
      4.0033
      3.5964
      2.6217
      1.5912
      0.8728
      0.5166
      0.3783
      0.3086
      0.2372
      0.1622
      0.1109
      0.1193
      0.2406
      0.5719
      1.2563
      2.3941
      3.8538
      5.1571
      5.6882
      2.3314
      2.1172
      1.6165
      1.1185
      0.8115
      0.6851
      0.6226
      0.5320
      0.3975
      0.2553
      0.1514
      0.1220
      0.2086
      0.4912
      1.0968
      2.1189
      3.4412
      4.6277
      5.1122
      1.1422
      1.0820
      0.9653
      0.9079
      0.9450
      0.9988
      0.9649
      0.8076
      0.5750
      0.3475
      0.1853
      0.1155
      0.1563
      0.3566
      0.8076
      1.5815
      2.5912
      3.5014
      3.8739
      0.5457
      0.5846
      0.7184
      0.9526
      1.2123
      1.3600
      1.2983
      1.0452
      0.7095
      0.4069
      0.2013
      0.1036
      0.1096
      0.2421
      0.5652
      1.1350
      1.8890
      2.5737
      2.8548
      0.3428
      0.4345
      0.7009
      1.0841
      1.4429
      1.6064
      1.4917
      1.1612
      0.7620
      0.4232
      0.2013
      0.0942
      0.0874
      0.1992
      0.4945
      1.0349
      1.7643
      2.4335
      2.7094
      0.3035
      0.4148
      0.7262
      1.1478
      1.5118
      1.6477
      1.4967
      1.1447
      0.7437
      0.4124
      0.1969
      0.0927
      0.0912
      0.2274
      0.5944
      1.2802
      2.2170
      3.0820
      3.4396
      0.3009
      0.4134
      0.7217
      1.1240
      1.4527
      1.5562
      1.3983
      1.0685
      0.7019
      0.3978
      0.1958
      0.0971
      0.1066
      0.2820
      0.7518
      1.6340
      2.8437
      3.9628
      4.4257
      0.3005
      0.4111
      0.7116
      1.0981
      1.4068
      1.4972
      1.3419
      1.0287
      0.6821
      0.3920
      0.1963
      0.0999
      0.1146
      0.3084
      0.8255
      1.7972
      3.1305
      4.3643
      4.8748
