      0.0187
      0.0247
      0.0371
      0.0452
      0.0449
      0.0438
      0.0481
      0.0515
      0.0467
      0.0379
      0.0325
      0.0293
      0.0227
      0.0134
      0.0057
      0.0017
      0.0004
      0.0001
      0.0000
      0.0200
      0.0255
      0.0367
      0.0429
      0.0410
      0.0384
      0.0410
      0.0435
      0.0397
      0.0331
      0.0300
      0.0290
      0.0242
      0.0155
      0.0073
      0.0025
      0.0006
      0.0001
      0.0000
      0.0235
      0.0273
      0.0341
      0.0357
      0.0308
      0.0260
      0.0255
      0.0262
      0.0247
      0.0235
      0.0271
      0.0334
      0.0350
      0.0280
      0.0164
      0.0070
      0.0021
      0.0005
      0.0002
      0.0504
      0.0475
      0.0399
      0.0297
      0.0199
      0.0138
      0.0119
      0.0121
      0.0133
      0.0188
      0.0345
      0.0585
      0.0762
      0.0722
      0.0490
      0.0237
      0.0082
      0.0021
      0.0008
      0.2459
      0.2094
      0.1301
      0.0604
      0.0225
      0.0087
      0.0058
      0.0066
      0.0103
      0.0238
      0.0591
      0.1175
      0.1699
      0.1752
      0.1283
      0.0668
      0.0255
      0.0084
      0.0046
      1.1475
      0.9660
      0.5762
      0.2437
      0.0738
      0.0180
      0.0073
      0.0080
      0.0133
      0.0331
      0.0897
      0.1913
      0.2945
      0.3221
      0.2507
      0.1417
      0.0651
      0.0351
      0.0296
      3.8780
      3.2617
      1.9396
      0.8143
      0.2418
      0.0539
      0.0153
      0.0123
      0.0165
      0.0365
      0.1009
      0.2268
      0.3688
      0.4274
      0.3588
      0.2382
      0.1683
      0.1666
      0.1778
      9.2435
      7.7741
      4.6220
      1.9392
      0.5742
      0.1242
      0.0277
      0.0154
      0.0160
      0.0295
      0.0814
      0.1924
      0.3319
      0.4153
      0.4051
      0.3946
      0.5090
      0.7174
      0.8263
     15.5477
     13.0762
      7.7741
      3.2614
      0.9646
      0.2054
      0.0397
      0.0158
      0.0127
      0.0181
      0.0477
      0.1190
      0.2238
      0.3273
      0.4556
      0.7843
      1.4875
      2.3562
      2.7688
     18.4863
     15.5477
      9.2435
      3.8780
      1.1473
      0.2450
      0.0483
      0.0198
      0.0145
      0.0129
      0.0234
      0.0600
      0.1344
      0.2756
      0.6330
      1.5789
      3.4104
      5.5680
      6.5761
     15.5477
     13.0763
      7.7748
      3.2640
      0.9722
      0.2217
      0.0658
      0.0463
      0.0371
      0.0240
      0.0182
      0.0349
      0.0993
      0.2944
      0.9045
      2.5462
      5.6796
      9.3403
     11.0456
      9.2435
      7.7747
      4.6255
      1.9518
      0.6071
      0.1898
      0.1264
      0.1247
      0.1008
      0.0600
      0.0298
      0.0302
      0.0888
      0.3090
      1.0368
      3.0020
      6.7403
     11.0993
     13.1285
      3.8780
      3.2641
      1.9525
      0.8554
      0.3387
      0.2299
      0.2603
      0.2680
      0.2081
      0.1178
      0.0506
      0.0297
      0.0700
      0.2528
      0.8688
      2.5293
      5.6794
      9.3480
     11.0552
      1.1475
      0.9725
      0.6103
      0.3442
      0.2880
      0.3695
      0.4567
      0.4481
      0.3308
      0.1794
      0.0716
      0.0282
      0.0425
      0.1508
      0.5239
      1.5273
      3.4254
      5.6327
      6.6593
      0.2459
      0.2225
      0.1971
      0.2476
      0.3953
      0.5798
      0.6966
      0.6598
      0.4770
      0.2559
      0.1002
      0.0312
      0.0220
      0.0689
      0.2460
      0.7279
      1.6405
      2.7011
      3.1943
      0.0504
      0.0668
      0.1373
      0.2991
      0.5547
      0.8456
      1.0538
      1.0446
      0.7920
      0.4442
      0.1804
      0.0533
      0.0179
      0.0388
      0.1567
      0.4988
      1.1597
      1.9320
      2.2915
      0.0235
      0.0482
      0.1419
      0.3477
      0.7019
      1.1890
      1.6507
      1.7869
      1.4437
      0.8470
      0.3553
      0.1063
      0.0294
      0.0519
      0.2316
      0.7776
      1.8475
      3.1035
      3.6888
      0.0200
      0.0438
      0.1362
      0.3592
      0.8118
      1.5492
      2.3551
      2.6983
      2.2534
      1.3481
      0.5725
      0.1725
      0.0469
      0.0814
      0.3687
      1.2474
      2.9733
      5.0006
      5.9455
      0.0187
      0.0411
      0.1299
      0.3573
      0.8553
      1.7146
      2.6890
      3.1335
      2.6400
      1.5869
      0.6758
      0.2039
      0.0555
      0.0962
      0.4364
      1.4775
      3.5226
      5.9252
      7.0450
