      0.0011
      0.0026
      0.0064
      0.0086
      0.0064
      0.0027
      0.0009
      0.0006
      0.0007
      0.0016
      0.0037
      0.0049
      0.0035
      0.0014
      0.0003
      0.0000
      0.0000
      0.0000
      0.0000
      0.0015
      0.0033
      0.0073
      0.0091
      0.0061
      0.0024
      0.0007
      0.0005
      0.0006
      0.0013
      0.0032
      0.0047
      0.0037
      0.0016
      0.0004
      0.0001
      0.0000
      0.0000
      0.0000
      0.0020
      0.0038
      0.0073
      0.0078
      0.0046
      0.0015
      0.0004
      0.0002
      0.0002
      0.0008
      0.0023
      0.0042
      0.0045
      0.0028
      0.0010
      0.0002
      0.0000
      0.0000
      0.0000
      0.0018
      0.0028
      0.0044
      0.0040
      0.0020
      0.0006
      0.0001
      0.0000
      0.0001
      0.0006
      0.0030
      0.0091
      0.0153
      0.0144
      0.0074
      0.0021
      0.0003
      0.0000
      0.0000
      0.0106
      0.0083
      0.0043
      0.0018
      0.0006
      0.0001
      0.0000
      0.0000
      0.0001
      0.0015
      0.0099
      0.0363
      0.0717
      0.0767
      0.0443
      0.0138
      0.0023
      0.0002
      0.0000
      0.1654
      0.1216
      0.0484
      0.0104
      0.0012
      0.0001
      0.0001
      0.0001
      0.0003
      0.0031
      0.0226
      0.0911
      0.1981
      0.2325
      0.1475
      0.0504
      0.0093
      0.0011
      0.0004
      1.4503
      1.0659
      0.4227
      0.0901
      0.0103
      0.0007
      0.0002
      0.0003
      0.0005
      0.0035
      0.0281
      0.1245
      0.2966
      0.3815
      0.2651
      0.1001
      0.0228
      0.0087
      0.0090
      6.8030
      4.9999
      1.9826
      0.4227
      0.0482
      0.0030
      0.0004
      0.0004
      0.0004
      0.0022
      0.0190
      0.0920
      0.2403
      0.3391
      0.2604
      0.1176
      0.0681
      0.1104
      0.1456
     17.1564
     12.6092
      4.9999
      1.0659
      0.1215
      0.0075
      0.0005
      0.0004
      0.0003
      0.0008
      0.0069
      0.0370
      0.1073
      0.1715
      0.1630
      0.1633
      0.4029
      0.9430
      1.2727
     23.3434
     17.1564
      6.8030
      1.4503
      0.1653
      0.0104
      0.0014
      0.0015
      0.0012
      0.0006
      0.0016
      0.0094
      0.0360
      0.0875
      0.1719
      0.4994
      1.8187
      4.4068
      5.9621
     17.1564
     12.6092
      4.9999
      1.0660
      0.1225
      0.0122
      0.0127
      0.0175
      0.0133
      0.0055
      0.0016
      0.0046
      0.0302
      0.1219
      0.3560
      1.2359
      4.5823
     11.1052
     15.0266
      6.8030
      4.9999
      1.9828
      0.4240
      0.0571
      0.0401
      0.0885
      0.1163
      0.0833
      0.0323
      0.0070
      0.0051
      0.0352
      0.1605
      0.5016
      1.7270
      6.2712
     15.1183
     20.4431
      1.4503
      1.0660
      0.4242
      0.1001
      0.0580
      0.1622
      0.3433
      0.4185
      0.2816
      0.1029
      0.0204
      0.0049
      0.0246
      0.1195
      0.3902
      1.3181
      4.6546
     11.1300
     15.0307
      0.1654
      0.1226
      0.0580
      0.0607
      0.1728
      0.4291
      0.7560
      0.8291
      0.5193
      0.1788
      0.0333
      0.0043
      0.0094
      0.0482
      0.1647
      0.5477
      1.8747
      4.4353
      5.9783
      0.0106
      0.0120
      0.0398
      0.1634
      0.4311
      0.7796
      1.0565
      1.0025
      0.5845
      0.1934
      0.0351
      0.0036
      0.0021
      0.0105
      0.0389
      0.1361
      0.4682
      1.1043
      1.4871
      0.0018
      0.0107
      0.0770
      0.3097
      0.7253
      1.1372
      1.4223
      1.3903
      0.8891
      0.3302
      0.0679
      0.0076
      0.0007
      0.0020
      0.0178
      0.1312
      0.5931
      1.4850
      2.0182
      0.0020
      0.0129
      0.0886
      0.3431
      0.8513
      1.7436
      3.1508
      3.9615
      2.9095
      1.1771
      0.2577
      0.0302
      0.0020
      0.0039
      0.0625
      0.5467
      2.5631
      6.4629
      8.7934
      0.0015
      0.0091
      0.0601
      0.2502
      0.8799
      2.9102
      6.8582
      9.4247
      7.1188
      2.9125
      0.6413
      0.0755
      0.0050
      0.0096
      0.1568
      1.3764
      6.4564
     16.2823
     22.1540
      0.0011
      0.0062
      0.0402
      0.1922
      0.9113
      3.6554
      9.1442
     12.7495
      9.6647
      3.9583
      0.8720
      0.1027
      0.0068
      0.0131
      0.2134
      1.8727
      8.7846
     22.1538
     30.1429
