      0.3302
      0.3321
      0.3331
      0.3239
      0.3012
      0.2740
      0.2603
      0.2771
      0.3290
      0.4017
      0.4648
      0.4857
      0.4480
      0.3608
      0.2530
      0.1552
      0.0856
      0.0472
      0.0353
      0.3308
      0.3314
      0.3290
      0.3162
      0.2913
      0.2638
      0.2513
      0.2700
      0.3240
      0.3998
      0.4681
      0.4962
      0.4656
      0.3827
      0.2745
      0.1725
      0.0973
      0.0544
      0.0408
      0.3438
      0.3400
      0.3267
      0.3020
      0.2697
      0.2413
      0.2328
      0.2572
      0.3175
      0.4021
      0.4850
      0.5335
      0.5232
      0.4522
      0.3425
      0.2275
      0.1351
      0.0785
      0.0599
      0.4052
      0.3922
      0.3564
      0.3074
      0.2593
      0.2277
      0.2250
      0.2581
      0.3271
      0.4236
      0.5269
      0.6051
      0.6255
      0.5729
      0.4609
      0.3253
      0.2050
      0.1260
      0.0989
      0.5745
      0.5447
      0.4672
      0.3719
      0.2912
      0.2472
      0.2467
      0.2864
      0.3615
      0.4669
      0.5901
      0.7015
      0.7594
      0.7324
      0.6219
      0.4643
      0.3111
      0.2045
      0.1668
      0.9110
      0.8535
      0.7068
      0.5319
      0.3901
      0.3138
      0.3025
      0.3387
      0.4095
      0.5135
      0.6479
      0.7884
      0.8866
      0.8945
      0.7981
      0.6303
      0.4521
      0.3216
      0.2744
      1.4231
      1.3269
      1.0823
      0.7923
      0.5561
      0.4212
      0.3788
      0.3949
      0.4465
      0.5343
      0.6656
      0.8244
      0.9608
      1.0138
      0.9533
      0.8022
      0.6236
      0.4854
      0.4341
      2.0183
      1.8788
      1.5240
      1.1021
      0.7534
      0.5422
      0.4527
      0.4350
      0.4553
      0.5144
      0.6280
      0.7908
      0.9578
      1.0635
      1.0637
      0.9656
      0.8226
      0.7026
      0.6565
      2.5093
      2.3352
      1.8920
      1.3633
      0.9216
      0.6442
      0.5104
      0.4579
      0.4443
      0.4689
      0.5540
      0.7059
      0.8920
      1.0511
      1.1299
      1.1163
      1.0439
      0.9686
      0.9375
      2.7009
      2.5152
      2.0430
      1.4804
      1.0105
      0.7131
      0.5625
      0.4899
      0.4481
      0.4367
      0.4843
      0.6108
      0.8005
      1.0033
      1.1625
      1.2469
      1.2646
      1.2507
      1.2412
      2.5093
      2.3422
      1.9197
      1.4223
      1.0159
      0.7672
      0.6431
      0.5722
      0.5083
      0.4563
      0.4547
      0.5391
      0.7124
      0.9383
      1.1607
      1.3330
      1.4384
      1.4877
      1.5011
      2.0183
      1.8955
      1.5899
      1.2442
      0.9839
      0.8472
      0.7885
      0.7351
      0.6478
      0.5434
      0.4766
      0.5002
      0.6341
      0.8554
      1.1114
      1.3464
      1.5229
      1.6275
      1.6616
      1.4231
      1.3567
      1.2008
      1.0504
      0.9793
      0.9883
      1.0134
      0.9801
      0.8597
      0.6879
      0.5398
      0.4864
      0.5618
      0.7546
      1.0191
      1.2966
      1.5335
      1.6906
      1.7454
      0.9110
      0.8988
      0.8874
      0.9278
      1.0439
      1.1979
      1.3041
      1.2841
      1.1204
      0.8699
      0.6308
      0.4923
      0.5017
      0.6593
      0.9306
      1.2591
      1.5744
      1.8031
      1.8869
      0.5745
      0.6051
      0.7091
      0.9046
      1.1771
      1.4553
      1.6316
      1.6197
      1.4097
      1.0782
      0.7468
      0.5245
      0.4742
      0.6124
      0.9208
      1.3467
      1.7958
      2.1430
      2.2743
      0.4052
      0.4650
      0.6489
      0.9559
      1.3467
      1.7258
      1.9649
      1.9647
      1.7156
      1.3091
      0.8900
      0.5910
      0.4964
      0.6450
      1.0388
      1.6275
      2.2824
      2.8055
      3.0065
      0.3438
      0.4211
      0.6544
      1.0342
      1.5094
      1.9693
      2.2668
      2.2862
      2.0112
      1.5426
      1.0468
      0.6826
      0.5602
      0.7438
      1.2566
      2.0484
      2.9486
      3.6777
      3.9596
      0.3308
      0.4171
      0.6766
      1.0979
      1.6260
      2.1419
      2.4855
      2.5255
      2.2375
      1.7265
      1.1758
      0.7657
      0.6287
      0.8502
      1.4697
      2.4353
      3.5417
      4.4422
      4.7912
      0.3302
      0.4192
      0.6869
      1.1218
      1.6683
      2.2049
      2.5664
      2.6154
      2.3237
      1.7976
      1.2265
      0.7996
      0.6581
      0.8958
      1.5582
      2.5928
      3.7804
      4.7480
      5.1232
