      0.0000
      0.0000
      0.0000
      0.0000
      0.0000
      0.0000
      0.0000
      0.0000
      0.0000
      0.0000
      0.0000
      0.0000
      0.0000
      0.0000
      0.0000
      0.0000
      0.0000
      0.0000
      0.0000
      0.0000
      0.0000
      0.0000
      0.0000
      0.0000
      0.0000
      0.0000
      0.0000
      0.0000
      0.0000
      0.0000
      0.0000
      0.0000
      0.0000
      0.0000
      0.0000
      0.0000
      0.0000
      0.0000
      0.0000
      0.0000
      0.0000
      0.0000
      0.0000
      0.0000
      0.0000
      0.0000
      0.0000
      0.0000
      0.0000
      0.0000
      0.0000
      0.0000
      0.0000
      0.0000
      0.0000
      0.0000
      0.0000
      0.0000
      0.0000
      0.0000
      0.0000
      0.0000
      0.0000
      0.0000
      0.0000
      0.0000
      0.0000
      0.0000
      0.0000
      0.0000
      0.0000
      0.0000
      0.0000
      0.0000
      0.0000
      0.0000
      0.0000
      0.0000
      0.0000
      0.0000
      0.0000
      0.0000
      0.0000
      0.0000
      0.0000
      0.0000
      0.0000
      0.0000
      0.0002
      0.0002
      0.0001
      0.0000
      0.0000
      0.0000
      0.0000
      0.0014
      0.0007
      0.0001
      0.0000
      0.0000
      0.0000
      0.0000
      0.0000
      0.0000
      0.0000
      0.0000
      0.0003
      0.0016
      0.0023
      0.0008
      0.0001
      0.0000
      0.0000
      0.0000
      0.1919
      0.0959
      0.0120
      0.0004
      0.0000
      0.0000
      0.0000
      0.0000
      0.0000
      0.0000
      0.0000
      0.0006
      0.0039
      0.0069
      0.0030
      0.0003
      0.0000
      0.0000
      0.0000
      6.2214
      3.1107
      0.3878
      0.0120
      0.0001
      0.0000
      0.0000
      0.0000
      0.0000
      0.0000
      0.0000
      0.0003
      0.0024
      0.0053
      0.0028
      0.0004
      0.0000
      0.0001
      0.0003
     49.9032
     24.9516
      3.1107
      0.0959
      0.0007
      0.0000
      0.0000
      0.0000
      0.0000
      0.0000
      0.0000
      0.0000
      0.0004
      0.0011
      0.0009
      0.0005
      0.0024
      0.0187
      0.0373
     99.8064
     49.9032
      6.2214
      0.1919
      0.0014
      0.0000
      0.0000
      0.0000
      0.0000
      0.0000
      0.0000
      0.0000
      0.0001
      0.0022
      0.0108
      0.0157
      0.0798
      0.6058
      1.2107
     49.9032
     24.9516
      3.1107
      0.0959
      0.0007
      0.0000
      0.0001
      0.0003
      0.0002
      0.0000
      0.0000
      0.0000
      0.0008
      0.0180
      0.1047
      0.1704
      0.6608
      4.8609
      9.7113
      6.2214
      3.1107
      0.3878
      0.0120
      0.0001
      0.0014
      0.0109
      0.0207
      0.0098
      0.0012
      0.0000
      0.0000
      0.0014
      0.0375
      0.2544
      0.4669
      1.3925
      9.7304
     19.4229
      0.1919
      0.0959
      0.0120
      0.0004
      0.0012
      0.0320
      0.2147
      0.3602
      0.1512
      0.0158
      0.0004
      0.0000
      0.0006
      0.0196
      0.1546
      0.3228
      0.7551
      4.8739
      9.7120
      0.0014
      0.0007
      0.0001
      0.0006
      0.0111
      0.1839
      1.0555
      1.5608
      0.5783
      0.0534
      0.0012
      0.0000
      0.0001
      0.0025
      0.0234
      0.0561
      0.1063
      0.6097
      1.2110
      0.0000
      0.0000
      0.0004
      0.0099
      0.0718
      0.3384
      1.3249
      1.6923
      0.5531
      0.0451
      0.0009
      0.0000
      0.0000
      0.0001
      0.0009
      0.0024
      0.0040
      0.0195
      0.0385
      0.0000
      0.0000
      0.0021
      0.0452
      0.2444
      0.4047
      0.5163
      0.5008
      0.1513
      0.0121
      0.0003
      0.0000
      0.0000
      0.0000
      0.0000
      0.0003
      0.0099
      0.0794
      0.1588
      0.0000
      0.0000
      0.0028
      0.0523
      0.2408
      0.3414
      0.6435
      1.1899
      0.6287
      0.0838
      0.0028
      0.0000
      0.0000
      0.0000
      0.0001
      0.0099
      0.3204
      2.5698
      5.1397
      0.0000
      0.0000
      0.0010
      0.0152
      0.0737
      0.5563
      4.3146
      9.2553
      4.9791
      0.6681
      0.0222
      0.0002
      0.0000
      0.0000
      0.0006
      0.0792
      2.5698
     20.6132
     41.2263
      0.0000
      0.0000
      0.0002
      0.0024
      0.0359
      1.0022
      8.6009
     18.5079
      9.9579
      1.3363
      0.0444
      0.0004
      0.0000
      0.0000
      0.0012
      0.1585
      5.1397
     41.2263
     82.4527
