      0.4058
      0.4115
      0.4226
      0.4265
      0.4162
      0.3965
      0.3803
      0.3792
      0.3968
      0.4249
      0.4456
      0.4382
      0.3912
      0.3108
      0.2179
      0.1354
      0.0772
      0.0452
      0.0353
      0.4069
      0.4106
      0.4165
      0.4142
      0.3989
      0.3764
      0.3598
      0.3604
      0.3820
      0.4166
      0.4463
      0.4490
      0.4106
      0.3347
      0.2408
      0.1535
      0.0892
      0.0525
      0.0409
      0.4254
      0.4225
      0.4117
      0.3896
      0.3583
      0.3274
      0.3095
      0.3152
      0.3476
      0.4002
      0.4549
      0.4863
      0.4726
      0.4094
      0.3129
      0.2111
      0.1286
      0.0778
      0.0610
      0.5102
      0.4940
      0.4496
      0.3883
      0.3258
      0.2780
      0.2567
      0.2686
      0.3155
      0.3925
      0.4825
      0.5560
      0.5801
      0.5375
      0.4382
      0.3145
      0.2034
      0.1300
      0.1048
      0.7417
      0.7016
      0.5965
      0.4638
      0.3434
      0.2619
      0.2286
      0.2426
      0.3013
      0.4009
      0.5274
      0.6482
      0.7187
      0.7056
      0.6091
      0.4646
      0.3225
      0.2233
      0.1883
      1.2000
      1.1208
      0.9164
      0.6652
      0.4458
      0.3021
      0.2392
      0.2434
      0.3032
      0.4146
      0.5677
      0.7307
      0.8502
      0.8774
      0.8002
      0.6523
      0.4933
      0.3772
      0.3353
      1.8954
      1.7619
      1.4187
      1.0002
      0.6374
      0.3984
      0.2836
      0.2619
      0.3076
      0.4136
      0.5750
      0.7650
      0.9288
      1.0082
      0.9781
      0.8638
      0.7239
      0.6163
      0.5768
      2.7023
      2.5083
      2.0100
      1.4031
      0.8765
      0.5252
      0.3452
      0.2858
      0.3047
      0.3886
      0.5373
      0.7336
      0.9310
      1.0715
      1.1210
      1.0899
      1.0213
      0.9614
      0.9386
      3.3672
      3.1248
      2.5024
      1.7447
      1.0865
      0.6441
      0.4091
      0.3143
      0.3021
      0.3531
      0.4714
      0.6535
      0.8698
      1.0733
      1.2270
      1.3228
      1.3758
      1.4031
      1.4119
      3.6266
      3.3674
      2.7028
      1.8958
      1.1974
      0.7293
      0.4776
      0.3648
      0.3253
      0.3377
      0.4126
      0.5629
      0.7806
      1.0370
      1.2978
      1.5374
      1.7361
      1.8718
      1.9206
      3.3672
      3.1323
      2.5323
      1.8096
      1.1934
      0.7888
      0.5731
      0.4662
      0.4042
      0.3718
      0.3913
      0.4934
      0.6917
      0.9759
      1.3179
      1.6782
      2.0058
      2.2400
      2.3256
      2.7023
      2.5259
      2.0799
      1.5552
      1.1264
      0.8626
      0.7273
      0.6425
      0.5556
      0.4672
      0.4174
      0.4546
      0.6095
      0.8856
      1.2596
      1.6844
      2.0882
      2.3832
      2.4920
      1.8954
      1.7934
      1.5432
      1.2708
      1.0812
      0.9960
      0.9597
      0.8980
      0.7757
      0.6164
      0.4829
      0.4404
      0.5302
      0.7621
      1.1160
      1.5422
      1.9605
      2.2712
      2.3866
      1.2000
      1.1687
      1.1061
      1.0773
      1.1208
      1.2096
      1.2663
      1.2181
      1.0477
      0.8053
      0.5778
      0.4462
      0.4580
      0.6246
      0.9270
      1.3168
      1.7132
      2.0133
      2.1257
      0.7417
      0.7659
      0.8516
      1.0185
      1.2533
      1.4880
      1.6224
      1.5799
      1.3565
      1.0261
      0.7006
      0.4774
      0.4105
      0.5124
      0.7658
      1.1243
      1.5063
      1.8031
      1.9156
      0.5102
      0.5718
      0.7590
      1.0639
      1.4402
      1.7901
      1.9916
      1.9572
      1.6872
      1.2736
      0.8523
      0.5406
      0.4036
      0.4586
      0.6916
      1.0568
      1.4652
      1.7910
      1.9159
      0.4254
      0.5092
      0.7578
      1.1507
      1.6249
      2.0638
      2.3261
      2.3084
      2.0063
      1.5229
      1.0165
      0.6265
      0.4337
      0.4642
      0.7085
      1.1194
      1.5938
      1.9787
      2.1275
      0.4069
      0.5018
      0.7822
      1.2238
      1.7572
      2.2564
      2.5658
      2.5673
      2.2484
      1.7178
      1.1501
      0.7040
      0.4743
      0.4963
      0.7646
      1.2296
      1.7741
      2.2192
      2.3918
      0.4058
      0.5040
      0.7942
      1.2513
      1.8049
      2.3261
      2.6539
      2.6639
      2.3401
      1.7927
      1.2024
      0.7354
      0.4928
      0.5133
      0.7933
      1.2821
      1.8565
      2.3270
      2.5097
