      0.0299
      0.0396
      0.0598
      0.0711
      0.0641
      0.0491
      0.0410
      0.0444
      0.0619
      0.0998
      0.1474
      0.1684
      0.1396
      0.0825
      0.0345
      0.0102
      0.0021
      0.0003
      0.0001
      0.0319
      0.0411
      0.0593
      0.0679
      0.0591
      0.0436
      0.0352
      0.0376
      0.0528
      0.0873
      0.1325
      0.1563
      0.1345
      0.0829
      0.0365
      0.0114
      0.0025
      0.0004
      0.0001
      0.0361
      0.0428
      0.0547
      0.0569
      0.0453
      0.0304
      0.0223
      0.0228
      0.0333
      0.0595
      0.0987
      0.1283
      0.1231
      0.0859
      0.0435
      0.0159
      0.0042
      0.0008
      0.0002
      0.0583
      0.0577
      0.0538
      0.0435
      0.0290
      0.0166
      0.0105
      0.0101
      0.0166
      0.0358
      0.0715
      0.1115
      0.1291
      0.1094
      0.0673
      0.0300
      0.0096
      0.0023
      0.0008
      0.2303
      0.1981
      0.1274
      0.0631
      0.0254
      0.0093
      0.0040
      0.0038
      0.0089
      0.0272
      0.0703
      0.1350
      0.1873
      0.1866
      0.1329
      0.0677
      0.0251
      0.0076
      0.0038
      1.0397
      0.8760
      0.5242
      0.2231
      0.0679
      0.0152
      0.0030
      0.0019
      0.0071
      0.0288
      0.0870
      0.1877
      0.2876
      0.3130
      0.2426
      0.1360
      0.0597
      0.0278
      0.0211
      3.5012
      2.9451
      1.7517
      0.7355
      0.2174
      0.0452
      0.0069
      0.0020
      0.0066
      0.0288
      0.0938
      0.2166
      0.3547
      0.4140
      0.3496
      0.2275
      0.1425
      0.1190
      0.1196
      8.3422
      7.0162
      4.1713
      1.7497
      0.5162
      0.1072
      0.0165
      0.0037
      0.0059
      0.0227
      0.0766
      0.1891
      0.3354
      0.4336
      0.4304
      0.3844
      0.4024
      0.4928
      0.5468
     14.0311
     11.8007
      7.0157
      2.9429
      0.8694
      0.1836
      0.0339
      0.0134
      0.0121
      0.0188
      0.0517
      0.1376
      0.2828
      0.4483
      0.5970
      0.7910
      1.1503
      1.6065
      1.8286
     16.6830
     14.0311
      8.3422
      3.5017
      1.0429
      0.2408
      0.0795
      0.0642
      0.0552
      0.0406
      0.0468
      0.1157
      0.2922
      0.5925
      1.0127
      1.6454
      2.6506
      3.8100
      4.3567
     14.0311
     11.8011
      7.0190
      2.9583
      0.9201
      0.3033
      0.2358
      0.2554
      0.2168
      0.1356
      0.0837
      0.1339
      0.3645
      0.8396
      1.5875
      2.7346
      4.4830
      6.4451
      7.3617
      8.3422
      7.0181
      4.1845
      1.8061
      0.6910
      0.5000
      0.6528
      0.7405
      0.6105
      0.3613
      0.1735
      0.1610
      0.3997
      0.9646
      1.8990
      3.3253
      5.4311
      7.7483
      8.8237
      3.5012
      2.9510
      1.7898
      0.8840
      0.6412
      0.9396
      1.3850
      1.5334
      1.2199
      0.6930
      0.2953
      0.1689
      0.3307
      0.8102
      1.6384
      2.8928
      4.6857
      6.6166
      7.5059
      1.0397
      0.8902
      0.6081
      0.5177
      0.8300
      1.5016
      2.1595
      2.2881
      1.7502
      0.9579
      0.3808
      0.1517
      0.2011
      0.4855
      1.0054
      1.7894
      2.8736
      4.0123
      4.5316
      0.2303
      0.2237
      0.2685
      0.5122
      1.0728
      1.8779
      2.5370
      2.5583
      1.8847
      1.0001
      0.3816
      0.1207
      0.0930
      0.2066
      0.4372
      0.7862
      1.2545
      1.7328
      1.9482
      0.0583
      0.0921
      0.2350
      0.5799
      1.1807
      1.9280
      2.4740
      2.4247
      1.7663
      0.9374
      0.3583
      0.1023
      0.0398
      0.0637
      0.1362
      0.2510
      0.4041
      0.5576
      0.6261
      0.0361
      0.0774
      0.2344
      0.5757
      1.1388
      1.8455
      2.4153
      2.4602
      1.8804
      1.0511
      0.4230
      0.1221
      0.0289
      0.0174
      0.0350
      0.0733
      0.1321
      0.1946
      0.2228
      0.0319
      0.0693
      0.2082
      0.5131
      1.0568
      1.8423
      2.6164
      2.8658
      2.3239
      1.3626
      0.5701
      0.1690
      0.0360
      0.0090
      0.0151
      0.0428
      0.0955
      0.1562
      0.1843
      0.0299
      0.0640
      0.1908
      0.4772
      1.0221
      1.8719
      2.7733
      3.1302
      2.5901
      1.5401
      0.6510
      0.1943
      0.0411
      0.0088
      0.0137
      0.0430
      0.1011
      0.1692
      0.2009
