      0.0013
      0.0030
      0.0075
      0.0102
      0.0075
      0.0031
      0.0009
      0.0006
      0.0014
      0.0050
      0.0122
      0.0164
      0.0119
      0.0047
      0.0010
      0.0001
      0.0000
      0.0000
      0.0000
      0.0018
      0.0039
      0.0086
      0.0107
      0.0072
      0.0027
      0.0008
      0.0005
      0.0011
      0.0041
      0.0108
      0.0156
      0.0123
      0.0053
      0.0012
      0.0002
      0.0000
      0.0000
      0.0000
      0.0024
      0.0045
      0.0086
      0.0092
      0.0054
      0.0017
      0.0004
      0.0002
      0.0005
      0.0022
      0.0068
      0.0116
      0.0109
      0.0057
      0.0017
      0.0003
      0.0000
      0.0000
      0.0000
      0.0022
      0.0034
      0.0052
      0.0048
      0.0024
      0.0007
      0.0001
      0.0000
      0.0001
      0.0009
      0.0035
      0.0083
      0.0113
      0.0090
      0.0041
      0.0011
      0.0002
      0.0000
      0.0000
      0.0137
      0.0107
      0.0054
      0.0021
      0.0007
      0.0002
      0.0000
      0.0000
      0.0001
      0.0008
      0.0049
      0.0173
      0.0335
      0.0353
      0.0202
      0.0063
      0.0010
      0.0001
      0.0000
      0.2152
      0.1582
      0.0629
      0.0136
      0.0016
      0.0001
      0.0000
      0.0001
      0.0001
      0.0014
      0.0102
      0.0411
      0.0894
      0.1049
      0.0665
      0.0228
      0.0042
      0.0006
      0.0003
      1.8871
      1.3870
      0.5500
      0.1173
      0.0134
      0.0008
      0.0001
      0.0001
      0.0002
      0.0016
      0.0127
      0.0561
      0.1336
      0.1720
      0.1198
      0.0456
      0.0113
      0.0060
      0.0068
      8.8520
      6.5059
      2.5798
      0.5500
      0.0627
      0.0038
      0.0002
      0.0002
      0.0002
      0.0010
      0.0085
      0.0416
      0.1091
      0.1557
      0.1231
      0.0617
      0.0475
      0.0841
      0.1108
     22.3238
     16.4070
      6.5059
      1.3869
      0.1580
      0.0096
      0.0005
      0.0003
      0.0003
      0.0004
      0.0032
      0.0178
      0.0557
      0.1036
      0.1271
      0.1531
      0.3302
      0.7253
      0.9695
     30.3743
     22.3238
      8.8520
      1.8871
      0.2152
      0.0142
      0.0036
      0.0048
      0.0038
      0.0017
      0.0014
      0.0089
      0.0488
      0.1642
      0.3460
      0.6278
      1.5360
      3.3985
      4.5437
     22.3238
     16.4070
      6.5059
      1.3873
      0.1614
      0.0256
      0.0420
      0.0586
      0.0445
      0.0183
      0.0049
      0.0128
      0.0918
      0.3745
      0.8901
      1.6757
      3.9553
      8.5971
     11.4631
      8.8520
      6.5059
      2.5801
      0.5535
      0.0900
      0.1246
      0.2942
      0.3897
      0.2797
      0.1085
      0.0235
      0.0169
      0.1171
      0.5145
      1.3007
      2.4758
      5.5581
     11.7708
     15.6232
      1.8871
      1.3871
      0.5523
      0.1377
      0.1402
      0.4977
      1.1192
      1.3928
      0.9435
      0.3456
      0.0686
      0.0165
      0.0821
      0.3847
      1.0328
      1.9969
      4.2603
      8.7354
     11.5197
      0.2152
      0.1594
      0.0757
      0.0937
      0.3637
      1.1612
      2.3369
      2.6988
      1.7193
      0.5947
      0.1109
      0.0143
      0.0314
      0.1553
      0.4435
      0.8763
      1.7813
      3.5161
      4.5973
      0.0137
      0.0151
      0.0492
      0.2194
      0.7003
      1.6603
      2.7839
      2.9031
      1.7274
      0.5648
      0.0998
      0.0101
      0.0067
      0.0338
      0.1032
      0.2137
      0.4308
      0.8305
      1.0784
      0.0022
      0.0127
      0.0921
      0.3806
      0.9521
      1.6577
      2.2039
      2.0627
      1.1868
      0.3889
      0.0704
      0.0070
      0.0011
      0.0043
      0.0184
      0.0766
      0.2842
      0.6808
      0.9186
      0.0024
      0.0152
      0.1041
      0.3950
      0.8978
      1.4780
      2.0915
      2.2704
      1.5433
      0.5957
      0.1262
      0.0145
      0.0010
      0.0019
      0.0276
      0.2364
      1.1036
      2.7804
      3.7825
      0.0018
      0.0107
      0.0685
      0.2543
      0.6627
      1.6003
      3.2906
      4.3480
      3.2454
      1.3214
      0.2902
      0.0341
      0.0023
      0.0041
      0.0674
      0.5916
      2.7749
      6.9980
      9.5216
      0.0013
      0.0072
      0.0440
      0.1695
      0.5543
      1.7847
      4.1960
      5.7705
      4.3605
      1.7842
      0.3929
      0.0463
      0.0031
      0.0056
      0.0917
      0.8049
      3.7755
      9.5214
     12.9550
