      0.0531
      0.0705
      0.1064
      0.1252
      0.1080
      0.0717
      0.0437
      0.0323
      0.0328
      0.0430
      0.0582
      0.0649
      0.0537
      0.0319
      0.0134
      0.0040
      0.0009
      0.0001
      0.0000
      0.0565
      0.0728
      0.1050
      0.1191
      0.0995
      0.0640
      0.0378
      0.0274
      0.0281
      0.0380
      0.0535
      0.0624
      0.0544
      0.0344
      0.0157
      0.0052
      0.0012
      0.0002
      0.0001
      0.0606
      0.0729
      0.0946
      0.0982
      0.0758
      0.0451
      0.0246
      0.0170
      0.0184
      0.0282
      0.0458
      0.0622
      0.0641
      0.0488
      0.0272
      0.0110
      0.0032
      0.0007
      0.0002
      0.0733
      0.0766
      0.0790
      0.0687
      0.0466
      0.0249
      0.0125
      0.0089
      0.0118
      0.0241
      0.0509
      0.0870
      0.1106
      0.1021
      0.0678
      0.0322
      0.0109
      0.0027
      0.0010
      0.2064
      0.1810
      0.1236
      0.0679
      0.0312
      0.0131
      0.0071
      0.0074
      0.0127
      0.0315
      0.0793
      0.1568
      0.2251
      0.2306
      0.1680
      0.0870
      0.0323
      0.0093
      0.0041
      0.8722
      0.7362
      0.4432
      0.1912
      0.0607
      0.0172
      0.0097
      0.0121
      0.0191
      0.0444
      0.1172
      0.2485
      0.3817
      0.4171
      0.3239
      0.1803
      0.0754
      0.0295
      0.0190
      2.9191
      2.4557
      1.4613
      0.6147
      0.1843
      0.0447
      0.0188
      0.0193
      0.0248
      0.0495
      0.1314
      0.2934
      0.4768
      0.5526
      0.4597
      0.2853
      0.1544
      0.1029
      0.0942
      6.9516
      5.8467
      3.4763
      1.4593
      0.4343
      0.0991
      0.0307
      0.0238
      0.0247
      0.0407
      0.1064
      0.2500
      0.4323
      0.5399
      0.5033
      0.3963
      0.3464
      0.3780
      0.4071
     11.6918
      9.8332
      5.8463
      2.4535
      0.7284
      0.1614
      0.0410
      0.0247
      0.0211
      0.0263
      0.0638
      0.1589
      0.3019
      0.4326
      0.5130
      0.6155
      0.8524
      1.1716
      1.3283
     13.9015
     11.6917
      6.9514
      2.9180
      0.8682
      0.1962
      0.0554
      0.0371
      0.0297
      0.0236
      0.0356
      0.0894
      0.2019
      0.3731
      0.6244
      1.0710
      1.8335
      2.7095
      3.1176
     11.6918
      9.8336
      5.8482
      2.4608
      0.7490
      0.2052
      0.1104
      0.1050
      0.0863
      0.0541
      0.0368
      0.0648
      0.1722
      0.4017
      0.8309
      1.6412
      2.9883
      4.5037
      5.2041
      6.9516
      5.8484
      3.4862
      1.4932
      0.5209
      0.2685
      0.2809
      0.2973
      0.2381
      0.1391
      0.0671
      0.0643
      0.1639
      0.4193
      0.9319
      1.9110
      3.5258
      5.3338
      6.1684
      2.9191
      2.4623
      1.4972
      0.7266
      0.4402
      0.4950
      0.6286
      0.6424
      0.4889
      0.2713
      0.1142
      0.0651
      0.1306
      0.3415
      0.7803
      1.6168
      2.9828
      4.5045
      5.2061
      0.8722
      0.7548
      0.5393
      0.4679
      0.6301
      0.9134
      1.1086
      1.0503
      0.7521
      0.3974
      0.1552
      0.0604
      0.0792
      0.2036
      0.4777
      1.0040
      1.8580
      2.8043
      3.2396
      0.2064
      0.2187
      0.3125
      0.5815
      1.0085
      1.4200
      1.5935
      1.4127
      0.9673
      0.4972
      0.1884
      0.0581
      0.0398
      0.0946
      0.2450
      0.5682
      1.1195
      1.7387
      2.0242
      0.0733
      0.1312
      0.3491
      0.7838
      1.3637
      1.8698
      2.0715
      1.8544
      1.3048
      0.6956
      0.2729
      0.0794
      0.0281
      0.0582
      0.2118
      0.6386
      1.4494
      2.3918
      2.8299
      0.0606
      0.1304
      0.3800
      0.8624
      1.5296
      2.2204
      2.6918
      2.6569
      2.0342
      1.1586
      0.4779
      0.1418
      0.0414
      0.0837
      0.3733
      1.2478
      2.9592
      4.9672
      5.9028
      0.0565
      0.1206
      0.3482
      0.8051
      1.5308
      2.4906
      3.4026
      3.6809
      2.9900
      1.7657
      0.7451
      0.2241
      0.0647
      0.1325
      0.6081
      2.0576
      4.9034
      8.2461
      9.8042
      0.0531
      0.1118
      0.3212
      0.7564
      1.5072
      2.6056
      3.7441
      4.1812
      3.4567
      2.0608
      0.8743
      0.2639
      0.0763
      0.1567
      0.7212
      2.4425
      5.8230
      9.7944
     11.6455
