      0.0007
      0.0017
      0.0041
      0.0056
      0.0041
      0.0017
      0.0005
      0.0003
      0.0007
      0.0027
      0.0066
      0.0088
      0.0064
      0.0025
      0.0005
      0.0001
      0.0000
      0.0000
      0.0000
      0.0010
      0.0021
      0.0047
      0.0059
      0.0040
      0.0015
      0.0004
      0.0003
      0.0006
      0.0022
      0.0058
      0.0084
      0.0067
      0.0029
      0.0007
      0.0001
      0.0000
      0.0000
      0.0000
      0.0013
      0.0025
      0.0047
      0.0050
      0.0029
      0.0010
      0.0002
      0.0001
      0.0003
      0.0012
      0.0038
      0.0067
      0.0067
      0.0038
      0.0012
      0.0002
      0.0000
      0.0000
      0.0000
      0.0017
      0.0022
      0.0030
      0.0026
      0.0013
      0.0004
      0.0001
      0.0000
      0.0001
      0.0007
      0.0032
      0.0089
      0.0141
      0.0127
      0.0064
      0.0017
      0.0003
      0.0000
      0.0000
      0.0219
      0.0164
      0.0072
      0.0021
      0.0005
      0.0001
      0.0000
      0.0000
      0.0001
      0.0013
      0.0083
      0.0303
      0.0596
      0.0635
      0.0367
      0.0114
      0.0019
      0.0002
      0.0000
      0.3559
      0.2617
      0.1039
      0.0222
      0.0026
      0.0002
      0.0001
      0.0001
      0.0003
      0.0025
      0.0186
      0.0752
      0.1635
      0.1920
      0.1217
      0.0416
      0.0077
      0.0008
      0.0002
      3.1234
      2.2956
      0.9103
      0.1941
      0.0221
      0.0014
      0.0002
      0.0003
      0.0004
      0.0029
      0.0232
      0.1027
      0.2448
      0.3149
      0.2189
      0.0824
      0.0178
      0.0046
      0.0040
     14.6514
     10.7682
      4.2699
      0.9103
      0.1037
      0.0064
      0.0005
      0.0004
      0.0004
      0.0018
      0.0157
      0.0759
      0.1986
      0.2808
      0.2161
      0.0949
      0.0399
      0.0486
      0.0622
     36.9491
     27.1560
     10.7682
      2.2956
      0.2616
      0.0159
      0.0008
      0.0004
      0.0003
      0.0007
      0.0058
      0.0309
      0.0910
      0.1500
      0.1471
      0.1191
      0.1923
      0.4066
      0.5426
     50.2738
     36.9491
     14.6514
      3.1234
      0.3560
      0.0222
      0.0025
      0.0027
      0.0021
      0.0010
      0.0015
      0.0094
      0.0406
      0.1126
      0.2090
      0.3549
      0.8579
      1.9006
      2.5421
     36.9491
     27.1560
     10.7682
      2.2958
      0.2633
      0.0244
      0.0230
      0.0316
      0.0240
      0.0098
      0.0027
      0.0074
      0.0512
      0.2049
      0.4840
      0.9188
      2.2005
      4.8062
      6.4130
     14.6514
     10.7682
      4.2701
      0.9122
      0.1184
      0.0713
      0.1584
      0.2097
      0.1505
      0.0583
      0.0127
      0.0091
      0.0631
      0.2772
      0.7024
      1.3530
      3.0879
      6.5785
      8.7396
      3.1234
      2.2957
      0.9115
      0.2051
      0.0906
      0.2689
      0.6024
      0.7494
      0.5076
      0.1859
      0.0369
      0.0089
      0.0441
      0.2071
      0.5574
      1.0896
      2.3637
      4.8804
      6.4435
      0.3559
      0.2623
      0.1108
      0.0658
      0.1987
      0.6271
      1.2604
      1.4553
      0.9273
      0.3209
      0.0599
      0.0077
      0.0169
      0.0836
      0.2393
      0.4780
      0.9893
      1.9698
      2.5797
      0.0219
      0.0188
      0.0311
      0.1210
      0.3838
      0.9123
      1.5381
      1.6153
      0.9693
      0.3202
      0.0573
      0.0058
      0.0036
      0.0182
      0.0567
      0.1255
      0.2810
      0.5711
      0.7493
      0.0017
      0.0073
      0.0507
      0.2111
      0.5455
      1.0259
      1.5185
      1.5721
      0.9886
      0.3526
      0.0695
      0.0075
      0.0008
      0.0029
      0.0191
      0.1222
      0.5330
      1.3249
      1.7986
      0.0013
      0.0084
      0.0578
      0.2297
      0.6121
      1.3931
      2.6673
      3.3844
      2.4717
      0.9929
      0.2161
      0.0252
      0.0017
      0.0037
      0.0581
      0.5066
      2.3738
      5.9849
      8.1429
      0.0010
      0.0059
      0.0395
      0.1729
      0.6677
      2.3532
      5.6504
      7.7910
      5.8851
      2.4067
      0.5298
      0.0624
      0.0042
      0.0089
      0.1453
      1.2752
      5.9818
     15.0854
     20.5256
      0.0007
      0.0040
      0.0268
      0.1385
      0.7182
      2.9872
      7.5349
     10.5218
      7.9776
      3.2672
      0.7197
      0.0848
      0.0057
      0.0121
      0.1977
      1.7351
      8.1390
     20.5255
     27.9274
