      0.0000
      0.0000
      0.0000
      0.0000
      0.0000
      0.0000
      0.0000
      0.0000
      0.0000
      0.0000
      0.0000
      0.0000
      0.0000
      0.0000
      0.0000
      0.0000
      0.0000
      0.0000
      0.0000
      0.0000
      0.0000
      0.0000
      0.0000
      0.0000
      0.0000
      0.0000
      0.0000
      0.0000
      0.0000
      0.0000
      0.0000
      0.0000
      0.0000
      0.0000
      0.0000
      0.0000
      0.0000
      0.0000
      0.0000
      0.0000
      0.0000
      0.0000
      0.0000
      0.0000
      0.0000
      0.0000
      0.0000
      0.0000
      0.0000
      0.0000
      0.0000
      0.0000
      0.0000
      0.0000
      0.0000
      0.0000
      0.0000
      0.0000
      0.0000
      0.0000
      0.0000
      0.0000
      0.0000
      0.0000
      0.0000
      0.0000
      0.0000
      0.0000
      0.0000
      0.0000
      0.0000
      0.0000
      0.0000
      0.0000
      0.0000
      0.0000
      0.0000
      0.0000
      0.0000
      0.0000
      0.0000
      0.0000
      0.0000
      0.0000
      0.0000
      0.0000
      0.0000
      0.0001
      0.0003
      0.0004
      0.0001
      0.0000
      0.0000
      0.0000
      0.0000
      0.0023
      0.0012
      0.0001
      0.0000
      0.0000
      0.0000
      0.0000
      0.0000
      0.0000
      0.0000
      0.0000
      0.0005
      0.0031
      0.0044
      0.0016
      0.0001
      0.0000
      0.0000
      0.0000
      0.3087
      0.1543
      0.0192
      0.0006
      0.0000
      0.0000
      0.0000
      0.0000
      0.0000
      0.0000
      0.0000
      0.0011
      0.0076
      0.0134
      0.0059
      0.0006
      0.0000
      0.0000
      0.0000
     10.0089
      5.0044
      0.6239
      0.0192
      0.0001
      0.0000
      0.0000
      0.0000
      0.0000
      0.0000
      0.0000
      0.0005
      0.0047
      0.0102
      0.0055
      0.0007
      0.0001
      0.0003
      0.0006
     80.2832
     40.1416
      5.0044
      0.1543
      0.0012
      0.0000
      0.0000
      0.0000
      0.0000
      0.0000
      0.0000
      0.0001
      0.0007
      0.0020
      0.0014
      0.0005
      0.0049
      0.0391
      0.0782
    160.5665
     80.2832
     10.0089
      0.3087
      0.0023
      0.0000
      0.0000
      0.0000
      0.0000
      0.0000
      0.0000
      0.0000
      0.0001
      0.0013
      0.0060
      0.0122
      0.1605
      1.2685
      2.5366
     80.2832
     40.1416
      5.0044
      0.1543
      0.0012
      0.0000
      0.0001
      0.0002
      0.0001
      0.0000
      0.0000
      0.0000
      0.0004
      0.0098
      0.0574
      0.1220
      1.2986
     10.1762
     20.3467
     10.0089
      5.0044
      0.6239
      0.0192
      0.0002
      0.0008
      0.0059
      0.0113
      0.0054
      0.0006
      0.0000
      0.0000
      0.0007
      0.0205
      0.1394
      0.3128
      2.6359
     20.3571
     40.6936
      0.3087
      0.1543
      0.0192
      0.0006
      0.0007
      0.0175
      0.1172
      0.1967
      0.0826
      0.0086
      0.0002
      0.0000
      0.0003
      0.0107
      0.0846
      0.2052
      1.3501
     10.1833
     20.3471
      0.0023
      0.0012
      0.0002
      0.0003
      0.0057
      0.0998
      0.5762
      0.8524
      0.3159
      0.0292
      0.0007
      0.0000
      0.0000
      0.0014
      0.0128
      0.0342
      0.1750
      1.2707
      2.5368
      0.0000
      0.0000
      0.0002
      0.0044
      0.0331
      0.1754
      0.7201
      0.9243
      0.3023
      0.0246
      0.0005
      0.0000
      0.0000
      0.0000
      0.0005
      0.0014
      0.0058
      0.0398
      0.0793
      0.0000
      0.0000
      0.0009
      0.0201
      0.1091
      0.1914
      0.2943
      0.3222
      0.1093
      0.0102
      0.0003
      0.0000
      0.0000
      0.0000
      0.0000
      0.0003
      0.0086
      0.0692
      0.1384
      0.0000
      0.0000
      0.0013
      0.0233
      0.1097
      0.2453
      1.0909
      2.2576
      1.2087
      0.1619
      0.0054
      0.0000
      0.0000
      0.0000
      0.0001
      0.0086
      0.2786
      2.2346
      4.4692
      0.0000
      0.0000
      0.0004
      0.0069
      0.0541
      0.9922
      8.3493
     17.9556
      9.6605
      1.2964
      0.0431
      0.0003
      0.0000
      0.0000
      0.0005
      0.0689
      2.2346
     17.9241
     35.8482
      0.0000
      0.0000
      0.0001
      0.0014
      0.0586
      1.9353
     16.6860
     35.9099
     19.3209
      2.5927
      0.0861
      0.0007
      0.0000
      0.0000
      0.0010
      0.1378
      4.4692
     35.8482
     71.6964
