      0.0000
      0.0000
      0.0000
      0.0000
      0.0000
      0.0000
      0.0000
      0.0000
      0.0000
      0.0000
      0.0000
      0.0000
      0.0000
      0.0000
      0.0000
      0.0000
      0.0000
      0.0000
      0.0000
      0.0000
      0.0000
      0.0000
      0.0000
      0.0000
      0.0000
      0.0000
      0.0000
      0.0000
      0.0000
      0.0000
      0.0000
      0.0000
      0.0000
      0.0000
      0.0000
      0.0000
      0.0000
      0.0000
      0.0000
      0.0000
      0.0000
      0.0000
      0.0000
      0.0000
      0.0000
      0.0000
      0.0000
      0.0000
      0.0000
      0.0000
      0.0000
      0.0000
      0.0000
      0.0000
      0.0000
      0.0000
      0.0000
      0.0000
      0.0000
      0.0000
      0.0000
      0.0000
      0.0000
      0.0000
      0.0000
      0.0000
      0.0000
      0.0000
      0.0000
      0.0000
      0.0000
      0.0000
      0.0000
      0.0000
      0.0000
      0.0000
      0.0000
      0.0000
      0.0000
      0.0000
      0.0000
      0.0000
      0.0000
      0.0000
      0.0000
      0.0000
      0.0000
      0.0001
      0.0007
      0.0008
      0.0002
      0.0000
      0.0000
      0.0000
      0.0000
      0.0022
      0.0011
      0.0001
      0.0000
      0.0000
      0.0000
      0.0000
      0.0000
      0.0000
      0.0000
      0.0001
      0.0012
      0.0067
      0.0097
      0.0035
      0.0003
      0.0000
      0.0000
      0.0000
      0.2872
      0.1436
      0.0179
      0.0006
      0.0000
      0.0000
      0.0000
      0.0000
      0.0000
      0.0000
      0.0001
      0.0024
      0.0168
      0.0295
      0.0130
      0.0014
      0.0000
      0.0000
      0.0000
      9.3131
      4.6566
      0.5805
      0.0179
      0.0001
      0.0000
      0.0000
      0.0000
      0.0000
      0.0000
      0.0000
      0.0012
      0.0104
      0.0225
      0.0121
      0.0016
      0.0001
      0.0005
      0.0010
     74.7022
     37.3511
      4.6566
      0.1436
      0.0011
      0.0000
      0.0000
      0.0000
      0.0000
      0.0000
      0.0000
      0.0002
      0.0016
      0.0043
      0.0028
      0.0007
      0.0079
      0.0633
      0.1266
    149.4043
     74.7022
      9.3131
      0.2872
      0.0022
      0.0000
      0.0000
      0.0000
      0.0000
      0.0000
      0.0000
      0.0000
      0.0001
      0.0003
      0.0005
      0.0083
      0.2560
      2.0521
      4.1041
     74.7022
     37.3511
      4.6566
      0.1436
      0.0011
      0.0000
      0.0000
      0.0000
      0.0000
      0.0000
      0.0000
      0.0000
      0.0000
      0.0005
      0.0035
      0.0677
      2.0537
     16.4600
     32.9196
      9.3131
      4.6566
      0.5805
      0.0179
      0.0001
      0.0000
      0.0003
      0.0006
      0.0003
      0.0000
      0.0000
      0.0000
      0.0000
      0.0011
      0.0084
      0.1392
      4.1094
     32.9202
     65.8392
      0.2872
      0.1436
      0.0179
      0.0006
      0.0000
      0.0009
      0.0063
      0.0106
      0.0044
      0.0005
      0.0000
      0.0000
      0.0000
      0.0006
      0.0050
      0.0722
      2.0564
     16.4603
     32.9196
      0.0022
      0.0011
      0.0001
      0.0000
      0.0005
      0.0057
      0.0311
      0.0458
      0.0170
      0.0016
      0.0000
      0.0000
      0.0000
      0.0001
      0.0007
      0.0095
      0.2567
      2.0522
      4.1041
      0.0000
      0.0000
      0.0000
      0.0007
      0.0044
      0.0135
      0.0407
      0.0509
      0.0168
      0.0014
      0.0000
      0.0000
      0.0000
      0.0000
      0.0000
      0.0003
      0.0080
      0.0637
      0.1275
      0.0000
      0.0000
      0.0001
      0.0030
      0.0164
      0.0320
      0.0893
      0.1662
      0.0858
      0.0113
      0.0004
      0.0000
      0.0000
      0.0000
      0.0000
      0.0002
      0.0076
      0.0610
      0.1221
      0.0000
      0.0000
      0.0002
      0.0036
      0.0236
      0.2840
      2.2991
      4.9363
      2.6555
      0.3563
      0.0118
      0.0001
      0.0000
      0.0000
      0.0001
      0.0075
      0.2448
      1.9637
      3.9273
      0.0000
      0.0000
      0.0001
      0.0014
      0.0650
      2.1342
     18.3939
     39.5849
     21.2982
      2.8580
      0.0949
      0.0008
      0.0000
      0.0000
      0.0005
      0.0606
      1.9637
     15.7508
     31.5016
      0.0000
      0.0000
      0.0000
      0.0010
      0.1225
      4.2610
     36.7860
     79.1696
     42.5964
      5.7161
      0.1898
      0.0015
      0.0000
      0.0000
      0.0009
      0.1211
      3.9273
     31.5016
     63.0033
