      0.1296
      0.1414
      0.1680
      0.1929
      0.2087
      0.2222
      0.2430
      0.2746
      0.3187
      0.3734
      0.4200
      0.4238
      0.3637
      0.2574
      0.1478
      0.0684
      0.0255
      0.0080
      0.0037
      0.1292
      0.1398
      0.1632
      0.1836
      0.1948
      0.2037
      0.2201
      0.2480
      0.2898
      0.3444
      0.3947
      0.4069
      0.3578
      0.2604
      0.1545
      0.0743
      0.0289
      0.0096
      0.0047
      0.1265
      0.1337
      0.1483
      0.1578
      0.1583
      0.1576
      0.1650
      0.1854
      0.2224
      0.2775
      0.3379
      0.3727
      0.3528
      0.2782
      0.1803
      0.0955
      0.0414
      0.0156
      0.0086
      0.1234
      0.1255
      0.1277
      0.1237
      0.1139
      0.1059
      0.1074
      0.1226
      0.1565
      0.2142
      0.2903
      0.3576
      0.3781
      0.3331
      0.2412
      0.1430
      0.0704
      0.0315
      0.0200
      0.1397
      0.1344
      0.1195
      0.0989
      0.0798
      0.0695
      0.0715
      0.0869
      0.1204
      0.1828
      0.2781
      0.3840
      0.4518
      0.4396
      0.3505
      0.2306
      0.1301
      0.0718
      0.0540
      0.2155
      0.1979
      0.1542
      0.1059
      0.0717
      0.0589
      0.0640
      0.0814
      0.1142
      0.1787
      0.2901
      0.4332
      0.5506
      0.5781
      0.5009
      0.3681
      0.2479
      0.1769
      0.1554
      0.3870
      0.3489
      0.2570
      0.1598
      0.0952
      0.0716
      0.0760
      0.0922
      0.1191
      0.1772
      0.2921
      0.4588
      0.6209
      0.7017
      0.6714
      0.5754
      0.4877
      0.4448
      0.4351
      0.6396
      0.5741
      0.4170
      0.2521
      0.1422
      0.0984
      0.0960
      0.1064
      0.1220
      0.1641
      0.2657
      0.4360
      0.6343
      0.7916
      0.8735
      0.9148
      0.9725
      1.0486
      1.0860
      0.8799
      0.7893
      0.5727
      0.3460
      0.1956
      0.1351
      0.1285
      0.1340
      0.1363
      0.1552
      0.2302
      0.3895
      0.6226
      0.8891
      1.1655
      1.4741
      1.8290
      2.1503
      2.2844
      0.9803
      0.8803
      0.6428
      0.3991
      0.2470
      0.2000
      0.2105
      0.2217
      0.2088
      0.1929
      0.2270
      0.3654
      0.6363
      1.0383
      1.5695
      2.2411
      3.0073
      3.6701
      3.9392
      0.8799
      0.7937
      0.5935
      0.4038
      0.3177
      0.3413
      0.4096
      0.4420
      0.4018
      0.3221
      0.2856
      0.3817
      0.6743
      1.1955
      1.9625
      2.9748
      4.1276
      5.1101
      5.5050
      0.6396
      0.5857
      0.4720
      0.4021
      0.4521
      0.6104
      0.7788
      0.8391
      0.7430
      0.5529
      0.4006
      0.4142
      0.6785
      1.2382
      2.1149
      3.2941
      4.6327
      5.7636
      6.2156
      0.3870
      0.3723
      0.3654
      0.4484
      0.6750
      1.0028
      1.2853
      1.3586
      1.1710
      0.8315
      0.5307
      0.4262
      0.6009
      1.0865
      1.8927
      2.9924
      4.2376
      5.2827
      5.6986
      0.2155
      0.2361
      0.3281
      0.5560
      0.9491
      1.4265
      1.7916
      1.8462
      1.5501
      1.0635
      0.6249
      0.4027
      0.4579
      0.7941
      1.4046
      2.2588
      3.2317
      4.0475
      4.3716
      0.1397
      0.1863
      0.3513
      0.6848
      1.1913
      1.7567
      2.1524
      2.1686
      1.7846
      1.1972
      0.6686
      0.3624
      0.3138
      0.5037
      0.9192
      1.5418
      2.2770
      2.9042
      3.1551
      0.1234
      0.1851
      0.3913
      0.7800
      1.3393
      1.9396
      2.3432
      2.3401
      1.9167
      1.2807
      0.7022
      0.3421
      0.2254
      0.3283
      0.6514
      1.2028
      1.9048
      2.5283
      2.7818
      0.1265
      0.1938
      0.4140
      0.8193
      1.3962
      2.0197
      2.4540
      2.4778
      2.0587
      1.3968
      0.7727
      0.3636
      0.2046
      0.2841
      0.6311
      1.2877
      2.1721
      2.9807
      3.3136
      0.1292
      0.1966
      0.4160
      0.8207
      1.4060
      2.0602
      2.5481
      2.6248
      2.2258
      1.5398
      0.8658
      0.4082
      0.2214
      0.3099
      0.7310
      1.5556
      2.6876
      3.7327
      4.1647
      0.1296
      0.1963
      0.4135
      0.8163
      1.4054
      2.0759
      2.5920
      2.6956
      2.3063
      1.6084
      0.9106
      0.4311
      0.2334
      0.3296
      0.7883
      1.6920
      2.9372
      4.0890
      4.5654
