      0.2727
      0.2783
      0.2893
      0.2936
      0.2852
      0.2717
      0.2714
      0.3023
      0.3689
      0.4540
      0.5230
      0.5402
      0.4902
      0.3875
      0.2671
      0.1629
      0.0924
      0.0554
      0.0444
      0.2916
      0.2945
      0.2987
      0.2949
      0.2798
      0.2620
      0.2592
      0.2878
      0.3515
      0.4339
      0.5022
      0.5223
      0.4781
      0.3822
      0.2668
      0.1649
      0.0943
      0.0565
      0.0451
      0.3713
      0.3649
      0.3453
      0.3133
      0.2748
      0.2425
      0.2318
      0.2542
      0.3100
      0.3847
      0.4504
      0.4771
      0.4481
      0.3698
      0.2678
      0.1718
      0.1013
      0.0612
      0.0486
      0.5866
      0.5596
      0.4876
      0.3934
      0.3034
      0.2392
      0.2123
      0.2243
      0.2687
      0.3314
      0.3914
      0.4248
      0.4145
      0.3592
      0.2753
      0.1878
      0.1174
      0.0742
      0.0600
      1.0605
      0.9939
      0.8210
      0.6059
      0.4145
      0.2856
      0.2253
      0.2193
      0.2480
      0.2952
      0.3460
      0.3837
      0.3916
      0.3609
      0.2978
      0.2209
      0.1519
      0.1061
      0.0903
      1.9142
      1.7812
      1.4383
      1.0182
      0.6514
      0.4068
      0.2843
      0.2460
      0.2526
      0.2808
      0.3203
      0.3611
      0.3876
      0.3840
      0.3461
      0.2851
      0.2218
      0.1758
      0.1592
      3.1545
      2.9282
      2.3462
      1.6356
      1.0168
      0.6015
      0.3835
      0.2957
      0.2726
      0.2798
      0.3087
      0.3550
      0.4044
      0.4355
      0.4331
      0.3991
      0.3511
      0.3110
      0.2957
      4.5642
      4.2337
      3.3843
      2.3476
      1.4434
      0.8319
      0.5016
      0.3549
      0.2985
      0.2852
      0.3064
      0.3629
      0.4433
      0.5212
      0.5706
      0.5812
      0.5635
      0.5393
      0.5286
      5.7145
      5.3006
      4.2368
      2.9389
      1.8064
      1.0378
      0.6172
      0.4218
      0.3363
      0.3040
      0.3184
      0.3874
      0.5042
      0.6401
      0.7577
      0.8318
      0.8614
      0.8644
      0.8624
      6.1615
      5.7177
      4.5785
      3.1918
      1.9864
      1.1723
      0.7269
      0.5142
      0.4095
      0.3563
      0.3566
      0.4299
      0.5783
      0.7727
      0.9651
      1.1136
      1.2021
      1.2411
      1.2509
      5.7145
      5.3096
      4.2735
      3.0208
      1.9456
      1.2333
      0.8502
      0.6594
      0.5432
      0.4589
      0.4263
      0.4826
      0.6418
      0.8773
      1.1326
      1.3500
      1.4973
      1.5744
      1.5972
      4.5642
      4.2539
      3.4657
      2.5291
      1.7509
      1.2613
      1.0097
      0.8676
      0.7385
      0.6061
      0.5160
      0.5265
      0.6647
      0.9082
      1.1966
      1.4613
      1.6559
      1.7672
      1.8024
      3.1545
      2.9616
      2.4806
      1.9345
      1.5201
      1.2989
      1.2001
      1.1087
      0.9574
      0.7626
      0.5982
      0.5415
      0.6302
      0.8476
      1.1358
      1.4232
      1.6529
      1.7954
      1.8430
      1.9142
      1.8275
      1.6244
      1.4301
      1.3400
      1.3517
      1.3774
      1.3179
      1.1364
      0.8800
      0.6447
      0.5199
      0.5494
      0.7243
      0.9962
      1.2992
      1.5679
      1.7507
      1.8153
      1.0605
      1.0495
      1.0435
      1.0954
      1.2260
      1.3876
      1.4841
      1.4333
      1.2243
      0.9254
      0.6438
      0.4717
      0.4561
      0.5988
      0.8683
      1.2094
      1.5470
      1.7970
      1.8895
      0.5866
      0.6184
      0.7221
      0.9062
      1.1474
      1.3744
      1.4927
      1.4373
      1.2147
      0.9023
      0.6070
      0.4177
      0.3846
      0.5241
      0.8264
      1.2486
      1.7004
      2.0533
      2.1876
      0.3713
      0.4215
      0.5705
      0.8040
      1.0778
      1.3145
      1.4279
      1.3670
      1.1470
      0.8445
      0.5595
      0.3762
      0.3497
      0.5131
      0.8788
      1.4139
      2.0089
      2.4856
      2.6691
      0.2916
      0.3471
      0.5075
      0.7491
      1.0210
      1.2471
      1.3500
      1.2874
      1.0775
      0.7920
      0.5238
      0.3537
      0.3421
      0.5362
      0.9652
      1.6023
      2.3209
      2.9021
      3.1269
      0.2727
      0.3289
      0.4903
      0.7308
      0.9982
      1.2180
      1.3163
      1.2540
      1.0493
      0.7717
      0.5110
      0.3471
      0.3427
      0.5505
      1.0060
      1.6844
      2.4522
      3.0747
      3.3157
