      0.0613
      0.0805
      0.1197
      0.1397
      0.1187
      0.0748
      0.0396
      0.0253
      0.0288
      0.0468
      0.0706
      0.0818
      0.0688
      0.0414
      0.0177
      0.0054
      0.0012
      0.0002
      0.0000
      0.0646
      0.0826
      0.1180
      0.1329
      0.1094
      0.0670
      0.0345
      0.0216
      0.0251
      0.0424
      0.0672
      0.0825
      0.0745
      0.0489
      0.0233
      0.0081
      0.0020
      0.0004
      0.0001
      0.0665
      0.0805
      0.1051
      0.1092
      0.0834
      0.0475
      0.0228
      0.0139
      0.0180
      0.0364
      0.0691
      0.1027
      0.1138
      0.0926
      0.0549
      0.0236
      0.0073
      0.0016
      0.0005
      0.0601
      0.0672
      0.0774
      0.0721
      0.0501
      0.0261
      0.0118
      0.0082
      0.0155
      0.0435
      0.1063
      0.1949
      0.2590
      0.2469
      0.1680
      0.0813
      0.0279
      0.0069
      0.0023
      0.0749
      0.0713
      0.0603
      0.0432
      0.0250
      0.0120
      0.0067
      0.0081
      0.0215
      0.0712
      0.1976
      0.4026
      0.5857
      0.6049
      0.4427
      0.2295
      0.0843
      0.0227
      0.0085
      0.2189
      0.1870
      0.1173
      0.0552
      0.0208
      0.0087
      0.0081
      0.0131
      0.0316
      0.1039
      0.3044
      0.6596
      1.0179
      1.1132
      0.8626
      0.4743
      0.1871
      0.0575
      0.0264
      0.6986
      0.5883
      0.3513
      0.1492
      0.0469
      0.0158
      0.0137
      0.0194
      0.0371
      0.1131
      0.3429
      0.7827
      1.2745
      1.4718
      1.2079
      0.7120
      0.3161
      0.1297
      0.0844
      1.6562
      1.3931
      0.8286
      0.3487
      0.1065
      0.0307
      0.0196
      0.0224
      0.0330
      0.0888
      0.2759
      0.6633
      1.1423
      1.4014
      1.2383
      0.8209
      0.4714
      0.3177
      0.2869
      2.7843
      2.3418
      1.3925
      0.5855
      0.1773
      0.0472
      0.0240
      0.0231
      0.0256
      0.0526
      0.1605
      0.4076
      0.7535
      1.0110
      1.0214
      0.8681
      0.7742
      0.8134
      0.8580
      3.3104
      2.7843
      1.6559
      0.6972
      0.2140
      0.0630
      0.0397
      0.0401
      0.0357
      0.0366
      0.0766
      0.1993
      0.4157
      0.6641
      0.8671
      1.0626
      1.3749
      1.7668
      1.9580
      2.7843
      2.3421
      1.3949
      0.5946
      0.2033
      0.1034
      0.1138
      0.1271
      0.1067
      0.0691
      0.0548
      0.1063
      0.2611
      0.5321
      0.9038
      1.4064
      2.1145
      2.8831
      3.2380
      1.6562
      1.3950
      0.8402
      0.3892
      0.2122
      0.2410
      0.3341
      0.3679
      0.2964
      0.1736
      0.0853
      0.0850
      0.2091
      0.4907
      0.9389
      1.5802
      2.4649
      3.4010
      3.8289
      0.6986
      0.5958
      0.3927
      0.2805
      0.3534
      0.5662
      0.7716
      0.8015
      0.6140
      0.3417
      0.1442
      0.0820
      0.1593
      0.3879
      0.7753
      1.3352
      2.0928
      2.8822
      3.2411
      0.2189
      0.2081
      0.2276
      0.3778
      0.7008
      1.1103
      1.3974
      1.3562
      0.9882
      0.5288
      0.2081
      0.0796
      0.0967
      0.2299
      0.4749
      0.8384
      1.3290
      1.8349
      2.0639
      0.0749
      0.1142
      0.2780
      0.6491
      1.2236
      1.8338
      2.1931
      2.0636
      1.4852
      0.7945
      0.3104
      0.0952
      0.0528
      0.1058
      0.2413
      0.4889
      0.8711
      1.2848
      1.4737
      0.0601
      0.1303
      0.3958
      0.9534
      1.8020
      2.7593
      3.4503
      3.4342
      2.6152
      1.4731
      0.6005
      0.1771
      0.0496
      0.0616
      0.1987
      0.5733
      1.2751
      2.0871
      2.4640
      0.0665
      0.1491
      0.4604
      1.1441
      2.3312
      3.9865
      5.5790
      6.0746
      4.9279
      2.8994
      1.2187
      0.3638
      0.0873
      0.0843
      0.3411
      1.1322
      2.6794
      4.4940
      5.3393
      0.0646
      0.1432
      0.4495
      1.1980
      2.7399
      5.2806
      8.0776
      9.2873
      7.7709
      4.6543
      1.9778
      0.5941
      0.1409
      0.1325
      0.5537
      1.8686
      4.4520
      7.4866
      8.9009
      0.0613
      0.1351
      0.4306
      1.1986
      2.9044
      5.8740
      9.2572
     10.8144
      9.1226
      5.4873
      2.3374
      0.7031
      0.1667
      0.1566
      0.6564
      2.2183
      5.2881
      8.8946
     10.5756
