      0.5011
      0.5095
      0.5247
      0.5254
      0.4986
      0.4512
      0.4043
      0.3789
      0.3832
      0.4081
      0.4312
      0.4276
      0.3837
      0.3052
      0.2134
      0.1317
      0.0740
      0.0422
      0.0324
      0.4974
      0.5036
      0.5131
      0.5074
      0.4763
      0.4278
      0.3825
      0.3605
      0.3695
      0.4005
      0.4317
      0.4372
      0.4012
      0.3270
      0.2346
      0.1486
      0.0853
      0.0492
      0.0378
      0.4985
      0.4977
      0.4899
      0.4652
      0.4213
      0.3695
      0.3290
      0.3164
      0.3380
      0.3859
      0.4393
      0.4705
      0.4572
      0.3951
      0.3009
      0.2020
      0.1221
      0.0730
      0.0569
      0.5442
      0.5309
      0.4921
      0.4333
      0.3660
      0.3068
      0.2718
      0.2716
      0.3098
      0.3801
      0.4644
      0.5328
      0.5539
      0.5115
      0.4157
      0.2977
      0.1921
      0.1224
      0.0985
      0.7033
      0.6693
      0.5793
      0.4626
      0.3528
      0.2745
      0.2391
      0.2481
      0.2998
      0.3902
      0.5056
      0.6154
      0.6786
      0.6643
      0.5729
      0.4374
      0.3041
      0.2110
      0.1781
      1.0470
      0.9810
      0.8105
      0.6002
      0.4159
      0.2956
      0.2445
      0.2512
      0.3060
      0.4057
      0.5429
      0.6894
      0.7974
      0.8220
      0.7510
      0.6145
      0.4669
      0.3586
      0.3194
      1.5897
      1.4800
      1.1982
      0.8556
      0.5608
      0.3701
      0.2826
      0.2709
      0.3137
      0.4070
      0.5497
      0.7203
      0.8702
      0.9455
      0.9214
      0.8188
      0.6901
      0.5898
      0.5526
      2.2318
      2.0734
      1.6675
      1.1753
      0.7519
      0.4742
      0.3362
      0.2938
      0.3123
      0.3845
      0.5149
      0.6922
      0.8757
      1.0115
      1.0652
      1.0423
      0.9807
      0.9242
      0.9022
      2.7659
      2.5689
      2.0639
      1.4519
      0.9246
      0.5750
      0.3926
      0.3194
      0.3091
      0.3507
      0.4540
      0.6205
      0.8252
      1.0237
      1.1779
      1.2753
      1.3269
      1.3506
      1.3575
      2.9751
      2.7652
      2.2284
      1.5796
      1.0228
      0.6541
      0.4576
      0.3671
      0.3305
      0.3359
      0.4001
      0.5394
      0.7486
      0.9996
      1.2561
      1.4884
      1.6756
      1.7992
      1.8429
      2.7659
      2.5774
      2.0973
      1.5231
      1.0389
      0.7254
      0.5584
      0.4692
      0.4081
      0.3698
      0.3821
      0.4773
      0.6696
      0.9477
      1.2803
      1.6252
      1.9323
      2.1475
      2.2253
      2.2318
      2.0937
      1.7466
      1.3440
      1.0227
      0.8304
      0.7292
      0.6522
      0.5608
      0.4651
      0.4095
      0.4425
      0.5932
      0.8625
      1.2242
      1.6291
      2.0080
      2.2811
      2.3811
      1.5897
      1.5163
      1.3405
      1.1592
      1.0475
      1.0092
      0.9878
      0.9200
      0.7843
      0.6139
      0.4745
      0.4295
      0.5169
      0.7433
      1.0857
      1.4938
      1.8901
      2.1820
      2.2899
      1.0470
      1.0367
      1.0283
      1.0646
      1.1595
      1.2712
      1.3223
      1.2518
      1.0576
      0.7995
      0.5661
      0.4343
      0.4471
      0.6125
      0.9099
      1.2911
      1.6769
      1.9680
      2.0768
      0.7033
      0.7438
      0.8709
      1.0850
      1.3508
      1.5870
      1.6957
      1.6150
      1.3584
      1.0098
      0.6806
      0.4620
      0.4021
      0.5110
      0.7717
      1.1386
      1.5293
      1.8330
      1.9481
      0.5442
      0.6197
      0.8409
      1.1809
      1.5718
      1.9042
      2.0615
      1.9756
      1.6668
      1.2366
      0.8177
      0.5185
      0.3974
      0.4709
      0.7278
      1.1237
      1.5657
      1.9185
      2.0539
      0.4985
      0.5946
      0.8723
      1.2909
      1.7655
      2.1702
      2.3731
      2.2947
      1.9526
      1.4582
      0.9632
      0.5956
      0.4289
      0.4903
      0.7760
      1.2408
      1.7742
      2.2067
      2.3739
      0.4974
      0.6036
      0.9095
      1.3695
      1.8929
      2.3457
      2.5856
      2.5213
      2.1638
      1.6285
      1.0806
      0.6652
      0.4700
      0.5329
      0.8561
      1.3927
      2.0157
      2.5242
      2.7213
      0.5011
      0.6102
      0.9243
      1.3972
      1.9367
      2.4069
      2.6615
      2.6042
      2.2428
      1.6934
      1.1264
      0.6935
      0.4886
      0.5537
      0.8938
      1.4610
      2.1213
      2.6610
      2.8704
