      0.0000
      0.0000
      0.0000
      0.0000
      0.0000
      0.0000
      0.0000
      0.0000
      0.0000
      0.0000
      0.0000
      0.0000
      0.0000
      0.0000
      0.0000
      0.0000
      0.0000
      0.0000
      0.0000
      0.0000
      0.0000
      0.0000
      0.0000
      0.0000
      0.0000
      0.0000
      0.0000
      0.0000
      0.0000
      0.0000
      0.0000
      0.0000
      0.0000
      0.0000
      0.0000
      0.0000
      0.0000
      0.0000
      0.0000
      0.0000
      0.0000
      0.0000
      0.0000
      0.0000
      0.0000
      0.0000
      0.0000
      0.0000
      0.0000
      0.0000
      0.0000
      0.0000
      0.0000
      0.0000
      0.0000
      0.0000
      0.0000
      0.0000
      0.0000
      0.0000
      0.0000
      0.0000
      0.0000
      0.0000
      0.0000
      0.0000
      0.0000
      0.0000
      0.0000
      0.0000
      0.0000
      0.0000
      0.0000
      0.0000
      0.0000
      0.0000
      0.0000
      0.0000
      0.0000
      0.0000
      0.0000
      0.0000
      0.0000
      0.0000
      0.0000
      0.0000
      0.0000
      0.0001
      0.0005
      0.0006
      0.0002
      0.0000
      0.0000
      0.0000
      0.0000
      0.0014
      0.0007
      0.0001
      0.0000
      0.0000
      0.0000
      0.0000
      0.0000
      0.0000
      0.0000
      0.0000
      0.0009
      0.0053
      0.0076
      0.0027
      0.0002
      0.0000
      0.0000
      0.0000
      0.1814
      0.0907
      0.0113
      0.0003
      0.0000
      0.0000
      0.0000
      0.0000
      0.0000
      0.0000
      0.0001
      0.0019
      0.0131
      0.0230
      0.0101
      0.0011
      0.0000
      0.0000
      0.0000
      5.8819
      2.9409
      0.3666
      0.0113
      0.0001
      0.0000
      0.0000
      0.0000
      0.0000
      0.0000
      0.0000
      0.0009
      0.0081
      0.0175
      0.0095
      0.0013
      0.0000
      0.0000
      0.0000
     47.1798
     23.5899
      2.9409
      0.0907
      0.0007
      0.0000
      0.0000
      0.0000
      0.0000
      0.0000
      0.0000
      0.0001
      0.0013
      0.0034
      0.0023
      0.0004
      0.0001
      0.0005
      0.0009
     94.3595
     47.1798
      5.8819
      0.1814
      0.0014
      0.0000
      0.0000
      0.0000
      0.0000
      0.0000
      0.0000
      0.0000
      0.0001
      0.0007
      0.0026
      0.0033
      0.0030
      0.0146
      0.0288
     47.1798
     23.5899
      2.9409
      0.0907
      0.0007
      0.0000
      0.0000
      0.0001
      0.0000
      0.0000
      0.0000
      0.0000
      0.0002
      0.0042
      0.0244
      0.0359
      0.0278
      0.1170
      0.2307
      5.8819
      2.9409
      0.3666
      0.0113
      0.0001
      0.0003
      0.0025
      0.0048
      0.0023
      0.0003
      0.0000
      0.0000
      0.0003
      0.0087
      0.0592
      0.1010
      0.0714
      0.2353
      0.4612
      0.1814
      0.0907
      0.0113
      0.0004
      0.0003
      0.0076
      0.0501
      0.0839
      0.0352
      0.0037
      0.0001
      0.0000
      0.0001
      0.0046
      0.0360
      0.0713
      0.0493
      0.1196
      0.2307
      0.0014
      0.0007
      0.0001
      0.0006
      0.0062
      0.0493
      0.2487
      0.3638
      0.1347
      0.0124
      0.0003
      0.0000
      0.0000
      0.0006
      0.0055
      0.0126
      0.0090
      0.0154
      0.0288
      0.0000
      0.0000
      0.0005
      0.0117
      0.0746
      0.1680
      0.3433
      0.3983
      0.1293
      0.0106
      0.0002
      0.0000
      0.0000
      0.0000
      0.0002
      0.0006
      0.0005
      0.0014
      0.0028
      0.0000
      0.0000
      0.0025
      0.0540
      0.2876
      0.4056
      0.2727
      0.2355
      0.0949
      0.0108
      0.0003
      0.0000
      0.0000
      0.0000
      0.0000
      0.0005
      0.0156
      0.1253
      0.2505
      0.0000
      0.0000
      0.0034
      0.0625
      0.2911
      0.5338
      1.8891
      3.8652
      2.0742
      0.2782
      0.0092
      0.0001
      0.0000
      0.0000
      0.0001
      0.0156
      0.5064
      4.0619
      8.1237
      0.0000
      0.0000
      0.0011
      0.0184
      0.1185
      1.7321
     14.3718
     30.8948
     16.6220
      2.2305
      0.0741
      0.0006
      0.0000
      0.0000
      0.0009
      0.1253
      4.0619
     32.5810
     65.1620
      0.0000
      0.0000
      0.0002
      0.0033
      0.1040
      3.3325
     28.7108
     61.7873
     33.2440
      4.4610
      0.1482
      0.0012
      0.0000
      0.0000
      0.0019
      0.2505
      8.1237
     65.1620
    130.3239
