      0.0243
      0.0313
      0.0457
      0.0531
      0.0458
      0.0309
      0.0202
      0.0186
      0.0278
      0.0495
      0.0765
      0.0890
      0.0747
      0.0447
      0.0190
      0.0057
      0.0012
      0.0002
      0.0000
      0.0255
      0.0321
      0.0451
      0.0506
      0.0423
      0.0276
      0.0175
      0.0159
      0.0242
      0.0445
      0.0715
      0.0872
      0.0777
      0.0500
      0.0233
      0.0078
      0.0019
      0.0003
      0.0001
      0.0273
      0.0323
      0.0410
      0.0421
      0.0324
      0.0196
      0.0115
      0.0103
      0.0171
      0.0359
      0.0668
      0.0962
      0.1032
      0.0813
      0.0469
      0.0196
      0.0059
      0.0013
      0.0004
      0.0382
      0.0386
      0.0373
      0.0310
      0.0206
      0.0112
      0.0066
      0.0071
      0.0146
      0.0382
      0.0890
      0.1587
      0.2072
      0.1950
      0.1314
      0.0631
      0.0215
      0.0053
      0.0018
      0.1331
      0.1152
      0.0755
      0.0388
      0.0167
      0.0077
      0.0065
      0.0099
      0.0211
      0.0590
      0.1550
      0.3110
      0.4499
      0.4631
      0.3383
      0.1750
      0.0641
      0.0172
      0.0064
      0.5885
      0.4961
      0.2975
      0.1275
      0.0407
      0.0141
      0.0130
      0.0193
      0.0338
      0.0864
      0.2358
      0.5037
      0.7752
      0.8470
      0.6558
      0.3601
      0.1417
      0.0434
      0.0199
      1.9780
      1.6639
      0.9900
      0.4168
      0.1271
      0.0367
      0.0251
      0.0311
      0.0434
      0.0962
      0.2656
      0.5968
      0.9695
      1.1190
      0.9176
      0.5395
      0.2384
      0.0977
      0.0639
      4.7122
      3.9632
      2.3566
      0.9903
      0.2983
      0.0768
      0.0375
      0.0375
      0.0422
      0.0779
      0.2145
      0.5066
      0.8713
      1.0695
      0.9444
      0.6236
      0.3562
      0.2419
      0.2206
      7.9255
      6.6657
      3.9633
      1.6647
      0.4986
      0.1204
      0.0453
      0.0371
      0.0343
      0.0485
      0.1264
      0.3150
      0.5844
      0.7891
      0.8002
      0.6772
      0.6000
      0.6335
      0.6718
      9.4234
      7.9256
      4.7126
      1.9800
      0.5948
      0.1472
      0.0605
      0.0517
      0.0433
      0.0373
      0.0643
      0.1626
      0.3451
      0.5621
      0.7368
      0.8827
      1.1085
      1.4078
      1.5586
      7.9255
      6.6660
      3.9650
      1.6720
      0.5216
      0.1731
      0.1329
      0.1411
      0.1183
      0.0754
      0.0548
      0.0998
      0.2485
      0.5096
      0.8437
      1.2402
      1.7651
      2.3438
      2.6163
      4.7122
      3.9643
      2.3641
      1.0206
      0.3880
      0.2726
      0.3480
      0.3909
      0.3206
      0.1894
      0.0926
      0.0898
      0.2189
      0.5050
      0.9244
      1.4501
      2.1161
      2.8154
      3.1385
      1.9780
      1.6677
      1.0133
      0.5030
      0.3620
      0.5161
      0.7468
      0.8186
      0.6477
      0.3670
      0.1563
      0.0892
      0.1722
      0.4104
      0.7846
      1.2616
      1.8458
      2.4386
      2.7087
      0.5885
      0.5058
      0.3525
      0.3118
      0.4968
      0.8740
      1.2337
      1.2959
      0.9894
      0.5427
      0.2163
      0.0843
      0.1051
      0.2470
      0.4937
      0.8288
      1.2488
      1.6708
      1.8614
      0.1331
      0.1336
      0.1754
      0.3499
      0.7299
      1.2717
      1.7296
      1.7741
      1.3393
      0.7317
      0.2877
      0.0896
      0.0555
      0.1192
      0.2800
      0.5866
      1.0754
      1.6121
      1.8584
      0.0382
      0.0650
      0.1790
      0.4663
      1.0145
      1.7976
      2.5147
      2.6765
      2.1039
      1.1980
      0.4886
      0.1446
      0.0468
      0.0847
      0.3074
      0.9319
      2.1208
      3.5038
      4.1468
      0.0273
      0.0617
      0.2045
      0.5778
      1.3697
      2.6606
      4.0345
      4.5744
      3.7750
      2.2339
      0.9398
      0.2813
      0.0775
      0.1345
      0.5946
      1.9904
      4.7236
      7.9310
      9.4256
      0.0255
      0.0598
      0.2113
      0.6579
      1.7403
      3.6944
      5.9409
      6.9840
      5.8959
      3.5424
      1.5067
      0.4542
      0.1239
      0.2161
      0.9791
      3.3123
      7.8940
     13.2759
     15.7845
      0.0243
      0.0575
      0.2100
      0.6885
      1.9108
      4.1888
      6.8602
      8.1454
      6.9151
      4.1691
      1.7773
      0.5366
      0.1464
      0.2559
      1.1621
      3.9348
      9.3809
     15.7789
     18.7611
