      0.0386
      0.0511
      0.0768
      0.0898
      0.0756
      0.0459
      0.0227
      0.0196
      0.0449
      0.1015
      0.1684
      0.1988
      0.1663
      0.0985
      0.0412
      0.0121
      0.0025
      0.0004
      0.0001
      0.0411
      0.0529
      0.0761
      0.0858
      0.0700
      0.0413
      0.0198
      0.0168
      0.0387
      0.0892
      0.1518
      0.1849
      0.1605
      0.0993
      0.0437
      0.0137
      0.0031
      0.0005
      0.0001
      0.0445
      0.0535
      0.0693
      0.0716
      0.0541
      0.0298
      0.0134
      0.0108
      0.0256
      0.0624
      0.1146
      0.1532
      0.1485
      0.1042
      0.0530
      0.0195
      0.0052
      0.0010
      0.0003
      0.0546
      0.0571
      0.0588
      0.0510
      0.0340
      0.0171
      0.0075
      0.0066
      0.0156
      0.0411
      0.0867
      0.1375
      0.1605
      0.1369
      0.0848
      0.0379
      0.0122
      0.0029
      0.0009
      0.1538
      0.1350
      0.0925
      0.0510
      0.0235
      0.0100
      0.0060
      0.0076
      0.0149
      0.0376
      0.0911
      0.1728
      0.2399
      0.2395
      0.1709
      0.0869
      0.0314
      0.0083
      0.0030
      0.6472
      0.5464
      0.3292
      0.1424
      0.0458
      0.0144
      0.0106
      0.0143
      0.0216
      0.0462
      0.1170
      0.2442
      0.3722
      0.4047
      0.3128
      0.1721
      0.0680
      0.0205
      0.0089
      2.1635
      1.8201
      1.0833
      0.4561
      0.1380
      0.0367
      0.0206
      0.0234
      0.0286
      0.0508
      0.1278
      0.2826
      0.4595
      0.5341
      0.4440
      0.2667
      0.1197
      0.0458
      0.0263
      5.1510
      4.3323
      2.5761
      1.0820
      0.3241
      0.0790
      0.0323
      0.0296
      0.0298
      0.0429
      0.1049
      0.2459
      0.4315
      0.5493
      0.5125
      0.3609
      0.2056
      0.1127
      0.0847
      8.6630
      7.2860
      4.3321
      1.8191
      0.5436
      0.1288
      0.0459
      0.0369
      0.0321
      0.0334
      0.0697
      0.1760
      0.3544
      0.5368
      0.6183
      0.5571
      0.4169
      0.2966
      0.2524
     10.3003
      8.6631
      5.1513
      2.1655
      0.6551
      0.1742
      0.0908
      0.0883
      0.0753
      0.0535
      0.0591
      0.1424
      0.3495
      0.6617
      0.9384
      1.0105
      0.8686
      0.6761
      0.5938
      8.6630
      7.2865
      4.3360
      1.8368
      0.6012
      0.2639
      0.2728
      0.3085
      0.2615
      0.1628
      0.1003
      0.1597
      0.4239
      0.9085
      1.4229
      1.6467
      1.4815
      1.1756
      1.0351
      5.1510
      4.3346
      2.5920
      1.1492
      0.5300
      0.5386
      0.7724
      0.8827
      0.7265
      0.4288
      0.2056
      0.1902
      0.4609
      1.0356
      1.7002
      2.0410
      1.8780
      1.4974
      1.3140
      2.1635
      1.8275
      1.1302
      0.6365
      0.6472
      1.1023
      1.6521
      1.8272
      1.4502
      0.8220
      0.3495
      0.1992
      0.3805
      0.8690
      1.4790
      1.8340
      1.7296
      1.3963
      1.2279
      0.6472
      0.5642
      0.4338
      0.5050
      0.9724
      1.8040
      2.5881
      2.7319
      2.0838
      1.1379
      0.4515
      0.1792
      0.2317
      0.5231
      0.9266
      1.2074
      1.2151
      1.0626
      0.9776
      0.1538
      0.1675
      0.2705
      0.6108
      1.3127
      2.2847
      3.0639
      3.0744
      2.2585
      1.1966
      0.4561
      0.1440
      0.1091
      0.2332
      0.4567
      0.7173
      0.9697
      1.1806
      1.2698
      0.0546
      0.1010
      0.2894
      0.7277
      1.4727
      2.3827
      3.0367
      2.9661
      2.1593
      1.1472
      0.4394
      0.1261
      0.0527
      0.1069
      0.3117
      0.8053
      1.6882
      2.6939
      3.1589
      0.0445
      0.0980
      0.2995
      0.7336
      1.4428
      2.3270
      3.0394
      3.0979
      2.3731
      1.3303
      0.5370
      0.1566
      0.0493
      0.1102
      0.4743
      1.5540
      3.6543
      6.1137
      7.2591
      0.0411
      0.0893
      0.2680
      0.6592
      1.3550
      2.3609
      3.3559
      3.6814
      2.9900
      1.7557
      0.7357
      0.2204
      0.0683
      0.1637
      0.7566
      2.5558
      6.0860
     10.2318
     12.1641
      0.0386
      0.0826
      0.2461
      0.6149
      1.3165
      2.4123
      3.5776
      4.0423
      3.3481
      1.9923
      0.8429
      0.2542
      0.0793
      0.1925
      0.8956
      3.0330
      7.2300
     12.1602
     14.4582
