      0.0936
      0.1045
      0.1305
      0.1590
      0.1851
      0.2138
      0.2495
      0.2909
      0.3377
      0.3896
      0.4305
      0.4282
      0.3631
      0.2540
      0.1442
      0.0658
      0.0241
      0.0074
      0.0034
      0.0950
      0.1048
      0.1277
      0.1518
      0.1728
      0.1959
      0.2259
      0.2625
      0.3058
      0.3558
      0.3976
      0.4007
      0.3451
      0.2458
      0.1424
      0.0665
      0.0251
      0.0080
      0.0038
      0.0977
      0.1043
      0.1189
      0.1319
      0.1409
      0.1517
      0.1697
      0.1957
      0.2307
      0.2747
      0.3167
      0.3313
      0.2980
      0.2230
      0.1367
      0.0681
      0.0278
      0.0099
      0.0053
      0.1045
      0.1062
      0.1083
      0.1068
      0.1033
      0.1038
      0.1128
      0.1304
      0.1562
      0.1906
      0.2279
      0.2509
      0.2408
      0.1944
      0.1299
      0.0719
      0.0340
      0.0158
      0.0108
      0.1375
      0.1311
      0.1142
      0.0936
      0.0780
      0.0739
      0.0820
      0.0973
      0.1157
      0.1377
      0.1648
      0.1896
      0.1967
      0.1755
      0.1328
      0.0873
      0.0549
      0.0389
      0.0346
      0.2412
      0.2203
      0.1696
      0.1156
      0.0808
      0.0728
      0.0841
      0.1005
      0.1119
      0.1202
      0.1348
      0.1583
      0.1791
      0.1818
      0.1642
      0.1405
      0.1266
      0.1249
      0.1263
      0.4564
      0.4110
      0.3024
      0.1893
      0.1177
      0.0970
      0.1078
      0.1226
      0.1252
      0.1200
      0.1245
      0.1503
      0.1905
      0.2286
      0.2583
      0.2913
      0.3390
      0.3894
      0.4118
      0.7650
      0.6867
      0.4997
      0.3051
      0.1789
      0.1338
      0.1363
      0.1445
      0.1369
      0.1211
      0.1220
      0.1600
      0.2370
      0.3427
      0.4743
      0.6438
      0.8483
      1.0331
      1.1097
      1.0560
      0.9475
      0.6885
      0.4189
      0.2426
      0.1750
      0.1698
      0.1722
      0.1559
      0.1316
      0.1330
      0.1936
      0.3326
      0.5557
      0.8726
      1.2975
      1.7987
      2.2378
      2.4168
      1.1772
      1.0572
      0.7719
      0.4792
      0.2959
      0.2375
      0.2465
      0.2545
      0.2289
      0.1865
      0.1770
      0.2577
      0.4737
      0.8546
      1.4278
      2.2089
      3.1221
      3.9124
      4.2322
      1.0560
      0.9517
      0.7083
      0.4739
      0.3587
      0.3714
      0.4383
      0.4694
      0.4222
      0.3282
      0.2700
      0.3399
      0.6116
      1.1369
      1.9562
      3.0803
      4.3854
      5.5055
      5.9565
      0.7650
      0.6977
      0.5518
      0.4482
      0.4767
      0.6280
      0.7985
      0.8614
      0.7633
      0.5659
      0.4035
      0.4081
      0.6720
      1.2528
      2.1904
      3.4830
      4.9740
      6.2440
      6.7532
      0.4564
      0.4326
      0.4035
      0.4618
      0.6713
      0.9936
      1.2798
      1.3598
      1.1765
      0.8375
      0.5350
      0.4310
      0.6145
      1.1276
      1.9951
      3.2015
      4.5877
      5.7611
      6.2299
      0.2412
      0.2544
      0.3264
      0.5271
      0.8931
      1.3509
      1.7089
      1.7699
      1.4901
      1.0240
      0.6042
      0.3978
      0.4703
      0.8370
      1.5074
      2.4636
      3.5709
      4.5088
      4.8831
      0.1375
      0.1750
      0.3120
      0.5979
      1.0412
      1.5404
      1.8887
      1.8979
      1.5535
      1.0351
      0.5771
      0.3243
      0.3142
      0.5466
      1.0364
      1.7861
      2.6908
      3.4732
      3.7881
      0.1045
      0.1528
      0.3141
      0.6165
      1.0439
      1.4864
      1.7587
      1.7146
      1.3677
      0.8892
      0.4777
      0.2430
      0.2075
      0.3841
      0.8271
      1.5851
      2.5657
      3.4459
      3.8055
      0.0977
      0.1463
      0.3008
      0.5701
      0.9236
      1.2629
      1.4467
      1.3771
      1.0803
      0.6941
      0.3679
      0.1828
      0.1655
      0.3668
      0.9070
      1.8970
      3.2332
      4.4590
      4.9644
      0.0950
      0.1395
      0.2759
      0.5011
      0.7803
      1.0337
      1.1592
      1.0915
      0.8545
      0.5517
      0.2956
      0.1528
      0.1642
      0.4209
      1.1067
      2.3883
      4.1404
      5.7585
      6.4274
      0.0936
      0.1358
      0.2633
      0.4691
      0.7184
      0.9400
      1.0469
      0.9846
      0.7735
      0.5028
      0.2722
      0.1450
      0.1690
      0.4528
      1.2063
      2.6190
      4.5549
      6.3451
      7.0856
