      0.5262
      0.5347
      0.5479
      0.5397
      0.4935
      0.4155
      0.3292
      0.2583
      0.2139
      0.1928
      0.1835
      0.1729
      0.1531
      0.1237
      0.0910
      0.0627
      0.0436
      0.0337
      0.0309
      0.5326
      0.5378
      0.5428
      0.5259
      0.4744
      0.3963
      0.3140
      0.2492
      0.2115
      0.1972
      0.1943
      0.1893
      0.1730
      0.1440
      0.1085
      0.0754
      0.0513
      0.0378
      0.0337
      0.5769
      0.5713
      0.5496
      0.5037
      0.4336
      0.3522
      0.2793
      0.2304
      0.2102
      0.2134
      0.2278
      0.2384
      0.2325
      0.2054
      0.1623
      0.1156
      0.0769
      0.0527
      0.0447
      0.7407
      0.7132
      0.6371
      0.5303
      0.4166
      0.3190
      0.2523
      0.2210
      0.2217
      0.2463
      0.2831
      0.3158
      0.3267
      0.3047
      0.2528
      0.1868
      0.1263
      0.0857
      0.0716
      1.1586
      1.0911
      0.9144
      0.6909
      0.4858
      0.3396
      0.2608
      0.2371
      0.2517
      0.2925
      0.3492
      0.4056
      0.4384
      0.4283
      0.3726
      0.2893
      0.2062
      0.1475
      0.1266
      1.9639
      1.8305
      1.4862
      1.0633
      0.6924
      0.4435
      0.3179
      0.2794
      0.2919
      0.3360
      0.4033
      0.4796
      0.5376
      0.5489
      0.5031
      0.4164
      0.3220
      0.2520
      0.2266
      3.1708
      2.9449
      2.3642
      1.6555
      1.0389
      0.6264
      0.4127
      0.3321
      0.3230
      0.3552
      0.4209
      0.5089
      0.5918
      0.6352
      0.6204
      0.5574
      0.4775
      0.4144
      0.3909
      4.5623
      4.2327
      3.3858
      2.3521
      1.4506
      0.8411
      0.5133
      0.3720
      0.3281
      0.3377
      0.3911
      0.4811
      0.5845
      0.6674
      0.7061
      0.7008
      0.6715
      0.6428
      0.6313
      5.7052
      5.2917
      4.2286
      2.9292
      1.7915
      1.0140
      0.5840
      0.3847
      0.3055
      0.2902
      0.3255
      0.4083
      0.5241
      0.6468
      0.7535
      0.8339
      0.8889
      0.9217
      0.9328
      6.1504
      5.7055
      4.5614
      3.1617
      1.9324
      1.0855
      0.6081
      0.3763
      0.2728
      0.2362
      0.2513
      0.3194
      0.4365
      0.5898
      0.7624
      0.9363
      1.0905
      1.1992
      1.2388
      5.7052
      5.2969
      4.2471
      2.9631
      1.8345
      1.0528
      0.6039
      0.3748
      0.2596
      0.2040
      0.1962
      0.2421
      0.3480
      0.5141
      0.7324
      0.9816
      1.2217
      1.3991
      1.4650
      4.5623
      4.2463
      3.4355
      2.4471
      1.5805
      0.9774
      0.6197
      0.4181
      0.2947
      0.2147
      0.1766
      0.1922
      0.2746
      0.4332
      0.6674
      0.9561
      1.2482
      1.4702
      1.5535
      3.1708
      2.9717
      2.4643
      1.8528
      1.3225
      0.9495
      0.7081
      0.5372
      0.3958
      0.2777
      0.1975
      0.1741
      0.2242
      0.3610
      0.5883
      0.8865
      1.2000
      1.4433
      1.5356
      1.9639
      1.8746
      1.6524
      1.3972
      1.1862
      1.0311
      0.8949
      0.7414
      0.5657
      0.3930
      0.2578
      0.1881
      0.2034
      0.3182
      0.5388
      0.8466
      1.1814
      1.4465
      1.5479
      1.1586
      1.1529
      1.1491
      1.1686
      1.2063
      1.2214
      1.1643
      1.0137
      0.7928
      0.5546
      0.3547
      0.2342
      0.2188
      0.3272
      0.5689
      0.9245
      1.3222
      1.6419
      1.7652
      0.7407
      0.7887
      0.9263
      1.1263
      1.3316
      1.4659
      1.4662
      1.3154
      1.0513
      0.7473
      0.4802
      0.3084
      0.2707
      0.3958
      0.7003
      1.1618
      1.6858
      2.1107
      2.2752
      0.5769
      0.6545
      0.8705
      1.1734
      1.4797
      1.6929
      1.7382
      1.5934
      1.2990
      0.9402
      0.6127
      0.3952
      0.3441
      0.5030
      0.8987
      1.5048
      2.1971
      2.7605
      2.9789
      0.5326
      0.6235
      0.8757
      1.2282
      1.5872
      1.8474
      1.9253
      1.7910
      1.4814
      1.0869
      0.7169
      0.4668
      0.4091
      0.6014
      1.0797
      1.8138
      2.6541
      3.3386
      3.6042
      0.5262
      0.6208
      0.8830
      1.2499
      1.6252
      1.9014
      1.9918
      1.8627
      1.5489
      1.1422
      0.7567
      0.4947
      0.4352
      0.6413
      1.1529
      1.9385
      2.8379
      3.5709
      3.8552
