      0.0019
      0.0045
      0.0112
      0.0152
      0.0112
      0.0045
      0.0011
      0.0004
      0.0009
      0.0033
      0.0081
      0.0108
      0.0079
      0.0031
      0.0006
      0.0001
      0.0000
      0.0000
      0.0000
      0.0027
      0.0058
      0.0129
      0.0160
      0.0108
      0.0040
      0.0009
      0.0003
      0.0007
      0.0027
      0.0071
      0.0103
      0.0082
      0.0035
      0.0008
      0.0001
      0.0000
      0.0000
      0.0000
      0.0035
      0.0067
      0.0128
      0.0137
      0.0080
      0.0026
      0.0005
      0.0001
      0.0003
      0.0015
      0.0047
      0.0082
      0.0082
      0.0046
      0.0015
      0.0003
      0.0000
      0.0000
      0.0000
      0.0032
      0.0049
      0.0077
      0.0071
      0.0036
      0.0010
      0.0002
      0.0000
      0.0001
      0.0008
      0.0039
      0.0107
      0.0169
      0.0151
      0.0076
      0.0021
      0.0003
      0.0000
      0.0000
      0.0175
      0.0137
      0.0072
      0.0030
      0.0010
      0.0002
      0.0000
      0.0000
      0.0001
      0.0015
      0.0099
      0.0359
      0.0707
      0.0754
      0.0435
      0.0135
      0.0023
      0.0002
      0.0000
      0.2713
      0.1996
      0.0794
      0.0171
      0.0020
      0.0001
      0.0000
      0.0000
      0.0002
      0.0030
      0.0221
      0.0892
      0.1940
      0.2278
      0.1444
      0.0494
      0.0091
      0.0010
      0.0002
      2.3794
      1.7487
      0.6935
      0.1478
      0.0169
      0.0010
      0.0001
      0.0001
      0.0003
      0.0034
      0.0275
      0.1219
      0.2905
      0.3736
      0.2598
      0.0979
      0.0210
      0.0048
      0.0037
     11.1611
      8.2029
      3.2527
      0.6934
      0.0790
      0.0048
      0.0002
      0.0001
      0.0002
      0.0021
      0.0185
      0.0901
      0.2357
      0.3333
      0.2570
      0.1131
      0.0443
      0.0466
      0.0578
     28.1469
     20.6867
      8.2029
      1.7487
      0.1992
      0.0121
      0.0005
      0.0002
      0.0002
      0.0008
      0.0068
      0.0367
      0.1083
      0.1790
      0.1771
      0.1399
      0.1952
      0.3811
      0.5006
     38.2973
     28.1469
     11.1611
      2.3794
      0.2712
      0.0171
      0.0026
      0.0031
      0.0025
      0.0012
      0.0018
      0.0112
      0.0491
      0.1374
      0.2548
      0.4011
      0.8450
      1.7666
      2.3362
     28.1469
     20.6867
      8.2029
      1.7490
      0.2015
      0.0227
      0.0280
      0.0387
      0.0294
      0.0121
      0.0033
      0.0090
      0.0627
      0.2513
      0.5856
      1.0229
      2.1489
      4.4495
      5.8789
     11.1611
      8.2029
      3.2530
      0.6962
      0.0983
      0.0863
      0.1957
      0.2578
      0.1847
      0.0716
      0.0155
      0.0112
      0.0774
      0.3394
      0.8462
      1.5042
      3.0167
      6.0823
      8.0009
      2.3794
      1.7490
      0.6962
      0.1672
      0.1156
      0.3497
      0.7541
      0.9253
      0.6239
      0.2282
      0.0453
      0.0109
      0.0541
      0.2533
      0.6708
      1.2167
      2.3229
      4.5159
      5.8966
      0.2713
      0.2012
      0.0965
      0.1099
      0.3372
      0.8917
      1.6316
      1.8172
      1.1438
      0.3942
      0.0735
      0.0095
      0.0207
      0.1022
      0.2880
      0.5370
      0.9795
      1.8228
      2.3556
      0.0175
      0.0202
      0.0699
      0.2924
      0.7951
      1.5115
      2.1417
      2.0690
      1.2037
      0.3935
      0.0702
      0.0071
      0.0045
      0.0222
      0.0671
      0.1326
      0.2444
      0.4473
      0.5744
      0.0032
      0.0188
      0.1355
      0.5446
      1.2675
      1.9310
      2.2599
      2.0393
      1.2170
      0.4267
      0.0835
      0.0090
      0.0010
      0.0028
      0.0125
      0.0538
      0.2028
      0.4876
      0.6584
      0.0035
      0.0227
      0.1549
      0.5867
      1.3437
      2.3106
      3.5480
      4.1407
      2.9572
      1.1814
      0.2567
      0.0300
      0.0019
      0.0014
      0.0205
      0.1760
      0.8219
      2.0711
      2.8176
      0.0027
      0.0160
      0.1030
      0.3950
      1.1387
      3.1343
      6.8878
      9.2980
      6.9918
      2.8565
      0.6286
      0.0740
      0.0047
      0.0032
      0.0503
      0.4409
      2.0682
      5.2157
      7.0966
      0.0019
      0.0107
      0.0670
      0.2765
      1.0445
      3.7228
      9.0298
     12.5087
      9.4693
      3.8770
      0.8540
      0.1006
      0.0064
      0.0043
      0.0683
      0.5999
      2.8140
      7.0965
      9.6557
