      0.0446
      0.0596
      0.0907
      0.1080
      0.0964
      0.0714
      0.0544
      0.0463
      0.0371
      0.0254
      0.0167
      0.0120
      0.0084
      0.0048
      0.0020
      0.0006
      0.0001
      0.0000
      0.0000
      0.0475
      0.0616
      0.0895
      0.1026
      0.0885
      0.0634
      0.0468
      0.0391
      0.0314
      0.0220
      0.0151
      0.0115
      0.0086
      0.0053
      0.0024
      0.0008
      0.0002
      0.0000
      0.0000
      0.0515
      0.0619
      0.0806
      0.0844
      0.0670
      0.0440
      0.0298
      0.0239
      0.0195
      0.0148
      0.0120
      0.0113
      0.0104
      0.0077
      0.0042
      0.0017
      0.0005
      0.0001
      0.0000
      0.0647
      0.0671
      0.0683
      0.0592
      0.0409
      0.0239
      0.0148
      0.0119
      0.0106
      0.0099
      0.0112
      0.0148
      0.0175
      0.0158
      0.0104
      0.0049
      0.0017
      0.0005
      0.0003
      0.1938
      0.1692
      0.1141
      0.0616
      0.0282
      0.0129
      0.0087
      0.0092
      0.0101
      0.0111
      0.0156
      0.0251
      0.0344
      0.0349
      0.0255
      0.0136
      0.0059
      0.0031
      0.0025
      0.8316
      0.7016
      0.4217
      0.1815
      0.0578
      0.0178
      0.0126
      0.0156
      0.0168
      0.0169
      0.0228
      0.0390
      0.0574
      0.0627
      0.0502
      0.0320
      0.0218
      0.0209
      0.0220
      2.7880
      2.3454
      1.3956
      0.5871
      0.1771
      0.0460
      0.0241
      0.0259
      0.0250
      0.0216
      0.0262
      0.0458
      0.0719
      0.0854
      0.0802
      0.0756
      0.0939
      0.1285
      0.1466
      6.6407
      5.5852
      3.3209
      1.3945
      0.4168
      0.0994
      0.0373
      0.0320
      0.0273
      0.0204
      0.0219
      0.0392
      0.0670
      0.0934
      0.1261
      0.2104
      0.3859
      0.5983
      0.6981
     11.1691
      9.3937
      5.5851
      2.3444
      0.6976
      0.1579
      0.0447
      0.0290
      0.0218
      0.0142
      0.0136
      0.0255
      0.0519
      0.1025
      0.2351
      0.5820
      1.2366
      1.9941
      2.3450
     13.2801
     11.1691
      6.6406
      2.7872
      0.8278
      0.1827
      0.0435
      0.0223
      0.0151
      0.0089
      0.0074
      0.0153
      0.0433
      0.1358
      0.4466
      1.2892
      2.8762
      4.7073
      5.5550
     11.1691
      9.3939
      5.5859
      2.3466
      0.7010
      0.1607
      0.0448
      0.0266
      0.0188
      0.0110
      0.0068
      0.0120
      0.0447
      0.1832
      0.6902
      2.0978
      4.7697
      7.8632
      9.2971
      6.6407
      5.5863
      3.3267
      1.4105
      0.4470
      0.1405
      0.0786
      0.0633
      0.0452
      0.0252
      0.0120
      0.0122
      0.0448
      0.2004
      0.7900
      2.4494
      5.6200
      9.3032
     11.0129
      2.7880
      2.3502
      1.4200
      0.6534
      0.2998
      0.2109
      0.1905
      0.1544
      0.1009
      0.0515
      0.0210
      0.0123
      0.0356
      0.1626
      0.6528
      2.0431
      4.7108
      7.8173
      9.2608
      0.8316
      0.7162
      0.4934
      0.3691
      0.3891
      0.4381
      0.4094
      0.3019
      0.1764
      0.0814
      0.0295
      0.0114
      0.0215
      0.0972
      0.3959
      1.2477
      2.8866
      4.7981
      5.6870
      0.1938
      0.1997
      0.2618
      0.4372
      0.6649
      0.7790
      0.6876
      0.4669
      0.2502
      0.1069
      0.0360
      0.0107
      0.0116
      0.0525
      0.2236
      0.7195
      1.6796
      2.8021
      3.3246
      0.0647
      0.1118
      0.2829
      0.5941
      0.9221
      1.0504
      0.8977
      0.5964
      0.3190
      0.1388
      0.0481
      0.0137
      0.0112
      0.0565
      0.2637
      0.8827
      2.0941
      3.5155
      4.1779
      0.0515
      0.1085
      0.3032
      0.6336
      0.9625
      1.0879
      0.9540
      0.6818
      0.4076
      0.1995
      0.0761
      0.0231
      0.0201
      0.1096
      0.5263
      1.7821
      4.2468
      7.1419
      8.4913
      0.0475
      0.0989
      0.2684
      0.5450
      0.8191
      0.9524
      0.9109
      0.7455
      0.5121
      0.2781
      0.1132
      0.0357
      0.0327
      0.1806
      0.8703
      2.9505
      7.0347
     11.8326
     14.0690
      0.0446
      0.0910
      0.2414
      0.4830
      0.7258
      0.8674
      0.8803
      0.7742
      0.5632
      0.3166
      0.1312
      0.0419
      0.0387
      0.2144
      1.0334
      3.5038
      8.3542
     14.0522
     16.7082
