      0.0019
      0.0045
      0.0111
      0.0151
      0.0111
      0.0045
      0.0013
      0.0006
      0.0006
      0.0010
      0.0022
      0.0029
      0.0021
      0.0008
      0.0002
      0.0000
      0.0000
      0.0000
      0.0000
      0.0027
      0.0058
      0.0128
      0.0159
      0.0107
      0.0040
      0.0011
      0.0005
      0.0004
      0.0008
      0.0019
      0.0028
      0.0022
      0.0010
      0.0002
      0.0000
      0.0000
      0.0000
      0.0000
      0.0035
      0.0067
      0.0127
      0.0136
      0.0080
      0.0026
      0.0005
      0.0002
      0.0002
      0.0005
      0.0015
      0.0030
      0.0036
      0.0025
      0.0010
      0.0002
      0.0000
      0.0000
      0.0000
      0.0027
      0.0046
      0.0075
      0.0070
      0.0036
      0.0010
      0.0002
      0.0000
      0.0001
      0.0006
      0.0033
      0.0105
      0.0183
      0.0175
      0.0091
      0.0026
      0.0004
      0.0000
      0.0000
      0.0036
      0.0035
      0.0031
      0.0021
      0.0009
      0.0002
      0.0000
      0.0000
      0.0002
      0.0018
      0.0124
      0.0455
      0.0901
      0.0965
      0.0558
      0.0174
      0.0029
      0.0003
      0.0000
      0.0415
      0.0306
      0.0124
      0.0029
      0.0004
      0.0001
      0.0001
      0.0001
      0.0004
      0.0038
      0.0284
      0.1148
      0.2497
      0.2931
      0.1859
      0.0636
      0.0118
      0.0013
      0.0004
      0.3621
      0.2661
      0.1055
      0.0225
      0.0026
      0.0002
      0.0002
      0.0003
      0.0006
      0.0044
      0.0355
      0.1569
      0.3739
      0.4809
      0.3343
      0.1260
      0.0279
      0.0088
      0.0085
      1.6982
      1.2481
      0.4949
      0.1055
      0.0120
      0.0009
      0.0004
      0.0005
      0.0005
      0.0028
      0.0239
      0.1159
      0.3027
      0.4269
      0.3271
      0.1448
      0.0719
      0.1036
      0.1349
      4.2828
      3.1477
      1.2481
      0.2661
      0.0303
      0.0020
      0.0004
      0.0004
      0.0003
      0.0010
      0.0087
      0.0464
      0.1337
      0.2103
      0.1922
      0.1706
      0.3807
      0.8743
      1.1760
      5.8272
      4.2828
      1.6982
      0.3620
      0.0413
      0.0028
      0.0008
      0.0010
      0.0007
      0.0005
      0.0018
      0.0108
      0.0378
      0.0812
      0.1467
      0.4479
      1.6789
      4.0702
      5.5012
      4.2828
      3.1477
      1.2481
      0.2662
      0.0310
      0.0048
      0.0075
      0.0103
      0.0078
      0.0032
      0.0010
      0.0033
      0.0199
      0.0785
      0.2552
      1.0627
      4.1904
     10.2324
     13.8494
      1.6982
      1.2482
      0.4951
      0.1068
      0.0187
      0.0246
      0.0534
      0.0687
      0.0488
      0.0189
      0.0041
      0.0030
      0.0209
      0.0976
      0.3467
      1.4529
      5.6950
     13.9033
     18.8240
      0.3621
      0.2663
      0.1078
      0.0352
      0.0483
      0.1193
      0.2190
      0.2519
      0.1661
      0.0603
      0.0120
      0.0029
      0.0144
      0.0721
      0.2652
      1.0895
      4.2004
     10.2176
     13.8285
      0.0415
      0.0322
      0.0284
      0.0796
      0.2149
      0.3996
      0.5476
      0.5268
      0.3139
      0.1064
      0.0198
      0.0025
      0.0055
      0.0290
      0.1106
      0.4456
      1.6817
      4.0663
      5.4982
      0.0036
      0.0099
      0.0641
      0.2701
      0.6469
      0.9466
      0.9709
      0.7559
      0.4084
      0.1340
      0.0248
      0.0026
      0.0012
      0.0064
      0.0266
      0.1134
      0.4323
      1.0452
      1.4129
      0.0027
      0.0184
      0.1336
      0.5292
      1.1778
      1.6306
      1.7132
      1.5125
      0.9547
      0.3620
      0.0765
      0.0088
      0.0007
      0.0017
      0.0181
      0.1443
      0.6638
      1.6677
      2.2678
      0.0035
      0.0225
      0.1540
      0.5850
      1.3625
      2.4702
      4.0639
      4.9581
      3.6268
      1.4700
      0.3226
      0.0379
      0.0025
      0.0044
      0.0711
      0.6228
      2.9203
      7.3642
     10.0198
      0.0027
      0.0159
      0.1034
      0.4085
      1.2771
      3.8282
      8.7205
     11.8934
      8.9717
      3.6702
      0.8083
      0.0952
      0.0063
      0.0110
      0.1787
      1.5687
      7.3583
     18.5567
     25.2487
      0.0019
      0.0107
      0.0680
      0.2975
      1.2431
      4.6948
     11.5701
     16.0840
     12.1858
      4.9904
      1.0994
      0.1295
      0.0086
      0.0149
      0.2432
      2.1343
     10.0118
     25.2485
     34.3537
