      0.0000
      0.0000
      0.0000
      0.0000
      0.0000
      0.0000
      0.0000
      0.0000
      0.0000
      0.0000
      0.0000
      0.0000
      0.0000
      0.0000
      0.0000
      0.0000
      0.0000
      0.0000
      0.0000
      0.0000
      0.0000
      0.0000
      0.0000
      0.0000
      0.0000
      0.0000
      0.0000
      0.0000
      0.0000
      0.0000
      0.0000
      0.0000
      0.0000
      0.0000
      0.0000
      0.0000
      0.0000
      0.0000
      0.0000
      0.0000
      0.0000
      0.0000
      0.0000
      0.0000
      0.0000
      0.0000
      0.0000
      0.0000
      0.0000
      0.0000
      0.0000
      0.0000
      0.0000
      0.0000
      0.0000
      0.0000
      0.0000
      0.0000
      0.0000
      0.0000
      0.0000
      0.0000
      0.0000
      0.0000
      0.0000
      0.0000
      0.0000
      0.0000
      0.0000
      0.0000
      0.0000
      0.0000
      0.0000
      0.0000
      0.0000
      0.0000
      0.0000
      0.0000
      0.0000
      0.0000
      0.0000
      0.0000
      0.0000
      0.0000
      0.0000
      0.0000
      0.0000
      0.0002
      0.0007
      0.0008
      0.0002
      0.0000
      0.0000
      0.0000
      0.0000
      0.0025
      0.0012
      0.0002
      0.0000
      0.0000
      0.0000
      0.0000
      0.0000
      0.0000
      0.0000
      0.0001
      0.0012
      0.0071
      0.0102
      0.0037
      0.0003
      0.0000
      0.0000
      0.0000
      0.3290
      0.1645
      0.0205
      0.0006
      0.0000
      0.0000
      0.0000
      0.0000
      0.0000
      0.0000
      0.0001
      0.0025
      0.0177
      0.0312
      0.0137
      0.0015
      0.0000
      0.0000
      0.0000
     10.6674
      5.3337
      0.6650
      0.0205
      0.0002
      0.0000
      0.0000
      0.0000
      0.0000
      0.0000
      0.0000
      0.0013
      0.0110
      0.0237
      0.0128
      0.0017
      0.0001
      0.0000
      0.0001
     85.5655
     42.7827
      5.3337
      0.1645
      0.0012
      0.0000
      0.0000
      0.0000
      0.0000
      0.0000
      0.0000
      0.0002
      0.0017
      0.0045
      0.0031
      0.0006
      0.0008
      0.0060
      0.0119
    171.1310
     85.5655
     10.6674
      0.3290
      0.0025
      0.0000
      0.0000
      0.0000
      0.0000
      0.0000
      0.0000
      0.0000
      0.0001
      0.0011
      0.0047
      0.0064
      0.0259
      0.1935
      0.3867
     85.5655
     42.7827
      5.3337
      0.1645
      0.0012
      0.0000
      0.0001
      0.0001
      0.0001
      0.0000
      0.0000
      0.0000
      0.0003
      0.0076
      0.0441
      0.0699
      0.2167
      1.5529
      3.1015
     10.6674
      5.3337
      0.6650
      0.0205
      0.0002
      0.0006
      0.0046
      0.0087
      0.0041
      0.0005
      0.0000
      0.0000
      0.0006
      0.0158
      0.1072
      0.1930
      0.4633
      3.1095
      6.2032
      0.3290
      0.1645
      0.0205
      0.0006
      0.0005
      0.0135
      0.0905
      0.1519
      0.0637
      0.0067
      0.0002
      0.0000
      0.0003
      0.0082
      0.0652
      0.1342
      0.2565
      1.5585
      3.1018
      0.0025
      0.0012
      0.0002
      0.0002
      0.0043
      0.0768
      0.4447
      0.6581
      0.2439
      0.0225
      0.0005
      0.0000
      0.0000
      0.0011
      0.0099
      0.0234
      0.0371
      0.1952
      0.3868
      0.0000
      0.0000
      0.0001
      0.0031
      0.0238
      0.1328
      0.5553
      0.7143
      0.2338
      0.0191
      0.0004
      0.0000
      0.0000
      0.0000
      0.0004
      0.0010
      0.0015
      0.0066
      0.0129
      0.0000
      0.0000
      0.0007
      0.0142
      0.0775
      0.1443
      0.2740
      0.3559
      0.1422
      0.0156
      0.0005
      0.0000
      0.0000
      0.0000
      0.0000
      0.0003
      0.0081
      0.0646
      0.1291
      0.0000
      0.0000
      0.0009
      0.0165
      0.0832
      0.3689
      2.4573
      5.2237
      2.8060
      0.3763
      0.0125
      0.0001
      0.0000
      0.0000
      0.0001
      0.0080
      0.2609
      2.0925
      4.1850
      0.0000
      0.0000
      0.0003
      0.0052
      0.0830
      2.2669
     19.4188
     41.7830
     22.4807
      3.0167
      0.1002
      0.0008
      0.0000
      0.0000
      0.0005
      0.0645
      2.0925
     16.7844
     33.5687
      0.0000
      0.0000
      0.0001
      0.0016
      0.1311
      4.4991
     38.8286
     83.5651
     44.9613
      6.0334
      0.2004
      0.0016
      0.0000
      0.0000
      0.0010
      0.1291
      4.1850
     33.5687
     67.1375
