      0.0157
      0.0204
      0.0304
      0.0363
      0.0341
      0.0295
      0.0304
      0.0416
      0.0729
      0.1351
      0.2101
      0.2436
      0.2028
      0.1199
      0.0501
      0.0148
      0.0031
      0.0005
      0.0001
      0.0168
      0.0213
      0.0304
      0.0350
      0.0316
      0.0262
      0.0260
      0.0352
      0.0624
      0.1183
      0.1889
      0.2259
      0.1951
      0.1204
      0.0529
      0.0165
      0.0037
      0.0006
      0.0001
      0.0198
      0.0231
      0.0291
      0.0302
      0.0247
      0.0183
      0.0164
      0.0214
      0.0397
      0.0810
      0.1405
      0.1846
      0.1774
      0.1236
      0.0624
      0.0227
      0.0060
      0.0012
      0.0003
      0.0383
      0.0370
      0.0326
      0.0253
      0.0167
      0.0102
      0.0076
      0.0097
      0.0203
      0.0491
      0.1011
      0.1584
      0.1831
      0.1546
      0.0948
      0.0421
      0.0135
      0.0032
      0.0011
      0.1715
      0.1468
      0.0929
      0.0446
      0.0172
      0.0061
      0.0030
      0.0038
      0.0114
      0.0376
      0.0982
      0.1887
      0.2616
      0.2602
      0.1850
      0.0939
      0.0343
      0.0098
      0.0043
      0.7870
      0.6629
      0.3963
      0.1682
      0.0510
      0.0113
      0.0023
      0.0022
      0.0096
      0.0399
      0.1209
      0.2609
      0.3996
      0.4345
      0.3359
      0.1862
      0.0776
      0.0306
      0.0200
      2.6532
      2.2317
      1.3274
      0.5573
      0.1647
      0.0343
      0.0054
      0.0022
      0.0089
      0.0399
      0.1302
      0.3008
      0.4924
      0.5734
      0.4796
      0.2994
      0.1633
      0.1107
      0.1024
      6.3219
      5.3170
      3.1611
      1.3260
      0.3913
      0.0815
      0.0132
      0.0040
      0.0080
      0.0315
      0.1065
      0.2628
      0.4656
      0.5976
      0.5745
      0.4614
      0.3980
      0.4248
      0.4548
     10.6329
      8.9427
      5.3166
      2.2304
      0.6600
      0.1421
      0.0312
      0.0175
      0.0172
      0.0265
      0.0723
      0.1924
      0.3941
      0.6128
      0.7631
      0.8713
      1.0708
      1.3648
      1.5175
     12.6425
     10.6329
      6.3222
      2.6557
      0.7978
      0.2014
      0.0939
      0.0909
      0.0799
      0.0586
      0.0668
      0.1643
      0.4113
      0.8080
      1.2693
      1.7750
      2.4593
      3.2531
      3.6365
     10.6329
      8.9432
      5.3209
      2.2514
      0.7311
      0.3128
      0.3218
      0.3675
      0.3141
      0.1966
      0.1211
      0.1926
      0.5174
      1.1500
      1.9976
      2.9795
      4.2162
      5.5615
      6.1969
      6.3219
      5.3190
      3.1769
      1.3990
      0.6293
      0.6328
      0.9209
      1.0645
      0.8823
      0.5231
      0.2514
      0.2326
      0.5698
      1.3274
      2.4113
      3.6816
      5.1971
      6.7708
      7.5021
      2.6532
      2.2374
      1.3683
      0.7353
      0.7151
      1.2552
      1.9414
      2.1876
      1.7549
      1.0009
      0.4272
      0.2443
      0.4723
      1.1188
      2.0979
      3.2542
      4.5660
      5.8633
      6.4548
      0.7870
      0.6746
      0.4748
      0.4857
      0.9719
      1.9532
      2.9563
      3.2188
      2.4980
      1.3772
      0.5495
      0.2192
      0.2875
      0.6720
      1.2966
      2.0432
      2.8523
      3.6104
      3.9479
      0.1715
      0.1651
      0.2076
      0.4709
      1.1669
      2.2977
      3.3427
      3.5191
      2.6543
      1.4258
      0.5473
      0.1737
      0.1330
      0.2865
      0.5670
      0.9097
      1.2676
      1.5847
      1.7217
      0.0383
      0.0592
      0.1639
      0.4791
      1.1659
      2.2028
      3.1225
      3.2474
      2.4428
      1.3173
      0.5072
      0.1454
      0.0567
      0.0881
      0.1764
      0.2913
      0.4118
      0.5151
      0.5587
      0.0198
      0.0446
      0.1530
      0.4498
      1.0822
      2.0665
      3.0171
      3.2675
      2.5748
      1.4592
      0.5904
      0.1708
      0.0404
      0.0234
      0.0428
      0.0789
      0.1261
      0.1719
      0.1920
      0.0168
      0.0393
      0.1372
      0.4156
      1.0582
      2.1623
      3.3669
      3.8577
      3.1911
      1.8865
      0.7918
      0.2349
      0.0499
      0.0113
      0.0145
      0.0372
      0.0791
      0.1267
      0.1486
      0.0157
      0.0365
      0.1288
      0.4030
      1.0694
      2.2676
      3.6310
      4.2457
      3.5657
      2.1327
      0.9036
      0.2699
      0.0569
      0.0107
      0.0116
      0.0348
      0.0808
      0.1346
      0.1596
