      0.0009
      0.0022
      0.0053
      0.0072
      0.0053
      0.0022
      0.0007
      0.0005
      0.0011
      0.0039
      0.0094
      0.0126
      0.0092
      0.0036
      0.0008
      0.0001
      0.0000
      0.0000
      0.0000
      0.0013
      0.0028
      0.0061
      0.0076
      0.0051
      0.0020
      0.0006
      0.0004
      0.0009
      0.0032
      0.0083
      0.0120
      0.0095
      0.0041
      0.0010
      0.0001
      0.0000
      0.0000
      0.0000
      0.0017
      0.0032
      0.0061
      0.0065
      0.0038
      0.0012
      0.0003
      0.0002
      0.0004
      0.0018
      0.0054
      0.0093
      0.0091
      0.0050
      0.0016
      0.0003
      0.0000
      0.0000
      0.0000
      0.0015
      0.0023
      0.0036
      0.0034
      0.0017
      0.0005
      0.0001
      0.0000
      0.0001
      0.0009
      0.0038
      0.0100
      0.0153
      0.0134
      0.0066
      0.0018
      0.0003
      0.0000
      0.0000
      0.0061
      0.0049
      0.0028
      0.0013
      0.0005
      0.0001
      0.0000
      0.0000
      0.0001
      0.0013
      0.0084
      0.0305
      0.0598
      0.0636
      0.0366
      0.0114
      0.0019
      0.0002
      0.0000
      0.0931
      0.0685
      0.0273
      0.0059
      0.0007
      0.0001
      0.0001
      0.0001
      0.0003
      0.0026
      0.0186
      0.0750
      0.1631
      0.1914
      0.1214
      0.0415
      0.0077
      0.0009
      0.0003
      0.8165
      0.6001
      0.2380
      0.0507
      0.0058
      0.0004
      0.0002
      0.0004
      0.0005
      0.0030
      0.0232
      0.1024
      0.2441
      0.3140
      0.2184
      0.0824
      0.0186
      0.0066
      0.0066
      3.8301
      2.8149
      1.1162
      0.2380
      0.0271
      0.0018
      0.0004
      0.0005
      0.0005
      0.0019
      0.0156
      0.0758
      0.1983
      0.2808
      0.2173
      0.0989
      0.0536
      0.0812
      0.1061
      9.6590
      7.0989
      2.8149
      0.6001
      0.0684
      0.0043
      0.0006
      0.0006
      0.0004
      0.0007
      0.0058
      0.0311
      0.0928
      0.1568
      0.1631
      0.1576
      0.3135
      0.6924
      0.9280
     13.1423
      9.6590
      3.8301
      0.8165
      0.0932
      0.0066
      0.0028
      0.0038
      0.0030
      0.0014
      0.0017
      0.0106
      0.0494
      0.1467
      0.2905
      0.5444
      1.4318
      3.2421
      4.3499
      9.6590
      7.0990
      2.8150
      0.6004
      0.0710
      0.0165
      0.0323
      0.0452
      0.0343
      0.0141
      0.0039
      0.0103
      0.0723
      0.2923
      0.7037
      1.4247
      3.6704
      8.1975
     10.9744
      3.8301
      2.8150
      1.1164
      0.2407
      0.0481
      0.0946
      0.2267
      0.3005
      0.2157
      0.0836
      0.0182
      0.0130
      0.0904
      0.3982
      1.0235
      2.0888
      5.1312
     11.2117
     14.9535
      0.8165
      0.6002
      0.2397
      0.0660
      0.1025
      0.3819
      0.8619
      1.0736
      0.7275
      0.2665
      0.0529
      0.0127
      0.0633
      0.2976
      0.8115
      1.6722
      3.9073
      8.3063
     11.0200
      0.0931
      0.0693
      0.0365
      0.0646
      0.2727
      0.8865
      1.7972
      2.0812
      1.3273
      0.4594
      0.0857
      0.0110
      0.0242
      0.1201
      0.3481
      0.7290
      1.6240
      3.3431
      4.4048
      0.0061
      0.0081
      0.0340
      0.1578
      0.5170
      1.2612
      2.1571
      2.2744
      1.3632
      0.4487
      0.0799
      0.0081
      0.0052
      0.0262
      0.0823
      0.1887
      0.4444
      0.9235
      1.2167
      0.0015
      0.0089
      0.0654
      0.2734
      0.7083
      1.3277
      1.9344
      1.9558
      1.1988
      0.4167
      0.0801
      0.0084
      0.0010
      0.0041
      0.0270
      0.1718
      0.7482
      1.8591
      2.5237
      0.0017
      0.0108
      0.0743
      0.2916
      0.7446
      1.5714
      2.8389
      3.5056
      2.5277
      1.0078
      0.2182
      0.0254
      0.0018
      0.0051
      0.0808
      0.7054
      3.3049
      8.3324
     11.3368
      0.0013
      0.0076
      0.0502
      0.2092
      0.7351
      2.4222
      5.6876
      7.7964
      5.8790
      2.4025
      0.5286
      0.0622
      0.0043
      0.0123
      0.2023
      1.7753
      8.3273
     21.0003
     28.5734
      0.0009
      0.0051
      0.0335
      0.1597
      0.7535
      3.0148
      7.5339
     10.4995
      7.9570
      3.2584
      0.7178
      0.0845
      0.0058
      0.0168
      0.2752
      2.4154
     11.3301
     28.5732
     38.8774
