      0.0901
      0.0947
      0.1047
      0.1128
      0.1163
      0.1195
      0.1274
      0.1422
      0.1645
      0.1936
      0.2199
      0.2252
      0.1968
      0.1424
      0.0841
      0.0405
      0.0162
      0.0061
      0.0036
      0.0910
      0.0948
      0.1028
      0.1082
      0.1092
      0.1102
      0.1164
      0.1303
      0.1533
      0.1852
      0.2174
      0.2309
      0.2102
      0.1593
      0.0991
      0.0505
      0.0213
      0.0082
      0.0048
      0.1036
      0.1041
      0.1037
      0.0995
      0.0926
      0.0883
      0.0915
      0.1048
      0.1309
      0.1725
      0.2233
      0.2627
      0.2656
      0.2241
      0.1555
      0.0882
      0.0411
      0.0168
      0.0098
      0.1743
      0.1644
      0.1390
      0.1082
      0.0828
      0.0698
      0.0714
      0.0873
      0.1209
      0.1796
      0.2632
      0.3486
      0.3933
      0.3671
      0.2796
      0.1728
      0.0873
      0.0387
      0.0239
      0.4264
      0.3871
      0.2910
      0.1859
      0.1100
      0.0753
      0.0738
      0.0944
      0.1372
      0.2161
      0.3417
      0.4900
      0.5958
      0.5951
      0.4826
      0.3175
      0.1724
      0.0849
      0.0572
      1.0716
      0.9623
      0.6985
      0.4154
      0.2159
      0.1228
      0.1051
      0.1253
      0.1710
      0.2618
      0.4225
      0.6335
      0.8093
      0.8491
      0.7247
      0.5069
      0.3016
      0.1730
      0.1316
      2.2928
      2.0545
      1.4800
      0.8650
      0.4298
      0.2179
      0.1571
      0.1626
      0.1976
      0.2811
      0.4502
      0.6960
      0.9272
      1.0198
      0.9217
      0.7009
      0.4804
      0.3410
      0.2965
      3.9776
      3.5626
      2.5622
      1.4899
      0.7257
      0.3412
      0.2098
      0.1856
      0.1977
      0.2554
      0.4001
      0.6362
      0.8878
      1.0360
      1.0174
      0.8827
      0.7417
      0.6616
      0.6398
      5.5406
      4.9621
      3.5673
      2.0705
      0.9987
      0.4494
      0.2470
      0.1912
      0.1787
      0.2036
      0.3032
      0.4946
      0.7339
      0.9353
      1.0448
      1.0910
      1.1414
      1.2105
      1.2456
      6.1879
      5.5422
      3.9855
      2.3154
      1.1197
      0.5058
      0.2767
      0.2070
      0.1770
      0.1699
      0.2190
      0.3540
      0.5677
      0.8197
      1.0802
      1.3613
      1.6747
      1.9548
      2.0714
      5.5406
      4.9641
      3.5762
      2.0935
      1.0439
      0.5208
      0.3384
      0.2830
      0.2397
      0.1952
      0.1895
      0.2681
      0.4537
      0.7440
      1.1339
      1.6253
      2.1808
      2.6577
      2.8506
      3.9776
      3.5683
      2.5882
      1.5579
      0.8601
      0.5537
      0.4808
      0.4584
      0.3930
      0.2922
      0.2182
      0.2349
      0.3818
      0.6758
      1.1244
      1.7230
      2.4038
      2.9816
      3.2132
      2.2928
      2.0667
      1.5357
      1.0100
      0.7147
      0.6647
      0.7218
      0.7304
      0.6230
      0.4418
      0.2823
      0.2261
      0.3151
      0.5655
      0.9854
      1.5658
      2.2311
      2.7939
      3.0188
      1.0716
      0.9836
      0.7947
      0.6636
      0.6978
      0.8705
      1.0431
      1.0685
      0.9010
      0.6217
      0.3648
      0.2275
      0.2454
      0.4245
      0.7708
      1.2791
      1.8786
      2.3919
      2.5976
      0.4264
      0.4184
      0.4324
      0.5487
      0.8115
      1.1618
      1.4398
      1.4818
      1.2473
      0.8545
      0.4831
      0.2536
      0.1997
      0.3213
      0.6340
      1.1516
      1.8046
      2.3831
      2.6182
      0.1743
      0.2050
      0.3233
      0.5854
      1.0169
      1.5390
      1.9521
      2.0405
      1.7414
      1.2067
      0.6807
      0.3318
      0.2078
      0.3167
      0.7047
      1.4234
      2.3858
      3.2642
      3.6255
      0.1036
      0.1519
      0.3239
      0.6827
      1.2644
      1.9814
      2.5791
      2.7558
      2.3979
      1.6896
      0.9637
      0.4636
      0.2692
      0.4089
      0.9763
      2.0741
      3.5779
      4.9656
      5.5390
      0.0910
      0.1471
      0.3478
      0.7726
      1.4780
      2.3742
      3.1534
      3.4259
      3.0220
      2.1536
      1.2391
      0.5977
      0.3438
      0.5275
      1.2870
      2.7716
      4.8170
      6.7098
      7.4928
      0.0901
      0.1485
      0.3588
      0.8086
      1.5643
      2.5359
      3.3930
      3.7078
      3.2858
      2.3502
      1.3562
      0.6554
      0.3772
      0.5810
      1.4236
      3.0732
      5.3481
      7.4544
      8.3260
