      0.6927
      0.7133
      0.7571
      0.7854
      0.7704
      0.7118
      0.6292
      0.5423
      0.4612
      0.3879
      0.3217
      0.2605
      0.2023
      0.1469
      0.0973
      0.0576
      0.0305
      0.0156
      0.0110
      0.6726
      0.6904
      0.7271
      0.7480
      0.7285
      0.6701
      0.5919
      0.5125
      0.4409
      0.3782
      0.3223
      0.2699
      0.2175
      0.1641
      0.1130
      0.0698
      0.0388
      0.0211
      0.0154
      0.6118
      0.6225
      0.6423
      0.6459
      0.6176
      0.5625
      0.4982
      0.4399
      0.3935
      0.3578
      0.3287
      0.2995
      0.2631
      0.2157
      0.1611
      0.1082
      0.0663
      0.0405
      0.0320
      0.5136
      0.5167
      0.5187
      0.5066
      0.4748
      0.4317
      0.3912
      0.3626
      0.3479
      0.3447
      0.3481
      0.3491
      0.3357
      0.2996
      0.2428
      0.1782
      0.1218
      0.0848
      0.0722
      0.3941
      0.3920
      0.3834
      0.3660
      0.3426
      0.3220
      0.3118
      0.3139
      0.3268
      0.3492
      0.3796
      0.4097
      0.4238
      0.4068
      0.3569
      0.2882
      0.2225
      0.1774
      0.1616
      0.2795
      0.2758
      0.2659
      0.2548
      0.2501
      0.2576
      0.2769
      0.3022
      0.3299
      0.3633
      0.4083
      0.4616
      0.5063
      0.5215
      0.4991
      0.4505
      0.3978
      0.3602
      0.3470
      0.1934
      0.1905
      0.1855
      0.1870
      0.2033
      0.2356
      0.2752
      0.3105
      0.3377
      0.3668
      0.4135
      0.4829
      0.5615
      0.6268
      0.6655
      0.6814
      0.6872
      0.6910
      0.6928
      0.1439
      0.1429
      0.1443
      0.1576
      0.1895
      0.2360
      0.2826
      0.3143
      0.3295
      0.3448
      0.3847
      0.4640
      0.5787
      0.7130
      0.8533
      0.9925
      1.1206
      1.2157
      1.2514
      0.1234
      0.1243
      0.1313
      0.1528
      0.1925
      0.2423
      0.2844
      0.3042
      0.3030
      0.3017
      0.3307
      0.4144
      0.5634
      0.7777
      1.0516
      1.3669
      1.6787
      1.9150
      2.0040
      0.1187
      0.1221
      0.1357
      0.1652
      0.2102
      0.2588
      0.2922
      0.2977
      0.2796
      0.2612
      0.2756
      0.3556
      0.5288
      0.8168
      1.2281
      1.7364
      2.2579
      2.6592
      2.8111
      0.1234
      0.1318
      0.1587
      0.2049
      0.2632
      0.3160
      0.3429
      0.3330
      0.2943
      0.2526
      0.2437
      0.3070
      0.4843
      0.8173
      1.3298
      1.9921
      2.6884
      3.2309
      3.4372
      0.1439
      0.1622
      0.2157
      0.2970
      0.3868
      0.4566
      0.4802
      0.4486
      0.3762
      0.2956
      0.2477
      0.2769
      0.4325
      0.7667
      1.3136
      2.0439
      2.8260
      3.4413
      3.6762
      0.1934
      0.2280
      0.3257
      0.4655
      0.6089
      0.7084
      0.7280
      0.6608
      0.5331
      0.3915
      0.2865
      0.2654
      0.3768
      0.6723
      1.1870
      1.8944
      2.6637
      3.2742
      3.5082
      0.2795
      0.3360
      0.4927
      0.7099
      0.9225
      1.0584
      1.0685
      0.9505
      0.7478
      0.5269
      0.3515
      0.2716
      0.3300
      0.5702
      1.0228
      1.6631
      2.3699
      2.9353
      3.1528
      0.3941
      0.4742
      0.6942
      0.9928
      1.2764
      1.4471
      1.4439
      1.2698
      0.9867
      0.6822
      0.4343
      0.2974
      0.3105
      0.5102
      0.9227
      1.5243
      2.1977
      2.7406
      2.9502
      0.5136
      0.6140
      0.8876
      1.2541
      1.5957
      1.7947
      1.7813
      1.5627
      1.2138
      0.8380
      0.5271
      0.3435
      0.3294
      0.5234
      0.9533
      1.5941
      2.3192
      2.9070
      3.1345
      0.6118
      0.7256
      1.0341
      1.4441
      1.8230
      2.0424
      2.0280
      1.7872
      1.3991
      0.9752
      0.6180
      0.4013
      0.3783
      0.5981
      1.0966
      1.8466
      2.6997
      3.3933
      3.6621
      0.6726
      0.7928
      1.1179
      1.5482
      1.9453
      2.1776
      2.1687
      1.9238
      1.5203
      1.0715
      0.6870
      0.4512
      0.4293
      0.6830
      1.2578
      2.1245
      3.1118
      3.9152
      4.2268
      0.6927
      0.8146
      1.1440
      1.5795
      1.9817
      2.2185
      2.2130
      1.9691
      1.5625
      1.1066
      0.7131
      0.4710
      0.4509
      0.7198
      1.3275
      2.2439
      3.2883
      4.1383
      4.4679
