      0.0927
      0.1019
      0.1222
      0.1395
      0.1466
      0.1486
      0.1544
      0.1683
      0.1915
      0.2220
      0.2477
      0.2483
      0.2118
      0.1489
      0.0851
      0.0395
      0.0154
      0.0059
      0.0036
      0.0970
      0.1047
      0.1214
      0.1342
      0.1376
      0.1369
      0.1406
      0.1530
      0.1750
      0.2048
      0.2315
      0.2356
      0.2045
      0.1470
      0.0861
      0.0411
      0.0164
      0.0063
      0.0038
      0.1214
      0.1237
      0.1270
      0.1249
      0.1169
      0.1093
      0.1090
      0.1187
      0.1382
      0.1660
      0.1939
      0.2057
      0.1881
      0.1437
      0.0903
      0.0466
      0.0201
      0.0080
      0.0049
      0.2257
      0.2130
      0.1802
      0.1398
      0.1054
      0.0857
      0.0821
      0.0911
      0.1084
      0.1322
      0.1590
      0.1781
      0.1757
      0.1470
      0.1022
      0.0589
      0.0288
      0.0134
      0.0090
      0.5758
      0.5222
      0.3916
      0.2482
      0.1434
      0.0920
      0.0814
      0.0908
      0.1056
      0.1225
      0.1444
      0.1678
      0.1791
      0.1654
      0.1285
      0.0845
      0.0498
      0.0306
      0.0250
      1.4599
      1.3107
      0.9502
      0.5623
      0.2863
      0.1522
      0.1160
      0.1200
      0.1282
      0.1339
      0.1472
      0.1726
      0.1970
      0.1998
      0.1746
      0.1354
      0.1025
      0.0851
      0.0804
      3.1288
      2.8032
      2.0179
      1.1753
      0.5749
      0.2754
      0.1778
      0.1614
      0.1557
      0.1466
      0.1500
      0.1775
      0.2176
      0.2453
      0.2481
      0.2376
      0.2333
      0.2397
      0.2446
      5.4298
      4.8628
      3.4953
      2.0270
      0.9754
      0.4383
      0.2445
      0.1924
      0.1677
      0.1447
      0.1411
      0.1738
      0.2364
      0.3071
      0.3727
      0.4418
      0.5246
      0.6033
      0.6370
      7.5639
      6.7736
      4.8672
      2.8186
      1.3462
      0.5841
      0.2958
      0.2076
      0.1664
      0.1341
      0.1279
      0.1703
      0.2661
      0.4053
      0.5818
      0.8014
      1.0538
      1.2745
      1.3647
      8.4477
      7.5655
      5.4378
      3.1523
      1.5106
      0.6610
      0.3381
      0.2365
      0.1859
      0.1439
      0.1316
      0.1822
      0.3172
      0.5445
      0.8696
      1.2956
      1.7831
      2.2012
      2.3698
      7.5639
      6.7761
      4.8785
      2.8478
      1.4039
      0.6759
      0.4152
      0.3343
      0.2750
      0.2074
      0.1688
      0.2107
      0.3725
      0.6781
      1.1425
      1.7648
      2.4753
      3.0794
      3.3216
      5.4298
      4.8699
      3.5276
      2.1110
      1.1408
      0.6994
      0.5792
      0.5405
      0.4585
      0.3345
      0.2371
      0.2398
      0.3932
      0.7269
      1.2576
      1.9782
      2.7992
      3.4929
      3.7700
      3.1288
      2.8181
      2.0853
      1.3486
      0.9106
      0.7955
      0.8312
      0.8264
      0.6981
      0.4911
      0.3115
      0.2498
      0.3553
      0.6503
      1.1468
      1.8330
      2.6169
      3.2777
      3.5412
      1.4599
      1.3357
      1.0614
      0.8418
      0.8136
      0.9477
      1.0906
      1.0884
      0.8999
      0.6117
      0.3579
      0.2336
      0.2756
      0.4950
      0.9029
      1.4940
      2.1864
      2.7765
      3.0127
      0.5758
      0.5564
      0.5409
      0.6136
      0.8122
      1.0709
      1.2474
      1.2202
      0.9834
      0.6494
      0.3599
      0.2012
      0.1982
      0.3626
      0.7262
      1.3113
      2.0427
      2.6880
      2.9498
      0.2257
      0.2517
      0.3465
      0.5379
      0.8149
      1.0965
      1.2567
      1.2037
      0.9527
      0.6190
      0.3339
      0.1725
      0.1601
      0.3330
      0.7770
      1.5689
      2.6215
      3.5799
      3.9739
      0.1214
      0.1610
      0.2860
      0.5004
      0.7757
      1.0345
      1.1715
      1.1150
      0.8825
      0.5760
      0.3121
      0.1622
      0.1672
      0.4092
      1.0539
      2.2513
      3.8820
      5.3850
      6.0059
      0.0970
      0.1378
      0.2621
      0.4656
      0.7182
      0.9532
      1.0822
      1.0403
      0.8365
      0.5564
      0.3080
      0.1673
      0.1952
      0.5194
      1.3809
      2.9961
      5.2093
      7.2557
      8.1022
      0.0927
      0.1328
      0.2536
      0.4495
      0.6913
      0.9180
      1.0470
      1.0146
      0.8238
      0.5538
      0.3100
      0.1719
      0.2098
      0.5703
      1.5257
      3.3197
      5.7803
      8.0568
      8.9988
