      0.0000
      0.0000
      0.0000
      0.0000
      0.0000
      0.0000
      0.0000
      0.0000
      0.0000
      0.0000
      0.0000
      0.0000
      0.0000
      0.0000
      0.0000
      0.0000
      0.0000
      0.0000
      0.0000
      0.0000
      0.0000
      0.0000
      0.0000
      0.0000
      0.0000
      0.0000
      0.0000
      0.0000
      0.0000
      0.0000
      0.0000
      0.0000
      0.0000
      0.0000
      0.0000
      0.0000
      0.0000
      0.0000
      0.0000
      0.0000
      0.0000
      0.0000
      0.0000
      0.0000
      0.0000
      0.0000
      0.0000
      0.0000
      0.0000
      0.0000
      0.0000
      0.0000
      0.0000
      0.0000
      0.0000
      0.0000
      0.0000
      0.0000
      0.0000
      0.0000
      0.0000
      0.0000
      0.0000
      0.0000
      0.0000
      0.0000
      0.0000
      0.0000
      0.0000
      0.0000
      0.0000
      0.0000
      0.0000
      0.0000
      0.0000
      0.0000
      0.0000
      0.0000
      0.0000
      0.0000
      0.0000
      0.0000
      0.0000
      0.0000
      0.0000
      0.0000
      0.0000
      0.0001
      0.0006
      0.0007
      0.0002
      0.0000
      0.0000
      0.0000
      0.0000
      0.0013
      0.0006
      0.0001
      0.0000
      0.0000
      0.0000
      0.0000
      0.0000
      0.0000
      0.0000
      0.0000
      0.0011
      0.0062
      0.0088
      0.0032
      0.0003
      0.0000
      0.0000
      0.0000
      0.1669
      0.0835
      0.0104
      0.0003
      0.0000
      0.0000
      0.0000
      0.0000
      0.0000
      0.0000
      0.0001
      0.0022
      0.0153
      0.0269
      0.0119
      0.0013
      0.0000
      0.0000
      0.0000
      5.4129
      2.7065
      0.3374
      0.0104
      0.0001
      0.0000
      0.0000
      0.0000
      0.0000
      0.0000
      0.0000
      0.0011
      0.0095
      0.0205
      0.0111
      0.0015
      0.0001
      0.0002
      0.0004
     43.4182
     21.7091
      2.7065
      0.0835
      0.0006
      0.0000
      0.0000
      0.0000
      0.0000
      0.0000
      0.0000
      0.0001
      0.0015
      0.0039
      0.0028
      0.0007
      0.0030
      0.0235
      0.0469
     86.8364
     43.4182
      5.4129
      0.1669
      0.0013
      0.0000
      0.0000
      0.0000
      0.0000
      0.0000
      0.0000
      0.0000
      0.0001
      0.0017
      0.0077
      0.0124
      0.0979
      0.7603
      1.5199
     43.4182
     21.7091
      2.7065
      0.0835
      0.0006
      0.0000
      0.0001
      0.0002
      0.0001
      0.0000
      0.0000
      0.0000
      0.0005
      0.0127
      0.0738
      0.1304
      0.7993
      6.0996
     12.1915
      5.4129
      2.7065
      0.3374
      0.0104
      0.0001
      0.0010
      0.0076
      0.0145
      0.0069
      0.0008
      0.0000
      0.0000
      0.0010
      0.0264
      0.1793
      0.3495
      1.6481
     12.2050
     24.3831
      0.1669
      0.0835
      0.0104
      0.0003
      0.0009
      0.0226
      0.1512
      0.2537
      0.1065
      0.0111
      0.0003
      0.0000
      0.0004
      0.0138
      0.1090
      0.2377
      0.8655
      6.1086
     12.1919
      0.0013
      0.0006
      0.0001
      0.0007
      0.0095
      0.1326
      0.7448
      1.0995
      0.4074
      0.0376
      0.0009
      0.0000
      0.0000
      0.0018
      0.0165
      0.0408
      0.1165
      0.7630
      1.5201
      0.0000
      0.0000
      0.0005
      0.0113
      0.0776
      0.2801
      0.9496
      1.1943
      0.3901
      0.0318
      0.0006
      0.0000
      0.0000
      0.0001
      0.0006
      0.0018
      0.0040
      0.0237
      0.0469
      0.0000
      0.0000
      0.0024
      0.0522
      0.2800
      0.4339
      0.4638
      0.4705
      0.1679
      0.0167
      0.0005
      0.0000
      0.0000
      0.0000
      0.0000
      0.0000
      0.0006
      0.0044
      0.0087
      0.0000
      0.0000
      0.0033
      0.0604
      0.2825
      0.5612
      2.2033
      4.5321
      2.4290
      0.3255
      0.0108
      0.0001
      0.0000
      0.0000
      0.0000
      0.0005
      0.0169
      0.1355
      0.2710
      0.0000
      0.0000
      0.0011
      0.0179
      0.1242
      2.0115
     16.8037
     36.1297
     19.4385
      2.6085
      0.0866
      0.0007
      0.0000
      0.0000
      0.0000
      0.0042
      0.1355
      1.0867
      2.1734
      0.0000
      0.0000
      0.0002
      0.0033
      0.1198
      3.8957
     33.5753
     72.2567
     38.8769
      5.2169
      0.1733
      0.0014
      0.0000
      0.0000
      0.0001
      0.0084
      0.2710
      2.1734
      4.3469
