      0.0000
      0.0000
      0.0000
      0.0000
      0.0000
      0.0000
      0.0000
      0.0000
      0.0000
      0.0000
      0.0000
      0.0000
      0.0000
      0.0000
      0.0000
      0.0000
      0.0000
      0.0000
      0.0000
      0.0000
      0.0000
      0.0000
      0.0000
      0.0000
      0.0000
      0.0000
      0.0000
      0.0000
      0.0000
      0.0000
      0.0000
      0.0000
      0.0000
      0.0000
      0.0000
      0.0000
      0.0000
      0.0000
      0.0000
      0.0000
      0.0000
      0.0000
      0.0000
      0.0000
      0.0000
      0.0000
      0.0000
      0.0000
      0.0000
      0.0000
      0.0000
      0.0000
      0.0000
      0.0000
      0.0000
      0.0000
      0.0000
      0.0000
      0.0000
      0.0000
      0.0000
      0.0000
      0.0000
      0.0000
      0.0000
      0.0000
      0.0000
      0.0000
      0.0000
      0.0000
      0.0000
      0.0000
      0.0000
      0.0000
      0.0000
      0.0000
      0.0000
      0.0000
      0.0000
      0.0000
      0.0000
      0.0000
      0.0000
      0.0000
      0.0000
      0.0000
      0.0000
      0.0001
      0.0004
      0.0005
      0.0001
      0.0000
      0.0000
      0.0000
      0.0000
      0.0015
      0.0008
      0.0001
      0.0000
      0.0000
      0.0000
      0.0000
      0.0000
      0.0000
      0.0000
      0.0000
      0.0007
      0.0039
      0.0056
      0.0020
      0.0002
      0.0000
      0.0000
      0.0000
      0.2022
      0.1011
      0.0126
      0.0004
      0.0000
      0.0000
      0.0000
      0.0000
      0.0000
      0.0000
      0.0000
      0.0014
      0.0097
      0.0170
      0.0075
      0.0008
      0.0000
      0.0000
      0.0000
      6.5559
      3.2779
      0.4087
      0.0126
      0.0001
      0.0000
      0.0000
      0.0000
      0.0000
      0.0000
      0.0000
      0.0007
      0.0060
      0.0130
      0.0070
      0.0009
      0.0001
      0.0004
      0.0007
     52.5858
     26.2929
      3.2779
      0.1011
      0.0008
      0.0000
      0.0000
      0.0000
      0.0000
      0.0000
      0.0000
      0.0001
      0.0009
      0.0025
      0.0018
      0.0007
      0.0062
      0.0492
      0.0985
    105.1715
     52.5858
      6.5559
      0.2022
      0.0015
      0.0000
      0.0000
      0.0000
      0.0000
      0.0000
      0.0000
      0.0000
      0.0001
      0.0017
      0.0079
      0.0158
      0.2021
      1.5968
      3.1930
     52.5858
     26.2929
      3.2779
      0.1011
      0.0008
      0.0000
      0.0001
      0.0002
      0.0001
      0.0000
      0.0000
      0.0000
      0.0006
      0.0130
      0.0759
      0.1589
      1.6364
     12.8094
     25.6115
      6.5559
      3.2779
      0.4087
      0.0126
      0.0001
      0.0010
      0.0079
      0.0149
      0.0071
      0.0008
      0.0000
      0.0000
      0.0010
      0.0271
      0.1844
      0.4089
      3.3242
     25.6252
     51.2233
      0.2022
      0.1011
      0.0126
      0.0004
      0.0009
      0.0231
      0.1551
      0.2604
      0.1093
      0.0114
      0.0003
      0.0000
      0.0004
      0.0141
      0.1120
      0.2691
      1.7047
     12.8189
     25.6121
      0.0015
      0.0008
      0.0001
      0.0002
      0.0067
      0.1305
      0.7619
      1.1281
      0.4181
      0.0386
      0.0009
      0.0000
      0.0000
      0.0018
      0.0170
      0.0450
      0.2213
      1.5997
      3.1932
      0.0000
      0.0000
      0.0001
      0.0036
      0.0298
      0.2106
      0.9448
      1.2225
      0.4000
      0.0326
      0.0007
      0.0000
      0.0000
      0.0001
      0.0006
      0.0019
      0.0073
      0.0499
      0.0995
      0.0000
      0.0000
      0.0007
      0.0161
      0.0885
      0.1790
      0.3633
      0.4209
      0.1427
      0.0132
      0.0003
      0.0000
      0.0000
      0.0000
      0.0000
      0.0003
      0.0085
      0.0680
      0.1360
      0.0000
      0.0000
      0.0010
      0.0186
      0.0894
      0.2550
      1.3717
      2.8705
      1.5371
      0.2059
      0.0068
      0.0001
      0.0000
      0.0000
      0.0001
      0.0084
      0.2734
      2.1930
      4.3860
      0.0000
      0.0000
      0.0003
      0.0056
      0.0563
      1.2494
     10.6138
     22.8316
     12.2840
      1.6484
      0.0547
      0.0004
      0.0000
      0.0000
      0.0005
      0.0676
      2.1930
     17.5903
     35.1806
      0.0000
      0.0000
      0.0001
      0.0013
      0.0730
      2.4595
     21.2171
     45.6619
     24.5679
      3.2968
      0.1095
      0.0009
      0.0000
      0.0000
      0.0010
      0.1353
      4.3860
     35.1806
     70.3612
