      0.0000
      0.0001
      0.0002
      0.0003
      0.0003
      0.0003
      0.0005
      0.0008
      0.0014
      0.0045
      0.0108
      0.0145
      0.0105
      0.0041
      0.0009
      0.0001
      0.0000
      0.0000
      0.0000
      0.0001
      0.0001
      0.0003
      0.0003
      0.0003
      0.0002
      0.0004
      0.0006
      0.0011
      0.0037
      0.0095
      0.0138
      0.0109
      0.0047
      0.0011
      0.0001
      0.0000
      0.0000
      0.0000
      0.0001
      0.0001
      0.0003
      0.0003
      0.0002
      0.0001
      0.0002
      0.0002
      0.0005
      0.0020
      0.0061
      0.0105
      0.0101
      0.0055
      0.0017
      0.0003
      0.0000
      0.0000
      0.0000
      0.0004
      0.0003
      0.0003
      0.0002
      0.0001
      0.0000
      0.0000
      0.0001
      0.0002
      0.0009
      0.0039
      0.0100
      0.0148
      0.0126
      0.0061
      0.0016
      0.0002
      0.0000
      0.0000
      0.0101
      0.0075
      0.0030
      0.0007
      0.0001
      0.0000
      0.0000
      0.0000
      0.0001
      0.0012
      0.0077
      0.0278
      0.0544
      0.0578
      0.0333
      0.0103
      0.0017
      0.0002
      0.0000
      0.1676
      0.1232
      0.0489
      0.0104
      0.0012
      0.0001
      0.0000
      0.0001
      0.0003
      0.0023
      0.0169
      0.0680
      0.1479
      0.1735
      0.1100
      0.0376
      0.0070
      0.0009
      0.0004
      1.4714
      1.0814
      0.4288
      0.0914
      0.0104
      0.0007
      0.0002
      0.0002
      0.0004
      0.0026
      0.0210
      0.0928
      0.2213
      0.2846
      0.1980
      0.0749
      0.0180
      0.0091
      0.0104
      6.9019
      5.0726
      2.0115
      0.4288
      0.0489
      0.0030
      0.0003
      0.0003
      0.0003
      0.0017
      0.0141
      0.0687
      0.1799
      0.2550
      0.1982
      0.0942
      0.0691
      0.1265
      0.1687
     17.4059
     12.7926
      5.0726
      1.0814
      0.1232
      0.0076
      0.0006
      0.0004
      0.0003
      0.0006
      0.0052
      0.0284
      0.0856
      0.1475
      0.1610
      0.1886
      0.4702
      1.0957
      1.4799
     23.6828
     17.4059
      6.9019
      1.4714
      0.1678
      0.0112
      0.0032
      0.0042
      0.0034
      0.0016
      0.0017
      0.0106
      0.0516
      0.1596
      0.3337
      0.7271
      2.1914
      5.1471
      6.9463
     17.4059
     12.7926
      5.0727
      1.0817
      0.1261
      0.0215
      0.0369
      0.0516
      0.0393
      0.0161
      0.0044
      0.0116
      0.0820
      0.3343
      0.8329
      1.9198
      5.6230
     13.0257
     17.5372
      6.9019
      5.0726
      2.0116
      0.4315
      0.0717
      0.1075
      0.2579
      0.3430
      0.2465
      0.0956
      0.0208
      0.0149
      0.1034
      0.4575
      1.2146
      2.7979
      7.8290
     17.8083
     23.9006
      1.4714
      1.0814
      0.4296
      0.1035
      0.1069
      0.4174
      0.9709
      1.2217
      0.8306
      0.3046
      0.0605
      0.0146
      0.0724
      0.3422
      0.9620
      2.2184
      5.9189
     13.1731
     17.6076
      0.1676
      0.1233
      0.0512
      0.0403
      0.2223
      0.8969
      1.9726
      2.3479
      1.5106
      0.5243
      0.0979
      0.0126
      0.0277
      0.1382
      0.4117
      0.9556
      2.4320
      5.2762
      7.0156
      0.0101
      0.0077
      0.0070
      0.0432
      0.2817
      1.0636
      2.2094
      2.4968
      1.5291
      0.5060
      0.0901
      0.0091
      0.0059
      0.0301
      0.0960
      0.2330
      0.5891
      1.2604
      1.6696
      0.0004
      0.0007
      0.0051
      0.0400
      0.2312
      0.8301
      1.7069
      1.9517
      1.2305
      0.4263
      0.0809
      0.0084
      0.0011
      0.0041
      0.0222
      0.1200
      0.4967
      1.2210
      1.6545
      0.0001
      0.0005
      0.0050
      0.0383
      0.2408
      0.9956
      2.3861
      3.1785
      2.3233
      0.9258
      0.1998
      0.0232
      0.0016
      0.0032
      0.0500
      0.4339
      2.0306
      5.1186
      6.9640
      0.0001
      0.0004
      0.0048
      0.0522
      0.4174
      1.9558
      5.0373
      7.0420
      5.3296
      2.1790
      0.4794
      0.0564
      0.0038
      0.0076
      0.1242
      1.0895
      5.1107
     12.8884
     17.5362
      0.0000
      0.0003
      0.0048
      0.0634
      0.5438
      2.6046
      6.7660
      9.5008
      7.2103
      2.9533
      0.6505
      0.0766
      0.0051
      0.0104
      0.1689
      1.4824
      6.9535
     17.5359
     23.8597
