      0.2347
      0.2501
      0.2789
      0.2857
      0.2501
      0.1853
      0.1249
      0.0977
      0.1142
      0.1639
      0.2193
      0.2463
      0.2261
      0.1683
      0.1014
      0.0495
      0.0197
      0.0069
      0.0036
      0.2308
      0.2443
      0.2685
      0.2708
      0.2339
      0.1714
      0.1151
      0.0914
      0.1103
      0.1636
      0.2264
      0.2643
      0.2538
      0.1990
      0.1271
      0.0660
      0.0281
      0.0104
      0.0056
      0.2196
      0.2278
      0.2395
      0.2307
      0.1916
      0.1368
      0.0924
      0.0791
      0.1067
      0.1736
      0.2627
      0.3378
      0.3596
      0.3136
      0.2229
      0.1287
      0.0604
      0.0244
      0.0139
      0.2161
      0.2156
      0.2078
      0.1829
      0.1418
      0.0991
      0.0725
      0.0754
      0.1191
      0.2139
      0.3551
      0.5022
      0.5868
      0.5589
      0.4310
      0.2683
      0.1353
      0.0587
      0.0350
      0.2762
      0.2604
      0.2181
      0.1630
      0.1120
      0.0787
      0.0701
      0.0907
      0.1538
      0.2855
      0.4990
      0.7508
      0.9328
      0.9412
      0.7665
      0.5030
      0.2679
      0.1240
      0.0781
      0.4996
      0.4538
      0.3418
      0.2185
      0.1292
      0.0892
      0.0900
      0.1217
      0.1965
      0.3557
      0.6346
      0.9934
      1.2894
      1.3593
      1.1571
      0.7961
      0.4484
      0.2246
      0.1509
      0.9718
      0.8732
      0.6354
      0.3819
      0.2068
      0.1307
      0.1236
      0.1527
      0.2213
      0.3787
      0.6790
      1.0974
      1.4810
      1.6277
      1.4502
      1.0531
      0.6384
      0.3572
      0.2618
      1.6485
      1.4778
      1.0673
      0.6309
      0.3280
      0.1881
      0.1552
      0.1678
      0.2129
      0.3358
      0.5987
      0.9973
      1.4033
      1.6181
      1.5262
      1.1937
      0.8058
      0.5256
      0.4273
      2.2846
      2.0473
      1.4767
      0.8694
      0.4445
      0.2401
      0.1775
      0.1697
      0.1855
      0.2570
      0.4422
      0.7572
      1.1207
      1.3777
      1.4090
      1.2274
      0.9599
      0.7461
      0.6673
      2.5493
      2.2851
      1.6504
      0.9763
      0.5066
      0.2816
      0.2103
      0.1917
      0.1819
      0.2005
      0.2987
      0.5092
      0.8007
      1.0758
      1.2297
      1.2272
      1.1231
      1.0118
      0.9663
      2.2846
      2.0507
      1.4916
      0.9064
      0.5136
      0.3442
      0.3045
      0.2901
      0.2544
      0.2160
      0.2297
      0.3438
      0.5641
      0.8385
      1.0805
      1.2235
      1.2629
      1.2480
      1.2352
      1.6485
      1.4881
      1.1122
      0.7412
      0.5321
      0.4913
      0.5206
      0.5156
      0.4366
      0.3205
      0.2427
      0.2679
      0.4200
      0.6700
      0.9449
      1.1654
      1.2930
      1.3434
      1.3540
      0.9718
      0.8967
      0.7369
      0.6276
      0.6530
      0.7809
      0.8951
      0.8859
      0.7307
      0.5032
      0.3146
      0.2460
      0.3228
      0.5199
      0.7749
      1.0133
      1.1848
      1.2788
      1.3076
      0.4996
      0.4975
      0.5288
      0.6649
      0.9270
      1.2348
      1.4359
      1.4052
      1.1397
      0.7634
      0.4362
      0.2583
      0.2492
      0.3781
      0.5949
      0.8450
      1.0765
      1.2421
      1.3027
      0.2762
      0.3279
      0.5067
      0.8507
      1.3402
      1.8472
      2.1650
      2.1266
      1.7322
      1.1615
      0.6452
      0.3235
      0.2166
      0.2881
      0.5058
      0.8453
      1.2485
      1.5925
      1.7299
      0.2161
      0.3044
      0.5912
      1.1110
      1.8351
      2.6017
      3.1266
      3.1478
      2.6249
      1.7958
      1.0044
      0.4753
      0.2508
      0.2941
      0.5967
      1.1712
      1.9363
      2.6311
      2.9162
      0.2196
      0.3303
      0.6913
      1.3588
      2.3287
      3.4240
      4.2620
      4.4282
      3.7923
      2.6507
      1.5043
      0.7071
      0.3462
      0.3889
      0.8531
      1.7900
      3.0780
      4.2662
      4.7570
      0.2308
      0.3528
      0.7573
      1.5309
      2.7078
      4.1096
      5.2614
      5.5930
      4.8754
      3.4537
      1.9787
      0.9333
      0.4515
      0.5054
      1.1346
      2.4212
      4.2028
      5.8525
      6.5349
      0.2347
      0.3599
      0.7787
      1.5920
      2.8524
      4.3830
      5.6697
      6.0752
      5.3270
      3.7898
      2.1779
      1.0290
      0.4975
      0.5575
      1.2570
      2.6904
      4.6776
      6.5189
      7.2808
