      0.0000
      0.0000
      0.0000
      0.0000
      0.0000
      0.0000
      0.0000
      0.0000
      0.0000
      0.0000
      0.0000
      0.0000
      0.0000
      0.0000
      0.0000
      0.0000
      0.0000
      0.0000
      0.0000
      0.0000
      0.0000
      0.0000
      0.0000
      0.0000
      0.0000
      0.0000
      0.0000
      0.0000
      0.0000
      0.0000
      0.0000
      0.0000
      0.0000
      0.0000
      0.0000
      0.0000
      0.0000
      0.0000
      0.0000
      0.0000
      0.0000
      0.0000
      0.0000
      0.0000
      0.0000
      0.0000
      0.0000
      0.0000
      0.0000
      0.0000
      0.0000
      0.0000
      0.0000
      0.0000
      0.0000
      0.0000
      0.0000
      0.0000
      0.0000
      0.0000
      0.0000
      0.0000
      0.0000
      0.0000
      0.0000
      0.0000
      0.0000
      0.0000
      0.0000
      0.0000
      0.0000
      0.0000
      0.0000
      0.0000
      0.0000
      0.0000
      0.0000
      0.0000
      0.0000
      0.0000
      0.0000
      0.0000
      0.0000
      0.0000
      0.0000
      0.0000
      0.0000
      0.0001
      0.0005
      0.0006
      0.0002
      0.0000
      0.0000
      0.0000
      0.0000
      0.0017
      0.0008
      0.0001
      0.0000
      0.0000
      0.0000
      0.0000
      0.0000
      0.0000
      0.0000
      0.0000
      0.0010
      0.0055
      0.0078
      0.0028
      0.0003
      0.0000
      0.0000
      0.0000
      0.2249
      0.1124
      0.0140
      0.0004
      0.0000
      0.0000
      0.0000
      0.0000
      0.0000
      0.0000
      0.0001
      0.0019
      0.0136
      0.0239
      0.0105
      0.0012
      0.0000
      0.0000
      0.0000
      7.2913
      3.6457
      0.4545
      0.0140
      0.0001
      0.0000
      0.0000
      0.0000
      0.0000
      0.0000
      0.0000
      0.0010
      0.0084
      0.0182
      0.0098
      0.0013
      0.0001
      0.0004
      0.0008
     58.4850
     29.2425
      3.6457
      0.1124
      0.0008
      0.0000
      0.0000
      0.0000
      0.0000
      0.0000
      0.0000
      0.0001
      0.0013
      0.0035
      0.0023
      0.0006
      0.0065
      0.0517
      0.1034
    116.9699
     58.4850
      7.2913
      0.2249
      0.0017
      0.0000
      0.0000
      0.0000
      0.0000
      0.0000
      0.0000
      0.0000
      0.0001
      0.0005
      0.0019
      0.0086
      0.2096
      1.6758
      3.3514
     58.4850
     29.2425
      3.6457
      0.1124
      0.0008
      0.0000
      0.0000
      0.0000
      0.0000
      0.0000
      0.0000
      0.0000
      0.0001
      0.0029
      0.0172
      0.0760
      1.6846
     13.4421
     26.8825
      7.2913
      3.6457
      0.4545
      0.0140
      0.0001
      0.0002
      0.0017
      0.0033
      0.0016
      0.0002
      0.0000
      0.0000
      0.0002
      0.0060
      0.0415
      0.1723
      3.3806
     26.8856
     53.7651
      0.2249
      0.1124
      0.0140
      0.0004
      0.0002
      0.0051
      0.0344
      0.0578
      0.0243
      0.0025
      0.0001
      0.0000
      0.0001
      0.0031
      0.0252
      0.1005
      1.6997
     13.4442
     26.8826
      0.0017
      0.0008
      0.0001
      0.0001
      0.0016
      0.0292
      0.1692
      0.2504
      0.0928
      0.0086
      0.0002
      0.0000
      0.0000
      0.0004
      0.0038
      0.0151
      0.2139
      1.6764
      3.3515
      0.0000
      0.0000
      0.0000
      0.0011
      0.0087
      0.0500
      0.2113
      0.2722
      0.0892
      0.0073
      0.0001
      0.0000
      0.0000
      0.0000
      0.0001
      0.0006
      0.0068
      0.0526
      0.1052
      0.0000
      0.0000
      0.0002
      0.0052
      0.0283
      0.0565
      0.1326
      0.1975
      0.0875
      0.0104
      0.0003
      0.0000
      0.0000
      0.0000
      0.0000
      0.0005
      0.0151
      0.1209
      0.2418
      0.0000
      0.0000
      0.0003
      0.0060
      0.0334
      0.2473
      1.8708
      4.0024
      2.1517
      0.2887
      0.0096
      0.0001
      0.0000
      0.0000
      0.0001
      0.0150
      0.4871
      3.9074
      7.8149
      0.0000
      0.0000
      0.0001
      0.0021
      0.0562
      1.7320
     14.8979
     32.0594
     17.2491
      2.3147
      0.0769
      0.0006
      0.0000
      0.0000
      0.0009
      0.1205
      3.9074
     31.3423
     62.6846
      0.0000
      0.0000
      0.0000
      0.0009
      0.0996
      3.4513
     29.7925
     64.1184
     34.4982
      4.6294
      0.1537
      0.0012
      0.0000
      0.0000
      0.0018
      0.2410
      7.8149
     62.6846
    125.3691
