      0.0339
      0.0355
      0.0412
      0.0543
      0.0789
      0.1162
      0.1613
      0.2072
      0.2531
      0.3006
      0.3387
      0.3418
      0.2937
      0.2083
      0.1202
      0.0563
      0.0218
      0.0079
      0.0046
      0.0381
      0.0392
      0.0435
      0.0539
      0.0745
      0.1066
      0.1461
      0.1874
      0.2306
      0.2781
      0.3196
      0.3301
      0.2911
      0.2128
      0.1271
      0.0619
      0.0250
      0.0093
      0.0053
      0.0646
      0.0627
      0.0589
      0.0582
      0.0659
      0.0841
      0.1101
      0.1410
      0.1787
      0.2271
      0.2787
      0.3095
      0.2954
      0.2353
      0.1542
      0.0828
      0.0368
      0.0146
      0.0085
      0.1756
      0.1613
      0.1269
      0.0911
      0.0689
      0.0649
      0.0754
      0.0963
      0.1297
      0.1818
      0.2499
      0.3117
      0.3335
      0.2972
      0.2174
      0.1301
      0.0645
      0.0290
      0.0185
      0.5326
      0.4797
      0.3520
      0.2145
      0.1167
      0.0703
      0.0614
      0.0745
      0.1061
      0.1643
      0.2534
      0.3536
      0.4194
      0.4105
      0.3283
      0.2154
      0.1200
      0.0643
      0.0471
      1.4127
      1.2665
      0.9135
      0.5333
      0.2601
      0.1214
      0.0766
      0.0785
      0.1066
      0.1679
      0.2750
      0.4127
      0.5254
      0.5507
      0.4737
      0.3419
      0.2221
      0.1507
      0.1288
      3.0570
      2.7378
      1.9673
      1.1377
      0.5396
      0.2300
      0.1176
      0.0968
      0.1144
      0.1695
      0.2809
      0.4414
      0.5946
      0.6649
      0.6231
      0.5147
      0.4147
      0.3620
      0.3485
      5.3153
      4.7593
      3.4171
      1.9715
      0.9270
      0.3806
      0.1723
      0.1176
      0.1176
      0.1562
      0.2540
      0.4150
      0.5960
      0.7270
      0.7741
      0.7739
      0.7892
      0.8317
      0.8561
      7.4070
      6.6321
      4.7614
      2.7468
      1.2906
      0.5269
      0.2314
      0.1456
      0.1268
      0.1424
      0.2132
      0.3581
      0.5603
      0.7746
      0.9764
      1.1918
      1.4479
      1.6900
      1.7934
      8.2729
      7.4080
      5.3213
      3.0773
      1.4620
      0.6238
      0.3069
      0.2146
      0.1804
      0.1653
      0.1979
      0.3181
      0.5420
      0.8595
      1.2647
      1.7737
      2.3638
      2.8833
      3.0963
      7.4070
      6.6349
      4.7752
      2.7866
      1.3780
      0.6788
      0.4427
      0.3800
      0.3284
      0.2629
      0.2361
      0.3167
      0.5521
      0.9620
      1.5575
      2.3440
      3.2484
      4.0270
      4.3418
      5.3153
      4.7663
      3.4517
      2.0716
      1.1444
      0.7536
      0.6834
      0.6755
      0.5919
      0.4429
      0.3237
      0.3359
      0.5465
      0.9880
      1.6762
      2.6032
      3.6620
      4.5622
      4.9234
      3.0570
      2.7508
      2.0313
      1.3210
      0.9328
      0.8946
      1.0133
      1.0583
      0.9216
      0.6620
      0.4263
      0.3438
      0.4826
      0.8678
      1.5065
      2.3791
      3.3710
      4.2069
      4.5404
      1.4127
      1.2859
      1.0086
      0.8030
      0.8314
      1.0733
      1.3402
      1.4147
      1.2155
      0.8485
      0.5045
      0.3267
      0.3695
      0.6383
      1.1280
      1.8156
      2.6019
      3.2633
      3.5265
      0.5326
      0.5040
      0.4705
      0.5481
      0.8167
      1.2248
      1.5787
      1.6636
      1.4157
      0.9725
      0.5519
      0.3008
      0.2580
      0.4120
      0.7549
      1.2739
      1.8913
      2.4206
      2.6327
      0.1756
      0.1881
      0.2580
      0.4591
      0.8397
      1.3355
      1.7458
      1.8479
      1.5772
      1.0846
      0.6064
      0.2981
      0.1942
      0.2808
      0.5631
      1.0515
      1.6783
      2.2375
      2.4653
      0.0646
      0.0907
      0.1959
      0.4450
      0.8830
      1.4453
      1.9213
      2.0645
      1.7890
      1.2487
      0.7040
      0.3347
      0.1873
      0.2579
      0.5765
      1.1838
      2.0047
      2.7566
      3.0663
      0.0381
      0.0680
      0.1847
      0.4559
      0.9337
      1.5580
      2.1057
      2.2986
      2.0229
      1.4329
      0.8179
      0.3889
      0.2100
      0.2902
      0.6839
      1.4576
      2.5210
      3.5033
      3.9094
      0.0339
      0.0646
      0.1843
      0.4632
      0.9578
      1.6100
      2.1905
      2.4063
      2.1302
      1.5173
      0.8702
      0.4149
      0.2235
      0.3108
      0.7412
      1.5914
      2.7637
      3.8484
      4.2971
