      0.0627
      0.0838
      0.1273
      0.1503
      0.1303
      0.0878
      0.0548
      0.0391
      0.0312
      0.0266
      0.0255
      0.0245
      0.0193
      0.0113
      0.0048
      0.0014
      0.0003
      0.0000
      0.0000
      0.0668
      0.0865
      0.1255
      0.1429
      0.1199
      0.0783
      0.0474
      0.0332
      0.0266
      0.0232
      0.0233
      0.0235
      0.0196
      0.0122
      0.0055
      0.0018
      0.0004
      0.0001
      0.0000
      0.0701
      0.0852
      0.1120
      0.1172
      0.0910
      0.0549
      0.0307
      0.0206
      0.0170
      0.0165
      0.0192
      0.0229
      0.0225
      0.0167
      0.0092
      0.0037
      0.0011
      0.0002
      0.0001
      0.0676
      0.0746
      0.0842
      0.0779
      0.0546
      0.0301
      0.0159
      0.0112
      0.0107
      0.0130
      0.0196
      0.0296
      0.0361
      0.0328
      0.0215
      0.0102
      0.0035
      0.0009
      0.0004
      0.1085
      0.1001
      0.0785
      0.0520
      0.0289
      0.0149
      0.0103
      0.0111
      0.0131
      0.0171
      0.0289
      0.0504
      0.0702
      0.0713
      0.0519
      0.0272
      0.0107
      0.0040
      0.0025
      0.3744
      0.3180
      0.1955
      0.0885
      0.0320
      0.0145
      0.0155
      0.0209
      0.0235
      0.0265
      0.0425
      0.0783
      0.1172
      0.1279
      0.1005
      0.0590
      0.0305
      0.0200
      0.0183
      1.2243
      1.0304
      0.6143
      0.2602
      0.0822
      0.0298
      0.0281
      0.0349
      0.0349
      0.0333
      0.0485
      0.0921
      0.1463
      0.1714
      0.1501
      0.1119
      0.0960
      0.1058
      0.1146
      2.9093
      2.4470
      1.4555
      0.6128
      0.1883
      0.0572
      0.0397
      0.0426
      0.0378
      0.0308
      0.0403
      0.0788
      0.1348
      0.1769
      0.1950
      0.2305
      0.3311
      0.4676
      0.5341
      4.8923
      4.1147
      2.4468
      1.0290
      0.3121
      0.0837
      0.0424
      0.0383
      0.0304
      0.0213
      0.0248
      0.0512
      0.0999
      0.1663
      0.2790
      0.5309
      0.9947
      1.5294
      1.7770
      5.8168
      4.8923
      2.9092
      1.2232
      0.3694
      0.0939
      0.0396
      0.0316
      0.0235
      0.0147
      0.0140
      0.0306
      0.0764
      0.1827
      0.4518
      1.0962
      2.2579
      3.5778
      4.1856
      4.8923
      4.1149
      2.4482
      1.0329
      0.3197
      0.0944
      0.0540
      0.0484
      0.0373
      0.0222
      0.0140
      0.0240
      0.0732
      0.2239
      0.6583
      1.7376
      3.7025
      5.9440
      6.9780
      2.9093
      2.4487
      1.4641
      0.6379
      0.2396
      0.1356
      0.1318
      0.1260
      0.0944
      0.0532
      0.0252
      0.0244
      0.0715
      0.2375
      0.7386
      2.0069
      4.3371
      7.0088
      8.2441
      1.2243
      1.0374
      0.6500
      0.3593
      0.2741
      0.3058
      0.3322
      0.2942
      0.2029
      0.1063
      0.0434
      0.0248
      0.0566
      0.1910
      0.6072
      1.6700
      3.6328
      5.8907
      6.9364
      0.3744
      0.3387
      0.2984
      0.3621
      0.5287
      0.6735
      0.6786
      0.5382
      0.3355
      0.1618
      0.0599
      0.0229
      0.0342
      0.1145
      0.3734
      1.0418
      2.2819
      3.7119
      4.3750
      0.1085
      0.1432
      0.2888
      0.5923
      0.9616
      1.1732
      1.0889
      0.7885
      0.4527
      0.2048
      0.0716
      0.0215
      0.0184
      0.0642
      0.2359
      0.7065
      1.5991
      2.6361
      3.1181
      0.0676
      0.1378
      0.3888
      0.8431
      1.3351
      1.5653
      1.4011
      0.9934
      0.5712
      0.2643
      0.0953
      0.0272
      0.0173
      0.0751
      0.3395
      1.1234
      2.6527
      4.4455
      5.2807
      0.0701
      0.1511
      0.4283
      0.9054
      1.4029
      1.6455
      1.5327
      1.1828
      0.7596
      0.3907
      0.1531
      0.0460
      0.0305
      0.1494
      0.7136
      2.4138
      5.7497
      9.6677
     11.4939
      0.0668
      0.1395
      0.3812
      0.7857
      1.2184
      1.4996
      1.5529
      1.3750
      0.9978
      0.5581
      0.2301
      0.0714
      0.0493
      0.2469
      1.1863
      4.0213
      9.5872
     16.1258
     19.1736
      0.0627
      0.1285
      0.3438
      0.7010
      1.0964
      1.4034
      1.5515
      1.4672
      1.1152
      0.6405
      0.2677
      0.0837
      0.0584
      0.2932
      1.4092
      4.7777
     11.3914
     19.1610
     22.7826
