      0.3353
      0.3663
      0.4276
      0.4541
      0.4074
      0.3077
      0.2099
      0.1604
      0.1738
      0.2335
      0.2994
      0.3257
      0.2898
      0.2086
      0.1210
      0.0567
      0.0219
      0.0079
      0.0045
      0.3362
      0.3632
      0.4147
      0.4316
      0.3809
      0.2837
      0.1914
      0.1456
      0.1592
      0.2175
      0.2842
      0.3159
      0.2883
      0.2137
      0.1283
      0.0625
      0.0251
      0.0092
      0.0052
      0.3427
      0.3579
      0.3819
      0.3728
      0.3124
      0.2231
      0.1458
      0.1102
      0.1251
      0.1809
      0.2513
      0.2986
      0.2936
      0.2363
      0.1553
      0.0832
      0.0367
      0.0144
      0.0083
      0.4002
      0.3942
      0.3692
      0.3148
      0.2359
      0.1547
      0.0958
      0.0734
      0.0915
      0.1474
      0.2271
      0.2997
      0.3278
      0.2941
      0.2152
      0.1285
      0.0631
      0.0275
      0.0169
      0.6664
      0.6175
      0.4925
      0.3401
      0.2057
      0.1124
      0.0627
      0.0503
      0.0723
      0.1323
      0.2278
      0.3339
      0.4034
      0.3976
      0.3188
      0.2088
      0.1139
      0.0569
      0.0389
      1.4253
      1.2859
      0.9456
      0.5694
      0.2849
      0.1244
      0.0573
      0.0441
      0.0671
      0.1308
      0.2424
      0.3829
      0.4976
      0.5271
      0.4560
      0.3266
      0.2012
      0.1199
      0.0930
      2.9234
      2.6209
      1.8888
      1.0952
      0.5144
      0.2030
      0.0797
      0.0501
      0.0668
      0.1274
      0.2443
      0.4071
      0.5622
      0.6378
      0.5999
      0.4804
      0.3469
      0.2531
      0.2206
      5.0231
      4.4981
      3.2295
      1.8595
      0.8630
      0.3329
      0.1228
      0.0648
      0.0682
      0.1154
      0.2206
      0.3853
      0.5698
      0.7050
      0.7412
      0.6862
      0.5931
      0.5171
      0.4890
      6.9823
      6.2515
      4.4866
      2.5831
      1.2020
      0.4706
      0.1819
      0.0974
      0.0844
      0.1095
      0.1883
      0.3384
      0.5445
      0.7537
      0.9062
      0.9756
      0.9811
      0.9630
      0.9533
      7.7952
      6.9805
      5.0145
      2.8993
      1.3740
      0.5781
      0.2729
      0.1822
      0.1511
      0.1422
      0.1811
      0.3058
      0.5292
      0.8192
      1.1090
      1.3365
      1.4781
      1.5471
      1.5667
      6.9823
      6.2572
      4.5124
      2.6496
      1.3324
      0.6769
      0.4485
      0.3771
      0.3164
      0.2478
      0.2228
      0.3051
      0.5304
      0.8814
      1.2858
      1.6523
      1.9197
      2.0734
      2.1226
      5.0231
      4.5147
      3.3027
      2.0422
      1.2078
      0.8581
      0.7780
      0.7314
      0.6088
      0.4371
      0.3110
      0.3205
      0.5115
      0.8689
      1.3162
      1.7477
      2.0810
      2.2822
      2.3486
      2.9234
      2.6578
      2.0473
      1.4768
      1.2043
      1.2073
      1.2794
      1.2254
      0.9929
      0.6746
      0.4166
      0.3261
      0.4412
      0.7369
      1.1369
      1.5390
      1.8596
      2.0581
      2.1245
      1.4253
      1.3523
      1.2253
      1.2219
      1.4184
      1.7043
      1.8656
      1.7483
      1.3693
      0.8919
      0.5031
      0.3110
      0.3314
      0.5235
      0.8161
      1.1266
      1.3853
      1.5516
      1.6085
      0.6664
      0.7150
      0.8978
      1.2636
      1.7618
      2.2085
      2.3813
      2.1689
      1.6520
      1.0464
      0.5593
      0.2885
      0.2258
      0.3169
      0.5010
      0.7216
      0.9271
      1.0732
      1.1264
      0.4002
      0.5120
      0.8553
      1.4095
      2.0521
      2.5609
      2.7182
      2.4432
      1.8474
      1.1658
      0.6136
      0.2849
      0.1613
      0.1833
      0.3024
      0.4856
      0.6936
      0.8649
      0.9322
      0.3427
      0.4781
      0.8781
      1.4916
      2.1744
      2.7064
      2.8833
      2.6232
      2.0210
      1.3034
      0.6971
      0.3143
      0.1446
      0.1310
      0.2349
      0.4404
      0.7101
      0.9519
      1.0505
      0.3362
      0.4741
      0.8764
      1.4848
      2.1637
      2.7162
      2.9480
      2.7520
      2.1818
      1.4466
      0.7916
      0.3588
      0.1545
      0.1263
      0.2415
      0.4934
      0.8408
      1.1605
      1.2924
      0.3353
      0.4716
      0.8678
      1.4662
      2.1391
      2.7024
      2.9649
      2.8044
      2.2528
      1.5113
      0.8348
      0.3803
      0.1622
      0.1301
      0.2534
      0.5281
      0.9105
      1.2643
      1.4105
