      0.0590
      0.0788
      0.1195
      0.1412
      0.1232
      0.0846
      0.0556
      0.0423
      0.0360
      0.0334
      0.0349
      0.0351
      0.0281
      0.0166
      0.0070
      0.0021
      0.0004
      0.0001
      0.0000
      0.0629
      0.0814
      0.1179
      0.1343
      0.1133
      0.0754
      0.0480
      0.0358
      0.0306
      0.0292
      0.0319
      0.0337
      0.0285
      0.0179
      0.0081
      0.0027
      0.0006
      0.0001
      0.0000
      0.0677
      0.0815
      0.1061
      0.1105
      0.0861
      0.0528
      0.0309
      0.0219
      0.0193
      0.0206
      0.0265
      0.0331
      0.0332
      0.0250
      0.0138
      0.0056
      0.0016
      0.0004
      0.0001
      0.0816
      0.0854
      0.0882
      0.0770
      0.0526
      0.0288
      0.0152
      0.0106
      0.0107
      0.0153
      0.0273
      0.0443
      0.0555
      0.0508
      0.0336
      0.0159
      0.0054
      0.0014
      0.0006
      0.2286
      0.2005
      0.1371
      0.0754
      0.0348
      0.0147
      0.0077
      0.0069
      0.0092
      0.0178
      0.0403
      0.0776
      0.1106
      0.1131
      0.0824
      0.0429
      0.0165
      0.0056
      0.0032
      0.9654
      0.8148
      0.4905
      0.2116
      0.0669
      0.0182
      0.0090
      0.0100
      0.0134
      0.0247
      0.0588
      0.1218
      0.1864
      0.2038
      0.1594
      0.0914
      0.0435
      0.0246
      0.0211
      3.2310
      2.7181
      1.6174
      0.6802
      0.2033
      0.0477
      0.0173
      0.0162
      0.0181
      0.0281
      0.0659
      0.1435
      0.2328
      0.2717
      0.2324
      0.1611
      0.1202
      0.1201
      0.1273
      7.6946
      6.4716
      3.8478
      1.6149
      0.4796
      0.1070
      0.0292
      0.0201
      0.0188
      0.0239
      0.0536
      0.1226
      0.2128
      0.2731
      0.2809
      0.2917
      0.3782
      0.5174
      0.5881
     12.9414
     10.8843
      6.4711
      2.7153
      0.8047
      0.1750
      0.0394
      0.0201
      0.0157
      0.0158
      0.0324
      0.0787
      0.1531
      0.2393
      0.3574
      0.6135
      1.1042
      1.6844
      1.9558
     15.3874
     12.9414
      7.6942
      3.2288
      0.9576
      0.2091
      0.0478
      0.0247
      0.0183
      0.0135
      0.0184
      0.0457
      0.1100
      0.2403
      0.5383
      1.2347
      2.4978
      3.9444
      4.6134
     12.9414
     10.8845
      6.4726
      2.7205
      0.8177
      0.1996
      0.0753
      0.0598
      0.0473
      0.0292
      0.0195
      0.0346
      0.1005
      0.2837
      0.7737
      1.9577
      4.1074
      6.5672
      7.7045
      7.6946
      6.4732
      3.8567
      1.6426
      0.5420
      0.2152
      0.1745
      0.1688
      0.1305
      0.0751
      0.0360
      0.0349
      0.0975
      0.3011
      0.8731
      2.2741
      4.8288
      7.7594
      9.1161
      3.2310
      2.7249
      1.6525
      0.7813
      0.4106
      0.3703
      0.4077
      0.3819
      0.2758
      0.1488
      0.0618
      0.0354
      0.0775
      0.2438
      0.7224
      1.8989
      4.0471
      6.5146
      7.6578
      0.9654
      0.8346
      0.5897
      0.4812
      0.5748
      0.7311
      0.7821
      0.6658
      0.4415
      0.2225
      0.0847
      0.0327
      0.0467
      0.1444
      0.4351
      1.1520
      2.4605
      3.9633
      4.6598
      0.2286
      0.2414
      0.3379
      0.5989
      0.9628
      1.2196
      1.2052
      0.9425
      0.5835
      0.2802
      0.1020
      0.0310
      0.0233
      0.0677
      0.2179
      0.6025
      1.3133
      2.1325
      2.5125
      0.0816
      0.1451
      0.3781
      0.8151
      1.3201
      1.6200
      1.5574
      1.2086
      0.7595
      0.3763
      0.1416
      0.0405
      0.0164
      0.0450
      0.1820
      0.5760
      1.3356
      2.2225
      2.6353
      0.0677
      0.1440
      0.4084
      0.8782
      1.4128
      1.7723
      1.8194
      1.5609
      1.0911
      0.5916
      0.2382
      0.0703
      0.0243
      0.0688
      0.3172
      1.0665
      2.5346
      4.2581
      5.0612
      0.0629
      0.1320
      0.3657
      0.7773
      1.2817
      1.7417
      2.0263
      1.9748
      1.5193
      0.8750
      0.3653
      0.1100
      0.0380
      0.1100
      0.5163
      1.7486
      4.1680
      7.0100
      8.3347
      0.0590
      0.1217
      0.3317
      0.7038
      1.1885
      1.7042
      2.1176
      2.1758
      1.7290
      1.0134
      0.4270
      0.1292
      0.0449
      0.1302
      0.6123
      2.0748
      4.9468
      8.3207
      9.8934
