      0.0369
      0.0481
      0.0712
      0.0836
      0.0734
      0.0525
      0.0378
      0.0332
      0.0349
      0.0436
      0.0573
      0.0635
      0.0528
      0.0317
      0.0136
      0.0042
      0.0009
      0.0001
      0.0000
      0.0388
      0.0493
      0.0702
      0.0795
      0.0676
      0.0467
      0.0326
      0.0281
      0.0300
      0.0393
      0.0545
      0.0643
      0.0576
      0.0379
      0.0182
      0.0063
      0.0016
      0.0003
      0.0001
      0.0400
      0.0481
      0.0626
      0.0653
      0.0514
      0.0326
      0.0210
      0.0176
      0.0206
      0.0326
      0.0561
      0.0816
      0.0904
      0.0739
      0.0441
      0.0190
      0.0059
      0.0013
      0.0004
      0.0389
      0.0426
      0.0476
      0.0438
      0.0309
      0.0178
      0.0108
      0.0099
      0.0159
      0.0376
      0.0872
      0.1585
      0.2107
      0.2012
      0.1371
      0.0665
      0.0228
      0.0057
      0.0019
      0.0666
      0.0610
      0.0469
      0.0305
      0.0168
      0.0090
      0.0070
      0.0097
      0.0210
      0.0609
      0.1631
      0.3302
      0.4800
      0.4957
      0.3630
      0.1883
      0.0694
      0.0191
      0.0076
      0.2371
      0.2012
      0.1233
      0.0555
      0.0200
      0.0093
      0.0106
      0.0166
      0.0320
      0.0897
      0.2521
      0.5420
      0.8355
      0.9136
      0.7080
      0.3903
      0.1567
      0.0529
      0.0286
      0.7781
      0.6549
      0.3903
      0.1653
      0.0523
      0.0194
      0.0190
      0.0258
      0.0397
      0.0991
      0.2845
      0.6435
      1.0463
      1.2080
      0.9929
      0.5924
      0.2819
      0.1467
      0.1179
      1.8495
      1.5556
      0.9253
      0.3896
      0.1200
      0.0371
      0.0268
      0.0304
      0.0374
      0.0791
      0.2292
      0.5451
      0.9372
      1.1503
      1.0250
      0.7154
      0.4988
      0.4580
      0.4728
      3.1101
      2.6158
      1.5555
      0.6543
      0.1992
      0.0550
      0.0302
      0.0291
      0.0288
      0.0475
      0.1333
      0.3343
      0.6167
      0.8315
      0.8721
      0.8610
      1.0230
      1.3425
      1.5141
      3.6978
      3.1101
      1.8496
      0.7785
      0.2380
      0.0676
      0.0391
      0.0376
      0.0324
      0.0314
      0.0629
      0.1620
      0.3379
      0.5526
      0.8004
      1.2390
      2.0664
      3.0706
      3.5477
      3.1101
      2.6160
      1.5571
      0.6603
      0.2164
      0.0926
      0.0908
      0.0996
      0.0835
      0.0542
      0.0434
      0.0845
      0.2100
      0.4534
      0.8997
      1.7856
      3.3298
      5.1069
      5.9350
      1.8495
      1.5569
      0.9327
      0.4167
      0.1928
      0.1851
      0.2513
      0.2790
      0.2265
      0.1335
      0.0660
      0.0664
      0.1675
      0.4255
      0.9648
      2.0585
      3.9326
      6.0638
      7.0525
      0.7781
      0.6595
      0.4166
      0.2514
      0.2611
      0.4076
      0.5676
      0.6012
      0.4667
      0.2621
      0.1113
      0.0637
      0.1278
      0.3391
      0.8033
      1.7439
      3.3363
      5.1348
      5.9672
      0.2371
      0.2141
      0.1918
      0.2618
      0.4724
      0.7741
      1.0116
      1.0105
      0.7508
      0.4068
      0.1615
      0.0621
      0.0778
      0.2025
      0.4946
      1.0908
      2.0935
      3.2194
      3.7393
      0.0666
      0.0869
      0.1807
      0.4131
      0.8049
      1.2667
      1.5889
      1.5518
      1.1452
      0.6222
      0.2455
      0.0757
      0.0432
      0.0974
      0.2649
      0.6476
      1.3203
      2.0840
      2.4371
      0.0389
      0.0809
      0.2442
      0.6061
      1.2057
      1.9601
      2.5843
      2.6690
      2.0776
      1.1845
      0.4860
      0.1441
      0.0429
      0.0696
      0.2601
      0.8052
      1.8502
      3.0682
      3.6347
      0.0400
      0.0905
      0.2877
      0.7527
      1.6395
      2.9845
      4.3619
      4.8664
      3.9960
      2.3647
      0.9967
      0.2985
      0.0775
      0.1112
      0.4844
      1.6238
      3.8562
      6.4765
      7.6975
      0.0388
      0.0879
      0.2897
      0.8273
      2.0312
      4.1186
      6.4780
      7.5466
      6.3510
      3.8134
      1.6222
      0.4885
      0.1257
      0.1789
      0.7945
      2.6868
      6.4036
     10.7698
     12.8049
      0.0369
      0.0838
      0.2826
      0.8482
      2.2002
      4.6453
      7.4792
      8.8200
      7.4695
      4.5002
      1.9182
      0.5783
      0.1488
      0.2119
      0.9427
      3.1903
      7.6061
     12.7936
     15.2117
