      0.0612
      0.0806
      0.1204
      0.1407
      0.1197
      0.0758
      0.0402
      0.0232
      0.0183
      0.0198
      0.0245
      0.0270
      0.0228
      0.0141
      0.0063
      0.0020
      0.0005
      0.0001
      0.0000
      0.0646
      0.0828
      0.1186
      0.1338
      0.1103
      0.0679
      0.0350
      0.0199
      0.0160
      0.0186
      0.0254
      0.0310
      0.0294
      0.0208
      0.0108
      0.0041
      0.0011
      0.0002
      0.0001
      0.0667
      0.0807
      0.1055
      0.1097
      0.0839
      0.0480
      0.0231
      0.0129
      0.0121
      0.0193
      0.0360
      0.0570
      0.0680
      0.0592
      0.0372
      0.0167
      0.0054
      0.0012
      0.0004
      0.0613
      0.0682
      0.0780
      0.0724
      0.0503
      0.0265
      0.0124
      0.0083
      0.0126
      0.0316
      0.0770
      0.1447
      0.1970
      0.1915
      0.1323
      0.0647
      0.0224
      0.0056
      0.0019
      0.0838
      0.0788
      0.0647
      0.0449
      0.0257
      0.0129
      0.0085
      0.0105
      0.0213
      0.0599
      0.1600
      0.3250
      0.4744
      0.4916
      0.3609
      0.1875
      0.0691
      0.0188
      0.0072
      0.2634
      0.2244
      0.1395
      0.0645
      0.0243
      0.0117
      0.0130
      0.0197
      0.0351
      0.0917
      0.2526
      0.5415
      0.8347
      0.9132
      0.7080
      0.3899
      0.1548
      0.0490
      0.0237
      0.8505
      0.7160
      0.4273
      0.1815
      0.0581
      0.0227
      0.0233
      0.0313
      0.0449
      0.1025
      0.2862
      0.6442
      1.0467
      1.2080
      0.9917
      0.5868
      0.2662
      0.1179
      0.0828
      2.0188
      1.6980
      1.0101
      0.4256
      0.1318
      0.0424
      0.0324
      0.0369
      0.0429
      0.0825
      0.2304
      0.5445
      0.9338
      1.1426
      1.0091
      0.6777
      0.4139
      0.3126
      0.2982
      3.3943
      2.8548
      1.6977
      0.7143
      0.2179
      0.0611
      0.0343
      0.0327
      0.0313
      0.0485
      0.1323
      0.3288
      0.6004
      0.7956
      0.8012
      0.7108
      0.7131
      0.8336
      0.9095
      4.0357
      3.3943
      2.0186
      0.8492
      0.2580
      0.0688
      0.0330
      0.0282
      0.0232
      0.0248
      0.0570
      0.1475
      0.2961
      0.4564
      0.6059
      0.8412
      1.2857
      1.8243
      2.0791
      3.3943
      2.8551
      1.6991
      0.7184
      0.2264
      0.0745
      0.0509
      0.0484
      0.0382
      0.0255
      0.0264
      0.0588
      0.1385
      0.2813
      0.5418
      1.0634
      1.9563
      2.9602
      3.4218
      2.0188
      1.6996
      1.0184
      0.4502
      0.1836
      0.1247
      0.1331
      0.1305
      0.0987
      0.0562
      0.0286
      0.0320
      0.0821
      0.2128
      0.5102
      1.1456
      2.2350
      3.4550
      4.0150
      0.8505
      0.7227
      0.4613
      0.2772
      0.2472
      0.3028
      0.3431
      0.3125
      0.2197
      0.1164
      0.0479
      0.0271
      0.0553
      0.1554
      0.4006
      0.9361
      1.8600
      2.8984
      3.3760
      0.2634
      0.2441
      0.2378
      0.3296
      0.5185
      0.6965
      0.7456
      0.6329
      0.4211
      0.2143
      0.0823
      0.0297
      0.0335
      0.0914
      0.2467
      0.5962
      1.2068
      1.8968
      2.2149
      0.0838
      0.1200
      0.2680
      0.5818
      1.0029
      1.3450
      1.4358
      1.2365
      0.8465
      0.4455
      0.1747
      0.0524
      0.0236
      0.0525
      0.1693
      0.4739
      1.0388
      1.6903
      1.9925
      0.0613
      0.1298
      0.3823
      0.8833
      1.5725
      2.2435
      2.6387
      2.5317
      1.9032
      1.0744
      0.4419
      0.1313
      0.0374
      0.0650
      0.2740
      0.8983
      2.1140
      3.5383
      4.2017
      0.0667
      0.1477
      0.4456
      1.0665
      2.0661
      3.3643
      4.5551
      4.8826
      3.9430
      2.3218
      0.9787
      0.2938
      0.0791
      0.1315
      0.5906
      1.9935
      4.7471
      7.9811
      9.4884
      0.0646
      0.1413
      0.4312
      1.1008
      2.3999
      4.4596
      6.6865
      7.6224
      6.3598
      3.8076
      1.6188
      0.4881
      0.1311
      0.2178
      0.9841
      3.3313
      7.9418
     13.3581
     15.8827
      0.0612
      0.1329
      0.4100
      1.0899
      2.5221
      4.9444
      7.6710
      8.9031
      7.4931
      4.5046
      1.9190
      0.5792
      0.1556
      0.2586
      1.1692
      3.9589
      9.4388
     15.8767
     18.8775
