      0.0000
      0.0000
      0.0000
      0.0000
      0.0000
      0.0000
      0.0000
      0.0000
      0.0000
      0.0000
      0.0000
      0.0000
      0.0000
      0.0000
      0.0000
      0.0000
      0.0000
      0.0000
      0.0000
      0.0000
      0.0000
      0.0000
      0.0000
      0.0000
      0.0000
      0.0000
      0.0000
      0.0000
      0.0000
      0.0000
      0.0000
      0.0000
      0.0000
      0.0000
      0.0000
      0.0000
      0.0000
      0.0000
      0.0000
      0.0000
      0.0000
      0.0000
      0.0000
      0.0000
      0.0000
      0.0000
      0.0000
      0.0000
      0.0000
      0.0000
      0.0000
      0.0000
      0.0000
      0.0000
      0.0000
      0.0000
      0.0000
      0.0000
      0.0000
      0.0000
      0.0000
      0.0000
      0.0000
      0.0000
      0.0000
      0.0000
      0.0000
      0.0000
      0.0000
      0.0000
      0.0000
      0.0000
      0.0000
      0.0000
      0.0000
      0.0000
      0.0000
      0.0000
      0.0000
      0.0000
      0.0000
      0.0000
      0.0000
      0.0000
      0.0000
      0.0000
      0.0000
      0.0000
      0.0002
      0.0002
      0.0001
      0.0000
      0.0000
      0.0000
      0.0000
      0.0007
      0.0004
      0.0000
      0.0000
      0.0000
      0.0000
      0.0000
      0.0000
      0.0000
      0.0000
      0.0000
      0.0004
      0.0021
      0.0030
      0.0011
      0.0001
      0.0000
      0.0000
      0.0000
      0.0977
      0.0489
      0.0061
      0.0002
      0.0000
      0.0000
      0.0000
      0.0000
      0.0000
      0.0000
      0.0000
      0.0007
      0.0053
      0.0093
      0.0041
      0.0004
      0.0000
      0.0000
      0.0000
      3.1686
      1.5843
      0.1975
      0.0061
      0.0000
      0.0000
      0.0000
      0.0000
      0.0000
      0.0000
      0.0000
      0.0004
      0.0033
      0.0071
      0.0038
      0.0005
      0.0001
      0.0005
      0.0010
     25.4163
     12.7081
      1.5843
      0.0489
      0.0004
      0.0000
      0.0000
      0.0000
      0.0000
      0.0000
      0.0000
      0.0000
      0.0005
      0.0013
      0.0009
      0.0004
      0.0079
      0.0631
      0.1262
     50.8326
     25.4163
      3.1686
      0.0977
      0.0007
      0.0000
      0.0000
      0.0000
      0.0000
      0.0000
      0.0000
      0.0000
      0.0000
      0.0002
      0.0010
      0.0091
      0.2557
      2.0469
      4.0936
     25.4163
     12.7081
      1.5843
      0.0489
      0.0004
      0.0000
      0.0000
      0.0000
      0.0000
      0.0000
      0.0000
      0.0000
      0.0001
      0.0015
      0.0094
      0.0761
      2.0519
     16.4183
     32.8351
      3.1686
      1.5843
      0.1975
      0.0061
      0.0000
      0.0001
      0.0009
      0.0018
      0.0008
      0.0001
      0.0000
      0.0000
      0.0001
      0.0032
      0.0225
      0.1627
      4.1092
     32.8369
     65.6701
      0.0977
      0.0489
      0.0061
      0.0002
      0.0001
      0.0028
      0.0183
      0.0306
      0.0128
      0.0013
      0.0000
      0.0000
      0.0001
      0.0017
      0.0136
      0.0889
      2.0595
     16.4191
     32.8350
      0.0007
      0.0004
      0.0001
      0.0004
      0.0037
      0.0206
      0.0918
      0.1327
      0.0491
      0.0045
      0.0001
      0.0000
      0.0000
      0.0002
      0.0020
      0.0124
      0.2578
      2.0471
      4.0936
      0.0000
      0.0000
      0.0003
      0.0080
      0.0504
      0.0969
      0.1388
      0.1464
      0.0472
      0.0038
      0.0001
      0.0000
      0.0000
      0.0000
      0.0001
      0.0004
      0.0082
      0.0644
      0.1288
      0.0000
      0.0000
      0.0017
      0.0371
      0.1971
      0.2704
      0.1420
      0.0937
      0.0371
      0.0043
      0.0001
      0.0000
      0.0000
      0.0000
      0.0000
      0.0007
      0.0216
      0.1735
      0.3470
      0.0000
      0.0000
      0.0023
      0.0429
      0.1982
      0.3072
      0.7872
      1.5590
      0.8357
      0.1121
      0.0037
      0.0000
      0.0000
      0.0000
      0.0002
      0.0216
      0.6996
      5.6115
     11.2230
      0.0000
      0.0000
      0.0008
      0.0126
      0.0679
      0.7177
      5.7958
     12.4492
      6.6978
      0.8988
      0.0299
      0.0002
      0.0000
      0.0000
      0.0013
      0.1730
      5.6115
     45.0111
     90.0221
      0.0000
      0.0000
      0.0001
      0.0021
      0.0444
      1.3449
     11.5693
     24.8969
     13.3955
      1.7976
      0.0597
      0.0005
      0.0000
      0.0000
      0.0026
      0.3461
     11.2230
     90.0221
    180.0443
