      0.0323
      0.0344
      0.0395
      0.0450
      0.0505
      0.0586
      0.0742
      0.1030
      0.1504
      0.2124
      0.2681
      0.2864
      0.2517
      0.1794
      0.1033
      0.0482
      0.0190
      0.0075
      0.0048
      0.0393
      0.0406
      0.0435
      0.0463
      0.0491
      0.0550
      0.0683
      0.0945
      0.1384
      0.1969
      0.2511
      0.2721
      0.2434
      0.1773
      0.1047
      0.0503
      0.0203
      0.0080
      0.0050
      0.0807
      0.0773
      0.0683
      0.0576
      0.0496
      0.0481
      0.0562
      0.0767
      0.1126
      0.1622
      0.2122
      0.2392
      0.2254
      0.1748
      0.1109
      0.0576
      0.0249
      0.0100
      0.0060
      0.2485
      0.2265
      0.1729
      0.1139
      0.0708
      0.0510
      0.0516
      0.0672
      0.0949
      0.1338
      0.1778
      0.2112
      0.2150
      0.1829
      0.1283
      0.0739
      0.0353
      0.0154
      0.0096
      0.7831
      0.7040
      0.5126
      0.3060
      0.1581
      0.0864
      0.0699
      0.0805
      0.1013
      0.1292
      0.1663
      0.2053
      0.2264
      0.2119
      0.1643
      0.1050
      0.0567
      0.0289
      0.0204
      2.0983
      1.8804
      1.3545
      0.7892
      0.3851
      0.1834
      0.1206
      0.1181
      0.1290
      0.1440
      0.1729
      0.2168
      0.2550
      0.2589
      0.2194
      0.1562
      0.0983
      0.0629
      0.0517
      4.5533
      4.0778
      2.9304
      1.6969
      0.8117
      0.3595
      0.1998
      0.1651
      0.1586
      0.1578
      0.1771
      0.2250
      0.2813
      0.3095
      0.2897
      0.2362
      0.1814
      0.1470
      0.1363
      7.9236
      7.0951
      5.0955
      2.9443
      1.3946
      0.5900
      0.2873
      0.2019
      0.1721
      0.1553
      0.1659
      0.2181
      0.2962
      0.3618
      0.3859
      0.3726
      0.3495
      0.3366
      0.3337
     11.0446
      9.8894
      7.1014
      4.1002
      1.9335
      0.7992
      0.3600
      0.2254
      0.1748
      0.1454
      0.1495
      0.2080
      0.3154
      0.4383
      0.5393
      0.6066
      0.6534
      0.6893
      0.7043
     12.3365
     11.0466
      7.9342
      4.5852
      2.1697
      0.9075
      0.4193
      0.2675
      0.2046
      0.1608
      0.1534
      0.2154
      0.3573
      0.5542
      0.7599
      0.9404
      1.0868
      1.1918
      1.2319
     11.0446
      9.8918
      7.1126
      4.1313
      1.9986
      0.9084
      0.5076
      0.3863
      0.3142
      0.2382
      0.1966
      0.2441
      0.4090
      0.6734
      0.9820
      1.2765
      1.5227
      1.6949
      1.7587
      7.9236
      7.1012
      5.1253
      3.0276
      1.5698
      0.8819
      0.6773
      0.6195
      0.5267
      0.3864
      0.2754
      0.2759
      0.4287
      0.7192
      1.0850
      1.4509
      1.7610
      1.9749
      2.0528
      4.5533
      4.0896
      2.9875
      1.8561
      1.1444
      0.9081
      0.9229
      0.9269
      0.7941
      0.5644
      0.3603
      0.2872
      0.3880
      0.6461
      1.0017
      1.3786
      1.7109
      1.9438
      2.0289
      2.0983
      1.8983
      1.4403
      1.0261
      0.8740
      0.9787
      1.1538
      1.1903
      1.0094
      0.6980
      0.4130
      0.2690
      0.3020
      0.4947
      0.8050
      1.1786
      1.5495
      1.8329
      1.9407
      0.7831
      0.7260
      0.6174
      0.5917
      0.7395
      1.0189
      1.2651
      1.3045
      1.0920
      0.7400
      0.4171
      0.2332
      0.2173
      0.3636
      0.6706
      1.1298
      1.6737
      2.1390
      2.3253
      0.2485
      0.2494
      0.2812
      0.4062
      0.6595
      0.9869
      1.2419
      1.2772
      1.0638
      0.7162
      0.3954
      0.2038
      0.1742
      0.3329
      0.7457
      1.4717
      2.4269
      3.2918
      3.6465
      0.0807
      0.0985
      0.1687
      0.3280
      0.5942
      0.9161
      1.1651
      1.2085
      1.0168
      0.6922
      0.3850
      0.1975
      0.1799
      0.4069
      1.0297
      2.1868
      3.7598
      5.2082
      5.8063
      0.0393
      0.0598
      0.1340
      0.2917
      0.5485
      0.8611
      1.1128
      1.1741
      1.0060
      0.6978
      0.3954
      0.2085
      0.2086
      0.5151
      1.3553
      2.9353
      5.0999
      7.1012
      7.9289
      0.0323
      0.0526
      0.1259
      0.2804
      0.5326
      0.8430
      1.0986
      1.1692
      1.0106
      0.7071
      0.4041
      0.2162
      0.2238
      0.5653
      1.4986
      3.2569
      5.6692
      7.9011
      8.8244
