      0.0373
      0.0485
      0.0715
      0.0834
      0.0719
      0.0482
      0.0305
      0.0257
      0.0338
      0.0555
      0.0834
      0.0963
      0.0807
      0.0483
      0.0205
      0.0062
      0.0013
      0.0002
      0.0001
      0.0393
      0.0498
      0.0706
      0.0795
      0.0663
      0.0430
      0.0264
      0.0219
      0.0292
      0.0498
      0.0780
      0.0948
      0.0844
      0.0545
      0.0255
      0.0086
      0.0021
      0.0004
      0.0001
      0.0428
      0.0506
      0.0643
      0.0660
      0.0508
      0.0304
      0.0171
      0.0137
      0.0200
      0.0399
      0.0737
      0.1065
      0.1149
      0.0911
      0.0528
      0.0222
      0.0067
      0.0015
      0.0005
      0.0640
      0.0638
      0.0604
      0.0492
      0.0322
      0.0169
      0.0085
      0.0071
      0.0146
      0.0413
      0.0996
      0.1800
      0.2362
      0.2230
      0.1506
      0.0724
      0.0247
      0.0061
      0.0021
      0.2389
      0.2059
      0.1333
      0.0668
      0.0271
      0.0096
      0.0040
      0.0047
      0.0165
      0.0614
      0.1743
      0.3560
      0.5170
      0.5329
      0.3894
      0.2016
      0.0740
      0.0200
      0.0076
      1.0705
      0.9021
      0.5401
      0.2301
      0.0703
      0.0161
      0.0042
      0.0053
      0.0213
      0.0866
      0.2648
      0.5778
      0.8925
      0.9758
      0.7559
      0.4156
      0.1645
      0.0517
      0.0248
      3.6033
      3.0309
      1.8028
      0.7570
      0.2241
      0.0476
      0.0093
      0.0067
      0.0223
      0.0923
      0.2973
      0.6848
      1.1166
      1.2897
      1.0587
      0.6254
      0.2821
      0.1239
      0.0867
      8.5854
      7.2207
      4.2929
      1.8008
      0.5319
      0.1117
      0.0195
      0.0079
      0.0178
      0.0710
      0.2390
      0.5812
      1.0031
      1.2327
      1.0927
      0.7337
      0.4439
      0.3318
      0.3161
     14.4402
     12.1448
      7.2202
      3.0287
      0.8948
      0.1886
      0.0339
      0.0125
      0.0150
      0.0422
      0.1400
      0.3606
      0.6711
      0.9081
      0.9320
      0.8245
      0.7976
      0.9047
      0.9797
     17.1695
     14.4402
      8.5852
      3.6026
      1.0689
      0.2363
      0.0610
      0.0396
      0.0344
      0.0349
      0.0706
      0.1843
      0.3919
      0.6418
      0.8651
      1.1100
      1.5172
      2.0280
      2.2773
     14.4402
     12.1451
      7.2224
      3.0382
      0.9245
      0.2569
      0.1471
      0.1464
      0.1230
      0.0793
      0.0594
      0.1104
      0.2760
      0.5739
      0.9899
      1.5694
      2.4193
      3.3678
      3.8111
      8.5854
      7.2222
      4.3025
      1.8383
      0.6401
      0.3440
      0.3855
      0.4237
      0.3459
      0.2042
      0.0999
      0.0976
      0.2397
      0.5634
      1.0777
      1.8219
      2.8767
      4.0182
      4.5456
      3.6033
      3.0362
      1.8338
      0.8658
      0.5070
      0.6059
      0.8337
      0.8982
      0.7050
      0.3979
      0.1691
      0.0965
      0.1875
      0.4553
      0.9072
      1.5633
      2.4657
      3.4206
      3.8581
      1.0705
      0.9160
      0.6165
      0.4730
      0.6381
      1.0367
      1.4061
      1.4440
      1.0888
      0.5934
      0.2358
      0.0915
      0.1139
      0.2706
      0.5539
      0.9667
      1.5186
      2.0888
      2.3475
      0.2389
      0.2332
      0.2768
      0.4930
      0.9490
      1.5556
      2.0251
      2.0212
      1.5032
      0.8155
      0.3198
      0.0990
      0.0587
      0.1171
      0.2469
      0.4466
      0.7165
      0.9928
      1.1172
      0.0640
      0.1033
      0.2663
      0.6527
      1.3315
      2.2253
      2.9857
      3.1017
      2.4093
      1.3652
      0.5560
      0.1637
      0.0453
      0.0437
      0.0998
      0.2193
      0.4139
      0.6278
      0.7257
      0.0428
      0.0940
      0.2975
      0.7900
      1.7532
      3.2352
      4.7574
      5.3120
      4.3542
      2.5699
      1.0802
      0.3215
      0.0711
      0.0297
      0.0795
      0.2414
      0.5515
      0.9123
      1.0799
      0.0393
      0.0894
      0.2979
      0.8641
      2.1506
      4.3960
      6.9371
      8.0875
      6.8041
      4.0828
      1.7355
      0.5202
      0.1125
      0.0388
      0.1097
      0.3629
      0.8613
      1.4463
      1.7188
      0.0373
      0.0851
      0.2908
      0.8863
      2.3266
      4.9445
      7.9824
      9.4209
      7.9788
      4.8060
      2.0479
      0.6147
      0.1329
      0.0450
      0.1281
      0.4272
      1.0176
      1.7111
      2.0343
