      0.4242
      0.4230
      0.4156
      0.3942
      0.3568
      0.3122
      0.2765
      0.2644
      0.2815
      0.3196
      0.3588
      0.3747
      0.3516
      0.2916
      0.2128
      0.1381
      0.0829
      0.0517
      0.0419
      0.4264
      0.4235
      0.4116
      0.3850
      0.3439
      0.2980
      0.2635
      0.2550
      0.2784
      0.3261
      0.3778
      0.4069
      0.3936
      0.3363
      0.2525
      0.1677
      0.1019
      0.0628
      0.0503
      0.4555
      0.4461
      0.4176
      0.3721
      0.3167
      0.2648
      0.2325
      0.2336
      0.2745
      0.3497
      0.4380
      0.5060
      0.5222
      0.4739
      0.3761
      0.2616
      0.1632
      0.1003
      0.0791
      0.5808
      0.5561
      0.4892
      0.3988
      0.3079
      0.2375
      0.2029
      0.2150
      0.2801
      0.3952
      0.5387
      0.6682
      0.7333
      0.7034
      0.5867
      0.4266
      0.2759
      0.1736
      0.1381
      0.9118
      0.8567
      0.7126
      0.5303
      0.3634
      0.2472
      0.1953
      0.2113
      0.2978
      0.4538
      0.6592
      0.8622
      0.9917
      0.9931
      0.8631
      0.6537
      0.4415
      0.2911
      0.2375
      1.5533
      1.4461
      1.1690
      0.8264
      0.5227
      0.3172
      0.2211
      0.2236
      0.3173
      0.5004
      0.7551
      1.0255
      1.2234
      1.2704
      1.1469
      0.9069
      0.6464
      0.4543
      0.3848
      2.5139
      2.3330
      1.8666
      1.2938
      0.7899
      0.4486
      0.2774
      0.2442
      0.3234
      0.5070
      0.7804
      1.0909
      1.3444
      1.4469
      1.3614
      1.1336
      0.8650
      0.6590
      0.5830
      3.6197
      3.3560
      2.6768
      1.8440
      1.1117
      0.6122
      0.3489
      0.2646
      0.3097
      0.4650
      0.7187
      1.0287
      1.3104
      1.4684
      1.4529
      1.2920
      1.0738
      0.8971
      0.8304
      4.5269
      4.1965
      3.3460
      2.3036
      1.3869
      0.7587
      0.4181
      0.2853
      0.2879
      0.3948
      0.5968
      0.8679
      1.1451
      1.3474
      1.4210
      1.3716
      1.2577
      1.1532
      1.1121
      4.8800
      4.5255
      3.6135
      2.4975
      1.5184
      0.8479
      0.4796
      0.3204
      0.2851
      0.3359
      0.4683
      0.6749
      0.9202
      1.1473
      1.3067
      1.3839
      1.4002
      1.3915
      1.3854
      4.5269
      4.2029
      3.3712
      2.3585
      1.4769
      0.8792
      0.5504
      0.3960
      0.3323
      0.3259
      0.3822
      0.5122
      0.7071
      0.9344
      1.1539
      1.3367
      1.4704
      1.5519
      1.5794
      3.6197
      3.3712
      2.7372
      1.9753
      1.3270
      0.9008
      0.6687
      0.5430
      0.4551
      0.3878
      0.3632
      0.4110
      0.5425
      0.7439
      0.9839
      1.2260
      1.4345
      1.5768
      1.6276
      2.5139
      2.3612
      1.9783
      1.5371
      1.1895
      0.9862
      0.8801
      0.7915
      0.6728
      0.5327
      0.4172
      0.3749
      0.4315
      0.5836
      0.8053
      1.0569
      1.2912
      1.4587
      1.5198
      1.5533
      1.4914
      1.3490
      1.2198
      1.1721
      1.1973
      1.2224
      1.1678
      1.0051
      0.7728
      0.5478
      0.4013
      0.3711
      0.4579
      0.6370
      0.8674
      1.0965
      1.2665
      1.3295
      0.9118
      0.9218
      0.9727
      1.1027
      1.3169
      1.5548
      1.7091
      1.6869
      1.4687
      1.1225
      0.7631
      0.4925
      0.3633
      0.3790
      0.5125
      0.7197
      0.9428
      1.1153
      1.1803
      0.5808
      0.6413
      0.8316
      1.1597
      1.5912
      2.0236
      2.3092
      2.3257
      2.0491
      1.5735
      1.0580
      0.6448
      0.4083
      0.3564
      0.4579
      0.6621
      0.9007
      1.0925
      1.1661
      0.4555
      0.5485
      0.8324
      1.3034
      1.9076
      2.5113
      2.9252
      2.9880
      2.6610
      2.0587
      1.3853
      0.8282
      0.4883
      0.3802
      0.4682
      0.6919
      0.9685
      1.1965
      1.2849
      0.4264
      0.5377
      0.8763
      1.4370
      2.1582
      2.8866
      3.4005
      3.5045
      3.1439
      2.4461
      1.6509
      0.9825
      0.5650
      0.4190
      0.5054
      0.7553
      1.0724
      1.3366
      1.4396
      0.4242
      0.5414
      0.8983
      1.4900
      2.2534
      3.0284
      3.5808
      3.7016
      3.3291
      2.5956
      1.7540
      1.0433
      0.5966
      0.4372
      0.5245
      0.7863
      1.1207
      1.4001
      1.5091
