      0.0000
      0.0000
      0.0000
      0.0000
      0.0000
      0.0000
      0.0000
      0.0000
      0.0000
      0.0000
      0.0000
      0.0000
      0.0000
      0.0000
      0.0000
      0.0000
      0.0000
      0.0000
      0.0000
      0.0000
      0.0000
      0.0000
      0.0000
      0.0000
      0.0000
      0.0000
      0.0000
      0.0000
      0.0000
      0.0000
      0.0000
      0.0000
      0.0000
      0.0000
      0.0000
      0.0000
      0.0000
      0.0000
      0.0000
      0.0000
      0.0000
      0.0000
      0.0000
      0.0000
      0.0000
      0.0000
      0.0000
      0.0000
      0.0000
      0.0000
      0.0000
      0.0000
      0.0000
      0.0000
      0.0000
      0.0000
      0.0000
      0.0000
      0.0000
      0.0000
      0.0000
      0.0000
      0.0000
      0.0000
      0.0000
      0.0000
      0.0000
      0.0000
      0.0000
      0.0000
      0.0000
      0.0000
      0.0000
      0.0000
      0.0000
      0.0000
      0.0000
      0.0000
      0.0000
      0.0000
      0.0000
      0.0000
      0.0000
      0.0000
      0.0000
      0.0000
      0.0000
      0.0001
      0.0003
      0.0004
      0.0001
      0.0000
      0.0000
      0.0000
      0.0000
      0.0011
      0.0005
      0.0001
      0.0000
      0.0000
      0.0000
      0.0000
      0.0000
      0.0000
      0.0000
      0.0000
      0.0005
      0.0031
      0.0045
      0.0016
      0.0001
      0.0000
      0.0000
      0.0000
      0.1424
      0.0712
      0.0089
      0.0003
      0.0000
      0.0000
      0.0000
      0.0000
      0.0000
      0.0000
      0.0000
      0.0011
      0.0078
      0.0137
      0.0060
      0.0007
      0.0000
      0.0000
      0.0000
      4.6177
      2.3088
      0.2878
      0.0089
      0.0001
      0.0000
      0.0000
      0.0000
      0.0000
      0.0000
      0.0000
      0.0006
      0.0048
      0.0104
      0.0056
      0.0008
      0.0001
      0.0002
      0.0004
     37.0391
     18.5195
      2.3088
      0.0712
      0.0005
      0.0000
      0.0000
      0.0000
      0.0000
      0.0000
      0.0000
      0.0001
      0.0007
      0.0020
      0.0016
      0.0006
      0.0034
      0.0265
      0.0531
     74.0781
     37.0391
      4.6177
      0.1424
      0.0011
      0.0000
      0.0000
      0.0000
      0.0000
      0.0000
      0.0000
      0.0000
      0.0001
      0.0021
      0.0099
      0.0156
      0.1112
      0.8605
      1.7202
     37.0391
     18.5195
      2.3088
      0.0712
      0.0005
      0.0000
      0.0001
      0.0003
      0.0001
      0.0000
      0.0000
      0.0000
      0.0007
      0.0165
      0.0958
      0.1653
      0.9108
      6.9039
     13.7983
      4.6177
      2.3088
      0.2878
      0.0089
      0.0001
      0.0013
      0.0099
      0.0189
      0.0090
      0.0011
      0.0000
      0.0000
      0.0013
      0.0343
      0.2329
      0.4461
      1.8865
     13.8158
     27.5970
      0.1424
      0.0712
      0.0089
      0.0003
      0.0011
      0.0293
      0.1964
      0.3296
      0.1383
      0.0145
      0.0004
      0.0000
      0.0006
      0.0179
      0.1415
      0.3048
      0.9972
      6.9159
     13.7990
      0.0011
      0.0005
      0.0001
      0.0004
      0.0093
      0.1667
      0.9651
      1.4281
      0.5292
      0.0488
      0.0011
      0.0000
      0.0001
      0.0023
      0.0215
      0.0525
      0.1355
      0.8641
      1.7205
      0.0000
      0.0000
      0.0003
      0.0068
      0.0516
      0.2880
      1.2041
      1.5479
      0.5062
      0.0413
      0.0008
      0.0000
      0.0000
      0.0001
      0.0008
      0.0023
      0.0048
      0.0275
      0.0546
      0.0000
      0.0000
      0.0014
      0.0308
      0.1675
      0.2980
      0.4654
      0.4942
      0.1589
      0.0138
      0.0003
      0.0000
      0.0000
      0.0000
      0.0000
      0.0004
      0.0124
      0.0990
      0.1981
      0.0000
      0.0000
      0.0019
      0.0356
      0.1664
      0.3149
      1.1426
      2.3183
      1.2375
      0.1655
      0.0055
      0.0000
      0.0000
      0.0000
      0.0001
      0.0123
      0.3995
      3.2047
      6.4095
      0.0000
      0.0000
      0.0007
      0.0105
      0.0687
      1.0268
      8.5321
     18.3417
      9.8681
      1.3242
      0.0440
      0.0004
      0.0000
      0.0000
      0.0007
      0.0988
      3.2047
     25.7058
     51.4116
      0.0000
      0.0000
      0.0001
      0.0019
      0.0615
      1.9782
     17.0447
     36.6813
     19.7360
      2.6484
      0.0880
      0.0007
      0.0000
      0.0000
      0.0015
      0.1977
      6.4095
     51.4116
    102.8233
