      0.0000
      0.0000
      0.0000
      0.0000
      0.0000
      0.0000
      0.0000
      0.0000
      0.0000
      0.0000
      0.0000
      0.0000
      0.0000
      0.0000
      0.0000
      0.0000
      0.0000
      0.0000
      0.0000
      0.0000
      0.0000
      0.0000
      0.0000
      0.0000
      0.0000
      0.0000
      0.0000
      0.0000
      0.0000
      0.0000
      0.0000
      0.0000
      0.0000
      0.0000
      0.0000
      0.0000
      0.0000
      0.0000
      0.0000
      0.0000
      0.0000
      0.0000
      0.0000
      0.0000
      0.0000
      0.0000
      0.0000
      0.0000
      0.0000
      0.0000
      0.0000
      0.0000
      0.0000
      0.0000
      0.0000
      0.0000
      0.0000
      0.0000
      0.0000
      0.0000
      0.0000
      0.0000
      0.0000
      0.0000
      0.0000
      0.0000
      0.0000
      0.0000
      0.0000
      0.0000
      0.0000
      0.0000
      0.0000
      0.0000
      0.0000
      0.0000
      0.0000
      0.0000
      0.0000
      0.0000
      0.0000
      0.0000
      0.0000
      0.0000
      0.0000
      0.0000
      0.0000
      0.0001
      0.0005
      0.0006
      0.0002
      0.0000
      0.0000
      0.0000
      0.0000
      0.0013
      0.0007
      0.0001
      0.0000
      0.0000
      0.0000
      0.0000
      0.0000
      0.0000
      0.0000
      0.0000
      0.0009
      0.0052
      0.0075
      0.0027
      0.0002
      0.0000
      0.0000
      0.0000
      0.1733
      0.0867
      0.0108
      0.0003
      0.0000
      0.0000
      0.0000
      0.0000
      0.0000
      0.0000
      0.0001
      0.0018
      0.0130
      0.0229
      0.0101
      0.0011
      0.0000
      0.0000
      0.0000
      5.6208
      2.8104
      0.3504
      0.0108
      0.0001
      0.0000
      0.0000
      0.0000
      0.0000
      0.0000
      0.0000
      0.0009
      0.0081
      0.0174
      0.0094
      0.0013
      0.0001
      0.0002
      0.0004
     45.0854
     22.5427
      2.8104
      0.0867
      0.0007
      0.0000
      0.0000
      0.0000
      0.0000
      0.0000
      0.0000
      0.0001
      0.0013
      0.0034
      0.0024
      0.0007
      0.0034
      0.0269
      0.0538
     90.1708
     45.0854
      5.6208
      0.1733
      0.0013
      0.0000
      0.0000
      0.0000
      0.0000
      0.0000
      0.0000
      0.0000
      0.0001
      0.0016
      0.0072
      0.0122
      0.1117
      0.8729
      1.7451
     45.0854
     22.5427
      2.8104
      0.0867
      0.0007
      0.0000
      0.0001
      0.0002
      0.0001
      0.0000
      0.0000
      0.0000
      0.0005
      0.0118
      0.0689
      0.1267
      0.9092
      7.0025
     13.9978
      5.6208
      2.8104
      0.3504
      0.0108
      0.0001
      0.0009
      0.0071
      0.0136
      0.0065
      0.0008
      0.0000
      0.0000
      0.0009
      0.0247
      0.1675
      0.3362
      1.8647
     14.0104
     27.9958
      0.1733
      0.0867
      0.0108
      0.0003
      0.0008
      0.0211
      0.1411
      0.2368
      0.0994
      0.0104
      0.0003
      0.0000
      0.0004
      0.0129
      0.1017
      0.2269
      0.9710
      7.0109
     13.9982
      0.0013
      0.0007
      0.0001
      0.0005
      0.0084
      0.1228
      0.6948
      1.0263
      0.3802
      0.0351
      0.0008
      0.0000
      0.0000
      0.0017
      0.0154
      0.0387
      0.1291
      0.8754
      1.7453
      0.0000
      0.0000
      0.0004
      0.0093
      0.0645
      0.2492
      0.8816
      1.1143
      0.3640
      0.0297
      0.0006
      0.0000
      0.0000
      0.0001
      0.0006
      0.0017
      0.0044
      0.0274
      0.0545
      0.0000
      0.0000
      0.0020
      0.0427
      0.2297
      0.3625
      0.4136
      0.4264
      0.1505
      0.0148
      0.0004
      0.0000
      0.0000
      0.0000
      0.0000
      0.0002
      0.0055
      0.0437
      0.0875
      0.0000
      0.0000
      0.0027
      0.0495
      0.2317
      0.4677
      1.8709
      3.8519
      2.0641
      0.2766
      0.0092
      0.0001
      0.0000
      0.0000
      0.0000
      0.0054
      0.1760
      1.4120
      2.8239
      0.0000
      0.0000
      0.0009
      0.0146
      0.1034
      1.7069
     14.2753
     30.6944
     16.5143
      2.2161
      0.0736
      0.0006
      0.0000
      0.0000
      0.0003
      0.0435
      1.4120
     11.3256
     22.6512
      0.0000
      0.0000
      0.0002
      0.0027
      0.1015
      3.3094
     28.5242
     61.3865
     33.0284
      4.4321
      0.1472
      0.0012
      0.0000
      0.0000
      0.0007
      0.0871
      2.8239
     22.6512
     45.3023
