      0.0010
      0.0025
      0.0062
      0.0084
      0.0061
      0.0025
      0.0006
      0.0003
      0.0010
      0.0039
      0.0095
      0.0127
      0.0093
      0.0036
      0.0008
      0.0001
      0.0000
      0.0000
      0.0000
      0.0015
      0.0032
      0.0071
      0.0088
      0.0059
      0.0022
      0.0005
      0.0002
      0.0007
      0.0032
      0.0084
      0.0122
      0.0097
      0.0042
      0.0010
      0.0001
      0.0000
      0.0000
      0.0000
      0.0019
      0.0037
      0.0070
      0.0075
      0.0044
      0.0014
      0.0003
      0.0001
      0.0004
      0.0018
      0.0055
      0.0098
      0.0098
      0.0056
      0.0019
      0.0004
      0.0000
      0.0000
      0.0000
      0.0015
      0.0025
      0.0041
      0.0039
      0.0020
      0.0005
      0.0001
      0.0000
      0.0001
      0.0010
      0.0049
      0.0138
      0.0220
      0.0199
      0.0100
      0.0028
      0.0004
      0.0000
      0.0000
      0.0011
      0.0013
      0.0015
      0.0011
      0.0005
      0.0001
      0.0000
      0.0000
      0.0002
      0.0020
      0.0132
      0.0479
      0.0944
      0.1007
      0.0581
      0.0181
      0.0030
      0.0003
      0.0000
      0.0086
      0.0064
      0.0027
      0.0007
      0.0001
      0.0000
      0.0001
      0.0002
      0.0005
      0.0040
      0.0296
      0.1193
      0.2593
      0.3044
      0.1930
      0.0660
      0.0122
      0.0013
      0.0002
      0.0745
      0.0548
      0.0217
      0.0046
      0.0005
      0.0001
      0.0003
      0.0005
      0.0007
      0.0047
      0.0368
      0.1629
      0.3882
      0.4993
      0.3471
      0.1305
      0.0272
      0.0049
      0.0031
      0.3493
      0.2567
      0.1018
      0.0217
      0.0025
      0.0003
      0.0005
      0.0007
      0.0007
      0.0029
      0.0248
      0.1204
      0.3148
      0.4450
      0.3419
      0.1467
      0.0476
      0.0383
      0.0461
      0.8810
      0.6475
      0.2567
      0.0547
      0.0063
      0.0006
      0.0006
      0.0007
      0.0005
      0.0011
      0.0091
      0.0489
      0.1437
      0.2353
      0.2255
      0.1554
      0.1678
      0.3051
      0.3992
      1.1987
      0.8810
      0.3493
      0.0745
      0.0087
      0.0015
      0.0027
      0.0039
      0.0031
      0.0015
      0.0024
      0.0144
      0.0615
      0.1669
      0.2939
      0.4034
      0.7149
      1.4200
      1.8680
      0.8810
      0.6475
      0.2568
      0.0550
      0.0089
      0.0129
      0.0325
      0.0456
      0.0346
      0.0142
      0.0040
      0.0108
      0.0743
      0.2949
      0.6681
      1.0459
      1.8538
      3.5989
      4.7133
      0.3493
      0.2568
      0.1020
      0.0245
      0.0238
      0.0941
      0.2288
      0.3030
      0.2175
      0.0843
      0.0183
      0.0132
      0.0911
      0.3980
      0.9715
      1.5708
      2.6572
      4.9525
      6.4326
      0.0745
      0.0549
      0.0236
      0.0208
      0.1000
      0.3874
      0.8710
      1.0833
      0.7337
      0.2687
      0.0534
      0.0128
      0.0637
      0.2973
      0.7733
      1.2919
      2.0889
      3.7054
      4.7568
      0.0086
      0.0074
      0.0130
      0.0651
      0.2869
      0.9105
      1.8250
      2.1050
      1.3409
      0.4640
      0.0866
      0.0112
      0.0244
      0.1201
      0.3331
      0.5790
      0.9048
      1.5230
      1.9269
      0.0011
      0.0049
      0.0373
      0.1780
      0.5662
      1.3349
      2.2391
      2.3480
      1.4093
      0.4660
      0.0835
      0.0085
      0.0053
      0.0262
      0.0798
      0.1628
      0.3190
      0.6055
      0.7837
      0.0015
      0.0102
      0.0756
      0.3155
      0.8141
      1.5310
      2.2741
      2.3684
      1.4992
      0.5382
      0.1067
      0.0116
      0.0012
      0.0044
      0.0327
      0.2208
      0.9776
      2.4374
      3.3104
      0.0019
      0.0125
      0.0866
      0.3451
      0.9294
      2.1525
      4.1733
      5.3250
      3.8993
      1.5688
      0.3417
      0.0399
      0.0027
      0.0068
      0.1090
      0.9520
      4.4618
     11.2501
     15.3067
      0.0015
      0.0089
      0.0594
      0.2629
      1.0375
      3.7084
      8.9436
     12.3458
      9.3290
      3.8156
      0.8400
      0.0989
      0.0067
      0.0167
      0.2732
      2.3978
     11.2476
     28.3650
     38.5941
      0.0010
      0.0060
      0.0404
      0.2131
      1.1274
      4.7260
     11.9423
     16.6826
     12.6498
      5.1809
      1.1413
      0.1344
      0.0091
      0.0227
      0.3717
      3.2625
     15.3037
     38.5940
     52.5119
