      0.0548
      0.0726
      0.1091
      0.1290
      0.1140
      0.0823
      0.0608
      0.0558
      0.0638
      0.0874
      0.1201
      0.1344
      0.1112
      0.0659
      0.0277
      0.0082
      0.0017
      0.0003
      0.0001
      0.0581
      0.0747
      0.1077
      0.1228
      0.1050
      0.0733
      0.0523
      0.0472
      0.0545
      0.0769
      0.1095
      0.1275
      0.1105
      0.0692
      0.0312
      0.0101
      0.0023
      0.0004
      0.0001
      0.0601
      0.0730
      0.0962
      0.1010
      0.0798
      0.0511
      0.0334
      0.0288
      0.0348
      0.0549
      0.0890
      0.1188
      0.1198
      0.0889
      0.0482
      0.0191
      0.0055
      0.0011
      0.0003
      0.0516
      0.0588
      0.0696
      0.0663
      0.0476
      0.0274
      0.0158
      0.0132
      0.0192
      0.0409
      0.0868
      0.1462
      0.1825
      0.1658
      0.1086
      0.0510
      0.0171
      0.0042
      0.0015
      0.0447
      0.0453
      0.0437
      0.0351
      0.0220
      0.0112
      0.0060
      0.0059
      0.0140
      0.0451
      0.1222
      0.2443
      0.3501
      0.3575
      0.2595
      0.1340
      0.0497
      0.0145
      0.0066
      0.0835
      0.0730
      0.0492
      0.0261
      0.0114
      0.0046
      0.0028
      0.0044
      0.0151
      0.0580
      0.1750
      0.3800
      0.5856
      0.6397
      0.4964
      0.2763
      0.1165
      0.0477
      0.0323
      0.2421
      0.2043
      0.1229
      0.0529
      0.0167
      0.0049
      0.0031
      0.0050
      0.0155
      0.0609
      0.1943
      0.4472
      0.7301
      0.8469
      0.7050
      0.4402
      0.2463
      0.1768
      0.1681
      0.5680
      0.4778
      0.2843
      0.1197
      0.0362
      0.0094
      0.0048
      0.0058
      0.0130
      0.0473
      0.1569
      0.3824
      0.6655
      0.8341
      0.7828
      0.6320
      0.5873
      0.6781
      0.7437
      0.9539
      0.8023
      0.4771
      0.2007
      0.0611
      0.0174
      0.0108
      0.0119
      0.0144
      0.0309
      0.0954
      0.2480
      0.4778
      0.6947
      0.8424
      1.0506
      1.5203
      2.1475
      2.4551
      1.1340
      0.9538
      0.5676
      0.2407
      0.0799
      0.0380
      0.0427
      0.0504
      0.0456
      0.0382
      0.0588
      0.1505
      0.3486
      0.6584
      1.1173
      1.9384
      3.3641
      5.0263
      5.8064
      0.9539
      0.8027
      0.4803
      0.2143
      0.1036
      0.1143
      0.1712
      0.2020
      0.1723
      0.1089
      0.0723
      0.1238
      0.3314
      0.7720
      1.5751
      3.0702
      5.5745
      8.4245
      9.7504
      0.5680
      0.4800
      0.2984
      0.1739
      0.1908
      0.3393
      0.5225
      0.5942
      0.4865
      0.2870
      0.1387
      0.1315
      0.3320
      0.8372
      1.8168
      3.6436
      6.6516
     10.0410
     11.6127
      0.2421
      0.2122
      0.1687
      0.2114
      0.4229
      0.7972
      1.1642
      1.2571
      0.9850
      0.5554
      0.2359
      0.1350
      0.2689
      0.6918
      1.5422
      3.1153
      5.6600
      8.4993
      9.8116
      0.0835
      0.0939
      0.1629
      0.3812
      0.8236
      1.4340
      1.9326
      1.9615
      1.4653
      0.7930
      0.3137
      0.1236
      0.1632
      0.4123
      0.9377
      1.9022
      3.4325
      5.1196
      5.8960
      0.0447
      0.0862
      0.2558
      0.6479
      1.2956
      2.0492
      2.5511
      2.4476
      1.7618
      0.9299
      0.3563
      0.1113
      0.0783
      0.1766
      0.4105
      0.8443
      1.5246
      2.2664
      2.6060
      0.0516
      0.1170
      0.3647
      0.8857
      1.6725
      2.5259
      3.0722
      2.9476
      2.1577
      1.1696
      0.4603
      0.1334
      0.0435
      0.0600
      0.1476
      0.3346
      0.6452
      0.9893
      1.1471
      0.0601
      0.1341
      0.4072
      0.9750
      1.8698
      2.9721
      3.8924
      4.0328
      3.1607
      1.8153
      0.7496
      0.2208
      0.0506
      0.0295
      0.0863
      0.2556
      0.5759
      0.9470
      1.1193
      0.0581
      0.1262
      0.3784
      0.9337
      1.9401
      3.4391
      4.9802
      5.5529
      4.5696
      2.7112
      1.1453
      0.3421
      0.0750
      0.0327
      0.1051
      0.3479
      0.8243
      1.3831
      1.6434
      0.0548
      0.1176
      0.3528
      0.8945
      1.9568
      3.6646
      5.5270
      6.3168
      5.2723
      3.1542
      1.3395
      0.4015
      0.0878
      0.0372
      0.1212
      0.4058
      0.9662
      1.6244
      1.9312
