      0.1098
      0.1153
      0.1319
      0.1597
      0.1993
      0.2510
      0.3136
      0.3843
      0.4573
      0.5205
      0.5545
      0.5401
      0.4711
      0.3631
      0.2460
      0.1483
      0.0833
      0.0497
      0.0397
      0.1310
      0.1345
      0.1456
      0.1658
      0.1974
      0.2418
      0.2983
      0.3643
      0.4336
      0.4947
      0.5290
      0.5179
      0.4550
      0.3538
      0.2423
      0.1477
      0.0837
      0.0500
      0.0399
      0.2156
      0.2116
      0.2025
      0.1963
      0.2017
      0.2242
      0.2639
      0.3171
      0.3766
      0.4311
      0.4647
      0.4611
      0.4130
      0.3295
      0.2328
      0.1469
      0.0861
      0.0524
      0.0421
      0.4296
      0.4078
      0.3527
      0.2888
      0.2412
      0.2241
      0.2377
      0.2731
      0.3183
      0.3613
      0.3901
      0.3925
      0.3613
      0.3002
      0.2236
      0.1507
      0.0955
      0.0631
      0.0528
      0.8803
      0.8234
      0.6778
      0.5030
      0.3580
      0.2736
      0.2478
      0.2596
      0.2862
      0.3126
      0.3307
      0.3345
      0.3181
      0.2800
      0.2265
      0.1707
      0.1254
      0.0974
      0.0881
      1.6713
      1.5547
      1.2562
      0.8954
      0.5888
      0.3948
      0.3071
      0.2847
      0.2870
      0.2924
      0.2963
      0.2991
      0.2971
      0.2845
      0.2599
      0.2294
      0.2025
      0.1854
      0.1798
      2.8041
      2.6037
      2.0902
      1.4675
      0.9327
      0.5828
      0.4063
      0.3359
      0.3077
      0.2907
      0.2823
      0.2881
      0.3070
      0.3296
      0.3474
      0.3588
      0.3670
      0.3735
      0.3762
      4.0818
      3.7880
      3.0343
      2.1185
      1.3269
      0.7994
      0.5199
      0.3940
      0.3336
      0.2971
      0.2827
      0.3009
      0.3531
      0.4282
      0.5110
      0.5905
      0.6592
      0.7079
      0.7258
      5.1206
      4.7518
      3.8053
      2.6545
      1.6569
      0.9869
      0.6243
      0.4531
      0.3666
      0.3157
      0.3007
      0.3382
      0.4351
      0.5804
      0.7526
      0.9290
      1.0859
      1.1968
      1.2373
      5.5236
      5.1275
      4.1122
      2.8798
      1.8146
      1.1018
      0.7161
      0.5300
      0.4293
      0.3652
      0.3456
      0.3981
      0.5388
      0.7597
      1.0335
      1.3230
      1.5843
      1.7695
      1.8369
      5.1206
      4.7585
      3.8328
      2.7171
      1.7655
      1.1427
      0.8144
      0.6523
      0.5472
      0.4620
      0.4206
      0.4677
      0.6324
      0.9116
      1.2731
      1.6647
      2.0223
      2.2762
      2.3686
      4.0818
      3.8027
      3.0947
      2.2566
      1.5672
      1.1442
      0.9388
      0.8284
      0.7204
      0.5990
      0.5117
      0.5238
      0.6782
      0.9775
      1.3860
      1.8410
      2.2619
      2.5623
      2.6718
      2.8041
      2.6273
      2.1875
      1.6909
      1.3221
      1.1404
      1.0792
      1.0253
      0.9079
      0.7383
      0.5889
      0.5435
      0.6558
      0.9333
      1.3415
      1.8137
      2.2605
      2.5833
      2.7015
      1.6713
      1.5861
      1.3855
      1.1927
      1.1062
      1.1323
      1.1894
      1.1756
      1.0432
      0.8280
      0.6215
      0.5181
      0.5771
      0.8116
      1.1946
      1.6638
      2.1253
      2.4672
      2.5939
      0.8803
      0.8587
      0.8236
      0.8376
      0.9377
      1.0934
      1.2168
      1.2198
      1.0750
      0.8344
      0.5971
      0.4587
      0.4802
      0.6838
      1.0574
      1.5494
      2.0595
      2.4508
      2.5983
      0.4296
      0.4424
      0.4951
      0.6138
      0.7998
      1.0052
      1.1455
      1.1485
      1.0022
      0.7642
      0.5299
      0.3892
      0.4045
      0.6126
      1.0231
      1.5971
      2.2198
      2.7121
      2.9003
      0.2156
      0.2420
      0.3272
      0.4787
      0.6817
      0.8847
      1.0136
      1.0112
      0.8747
      0.6596
      0.4512
      0.3318
      0.3675
      0.6130
      1.1020
      1.8064
      2.5904
      3.2202
      3.4630
      0.1310
      0.1605
      0.2512
      0.4030
      0.5954
      0.7797
      0.8918
      0.8855
      0.7621
      0.5721
      0.3918
      0.2973
      0.3596
      0.6491
      1.2184
      2.0464
      2.9771
      3.7298
      4.0210
      0.1098
      0.1393
      0.2295
      0.3779
      0.5631
      0.7382
      0.8430
      0.8356
      0.7180
      0.5388
      0.3701
      0.2863
      0.3605
      0.6691
      1.2723
      2.1512
      3.1415
      3.9438
      4.2544
