      0.1415
      0.1526
      0.1766
      0.1947
      0.1979
      0.1932
      0.1929
      0.2034
      0.2263
      0.2595
      0.2895
      0.2922
      0.2522
      0.1801
      0.1048
      0.0497
      0.0196
      0.0074
      0.0045
      0.1442
      0.1536
      0.1733
      0.1863
      0.1852
      0.1773
      0.1748
      0.1838
      0.2066
      0.2418
      0.2771
      0.2882
      0.2571
      0.1906
      0.1158
      0.0575
      0.0238
      0.0091
      0.0054
      0.1644
      0.1677
      0.1723
      0.1684
      0.1544
      0.1385
      0.1309
      0.1373
      0.1608
      0.2028
      0.2542
      0.2903
      0.2850
      0.2332
      0.1571
      0.0866
      0.0395
      0.0161
      0.0095
      0.2654
      0.2524
      0.2177
      0.1723
      0.1291
      0.0984
      0.0848
      0.0894
      0.1162
      0.1710
      0.2501
      0.3276
      0.3634
      0.3330
      0.2492
      0.1520
      0.0764
      0.0344
      0.0218
      0.6233
      0.5669
      0.4283
      0.2729
      0.1529
      0.0841
      0.0569
      0.0594
      0.0911
      0.1627
      0.2779
      0.4101
      0.5012
      0.4994
      0.4040
      0.2667
      0.1477
      0.0769
      0.0547
      1.5430
      1.3858
      1.0044
      0.5897
      0.2847
      0.1204
      0.0572
      0.0503
      0.0836
      0.1683
      0.3162
      0.5030
      0.6554
      0.6933
      0.5976
      0.4278
      0.2694
      0.1720
      0.1411
      3.2893
      2.9464
      2.1175
      1.2216
      0.5688
      0.2211
      0.0851
      0.0552
      0.0814
      0.1660
      0.3262
      0.5452
      0.7478
      0.8378
      0.7780
      0.6249
      0.4752
      0.3860
      0.3593
      5.7017
      5.1049
      3.6632
      2.1066
      0.9745
      0.3719
      0.1329
      0.0683
      0.0783
      0.1464
      0.2901
      0.5057
      0.7343
      0.8875
      0.9211
      0.8781
      0.8392
      0.8376
      0.8451
      7.9408
      7.1092
      5.1008
      2.9337
      1.3596
      0.5236
      0.1919
      0.0957
      0.0862
      0.1260
      0.2314
      0.4150
      0.6498
      0.8786
      1.0683
      1.2450
      1.4466
      1.6391
      1.7222
      8.8682
      7.9403
      5.7003
      3.2870
      1.5415
      0.6242
      0.2683
      0.1640
      0.1365
      0.1396
      0.1944
      0.3340
      0.5683
      0.8820
      1.2657
      1.7335
      2.2663
      2.7310
      2.9207
      7.9408
      7.1126
      5.1167
      2.9775
      1.4508
      0.6760
      0.3977
      0.3180
      0.2699
      0.2202
      0.2100
      0.2971
      0.5229
      0.9067
      1.4622
      2.1952
      3.0345
      3.7530
      4.0425
      5.7017
      5.1142
      3.7061
      2.2211
      1.2063
      0.7484
      0.6286
      0.5925
      0.5072
      0.3759
      0.2766
      0.2935
      0.4847
      0.8840
      1.5142
      2.3729
      3.3580
      4.1948
      4.5299
      3.2893
      2.9658
      2.2050
      1.4477
      1.0110
      0.9153
      0.9709
      0.9682
      0.8183
      0.5765
      0.3666
      0.2938
      0.4145
      0.7538
      1.3262
      2.1202
      3.0304
      3.7994
      4.1062
      1.5430
      1.4189
      1.1514
      0.9586
      0.9825
      1.1807
      1.3706
      1.3713
      1.1362
      0.7741
      0.4514
      0.2846
      0.3138
      0.5403
      0.9607
      1.5562
      2.2400
      2.8156
      3.0447
      0.6233
      0.6143
      0.6358
      0.7837
      1.0973
      1.4874
      1.7621
      1.7499
      1.4323
      0.9601
      0.5348
      0.2808
      0.2206
      0.3299
      0.5873
      0.9712
      1.4197
      1.7993
      1.9505
      0.2654
      0.3103
      0.4701
      0.7905
      1.2675
      1.7872
      2.1398
      2.1376
      1.7614
      1.1878
      0.6559
      0.3114
      0.1713
      0.1930
      0.3413
      0.5956
      0.9104
      1.1846
      1.2951
      0.1644
      0.2299
      0.4455
      0.8468
      1.4255
      2.0637
      2.5269
      2.5811
      2.1738
      1.4957
      0.8366
      0.3859
      0.1718
      0.1401
      0.2461
      0.4702
      0.7705
      1.0423
      1.1536
      0.1442
      0.2156
      0.4500
      0.8885
      1.5364
      2.2817
      2.8644
      2.9943
      2.5738
      1.8021
      1.0215
      0.4713
      0.1965
      0.1367
      0.2403
      0.4875
      0.8324
      1.1506
      1.2819
      0.1415
      0.2139
      0.4523
      0.9022
      1.5769
      2.3682
      3.0048
      3.1702
      2.7461
      1.9349
      1.1022
      0.5095
      0.2101
      0.1414
      0.2489
      0.5126
      0.8838
      1.2277
      1.3700
