      0.0019
      0.0045
      0.0110
      0.0149
      0.0110
      0.0044
      0.0010
      0.0004
      0.0010
      0.0041
      0.0101
      0.0135
      0.0098
      0.0039
      0.0008
      0.0001
      0.0000
      0.0000
      0.0000
      0.0026
      0.0057
      0.0127
      0.0157
      0.0106
      0.0039
      0.0009
      0.0003
      0.0008
      0.0034
      0.0089
      0.0129
      0.0102
      0.0044
      0.0010
      0.0001
      0.0000
      0.0000
      0.0000
      0.0035
      0.0066
      0.0126
      0.0135
      0.0079
      0.0025
      0.0005
      0.0001
      0.0004
      0.0019
      0.0057
      0.0099
      0.0096
      0.0053
      0.0016
      0.0003
      0.0000
      0.0000
      0.0000
      0.0028
      0.0046
      0.0075
      0.0069
      0.0035
      0.0010
      0.0002
      0.0000
      0.0001
      0.0009
      0.0039
      0.0103
      0.0156
      0.0136
      0.0066
      0.0018
      0.0003
      0.0000
      0.0000
      0.0067
      0.0058
      0.0040
      0.0023
      0.0009
      0.0002
      0.0000
      0.0000
      0.0001
      0.0013
      0.0085
      0.0306
      0.0601
      0.0639
      0.0368
      0.0114
      0.0019
      0.0002
      0.0000
      0.0940
      0.0692
      0.0277
      0.0061
      0.0008
      0.0001
      0.0001
      0.0001
      0.0003
      0.0026
      0.0187
      0.0753
      0.1638
      0.1922
      0.1219
      0.0417
      0.0077
      0.0008
      0.0002
      0.8229
      0.6048
      0.2399
      0.0512
      0.0058
      0.0004
      0.0002
      0.0003
      0.0005
      0.0030
      0.0232
      0.1028
      0.2451
      0.3153
      0.2193
      0.0827
      0.0177
      0.0039
      0.0030
      3.8600
      2.8370
      1.1249
      0.2398
      0.0273
      0.0018
      0.0004
      0.0005
      0.0005
      0.0019
      0.0157
      0.0761
      0.1991
      0.2822
      0.2186
      0.0970
      0.0375
      0.0371
      0.0453
      9.7345
      7.1545
      2.8370
      0.6048
      0.0689
      0.0043
      0.0005
      0.0005
      0.0004
      0.0007
      0.0058
      0.0313
      0.0936
      0.1591
      0.1651
      0.1334
      0.1662
      0.3020
      0.3917
     13.2450
      9.7345
      3.8600
      0.8229
      0.0940
      0.0067
      0.0029
      0.0040
      0.0032
      0.0015
      0.0018
      0.0109
      0.0516
      0.1545
      0.2936
      0.4193
      0.7260
      1.3999
      1.8273
      9.7345
      7.1545
      2.8370
      0.6051
      0.0717
      0.0175
      0.0347
      0.0485
      0.0368
      0.0151
      0.0041
      0.0110
      0.0772
      0.3108
      0.7086
      1.0987
      1.8715
      3.5346
      4.5998
      3.8600
      2.8370
      1.1252
      0.2431
      0.0509
      0.1029
      0.2443
      0.3226
      0.2313
      0.0896
      0.0195
      0.0140
      0.0968
      0.4230
      1.0312
      1.6441
      2.6742
      4.8544
      6.2684
      0.8229
      0.6051
      0.2427
      0.0725
      0.1223
      0.4270
      0.9370
      1.1559
      0.7808
      0.2857
      0.0567
      0.0136
      0.0678
      0.3160
      0.8200
      1.3505
      2.1028
      3.6300
      4.6317
      0.0940
      0.0709
      0.0450
      0.1030
      0.3741
      1.0562
      2.0001
      2.2580
      1.4278
      0.4928
      0.0918
      0.0118
      0.0259
      0.1276
      0.3530
      0.6050
      0.9110
      1.4882
      1.8695
      0.0067
      0.0122
      0.0663
      0.2943
      0.8348
      1.6908
      2.5309
      2.5109
      1.4719
      0.4808
      0.0854
      0.0086
      0.0056
      0.0278
      0.0836
      0.1619
      0.2866
      0.5112
      0.6528
      0.0028
      0.0183
      0.1335
      0.5402
      1.2761
      1.9994
      2.4018
      2.1706
      1.2722
      0.4348
      0.0829
      0.0087
      0.0011
      0.0042
      0.0258
      0.1561
      0.6701
      1.6602
      2.2525
      0.0035
      0.0223
      0.1523
      0.5760
      1.3058
      2.1778
      3.2100
      3.6471
      2.5679
      1.0172
      0.2197
      0.0255
      0.0018
      0.0047
      0.0739
      0.6441
      3.0172
      7.6069
     10.3496
      0.0026
      0.0157
      0.1009
      0.3810
      1.0503
      2.7412
      5.8775
      7.8778
      5.9113
      2.4131
      0.5308
      0.0625
      0.0043
      0.0113
      0.1847
      1.6212
      7.6044
     19.1773
     26.0931
      0.0019
      0.0105
      0.0653
      0.2613
      0.9297
      3.1874
      7.6443
     10.5628
      7.9916
      3.2714
      0.7206
      0.0849
      0.0058
      0.0153
      0.2513
      2.2057
     10.3466
     26.0930
     35.5027
