      0.0005
      0.0012
      0.0029
      0.0040
      0.0029
      0.0013
      0.0007
      0.0007
      0.0007
      0.0014
      0.0031
      0.0041
      0.0030
      0.0012
      0.0002
      0.0000
      0.0000
      0.0000
      0.0000
      0.0007
      0.0015
      0.0034
      0.0042
      0.0028
      0.0012
      0.0005
      0.0005
      0.0005
      0.0012
      0.0028
      0.0040
      0.0032
      0.0014
      0.0004
      0.0000
      0.0000
      0.0000
      0.0000
      0.0009
      0.0018
      0.0033
      0.0036
      0.0021
      0.0007
      0.0002
      0.0002
      0.0002
      0.0007
      0.0021
      0.0042
      0.0048
      0.0032
      0.0013
      0.0003
      0.0000
      0.0000
      0.0000
      0.0012
      0.0015
      0.0021
      0.0019
      0.0009
      0.0003
      0.0001
      0.0000
      0.0001
      0.0008
      0.0041
      0.0130
      0.0226
      0.0216
      0.0112
      0.0032
      0.0005
      0.0000
      0.0000
      0.0158
      0.0118
      0.0051
      0.0015
      0.0003
      0.0001
      0.0000
      0.0000
      0.0002
      0.0022
      0.0152
      0.0558
      0.1105
      0.1183
      0.0684
      0.0213
      0.0036
      0.0003
      0.0000
      0.2563
      0.1884
      0.0748
      0.0160
      0.0018
      0.0001
      0.0000
      0.0001
      0.0004
      0.0046
      0.0348
      0.1407
      0.3060
      0.3593
      0.2278
      0.0779
      0.0144
      0.0016
      0.0004
      2.2493
      1.6531
      0.6555
      0.1398
      0.0159
      0.0010
      0.0001
      0.0001
      0.0004
      0.0053
      0.0434
      0.1923
      0.4583
      0.5893
      0.4095
      0.1541
      0.0338
      0.0103
      0.0098
     10.5510
      7.7546
      3.0749
      0.6555
      0.0747
      0.0046
      0.0003
      0.0002
      0.0003
      0.0033
      0.0293
      0.1421
      0.3710
      0.5231
      0.4000
      0.1748
      0.0831
      0.1198
      0.1570
     26.6084
     19.5561
      7.7546
      1.6531
      0.1884
      0.0114
      0.0005
      0.0002
      0.0002
      0.0011
      0.0107
      0.0569
      0.1641
      0.2581
      0.2332
      0.1965
      0.4344
      1.0155
      1.3732
     36.2040
     26.6084
     10.5510
      2.2493
      0.2563
      0.0158
      0.0013
      0.0012
      0.0010
      0.0006
      0.0023
      0.0135
      0.0476
      0.1034
      0.1800
      0.5165
      1.9401
      4.7488
      6.4375
     26.6084
     19.5561
      7.7546
      1.6532
      0.1892
      0.0154
      0.0109
      0.0148
      0.0112
      0.0046
      0.0014
      0.0045
      0.0278
      0.1086
      0.3283
      1.2594
      4.8920
     11.9766
     16.2329
     10.5510
      7.7546
      3.0750
      0.6565
      0.0818
      0.0353
      0.0746
      0.0985
      0.0706
      0.0274
      0.0060
      0.0043
      0.0301
      0.1383
      0.4581
      1.7550
      6.6954
     16.3106
     22.0910
      2.2493
      1.6532
      0.6563
      0.1459
      0.0504
      0.1299
      0.2853
      0.3529
      0.2386
      0.0874
      0.0174
      0.0042
      0.0209
      0.1028
      0.3553
      1.3334
      4.9634
     12.0074
     16.2441
      0.2563
      0.1889
      0.0794
      0.0428
      0.1094
      0.3157
      0.6097
      0.6945
      0.4411
      0.1527
      0.0286
      0.0037
      0.0080
      0.0415
      0.1494
      0.5501
      1.9921
      4.7770
      6.4524
      0.0158
      0.0135
      0.0218
      0.0810
      0.2382
      0.5198
      0.8373
      0.8770
      0.5369
      0.1830
      0.0341
      0.0036
      0.0018
      0.0090
      0.0345
      0.1283
      0.4574
      1.0889
      1.4685
      0.0012
      0.0052
      0.0360
      0.1507
      0.4039
      0.8405
      1.4305
      1.6750
      1.1628
      0.4506
      0.0953
      0.0109
      0.0008
      0.0014
      0.0098
      0.0650
      0.2859
      0.7120
      0.9669
      0.0009
      0.0060
      0.0422
      0.1835
      0.6254
      1.9278
      4.3640
      5.8990
      4.4223
      1.8016
      0.3956
      0.0465
      0.0030
      0.0018
      0.0272
      0.2369
      1.1101
      2.7988
      3.8080
      0.0007
      0.0043
      0.0312
      0.1780
      0.9771
      4.1133
     10.3814
     14.4900
     10.9829
      4.4973
      0.9906
      0.1167
      0.0074
      0.0043
      0.0678
      0.5952
      2.7918
      7.0406
      9.5796
      0.0005
      0.0030
      0.0234
      0.1740
      1.1966
      5.4511
     14.0286
     19.6711
     14.9284
      6.1155
      1.3473
      0.1587
      0.0101
      0.0059
      0.0923
      0.8098
      3.7985
      9.5793
     13.0338
