      0.0618
      0.0825
      0.1249
      0.1464
      0.1235
      0.0752
      0.0358
      0.0215
      0.0332
      0.0680
      0.1104
      0.1296
      0.1083
      0.0641
      0.0268
      0.0079
      0.0016
      0.0002
      0.0001
      0.0659
      0.0853
      0.1234
      0.1395
      0.1140
      0.0675
      0.0313
      0.0184
      0.0286
      0.0597
      0.0995
      0.1204
      0.1043
      0.0644
      0.0283
      0.0088
      0.0020
      0.0003
      0.0001
      0.0707
      0.0853
      0.1113
      0.1153
      0.0873
      0.0482
      0.0210
      0.0118
      0.0188
      0.0416
      0.0745
      0.0986
      0.0948
      0.0660
      0.0332
      0.0121
      0.0032
      0.0006
      0.0002
      0.0807
      0.0855
      0.0905
      0.0799
      0.0538
      0.0271
      0.0113
      0.0070
      0.0116
      0.0269
      0.0543
      0.0841
      0.0966
      0.0811
      0.0495
      0.0219
      0.0070
      0.0016
      0.0005
      0.2015
      0.1783
      0.1251
      0.0715
      0.0341
      0.0144
      0.0076
      0.0077
      0.0118
      0.0243
      0.0536
      0.0985
      0.1350
      0.1337
      0.0949
      0.0482
      0.0176
      0.0049
      0.0020
      0.8239
      0.6961
      0.4204
      0.1828
      0.0591
      0.0179
      0.0117
      0.0146
      0.0187
      0.0304
      0.0668
      0.1347
      0.2038
      0.2214
      0.1717
      0.0958
      0.0397
      0.0141
      0.0079
      2.7471
      2.3112
      1.3757
      0.5792
      0.1748
      0.0448
      0.0226
      0.0243
      0.0262
      0.0347
      0.0728
      0.1548
      0.2508
      0.2932
      0.2481
      0.1565
      0.0810
      0.0437
      0.0342
      6.5394
      5.5001
      3.2704
      1.3733
      0.4102
      0.0973
      0.0358
      0.0306
      0.0282
      0.0306
      0.0603
      0.1357
      0.2392
      0.3112
      0.3058
      0.2431
      0.1795
      0.1457
      0.1370
     10.9981
      9.2499
      5.4996
      2.3087
      0.6877
      0.1577
      0.0481
      0.0343
      0.0280
      0.0242
      0.0411
      0.1005
      0.2071
      0.3292
      0.4142
      0.4395
      0.4329
      0.4294
      0.4310
     13.0767
     10.9981
      6.5394
      2.7467
      0.8228
      0.1992
      0.0769
      0.0646
      0.0532
      0.0363
      0.0369
      0.0873
      0.2208
      0.4383
      0.6730
      0.8387
      0.9240
      0.9740
      0.9956
     10.9981
      9.2504
      5.5028
      2.3219
      0.7276
      0.2469
      0.1942
      0.2067
      0.1728
      0.1068
      0.0649
      0.1029
      0.2778
      0.6143
      1.0229
      1.3428
      1.5198
      1.6183
      1.6581
      6.5394
      5.5025
      3.2852
      1.4287
      0.5642
      0.4188
      0.5326
      0.5898
      0.4791
      0.2808
      0.1340
      0.1239
      0.3035
      0.6976
      1.2043
      1.6149
      1.8366
      1.9451
      1.9858
      2.7471
      2.3199
      1.4255
      0.7468
      0.5925
      0.8402
      1.1664
      1.2414
      0.9649
      0.5407
      0.2285
      0.1299
      0.2500
      0.5817
      1.0336
      1.4138
      1.6168
      1.7027
      1.7308
      0.8239
      0.7195
      0.5461
      0.5657
      0.9089
      1.4681
      1.9179
      1.9086
      1.4062
      0.7530
      0.2956
      0.1167
      0.1519
      0.3492
      0.6446
      0.9214
      1.1035
      1.2067
      1.2446
      0.2015
      0.2244
      0.3609
      0.7351
      1.3609
      2.0391
      2.4158
      2.2207
      1.5435
      0.7915
      0.2961
      0.0927
      0.0717
      0.1593
      0.3340
      0.5910
      0.9254
      1.2611
      1.4115
      0.0807
      0.1508
      0.4150
      0.9462
      1.6615
      2.2798
      2.4887
      2.1563
      1.4491
      0.7330
      0.2727
      0.0773
      0.0355
      0.0860
      0.2837
      0.7984
      1.7526
      2.8529
      3.3633
      0.0707
      0.1523
      0.4400
      0.9730
      1.6355
      2.1740
      2.3610
      2.0955
      1.4722
      0.7859
      0.3089
      0.0895
      0.0347
      0.1093
      0.4929
      1.6362
      3.8682
      6.4852
      7.7043
      0.0659
      0.1390
      0.3881
      0.8365
      1.4077
      1.9555
      2.3075
      2.2528
      1.7213
      0.9815
      0.4057
      0.1218
      0.0488
      0.1696
      0.8011
      2.7104
      6.4573
     10.8582
     12.9095
      0.0618
      0.1278
      0.3500
      0.7491
      1.2801
      1.8563
      2.3185
      2.3792
      1.8821
      1.0974
      0.4603
      0.1396
      0.0568
      0.2002
      0.9498
      3.2185
      7.6728
     12.9054
     15.3444
