      0.0001
      0.0002
      0.0005
      0.0007
      0.0005
      0.0004
      0.0005
      0.0008
      0.0016
      0.0052
      0.0124
      0.0166
      0.0121
      0.0047
      0.0010
      0.0001
      0.0000
      0.0000
      0.0000
      0.0001
      0.0003
      0.0006
      0.0007
      0.0005
      0.0003
      0.0004
      0.0006
      0.0012
      0.0043
      0.0109
      0.0158
      0.0125
      0.0054
      0.0013
      0.0002
      0.0000
      0.0000
      0.0000
      0.0002
      0.0003
      0.0006
      0.0006
      0.0004
      0.0002
      0.0002
      0.0002
      0.0006
      0.0023
      0.0069
      0.0117
      0.0109
      0.0057
      0.0016
      0.0003
      0.0000
      0.0000
      0.0000
      0.0005
      0.0005
      0.0005
      0.0003
      0.0002
      0.0001
      0.0000
      0.0001
      0.0002
      0.0009
      0.0034
      0.0079
      0.0107
      0.0083
      0.0037
      0.0010
      0.0001
      0.0000
      0.0000
      0.0135
      0.0099
      0.0040
      0.0009
      0.0001
      0.0000
      0.0000
      0.0000
      0.0001
      0.0007
      0.0044
      0.0154
      0.0297
      0.0312
      0.0179
      0.0055
      0.0009
      0.0001
      0.0000
      0.2221
      0.1632
      0.0647
      0.0138
      0.0016
      0.0001
      0.0000
      0.0001
      0.0002
      0.0012
      0.0090
      0.0363
      0.0787
      0.0924
      0.0585
      0.0200
      0.0038
      0.0006
      0.0004
      1.9493
      1.4327
      0.5681
      0.1211
      0.0138
      0.0009
      0.0001
      0.0002
      0.0002
      0.0014
      0.0112
      0.0494
      0.1177
      0.1515
      0.1055
      0.0403
      0.0111
      0.0086
      0.0106
      9.1440
      6.7204
      2.6649
      0.5681
      0.0647
      0.0040
      0.0003
      0.0002
      0.0002
      0.0009
      0.0075
      0.0366
      0.0962
      0.1375
      0.1092
      0.0585
      0.0630
      0.1298
      0.1743
     23.0600
     16.9481
      6.7204
      1.4327
      0.1632
      0.0100
      0.0006
      0.0004
      0.0003
      0.0004
      0.0029
      0.0158
      0.0501
      0.0950
      0.1219
      0.1785
      0.4840
      1.1327
      1.5294
     31.3760
     23.0600
      9.1440
      1.9494
      0.2223
      0.0146
      0.0037
      0.0048
      0.0039
      0.0017
      0.0013
      0.0085
      0.0479
      0.1639
      0.3606
      0.7778
      2.2829
      5.3250
      7.1796
     23.0600
     16.9481
      6.7205
      1.4330
      0.1666
      0.0260
      0.0425
      0.0594
      0.0451
      0.0185
      0.0050
      0.0129
      0.0928
      0.3809
      0.9408
      2.0801
      5.8725
     13.4809
     18.1282
      9.1440
      6.7204
      2.6650
      0.5712
      0.0910
      0.1242
      0.2966
      0.3944
      0.2834
      0.1099
      0.0239
      0.0171
      0.1187
      0.5247
      1.3767
      3.0451
      8.1949
     18.4398
     24.7099
      1.9493
      1.4327
      0.5691
      0.1352
      0.1253
      0.4807
      1.1168
      1.4047
      0.9549
      0.3502
      0.0696
      0.0167
      0.0833
      0.3925
      1.0916
      2.4242
      6.2121
     13.6495
     18.2082
      0.2221
      0.1634
      0.0677
      0.0495
      0.2590
      1.0349
      2.2692
      2.6980
      1.7351
      0.6020
      0.1124
      0.0145
      0.0318
      0.1585
      0.4676
      1.0483
      2.5597
      5.4697
      7.2543
      0.0135
      0.0103
      0.0098
      0.0547
      0.3332
      1.2256
      2.5199
      2.8323
      1.7271
      0.5689
      0.1007
      0.0102
      0.0068
      0.0345
      0.1087
      0.2526
      0.6056
      1.2682
      1.6734
      0.0005
      0.0012
      0.0083
      0.0541
      0.2668
      0.8794
      1.7182
      1.8845
      1.1390
      0.3769
      0.0680
      0.0067
      0.0011
      0.0045
      0.0208
      0.0963
      0.3758
      0.9114
      1.2323
      0.0002
      0.0010
      0.0081
      0.0444
      0.2021
      0.7009
      1.5406
      1.9494
      1.3742
      0.5328
      0.1126
      0.0129
      0.0009
      0.0024
      0.0359
      0.3092
      1.4453
      3.6420
      4.9548
      0.0001
      0.0007
      0.0059
      0.0399
      0.2493
      1.0839
      2.7318
      3.7882
      2.8553
      1.1644
      0.2558
      0.0301
      0.0020
      0.0054
      0.0883
      0.7747
      3.6337
      9.1638
     12.4684
      0.0001
      0.0005
      0.0046
      0.0404
      0.3017
      1.3998
      3.6104
      5.0599
      3.8372
      1.5711
      0.3460
      0.0408
      0.0028
      0.0073
      0.1201
      1.0540
      4.9440
     12.4681
     16.9643
