      0.0010
      0.0024
      0.0058
      0.0079
      0.0058
      0.0023
      0.0006
      0.0003
      0.0013
      0.0057
      0.0141
      0.0190
      0.0138
      0.0054
      0.0011
      0.0001
      0.0000
      0.0000
      0.0000
      0.0014
      0.0030
      0.0067
      0.0083
      0.0056
      0.0021
      0.0005
      0.0002
      0.0010
      0.0047
      0.0125
      0.0181
      0.0143
      0.0062
      0.0015
      0.0002
      0.0000
      0.0000
      0.0000
      0.0019
      0.0035
      0.0067
      0.0072
      0.0042
      0.0013
      0.0003
      0.0001
      0.0005
      0.0026
      0.0080
      0.0137
      0.0132
      0.0071
      0.0022
      0.0004
      0.0000
      0.0000
      0.0000
      0.0019
      0.0027
      0.0041
      0.0037
      0.0019
      0.0005
      0.0001
      0.0000
      0.0002
      0.0012
      0.0050
      0.0128
      0.0190
      0.0162
      0.0078
      0.0021
      0.0003
      0.0000
      0.0000
      0.0158
      0.0121
      0.0057
      0.0020
      0.0006
      0.0001
      0.0000
      0.0000
      0.0001
      0.0015
      0.0098
      0.0354
      0.0691
      0.0734
      0.0422
      0.0131
      0.0022
      0.0002
      0.0000
      0.2527
      0.1858
      0.0738
      0.0159
      0.0019
      0.0001
      0.0000
      0.0001
      0.0003
      0.0029
      0.0214
      0.0863
      0.1877
      0.2202
      0.1396
      0.0478
      0.0088
      0.0009
      0.0001
      2.2166
      1.6291
      0.6460
      0.1377
      0.0157
      0.0010
      0.0001
      0.0002
      0.0003
      0.0033
      0.0266
      0.1178
      0.2808
      0.3613
      0.2512
      0.0945
      0.0197
      0.0034
      0.0020
     10.3975
      7.6417
      3.0302
      0.6460
      0.0736
      0.0045
      0.0003
      0.0002
      0.0003
      0.0020
      0.0179
      0.0872
      0.2283
      0.3238
      0.2509
      0.1095
      0.0352
      0.0250
      0.0288
     26.2211
     19.2714
      7.6417
      1.6291
      0.1856
      0.0113
      0.0006
      0.0004
      0.0003
      0.0008
      0.0067
      0.0361
      0.1090
      0.1880
      0.1971
      0.1460
      0.1304
      0.1971
      0.2494
     35.6771
     26.2211
     10.3975
      2.2166
      0.2528
      0.0166
      0.0042
      0.0055
      0.0044
      0.0020
      0.0022
      0.0136
      0.0669
      0.2056
      0.3854
      0.4737
      0.5783
      0.9228
      1.1685
     26.2211
     19.2714
      7.6417
      1.6295
      0.1895
      0.0298
      0.0486
      0.0678
      0.0516
      0.0212
      0.0058
      0.0152
      0.1074
      0.4312
      0.9573
      1.2918
      1.5609
      2.3673
      2.9588
     10.3975
      7.6417
      3.0305
      0.6499
      0.1047
      0.1435
      0.3401
      0.4510
      0.3239
      0.1256
      0.0273
      0.0196
      0.1355
      0.5897
      1.4053
      1.9892
      2.3379
      3.3150
      4.0633
      2.2166
      1.6292
      0.6481
      0.1587
      0.1558
      0.5668
      1.2890
      1.6100
      1.0919
      0.4001
      0.0795
      0.0191
      0.0949
      0.4410
      1.1225
      1.6698
      1.9259
      2.5387
      3.0334
      0.2527
      0.1867
      0.0846
      0.0904
      0.3774
      1.2884
      2.6679
      3.1124
      1.9896
      0.6890
      0.1286
      0.0166
      0.0363
      0.1781
      0.4845
      0.7605
      0.8714
      1.0689
      1.2387
      0.0158
      0.0156
      0.0410
      0.1871
      0.6623
      1.7504
      3.1314
      3.3578
      2.0213
      0.6651
      0.1182
      0.0120
      0.0078
      0.0387
      0.1134
      0.1941
      0.2484
      0.3304
      0.3898
      0.0019
      0.0101
      0.0727
      0.3100
      0.8428
      1.6957
      2.5979
      2.6607
      1.6180
      0.5538
      0.1045
      0.0108
      0.0014
      0.0050
      0.0213
      0.0890
      0.3305
      0.7918
      1.0685
      0.0019
      0.0119
      0.0822
      0.3252
      0.8499
      1.8467
      3.3741
      4.1529
      2.9750
      1.1792
      0.2541
      0.0295
      0.0019
      0.0024
      0.0353
      0.3036
      1.4183
      3.5737
      4.8618
      0.0014
      0.0084
      0.0554
      0.2333
      0.8347
      2.7838
      6.5555
      8.9855
      6.7721
      2.7662
      0.6085
      0.0716
      0.0046
      0.0054
      0.0868
      0.7615
      3.5717
      9.0074
     12.2556
      0.0010
      0.0057
      0.0370
      0.1791
      0.8594
      3.4624
      8.6654
     12.0787
      9.1536
      3.7482
      0.8256
      0.0972
      0.0063
      0.0073
      0.1180
      1.0360
      4.8597
     12.2555
     16.6752
