      0.0000
      0.0000
      0.0000
      0.0000
      0.0000
      0.0000
      0.0000
      0.0000
      0.0000
      0.0000
      0.0000
      0.0000
      0.0000
      0.0000
      0.0000
      0.0000
      0.0000
      0.0000
      0.0000
      0.0000
      0.0000
      0.0000
      0.0000
      0.0000
      0.0000
      0.0000
      0.0000
      0.0000
      0.0000
      0.0000
      0.0000
      0.0000
      0.0000
      0.0000
      0.0000
      0.0000
      0.0000
      0.0000
      0.0000
      0.0000
      0.0000
      0.0000
      0.0000
      0.0000
      0.0000
      0.0000
      0.0000
      0.0000
      0.0000
      0.0000
      0.0000
      0.0000
      0.0000
      0.0000
      0.0000
      0.0000
      0.0000
      0.0000
      0.0000
      0.0000
      0.0000
      0.0000
      0.0000
      0.0000
      0.0000
      0.0000
      0.0000
      0.0000
      0.0000
      0.0000
      0.0000
      0.0000
      0.0000
      0.0000
      0.0000
      0.0000
      0.0000
      0.0000
      0.0000
      0.0000
      0.0000
      0.0000
      0.0000
      0.0000
      0.0000
      0.0000
      0.0000
      0.0000
      0.0001
      0.0001
      0.0000
      0.0000
      0.0000
      0.0000
      0.0000
      0.0009
      0.0004
      0.0001
      0.0000
      0.0000
      0.0000
      0.0000
      0.0000
      0.0000
      0.0000
      0.0000
      0.0001
      0.0008
      0.0011
      0.0004
      0.0000
      0.0000
      0.0000
      0.0000
      0.1158
      0.0579
      0.0072
      0.0002
      0.0000
      0.0000
      0.0000
      0.0000
      0.0000
      0.0000
      0.0000
      0.0003
      0.0020
      0.0035
      0.0015
      0.0002
      0.0000
      0.0000
      0.0000
      3.7554
      1.8777
      0.2341
      0.0072
      0.0001
      0.0000
      0.0000
      0.0000
      0.0000
      0.0000
      0.0000
      0.0001
      0.0012
      0.0027
      0.0014
      0.0002
      0.0000
      0.0003
      0.0006
     30.1230
     15.0615
      1.8777
      0.0579
      0.0004
      0.0000
      0.0000
      0.0000
      0.0000
      0.0000
      0.0000
      0.0000
      0.0002
      0.0006
      0.0007
      0.0006
      0.0053
      0.0421
      0.0841
     60.2461
     30.1230
      3.7554
      0.1158
      0.0009
      0.0000
      0.0000
      0.0000
      0.0000
      0.0000
      0.0000
      0.0000
      0.0001
      0.0025
      0.0124
      0.0207
      0.1749
      1.3643
      2.7277
     30.1230
     15.0615
      1.8777
      0.0579
      0.0004
      0.0000
      0.0002
      0.0003
      0.0002
      0.0000
      0.0000
      0.0000
      0.0009
      0.0208
      0.1210
      0.2172
      1.4275
     10.9455
     21.8795
      3.7554
      1.8777
      0.2341
      0.0072
      0.0001
      0.0016
      0.0125
      0.0239
      0.0113
      0.0013
      0.0000
      0.0000
      0.0016
      0.0433
      0.2941
      0.5802
      2.9373
     21.9014
     43.7596
      0.1158
      0.0579
      0.0072
      0.0002
      0.0014
      0.0369
      0.2479
      0.4160
      0.1746
      0.0183
      0.0005
      0.0000
      0.0007
      0.0226
      0.1787
      0.3934
      1.5368
     10.9608
     21.8805
      0.0009
      0.0004
      0.0001
      0.0002
      0.0096
      0.2065
      1.2164
      1.8023
      0.6679
      0.0616
      0.0014
      0.0000
      0.0001
      0.0029
      0.0271
      0.0673
      0.2057
      1.3689
      2.7280
      0.0000
      0.0000
      0.0001
      0.0029
      0.0306
      0.3102
      1.4990
      1.9513
      0.6386
      0.0520
      0.0010
      0.0000
      0.0000
      0.0001
      0.0010
      0.0029
      0.0072
      0.0434
      0.0863
      0.0000
      0.0000
      0.0006
      0.0129
      0.0736
      0.1898
      0.4940
      0.5478
      0.1622
      0.0123
      0.0002
      0.0000
      0.0000
      0.0000
      0.0000
      0.0006
      0.0177
      0.1418
      0.2836
      0.0000
      0.0000
      0.0008
      0.0149
      0.0694
      0.1174
      0.3285
      0.6218
      0.3237
      0.0428
      0.0014
      0.0000
      0.0000
      0.0000
      0.0001
      0.0176
      0.5720
      4.5882
      9.1764
      0.0000
      0.0000
      0.0003
      0.0044
      0.0242
      0.2692
      2.1844
      4.6919
      2.5241
      0.3387
      0.0112
      0.0001
      0.0000
      0.0000
      0.0011
      0.1415
      4.5882
     36.8030
     73.6059
      0.0000
      0.0000
      0.0000
      0.0007
      0.0165
      0.5067
      4.3598
      9.3822
      5.0480
      0.6774
      0.0225
      0.0002
      0.0000
      0.0000
      0.0021
      0.2830
      9.1764
     73.6059
    147.2119
