      0.2702
      0.2709
      0.2720
      0.2722
      0.2729
      0.2800
      0.3015
      0.3437
      0.4056
      0.4749
      0.5273
      0.5359
      0.4866
      0.3891
      0.2720
      0.1664
      0.0909
      0.0489
      0.0358
      0.2695
      0.2694
      0.2682
      0.2654
      0.2632
      0.2681
      0.2885
      0.3309
      0.3950
      0.4692
      0.5298
      0.5486
      0.5086
      0.4162
      0.2983
      0.1874
      0.1051
      0.0577
      0.0427
      0.2767
      0.2736
      0.2647
      0.2520
      0.2411
      0.2403
      0.2587
      0.3028
      0.3737
      0.4621
      0.5456
      0.5934
      0.5800
      0.5019
      0.3814
      0.2542
      0.1511
      0.0875
      0.0665
      0.3209
      0.3112
      0.2854
      0.2528
      0.2260
      0.2169
      0.2340
      0.2823
      0.3633
      0.4716
      0.5883
      0.6790
      0.7061
      0.6507
      0.5264
      0.3734
      0.2365
      0.1463
      0.1153
      0.4485
      0.4260
      0.3682
      0.2989
      0.2439
      0.2206
      0.2349
      0.2869
      0.3766
      0.5034
      0.6543
      0.7937
      0.8707
      0.8468
      0.7233
      0.5432
      0.3673
      0.2449
      0.2017
      0.7050
      0.6612
      0.5501
      0.4189
      0.3151
      0.2644
      0.2680
      0.3162
      0.4053
      0.5394
      0.7143
      0.8970
      1.0265
      1.0452
      0.9383
      0.7468
      0.5436
      0.3956
      0.3423
      1.0960
      1.0226
      0.8364
      0.6168
      0.4403
      0.3439
      0.3224
      0.3538
      0.4273
      0.5507
      0.7300
      0.9398
      1.1167
      1.1895
      1.1266
      0.9597
      0.7633
      0.6134
      0.5583
      1.5507
      1.4443
      1.1741
      0.8540
      0.5922
      0.4379
      0.3800
      0.3831
      0.4280
      0.5235
      0.6852
      0.9000
      1.1119
      1.2468
      1.2602
      1.1664
      1.0273
      0.9125
      0.8690
      1.9258
      1.7932
      1.4562
      1.0561
      0.7254
      0.5229
      0.4320
      0.4062
      0.4178
      0.4751
      0.6013
      0.7992
      1.0297
      1.2276
      1.3413
      1.3641
      1.3307
      1.2884
      1.2707
      2.0722
      1.9312
      1.5738
      1.1512
      0.8039
      0.5915
      0.4917
      0.4496
      0.4318
      0.4460
      0.5239
      0.6860
      0.9164
      1.1668
      1.3848
      1.5424
      1.6403
      1.6924
      1.7087
      1.9258
      1.8000
      1.4836
      1.1167
      0.8268
      0.6621
      0.5908
      0.5519
      0.5096
      0.4751
      0.4920
      0.6006
      0.8088
      1.0876
      1.3879
      1.6640
      1.8841
      2.0266
      2.0762
      1.5507
      1.4601
      1.2379
      0.9961
      0.8315
      0.7685
      0.7603
      0.7394
      0.6711
      0.5770
      0.5176
      0.5540
      0.7152
      0.9883
      1.3290
      1.6803
      1.9857
      2.1946
      2.2690
      1.0960
      1.0504
      0.9489
      0.8689
      0.8677
      0.9375
      1.0109
      1.0114
      0.9088
      0.7408
      0.5898
      0.5375
      0.6292
      0.8637
      1.2021
      1.5834
      1.9353
      2.1851
      2.2758
      0.7050
      0.7031
      0.7201
      0.8015
      0.9667
      1.1739
      1.3307
      1.3487
      1.2024
      0.9490
      0.6957
      0.5448
      0.5548
      0.7339
      1.0506
      1.4448
      1.8333
      2.1208
      2.2272
      0.4485
      0.4822
      0.5971
      0.8160
      1.1288
      1.4628
      1.6988
      1.7322
      1.5390
      1.1953
      0.8351
      0.5830
      0.5127
      0.6436
      0.9547
      1.3888
      1.8478
      2.2026
      2.3368
      0.3209
      0.3802
      0.5676
      0.8933
      1.3288
      1.7769
      2.0910
      2.1451
      1.9104
      1.4787
      1.0118
      0.6617
      0.5224
      0.6296
      0.9759
      1.5056
      2.0960
      2.5670
      2.7478
      0.2767
      0.3529
      0.5896
      0.9934
      1.5263
      2.0740
      2.4644
      2.5467
      2.2817
      1.7724
      1.2076
      0.7697
      0.5775
      0.6864
      1.1033
      1.7712
      2.5357
      3.1553
      3.3949
      0.2695
      0.3553
      0.6213
      1.0743
      1.6736
      2.2940
      2.7447
      2.8539
      2.5713
      2.0066
      1.3694
      0.8675
      0.6414
      0.7633
      1.2511
      2.0452
      2.9635
      3.7123
      4.0027
      0.2702
      0.3591
      0.6349
      1.1052
      1.7284
      2.3762
      2.8503
      2.9707
      2.6826
      2.0974
      1.4331
      0.9073
      0.6694
      0.7981
      1.3157
      2.1612
      3.1412
      3.9416
      4.2521
