      0.4262
      0.4297
      0.4335
      0.4236
      0.3934
      0.3515
      0.3185
      0.3140
      0.3450
      0.3994
      0.4494
      0.4643
      0.4273
      0.3454
      0.2442
      0.1523
      0.0868
      0.0506
      0.0395
      0.4282
      0.4297
      0.4284
      0.4128
      0.3784
      0.3351
      0.3028
      0.3006
      0.3349
      0.3946
      0.4526
      0.4772
      0.4488
      0.3714
      0.2693
      0.1721
      0.0999
      0.0585
      0.0455
      0.4510
      0.4458
      0.4275
      0.3927
      0.3444
      0.2957
      0.2652
      0.2690
      0.3130
      0.3879
      0.4684
      0.5207
      0.5175
      0.4533
      0.3480
      0.2348
      0.1424
      0.0853
      0.0664
      0.5486
      0.5293
      0.4758
      0.4008
      0.3222
      0.2593
      0.2281
      0.2393
      0.2964
      0.3928
      0.5065
      0.6006
      0.6363
      0.5935
      0.4844
      0.3464
      0.2217
      0.1389
      0.1104
      0.8093
      0.7640
      0.6449
      0.4934
      0.3540
      0.2571
      0.2149
      0.2284
      0.2961
      0.4133
      0.5626
      0.7050
      0.7891
      0.7768
      0.6688
      0.5052
      0.3432
      0.2295
      0.1893
      1.3209
      1.2327
      1.0045
      0.7232
      0.4758
      0.3116
      0.2376
      0.2402
      0.3077
      0.4355
      0.6115
      0.7977
      0.9330
      0.9618
      0.8698
      0.6954
      0.5068
      0.3680
      0.3177
      2.0941
      1.9458
      1.5642
      1.0980
      0.6923
      0.4229
      0.2917
      0.2655
      0.3172
      0.4383
      0.6220
      0.8360
      1.0168
      1.0966
      1.0458
      0.8932
      0.7087
      0.5655
      0.5124
      2.9893
      2.7740
      2.2208
      1.5459
      0.9587
      0.5651
      0.3619
      0.2944
      0.3166
      0.4132
      0.5818
      0.8006
      1.0132
      1.1500
      1.1686
      1.0810
      0.9452
      0.8303
      0.7862
      3.7264
      3.4575
      2.7667
      1.9249
      1.1921
      0.6980
      0.4345
      0.3282
      0.3162
      0.3760
      0.5100
      0.7102
      0.9369
      1.1287
      1.2362
      1.2512
      1.2067
      1.1532
      1.1305
      4.0137
      3.7263
      2.9889
      2.0927
      1.3159
      0.7940
      0.5125
      0.3866
      0.3440
      0.3603
      0.4450
      0.6072
      0.8284
      1.0627
      1.2597
      1.3913
      1.4599
      1.4868
      1.4931
      3.7264
      3.4658
      2.7998
      1.9972
      1.3118
      0.8606
      0.6192
      0.4996
      0.4315
      0.3975
      0.4202
      0.5271
      0.7216
      0.9745
      1.2383
      1.4693
      1.6414
      1.7453
      1.7798
      2.9893
      2.7934
      2.2976
      1.7137
      1.2354
      0.9398
      0.7871
      0.6916
      0.5959
      0.5001
      0.4464
      0.4817
      0.6270
      0.8666
      1.1572
      1.4462
      1.6869
      1.8451
      1.9002
      2.0941
      1.9800
      1.7001
      1.3941
      1.1792
      1.0801
      1.0365
      0.9670
      0.8331
      0.6606
      0.5161
      0.4652
      0.5413
      0.7372
      1.0139
      1.3161
      1.5857
      1.7716
      1.8379
      1.3209
      1.2846
      1.2105
      1.1718
      1.2125
      1.3047
      1.3643
      1.3114
      1.1270
      0.8652
      0.6193
      0.4727
      0.4680
      0.6028
      0.8427
      1.1339
      1.4125
      1.6138
      1.6873
      0.8093
      0.8336
      0.9216
      1.0968
      1.3470
      1.5999
      1.7468
      1.7033
      1.4637
      1.1077
      0.7555
      0.5099
      0.4231
      0.4981
      0.7057
      0.9948
      1.2947
      1.5227
      1.6081
      0.5486
      0.6136
      0.8121
      1.1379
      1.5435
      1.9245
      2.1479
      2.1169
      1.8291
      1.3830
      0.9256
      0.5829
      0.4212
      0.4521
      0.6524
      0.9722
      1.3280
      1.6101
      1.7179
      0.4510
      0.5401
      0.8055
      1.2278
      1.7418
      2.2229
      2.5163
      2.5066
      2.1853
      1.6628
      1.1106
      0.6805
      0.4572
      0.4634
      0.6826
      1.0627
      1.5032
      1.8604
      1.9984
      0.4282
      0.5294
      0.8296
      1.3056
      1.8859
      2.4354
      2.7832
      2.7965
      2.4575
      1.8824
      1.2613
      0.7676
      0.5026
      0.4989
      0.7448
      1.1858
      1.7052
      2.1303
      2.2952
      0.4262
      0.5310
      0.8419
      1.3353
      1.9384
      2.5128
      2.8817
      2.9051
      2.5609
      1.9668
      1.3202
      0.8029
      0.5228
      0.5169
      0.7751
      1.2417
      1.7934
      2.2460
      2.4217
