      0.0017
      0.0041
      0.0100
      0.0136
      0.0100
      0.0040
      0.0010
      0.0004
      0.0008
      0.0027
      0.0066
      0.0089
      0.0064
      0.0025
      0.0005
      0.0001
      0.0000
      0.0000
      0.0000
      0.0024
      0.0052
      0.0115
      0.0143
      0.0096
      0.0036
      0.0009
      0.0003
      0.0006
      0.0023
      0.0058
      0.0085
      0.0067
      0.0029
      0.0007
      0.0001
      0.0000
      0.0000
      0.0000
      0.0032
      0.0060
      0.0115
      0.0123
      0.0072
      0.0023
      0.0005
      0.0001
      0.0003
      0.0012
      0.0038
      0.0066
      0.0065
      0.0036
      0.0011
      0.0002
      0.0000
      0.0000
      0.0000
      0.0028
      0.0043
      0.0068
      0.0063
      0.0032
      0.0009
      0.0001
      0.0000
      0.0001
      0.0006
      0.0028
      0.0076
      0.0117
      0.0103
      0.0051
      0.0014
      0.0002
      0.0000
      0.0000
      0.0131
      0.0104
      0.0057
      0.0025
      0.0009
      0.0002
      0.0000
      0.0000
      0.0001
      0.0010
      0.0066
      0.0239
      0.0470
      0.0500
      0.0288
      0.0090
      0.0015
      0.0001
      0.0000
      0.2011
      0.1479
      0.0589
      0.0128
      0.0015
      0.0001
      0.0001
      0.0001
      0.0003
      0.0020
      0.0147
      0.0591
      0.1285
      0.1508
      0.0956
      0.0327
      0.0061
      0.0007
      0.0002
      1.7631
      1.2958
      0.5138
      0.1096
      0.0125
      0.0008
      0.0002
      0.0003
      0.0004
      0.0023
      0.0183
      0.0807
      0.1923
      0.2474
      0.1721
      0.0650
      0.0146
      0.0048
      0.0046
      8.2701
      6.0782
      2.4102
      0.5138
      0.0586
      0.0037
      0.0004
      0.0004
      0.0004
      0.0015
      0.0123
      0.0597
      0.1562
      0.2211
      0.1713
      0.0782
      0.0405
      0.0568
      0.0731
     20.8562
     15.3284
      6.0782
      1.2958
      0.1477
      0.0091
      0.0006
      0.0004
      0.0003
      0.0006
      0.0045
      0.0244
      0.0726
      0.1220
      0.1263
      0.1203
      0.2248
      0.4790
      0.6367
     28.3774
     20.8562
      8.2701
      1.7630
      0.2010
      0.0128
      0.0022
      0.0027
      0.0021
      0.0010
      0.0013
      0.0080
      0.0365
      0.1068
      0.2114
      0.3940
      1.0040
      2.2292
      2.9759
     20.8562
     15.3284
      6.0782
      1.2960
      0.1495
      0.0177
      0.0230
      0.0318
      0.0241
      0.0099
      0.0027
      0.0073
      0.0510
      0.2066
      0.4993
      1.0073
      2.5448
      5.6143
      7.4925
      8.2701
      6.0782
      2.4104
      0.5162
      0.0745
      0.0707
      0.1608
      0.2116
      0.1516
      0.0587
      0.0127
      0.0092
      0.0635
      0.2800
      0.7205
      1.4615
      3.5359
      7.6595
     10.1940
      1.7631
      1.2960
      0.5162
      0.1262
      0.0955
      0.2896
      0.6209
      0.7601
      0.5121
      0.1873
      0.0372
      0.0089
      0.0445
      0.2090
      0.5694
      1.1647
      2.6842
      5.6658
      7.5047
      0.2011
      0.1494
      0.0741
      0.0941
      0.2893
      0.7481
      1.3499
      1.4946
      0.9388
      0.3233
      0.0602
      0.0078
      0.0170
      0.0843
      0.2439
      0.5071
      1.1150
      2.2802
      3.0001
      0.0131
      0.0162
      0.0617
      0.2593
      0.6956
      1.2897
      1.7823
      1.6961
      0.9795
      0.3188
      0.0566
      0.0057
      0.0037
      0.0184
      0.0579
      0.1336
      0.3168
      0.6602
      0.8702
      0.0028
      0.0168
      0.1210
      0.4848
      1.1144
      1.6431
      1.8235
      1.5694
      0.9089
      0.3123
      0.0602
      0.0064
      0.0008
      0.0030
      0.0212
      0.1404
      0.6179
      1.5388
      2.0895
      0.0032
      0.0203
      0.1382
      0.5193
      1.1514
      1.8250
      2.5514
      2.8378
      1.9924
      0.7907
      0.1712
      0.0199
      0.0014
      0.0042
      0.0674
      0.5885
      2.7578
      6.9534
      9.4606
      0.0024
      0.0143
      0.0914
      0.3402
      0.8983
      2.2209
      4.6440
      6.1861
      4.6370
      1.8929
      0.4164
      0.0490
      0.0034
      0.0103
      0.1688
      1.4816
      6.9499
     17.5267
     23.8473
      0.0017
      0.0096
      0.0589
      0.2294
      0.7713
      2.5395
      6.0174
      8.2939
      6.2722
      2.5674
      0.5655
      0.0666
      0.0046
      0.0140
      0.2297
      2.0159
      9.4561
     23.8471
     32.4470
