      0.0510
      0.0675
      0.1012
      0.1183
      0.0996
      0.0606
      0.0291
      0.0192
      0.0336
      0.0714
      0.1171
      0.1380
      0.1156
      0.0687
      0.0289
      0.0086
      0.0018
      0.0003
      0.0001
      0.0542
      0.0696
      0.1000
      0.1127
      0.0920
      0.0545
      0.0255
      0.0165
      0.0291
      0.0633
      0.1068
      0.1304
      0.1142
      0.0716
      0.0321
      0.0103
      0.0024
      0.0004
      0.0001
      0.0577
      0.0694
      0.0902
      0.0933
      0.0706
      0.0390
      0.0171
      0.0107
      0.0198
      0.0465
      0.0866
      0.1193
      0.1203
      0.0886
      0.0476
      0.0186
      0.0053
      0.0011
      0.0003
      0.0652
      0.0692
      0.0733
      0.0647
      0.0436
      0.0220
      0.0094
      0.0067
      0.0139
      0.0373
      0.0832
      0.1404
      0.1742
      0.1569
      0.1021
      0.0477
      0.0159
      0.0038
      0.0013
      0.1607
      0.1424
      0.1002
      0.0575
      0.0276
      0.0118
      0.0066
      0.0077
      0.0162
      0.0449
      0.1156
      0.2276
      0.3245
      0.3304
      0.2393
      0.1231
      0.0449
      0.0120
      0.0044
      0.6544
      0.5530
      0.3342
      0.1455
      0.0472
      0.0148
      0.0104
      0.0143
      0.0244
      0.0611
      0.1650
      0.3509
      0.5386
      0.5877
      0.4550
      0.2504
      0.0988
      0.0299
      0.0131
      2.1806
      1.8346
      1.0921
      0.4599
      0.1391
      0.0366
      0.0199
      0.0230
      0.0313
      0.0673
      0.1837
      0.4123
      0.6707
      0.7766
      0.6410
      0.3810
      0.1692
      0.0655
      0.0389
      5.1905
      4.3655
      2.5958
      1.0902
      0.3262
      0.0788
      0.0311
      0.0284
      0.0310
      0.0550
      0.1491
      0.3531
      0.6124
      0.7631
      0.6906
      0.4695
      0.2638
      0.1537
      0.1238
      8.7293
      7.3417
      4.3652
      1.8328
      0.5469
      0.1275
      0.0422
      0.0323
      0.0292
      0.0373
      0.0917
      0.2310
      0.4435
      0.6307
      0.6808
      0.5916
      0.4641
      0.3830
      0.3595
     10.3791
      8.7293
      5.1905
      2.1809
      0.6559
      0.1648
      0.0725
      0.0654
      0.0555
      0.0427
      0.0583
      0.1446
      0.3316
      0.5885
      0.8084
      0.8960
      0.8725
      0.8308
      0.8167
      8.7293
      7.3422
      4.3683
      1.8460
      0.5880
      0.2214
      0.1974
      0.2163
      0.1821
      0.1140
      0.0741
      0.1241
      0.3229
      0.6828
      1.0855
      1.3418
      1.4010
      1.3780
      1.3655
      5.1905
      4.3677
      2.6096
      1.1440
      0.4810
      0.4099
      0.5511
      0.6185
      0.5051
      0.2971
      0.1430
      0.1343
      0.3263
      0.7386
      1.2456
      1.6021
      1.7028
      1.6742
      1.6533
      2.1806
      1.8422
      1.1368
      0.6166
      0.5463
      0.8386
      1.2010
      1.2980
      1.0176
      0.5731
      0.2429
      0.1382
      0.2648
      0.6109
      1.0674
      1.4100
      1.5167
      1.4872
      1.4624
      0.6544
      0.5729
      0.4435
      0.4914
      0.8513
      1.4496
      1.9658
      2.0063
      1.5024
      0.8130
      0.3212
      0.1263
      0.1611
      0.3665
      0.6660
      0.9215
      1.0437
      1.0725
      1.0755
      0.1607
      0.1810
      0.3016
      0.6455
      1.2663
      2.0214
      2.5429
      2.4555
      1.7718
      0.9347
      0.3575
      0.1117
      0.0784
      0.1660
      0.3388
      0.5756
      0.8609
      1.1362
      1.2582
      0.0652
      0.1238
      0.3511
      0.8411
      1.5959
      2.4290
      2.9708
      2.8557
      2.0877
      1.1281
      0.4422
      0.1283
      0.0465
      0.0857
      0.2675
      0.7335
      1.5889
      2.5722
      3.0278
      0.0577
      0.1265
      0.3813
      0.9132
      1.7547
      2.7918
      3.6534
      3.7773
      2.9528
      1.6915
      0.6969
      0.2060
      0.0580
      0.1037
      0.4470
      1.4772
      3.4872
      5.8430
      6.9403
      0.0542
      0.1176
      0.3522
      0.8681
      1.8007
      3.1850
      4.6025
      5.1233
      4.2108
      2.4959
      1.0537
      0.3164
      0.0875
      0.1593
      0.7227
      2.4421
      5.8173
      9.7815
     11.6292
      0.0510
      0.1094
      0.3278
      0.8293
      1.8092
      3.3797
      5.0882
      5.8089
      4.8449
      2.8972
      1.2301
      0.3707
      0.1026
      0.1879
      0.8564
      2.8994
      6.9119
     11.6255
     13.8226
