      0.6842
      0.6941
      0.7109
      0.7073
      0.6666
      0.5959
      0.5199
      0.4630
      0.4366
      0.4352
      0.4403
      0.4288
      0.3850
      0.3099
      0.2202
      0.1375
      0.0767
      0.0419
      0.0309
      0.6669
      0.6745
      0.6857
      0.6762
      0.6317
      0.5607
      0.4877
      0.4368
      0.4195
      0.4307
      0.4514
      0.4556
      0.4235
      0.3526
      0.2589
      0.1670
      0.0961
      0.0540
      0.0404
      0.6219
      0.6234
      0.6194
      0.5938
      0.5397
      0.4686
      0.4043
      0.3699
      0.3776
      0.4242
      0.4890
      0.5389
      0.5416
      0.4838
      0.3793
      0.2604
      0.1592
      0.0947
      0.0729
      0.5739
      0.5663
      0.5402
      0.4915
      0.4240
      0.3532
      0.3012
      0.2892
      0.3312
      0.4275
      0.5572
      0.6768
      0.7356
      0.7022
      0.5848
      0.4256
      0.2767
      0.1760
      0.1410
      0.5677
      0.5480
      0.4926
      0.4129
      0.3260
      0.2520
      0.2103
      0.2193
      0.2947
      0.4421
      0.6425
      0.8437
      0.9742
      0.9800
      0.8582
      0.6595
      0.4580
      0.3152
      0.2645
      0.6530
      0.6170
      0.5216
      0.3974
      0.2784
      0.1907
      0.1503
      0.1707
      0.2677
      0.4521
      0.7098
      0.9853
      1.1917
      1.2534
      1.1521
      0.9395
      0.7057
      0.5332
      0.4707
      0.8495
      0.7927
      0.6449
      0.4598
      0.2924
      0.1764
      0.1245
      0.1425
      0.2422
      0.4372
      0.7206
      1.0425
      1.3134
      1.4452
      1.4039
      1.2314
      1.0181
      0.8532
      0.7924
      1.1151
      1.0357
      0.8304
      0.5772
      0.3531
      0.2007
      0.1287
      0.1326
      0.2162
      0.3921
      0.6615
      0.9893
      1.2995
      1.5076
      1.5695
      1.5075
      1.3905
      1.2904
      1.2524
      1.3488
      1.2518
      1.0024
      0.6972
      0.4303
      0.2507
      0.1617
      0.1479
      0.2029
      0.3359
      0.5568
      0.8509
      1.1696
      1.4481
      1.6424
      1.7504
      1.8008
      1.8227
      1.8292
      1.4422
      1.3412
      1.0825
      0.7697
      0.5010
      0.3241
      0.2348
      0.2078
      0.2284
      0.3042
      0.4538
      0.6858
      0.9839
      1.3130
      1.6378
      1.9351
      2.1849
      2.3580
      2.4209
      1.3488
      1.2619
      1.0423
      0.7835
      0.5713
      0.4399
      0.3739
      0.3403
      0.3218
      0.3300
      0.3954
      0.5478
      0.8001
      1.1456
      1.5621
      2.0115
      2.4321
      2.7392
      2.8527
      1.1151
      1.0597
      0.9247
      0.7795
      0.6802
      0.6354
      0.6126
      0.5732
      0.5050
      0.4323
      0.4020
      0.4623
      0.6459
      0.9642
      1.4048
      1.9231
      2.4322
      2.8129
      2.9550
      0.8495
      0.8366
      0.8163
      0.8251
      0.8780
      0.9474
      0.9777
      0.9253
      0.7896
      0.6166
      0.4756
      0.4310
      0.5245
      0.7725
      1.1646
      1.6546
      2.1508
      2.5274
      2.6687
      0.6530
      0.6859
      0.7904
      0.9687
      1.1913
      1.3882
      1.4756
      1.4017
      1.1805
      0.8858
      0.6156
      0.4510
      0.4367
      0.5830
      0.8734
      1.2619
      1.6660
      1.9762
      2.0931
      0.5677
      0.6434
      0.8657
      1.2077
      1.6000
      1.9308
      2.0828
      1.9900
      1.6757
      1.2436
      0.8256
      0.5253
      0.3907
      0.4220
      0.5905
      0.8487
      1.1280
      1.3455
      1.4278
      0.5739
      0.6849
      1.0060
      1.4910
      2.0414
      2.5094
      2.7416
      2.6473
      2.2493
      1.6766
      1.0996
      0.6525
      0.3932
      0.3131
      0.3695
      0.5094
      0.6752
      0.8077
      0.8583
      0.6219
      0.7582
      1.1523
      1.7491
      2.4336
      3.0317
      3.3553
      3.2819
      2.8226
      2.1247
      1.3966
      0.8082
      0.4337
      0.2599
      0.2313
      0.2867
      0.3732
      0.4468
      0.4754
      0.6669
      0.8180
      1.2564
      1.9248
      2.7021
      3.3986
      3.7999
      3.7552
      3.2612
      2.4753
      1.6350
      0.9405
      0.4816
      0.2445
      0.1641
      0.1723
      0.2161
      0.2583
      0.2752
      0.6842
      0.8402
      1.2933
      1.9865
      2.7973
      3.5310
      3.9635
      3.9321
      3.4273
      2.6095
      1.7273
      0.9929
      0.5026
      0.2429
      0.1453
      0.1387
      0.1695
      0.2024
      0.2158
