      0.1629
      0.1695
      0.1902
      0.2270
      0.2808
      0.3485
      0.4215
      0.4888
      0.5410
      0.5715
      0.5724
      0.5347
      0.4562
      0.3486
      0.2354
      0.1398
      0.0742
      0.0386
      0.0278
      0.1652
      0.1709
      0.1889
      0.2212
      0.2694
      0.3312
      0.3993
      0.4640
      0.5168
      0.5510
      0.5584
      0.5290
      0.4587
      0.3570
      0.2461
      0.1496
      0.0815
      0.0436
      0.0318
      0.1778
      0.1805
      0.1899
      0.2094
      0.2425
      0.2896
      0.3463
      0.4054
      0.4599
      0.5037
      0.5280
      0.5204
      0.4720
      0.3861
      0.2812
      0.1816
      0.1059
      0.0611
      0.0467
      0.2190
      0.2159
      0.2095
      0.2079
      0.2197
      0.2493
      0.2944
      0.3487
      0.4057
      0.4604
      0.5048
      0.5253
      0.5065
      0.4429
      0.3466
      0.2424
      0.1554
      0.1004
      0.0819
      0.3197
      0.3064
      0.2740
      0.2409
      0.2256
      0.2374
      0.2736
      0.3245
      0.3818
      0.4423
      0.5025
      0.5499
      0.5636
      0.5275
      0.4451
      0.3404
      0.2446
      0.1806
      0.1586
      0.5107
      0.4816
      0.4095
      0.3300
      0.2776
      0.2678
      0.2939
      0.3384
      0.3889
      0.4455
      0.5121
      0.5810
      0.6283
      0.6282
      0.5740
      0.4861
      0.3981
      0.3372
      0.3159
      0.7958
      0.7455
      0.6198
      0.4777
      0.3747
      0.3338
      0.3421
      0.3721
      0.4062
      0.4482
      0.5114
      0.5959
      0.6792
      0.7293
      0.7306
      0.6957
      0.6522
      0.6217
      0.6114
      1.1249
      1.0512
      0.8665
      0.6546
      0.4931
      0.4127
      0.3951
      0.4028
      0.4137
      0.4347
      0.4879
      0.5836
      0.7062
      0.8250
      0.9188
      0.9881
      1.0430
      1.0841
      1.1002
      1.3955
      1.3035
      1.0723
      0.8050
      0.5963
      0.4824
      0.4408
      0.4268
      0.4146
      0.4134
      0.4527
      0.5551
      0.7181
      0.9206
      1.1408
      1.3642
      1.5716
      1.7262
      1.7845
      1.5011
      1.4035
      1.1588
      0.8771
      0.6583
      0.5389
      0.4921
      0.4681
      0.4385
      0.4144
      0.4335
      0.5327
      0.7283
      1.0147
      1.3734
      1.7738
      2.1609
      2.4512
      2.5600
      1.3955
      1.3093
      1.0953
      0.8560
      0.6821
      0.6017
      0.5806
      0.5637
      0.5208
      0.4672
      0.4518
      0.5289
      0.7352
      1.0817
      1.5543
      2.1081
      2.6545
      3.0658
      3.2201
      1.1249
      1.0643
      0.9196
      0.7739
      0.6964
      0.6977
      0.7309
      0.7333
      0.6743
      0.5774
      0.5071
      0.5367
      0.7205
      1.0823
      1.6111
      2.2518
      2.8929
      3.3776
      3.5594
      0.7958
      0.7679
      0.7114
      0.6855
      0.7318
      0.8371
      0.9370
      0.9594
      0.8753
      0.7207
      0.5786
      0.5395
      0.6696
      0.9995
      1.5201
      2.1724
      2.8352
      3.3397
      3.5294
      0.5107
      0.5138
      0.5417
      0.6313
      0.7974
      1.0020
      1.1619
      1.1960
      1.0788
      0.8611
      0.6435
      0.5296
      0.5923
      0.8657
      1.3444
      1.9714
      2.6237
      3.1264
      3.3165
      0.3197
      0.3468
      0.4400
      0.6196
      0.8792
      1.1602
      1.3634
      1.4005
      1.2503
      0.9766
      0.6942
      0.5165
      0.5216
      0.7499
      1.2046
      1.8349
      2.5125
      3.0446
      3.2475
      0.2190
      0.2615
      0.3969
      0.6350
      0.9561
      1.2878
      1.5196
      1.5579
      1.3836
      1.0691
      0.7398
      0.5176
      0.4899
      0.7102
      1.1972
      1.9063
      2.6924
      3.3209
      3.5626
      0.1778
      0.2285
      0.3868
      0.6577
      1.0146
      1.3779
      1.6306
      1.6739
      1.4877
      1.1482
      0.7881
      0.5394
      0.5032
      0.7515
      1.3224
      2.1758
      3.1387
      3.9171
      4.2180
      0.1652
      0.2196
      0.3884
      0.6747
      1.0501
      1.4322
      1.7001
      1.7507
      1.5615
      1.2090
      0.8311
      0.5686
      0.5359
      0.8224
      1.4825
      2.4780
      3.6094
      4.5281
      4.8839
      0.1629
      0.2183
      0.3899
      0.6808
      1.0620
      1.4505
      1.7244
      1.7787
      1.5893
      1.2328
      0.8489
      0.5821
      0.5523
      0.8561
      1.5543
      2.6091
      3.8099
      4.7862
      5.1645
