      0.2590
      0.2803
      0.3232
      0.3455
      0.3238
      0.2707
      0.2159
      0.1776
      0.1573
      0.1502
      0.1489
      0.1428
      0.1225
      0.0894
      0.0540
      0.0268
      0.0112
      0.0045
      0.0028
      0.2571
      0.2756
      0.3118
      0.3272
      0.3016
      0.2486
      0.1964
      0.1617
      0.1462
      0.1457
      0.1533
      0.1565
      0.1430
      0.1112
      0.0717
      0.0380
      0.0168
      0.0068
      0.0041
      0.2550
      0.2655
      0.2827
      0.2793
      0.2448
      0.1938
      0.1496
      0.1253
      0.1231
      0.1420
      0.1764
      0.2096
      0.2184
      0.1909
      0.1371
      0.0803
      0.0385
      0.0162
      0.0097
      0.2864
      0.2824
      0.2659
      0.2308
      0.1817
      0.1336
      0.1015
      0.0920
      0.1086
      0.1569
      0.2359
      0.3230
      0.3751
      0.3581
      0.2778
      0.1745
      0.0896
      0.0406
      0.0255
      0.4626
      0.4292
      0.3442
      0.2419
      0.1545
      0.0986
      0.0750
      0.0793
      0.1144
      0.1948
      0.3293
      0.4906
      0.6088
      0.6157
      0.5043
      0.3353
      0.1849
      0.0935
      0.0644
      0.9805
      0.8850
      0.6524
      0.3973
      0.2088
      0.1100
      0.0787
      0.0880
      0.1330
      0.2355
      0.4172
      0.6522
      0.8476
      0.8974
      0.7724
      0.5473
      0.3334
      0.1989
      0.1555
      2.0095
      1.8021
      1.3007
      0.7602
      0.3711
      0.1726
      0.1061
      0.1052
      0.1453
      0.2479
      0.4454
      0.7212
      0.9770
      1.0844
      0.9915
      0.7704
      0.5483
      0.4078
      0.3630
      3.4539
      3.0935
      2.2239
      1.2884
      0.6154
      0.2680
      0.1413
      0.1163
      0.1382
      0.2181
      0.3913
      0.6550
      0.9296
      1.0967
      1.0972
      0.9855
      0.8697
      0.8097
      0.7955
      4.8019
      4.3001
      3.0891
      1.7863
      0.8470
      0.3571
      0.1698
      0.1184
      0.1182
      0.1642
      0.2863
      0.4952
      0.7474
      0.9664
      1.1125
      1.2217
      1.3498
      1.4838
      1.5441
      5.3613
      4.8014
      3.4508
      1.9986
      0.9521
      0.4055
      0.1934
      0.1282
      0.1101
      0.1223
      0.1879
      0.3282
      0.5387
      0.7984
      1.1078
      1.4966
      1.9565
      2.3652
      2.5330
      4.8019
      4.3030
      3.1011
      1.8140
      0.8945
      0.4222
      0.2423
      0.1811
      0.1466
      0.1238
      0.1363
      0.2144
      0.3816
      0.6630
      1.1000
      1.7277
      2.4866
      3.1510
      3.4203
      3.4539
      3.1027
      2.2622
      1.3767
      0.7661
      0.4736
      0.3699
      0.3178
      0.2538
      0.1821
      0.1382
      0.1600
      0.2829
      0.5524
      1.0315
      1.7612
      2.6581
      3.4445
      3.7629
      2.0095
      1.8243
      1.3928
      0.9699
      0.7244
      0.6478
      0.6282
      0.5682
      0.4445
      0.2964
      0.1815
      0.1439
      0.2144
      0.4329
      0.8582
      1.5282
      2.3621
      3.0964
      3.3940
      0.9805
      0.9279
      0.8294
      0.7966
      0.8741
      0.9953
      1.0447
      0.9509
      0.7322
      0.4731
      0.2631
      0.1538
      0.1627
      0.3083
      0.6291
      1.1534
      1.8156
      2.4027
      2.6413
      0.4626
      0.4967
      0.6226
      0.8698
      1.2023
      1.5004
      1.6222
      1.4942
      1.1600
      0.7523
      0.4082
      0.2010
      0.1398
      0.2199
      0.4602
      0.8817
      1.4303
      1.9236
      2.1253
      0.2864
      0.3703
      0.6314
      1.0672
      1.6068
      2.0946
      2.3428
      2.2297
      1.7860
      1.1898
      0.6542
      0.3058
      0.1620
      0.2034
      0.4406
      0.8979
      1.5161
      2.0821
      2.3152
      0.2550
      0.3634
      0.6968
      1.2543
      1.9704
      2.6773
      3.1264
      3.1010
      2.5747
      1.7653
      0.9903
      0.4619
      0.2247
      0.2539
      0.5637
      1.1914
      2.0568
      2.8562
      3.1866
      0.2571
      0.3744
      0.7388
      1.3654
      2.2132
      3.1181
      3.7750
      3.8640
      3.2892
      2.2975
      1.3057
      0.6126
      0.2937
      0.3245
      0.7271
      1.5532
      2.6982
      3.7587
      4.1975
      0.2590
      0.3780
      0.7502
      1.3991
      2.2975
      3.2848
      4.0323
      4.1745
      3.5841
      2.5187
      1.4374
      0.6760
      0.3238
      0.3568
      0.8011
      1.7148
      2.9823
      4.1568
      4.6429
