      0.0821
      0.1095
      0.1659
      0.1951
      0.1667
      0.1066
      0.0580
      0.0345
      0.0264
      0.0257
      0.0289
      0.0302
      0.0246
      0.0146
      0.0062
      0.0019
      0.0004
      0.0001
      0.0000
      0.0873
      0.1129
      0.1636
      0.1855
      0.1535
      0.0953
      0.0504
      0.0294
      0.0226
      0.0228
      0.0270
      0.0298
      0.0259
      0.0166
      0.0077
      0.0026
      0.0006
      0.0001
      0.0000
      0.0909
      0.1106
      0.1457
      0.1521
      0.1167
      0.0673
      0.0331
      0.0185
      0.0149
      0.0174
      0.0249
      0.0331
      0.0348
      0.0272
      0.0156
      0.0065
      0.0020
      0.0004
      0.0001
      0.0820
      0.0921
      0.1067
      0.0999
      0.0697
      0.0369
      0.0172
      0.0103
      0.0104
      0.0166
      0.0317
      0.0536
      0.0690
      0.0645
      0.0434
      0.0208
      0.0071
      0.0018
      0.0007
      0.0989
      0.0946
      0.0810
      0.0587
      0.0344
      0.0173
      0.0104
      0.0104
      0.0139
      0.0247
      0.0538
      0.1031
      0.1475
      0.1515
      0.1107
      0.0576
      0.0217
      0.0067
      0.0032
      0.2817
      0.2409
      0.1516
      0.0718
      0.0279
      0.0134
      0.0141
      0.0192
      0.0241
      0.0377
      0.0816
      0.1656
      0.2526
      0.2761
      0.2154
      0.1216
      0.0535
      0.0241
      0.0176
      0.8958
      0.7544
      0.4506
      0.1918
      0.0617
      0.0243
      0.0249
      0.0316
      0.0343
      0.0447
      0.0925
      0.1958
      0.3160
      0.3674
      0.3100
      0.2018
      0.1242
      0.0980
      0.0955
      2.1233
      1.7860
      1.0625
      0.4478
      0.1389
      0.0450
      0.0347
      0.0383
      0.0361
      0.0389
      0.0754
      0.1665
      0.2865
      0.3620
      0.3527
      0.3124
      0.3231
      0.3861
      0.4232
      3.5696
      3.0023
      1.7855
      0.7513
      0.2294
      0.0648
      0.0368
      0.0347
      0.0287
      0.0255
      0.0449
      0.1044
      0.1980
      0.2933
      0.3850
      0.5454
      0.8497
      1.2115
      1.3809
      4.2441
      3.5696
      2.1229
      0.8933
      0.2719
      0.0735
      0.0363
      0.0312
      0.0241
      0.0171
      0.0228
      0.0551
      0.1254
      0.2491
      0.4869
      0.9829
      1.8346
      2.7849
      3.2196
      3.5696
      3.0026
      1.7873
      0.7569
      0.2410
      0.0833
      0.0597
      0.0570
      0.0445
      0.0270
      0.0187
      0.0345
      0.0964
      0.2538
      0.6333
      1.4792
      2.9444
      4.5816
      5.3311
      2.1233
      1.7881
      1.0738
      0.4809
      0.2075
      0.1520
      0.1632
      0.1575
      0.1175
      0.0659
      0.0313
      0.0309
      0.0851
      0.2511
      0.6821
      1.6716
      3.4099
      5.3675
      6.2671
      0.8958
      0.7635
      0.4971
      0.3209
      0.3118
      0.3848
      0.4235
      0.3733
      0.2556
      0.1329
      0.0539
      0.0304
      0.0654
      0.1974
      0.5520
      1.3770
      2.8389
      4.4949
      5.2580
      0.2817
      0.2679
      0.2857
      0.4282
      0.6750
      0.8724
      0.8799
      0.6967
      0.4335
      0.2087
      0.0771
      0.0289
      0.0393
      0.1170
      0.3371
      0.8589
      1.7917
      2.8534
      3.3437
      0.0989
      0.1509
      0.3556
      0.7654
      1.2588
      1.5489
      1.4550
      1.0725
      0.6295
      0.2914
      0.1040
      0.0309
      0.0216
      0.0635
      0.2119
      0.6004
      1.3236
      2.1585
      2.5458
      0.0820
      0.1748
      0.5060
      1.1088
      1.7790
      2.1361
      1.9922
      1.4978
      0.9198
      0.4514
      0.1701
      0.0489
      0.0213
      0.0694
      0.3035
      0.9939
      2.3369
      3.9100
      4.6426
      0.0909
      0.1972
      0.5638
      1.2090
      1.9291
      2.3899
      2.4190
      2.0535
      1.4297
      0.7760
      0.3137
      0.0935
      0.0383
      0.1353
      0.6371
      2.1524
      5.1249
      8.6159
     10.2430
      0.0873
      0.1832
      0.5070
      1.0739
      1.7604
      2.3738
      2.7431
      2.6638
      2.0478
      1.1802
      0.4934
      0.1498
      0.0621
      0.2231
      1.0589
      3.5885
      8.5550
     14.3893
     17.1088
      0.0821
      0.1692
      0.4602
      0.9732
      1.6347
      2.3291
      2.8794
      2.9510
      2.3436
      1.3739
      0.5793
      0.1766
      0.0735
      0.2648
      1.2579
      4.2637
     10.1658
     17.0994
     20.3313
