      0.1509
      0.1535
      0.1615
      0.1762
      0.2002
      0.2379
      0.2938
      0.3705
      0.4640
      0.5581
      0.6236
      0.6302
      0.5652
      0.4443
      0.3042
      0.1814
      0.0960
      0.0495
      0.0353
      0.1560
      0.1578
      0.1637
      0.1751
      0.1955
      0.2294
      0.2820
      0.3559
      0.4473
      0.5410
      0.6091
      0.6218
      0.5646
      0.4507
      0.3141
      0.1912
      0.1034
      0.0545
      0.0393
      0.1780
      0.1771
      0.1755
      0.1768
      0.1867
      0.2115
      0.2566
      0.3242
      0.4107
      0.5034
      0.5781
      0.6065
      0.5703
      0.4746
      0.3470
      0.2227
      0.1277
      0.0715
      0.0534
      0.2385
      0.2315
      0.2142
      0.1963
      0.1893
      0.2028
      0.2408
      0.3026
      0.3834
      0.4736
      0.5555
      0.6040
      0.5960
      0.5252
      0.4094
      0.2818
      0.1747
      0.1067
      0.0839
      0.3735
      0.3550
      0.3088
      0.2573
      0.2243
      0.2237
      0.2560
      0.3130
      0.3863
      0.4702
      0.5558
      0.6236
      0.6463
      0.6045
      0.5036
      0.3737
      0.2534
      0.1721
      0.1438
      0.6188
      0.5815
      0.4881
      0.3825
      0.3079
      0.2847
      0.3070
      0.3555
      0.4157
      0.4862
      0.5690
      0.6526
      0.7070
      0.7004
      0.6242
      0.5022
      0.3772
      0.2878
      0.2558
      0.9780
      0.9146
      0.7558
      0.5741
      0.4384
      0.3782
      0.3796
      0.4102
      0.4486
      0.4978
      0.5713
      0.6671
      0.7556
      0.7952
      0.7630
      0.6730
      0.5657
      0.4837
      0.4536
      1.3885
      1.2964
      1.0647
      0.7970
      0.5896
      0.4815
      0.4519
      0.4560
      0.4666
      0.4899
      0.5498
      0.6550
      0.7809
      0.8810
      0.9197
      0.8965
      0.8411
      0.7910
      0.7715
      1.7247
      1.6100
      1.3211
      0.9855
      0.7206
      0.5726
      0.5151
      0.4941
      0.4775
      0.4744
      0.5177
      0.6284
      0.7919
      0.9635
      1.0980
      1.1760
      1.2076
      1.2153
      1.2160
      1.8556
      1.7342
      1.4292
      1.0770
      0.8017
      0.6493
      0.5874
      0.5553
      0.5175
      0.4866
      0.5055
      0.6106
      0.8027
      1.0447
      1.2842
      1.4816
      1.6212
      1.7029
      1.7298
      1.7247
      1.6174
      1.3511
      1.0529
      0.8353
      0.7335
      0.7050
      0.6817
      0.6269
      0.5592
      0.5362
      0.6136
      0.8113
      1.1026
      1.4311
      1.7385
      1.9823
      2.1376
      2.1908
      1.3885
      1.3130
      1.1324
      0.9503
      0.8529
      0.8529
      0.8919
      0.8922
      0.8168
      0.6959
      0.6067
      0.6276
      0.7971
      1.0998
      1.4790
      1.8629
      2.1866
      2.4015
      2.4767
      0.9780
      0.9422
      0.8692
      0.8331
      0.8865
      1.0134
      1.1339
      1.1591
      1.0543
      0.8651
      0.6914
      0.6326
      0.7435
      1.0195
      1.4086
      1.8344
      2.2154
      2.4789
      2.5732
      0.6188
      0.6202
      0.6476
      0.7486
      0.9439
      1.1886
      1.3814
      1.4229
      1.2825
      1.0223
      0.7626
      0.6196
      0.6606
      0.8934
      1.2782
      1.7422
      2.1894
      2.5154
      2.6353
      0.3735
      0.4023
      0.5045
      0.7080
      1.0092
      1.3407
      1.5843
      1.6330
      1.4604
      1.1416
      0.8119
      0.5998
      0.5843
      0.7904
      1.1988
      1.7457
      2.3149
      2.7519
      2.9167
      0.2385
      0.2840
      0.4314
      0.6972
      1.0633
      1.4485
      1.7241
      1.7780
      1.5851
      1.2279
      0.8511
      0.5939
      0.5500
      0.7683
      1.2566
      1.9608
      2.7333
      3.3468
      3.5819
      0.1780
      0.2316
      0.4014
      0.6985
      1.0986
      1.5147
      1.8124
      1.8748
      1.6751
      1.2975
      0.8929
      0.6111
      0.5646
      0.8293
      1.4417
      2.3546
      3.3815
      4.2098
      4.5296
      0.1560
      0.2128
      0.3914
      0.7016
      1.1177
      1.5508
      1.8641
      1.9368
      1.7380
      1.3513
      0.9316
      0.6385
      0.6005
      0.9164
      1.6448
      2.7422
      3.9878
      4.9985
      5.3899
      0.1509
      0.2084
      0.3893
      0.7029
      1.1237
      1.5627
      1.8821
      1.9594
      1.7620
      1.3728
      0.9482
      0.6517
      0.6185
      0.9564
      1.7324
      2.9038
      4.2364
      5.3192
      5.7388
