      0.4686
      0.4765
      0.4928
      0.5024
      0.4953
      0.4728
      0.4435
      0.4144
      0.3884
      0.3647
      0.3397
      0.3075
      0.2627
      0.2061
      0.1459
      0.0932
      0.0555
      0.0344
      0.0278
      0.4642
      0.4700
      0.4809
      0.4841
      0.4719
      0.4471
      0.4186
      0.3936
      0.3751
      0.3621
      0.3496
      0.3291
      0.2924
      0.2381
      0.1744
      0.1145
      0.0693
      0.0427
      0.0342
      0.4649
      0.4641
      0.4583
      0.4421
      0.4148
      0.3831
      0.3570
      0.3434
      0.3454
      0.3612
      0.3831
      0.3960
      0.3831
      0.3362
      0.2628
      0.1823
      0.1145
      0.0715
      0.0571
      0.5155
      0.5024
      0.4656
      0.4135
      0.3586
      0.3142
      0.2902
      0.2914
      0.3200
      0.3743
      0.4441
      0.5063
      0.5312
      0.4989
      0.4138
      0.3030
      0.2005
      0.1316
      0.1077
      0.6904
      0.6561
      0.5660
      0.4519
      0.3481
      0.2779
      0.2493
      0.2614
      0.3130
      0.4031
      0.5216
      0.6391
      0.7121
      0.7051
      0.6154
      0.4763
      0.3375
      0.2399
      0.2054
      1.0637
      0.9956
      0.8201
      0.6051
      0.4184
      0.2982
      0.2490
      0.2591
      0.3201
      0.4311
      0.5852
      0.7514
      0.8758
      0.9080
      0.8347
      0.6900
      0.5340
      0.4203
      0.3795
      1.6477
      1.5331
      1.2389
      0.8812
      0.5734
      0.3738
      0.2825
      0.2726
      0.3242
      0.4343
      0.6006
      0.7966
      0.9667
      1.0521
      1.0292
      0.9253
      0.7984
      0.7023
      0.6674
      2.3346
      2.1681
      1.7409
      1.2218
      0.7735
      0.4774
      0.3292
      0.2853
      0.3116
      0.4005
      0.5537
      0.7543
      0.9562
      1.1045
      1.1705
      1.1682
      1.1364
      1.1086
      1.0986
      2.9040
      2.6958
      2.1613
      1.5113
      0.9476
      0.5696
      0.3698
      0.2910
      0.2864
      0.3420
      0.4627
      0.6444
      0.8601
      1.0718
      1.2547
      1.4066
      1.5326
      1.6234
      1.6575
      3.1266
      2.9036
      2.3314
      1.6358
      1.0320
      0.6245
      0.4027
      0.3027
      0.2709
      0.2897
      0.3672
      0.5131
      0.7241
      0.9870
      1.2885
      1.6129
      1.9245
      2.1591
      2.2475
      2.9040
      2.7014
      2.1829
      1.5553
      1.0142
      0.6509
      0.4503
      0.3490
      0.2959
      0.2764
      0.3045
      0.4032
      0.5910
      0.8790
      1.2679
      1.7329
      2.2035
      2.5644
      2.7009
      2.3346
      2.1822
      1.7952
      1.3341
      0.9466
      0.6938
      0.5516
      0.4629
      0.3875
      0.3227
      0.2934
      0.3351
      0.4814
      0.7591
      1.1789
      1.7123
      2.2679
      2.6993
      2.8632
      1.6477
      1.5603
      1.3437
      1.1004
      0.9158
      0.8098
      0.7446
      0.6692
      0.5609
      0.4360
      0.3368
      0.3106
      0.3985
      0.6323
      1.0251
      1.5478
      2.1040
      2.5400
      2.7062
      1.0637
      1.0398
      0.9915
      0.9661
      0.9886
      1.0349
      1.0477
      0.9785
      0.8218
      0.6187
      0.4336
      0.3277
      0.3457
      0.5164
      0.8495
      1.3153
      1.8216
      2.2224
      2.3758
      0.6904
      0.7186
      0.8101
      0.9706
      1.1764
      1.3634
      1.4504
      1.3832
      1.1684
      0.8718
      0.5853
      0.3887
      0.3323
      0.4414
      0.7200
      1.1360
      1.5999
      1.9715
      2.1145
      0.5155
      0.5813
      0.7757
      1.0789
      1.4350
      1.7479
      1.9095
      1.8503
      1.5794
      1.1839
      0.7862
      0.4919
      0.3639
      0.4286
      0.6859
      1.0988
      1.5716
      1.9548
      2.1029
      0.4649
      0.5548
      0.8173
      1.2209
      1.6923
      2.1131
      2.3493
      2.3090
      1.9949
      1.5095
      1.0053
      0.6176
      0.4280
      0.4692
      0.7406
      1.1986
      1.7321
      2.1679
      2.3369
      0.4642
      0.5673
      0.8682
      1.3320
      1.8786
      2.3766
      2.6723
      2.6538
      2.3143
      1.7650
      1.1815
      0.7240
      0.4914
      0.5244
      0.8234
      1.3391
      1.9443
      2.4404
      2.6330
      0.4686
      0.5759
      0.8891
      1.3731
      1.9462
      2.4728
      2.7918
      2.7831
      2.4354
      1.8629
      1.2497
      0.7660
      0.5178
      0.5494
      0.8617
      1.4032
      2.0399
      2.5623
      2.7652
