      0.1291
      0.1393
      0.1612
      0.1780
      0.1815
      0.1779
      0.1771
      0.1828
      0.1947
      0.2115
      0.2261
      0.2228
      0.1905
      0.1359
      0.0793
      0.0375
      0.0144
      0.0047
      0.0022
      0.1271
      0.1362
      0.1552
      0.1685
      0.1691
      0.1635
      0.1616
      0.1673
      0.1806
      0.2007
      0.2208
      0.2249
      0.1995
      0.1485
      0.0909
      0.0454
      0.0185
      0.0064
      0.0033
      0.1192
      0.1254
      0.1372
      0.1425
      0.1373
      0.1288
      0.1264
      0.1339
      0.1521
      0.1818
      0.2181
      0.2439
      0.2388
      0.1971
      0.1344
      0.0750
      0.0343
      0.0136
      0.0077
      0.1058
      0.1081
      0.1111
      0.1082
      0.0998
      0.0935
      0.0967
      0.1113
      0.1384
      0.1824
      0.2435
      0.3047
      0.3333
      0.3056
      0.2302
      0.1414
      0.0714
      0.0320
      0.0201
      0.0982
      0.0961
      0.0897
      0.0803
      0.0739
      0.0779
      0.0949
      0.1219
      0.1587
      0.2159
      0.3049
      0.4115
      0.4866
      0.4805
      0.3883
      0.2566
      0.1421
      0.0737
      0.0522
      0.1199
      0.1119
      0.0929
      0.0752
      0.0723
      0.0909
      0.1258
      0.1646
      0.2041
      0.2643
      0.3727
      0.5225
      0.6509
      0.6786
      0.5818
      0.4150
      0.2599
      0.1645
      0.1343
      0.1912
      0.1741
      0.1349
      0.1010
      0.0960
      0.1252
      0.1726
      0.2140
      0.2435
      0.2902
      0.3979
      0.5714
      0.7442
      0.8191
      0.7538
      0.6006
      0.4523
      0.3643
      0.3380
      0.3055
      0.2763
      0.2092
      0.1495
      0.1322
      0.1605
      0.2075
      0.2394
      0.2489
      0.2705
      0.3569
      0.5247
      0.7204
      0.8523
      0.8733
      0.8240
      0.7827
      0.7802
      0.7875
      0.4171
      0.3766
      0.2832
      0.1970
      0.1623
      0.1804
      0.2167
      0.2336
      0.2232
      0.2197
      0.2749
      0.4155
      0.6143
      0.8114
      0.9748
      1.1336
      1.3252
      1.5130
      1.5946
      0.4641
      0.4193
      0.3161
      0.2203
      0.1793
      0.1924
      0.2225
      0.2304
      0.2071
      0.1823
      0.2043
      0.3099
      0.5039
      0.7703
      1.1078
      1.5401
      2.0517
      2.5064
      2.6932
      0.4171
      0.3788
      0.2925
      0.2189
      0.2011
      0.2351
      0.2799
      0.2912
      0.2558
      0.2024
      0.1836
      0.2494
      0.4323
      0.7539
      1.2427
      1.9225
      2.7301
      3.4345
      3.7201
      0.3055
      0.2830
      0.2387
      0.2218
      0.2654
      0.3569
      0.4423
      0.4631
      0.4014
      0.2956
      0.2161
      0.2292
      0.3827
      0.7158
      1.2715
      2.0723
      3.0273
      3.8555
      4.1899
      0.1912
      0.1894
      0.2019
      0.2665
      0.4027
      0.5798
      0.7189
      0.7408
      0.6275
      0.4407
      0.2794
      0.2243
      0.3232
      0.6116
      1.1306
      1.8983
      2.8199
      3.6188
      3.9409
      0.1199
      0.1395
      0.2129
      0.3686
      0.6101
      0.8806
      1.0694
      1.0762
      0.8901
      0.6053
      0.3523
      0.2223
      0.2538
      0.4698
      0.9070
      1.5866
      2.4219
      3.1532
      3.4491
      0.0982
      0.1370
      0.2666
      0.5091
      0.8530
      1.2151
      1.4522
      1.4423
      1.1805
      0.7924
      0.4427
      0.2366
      0.2079
      0.3783
      0.8017
      1.5245
      2.4597
      3.2996
      3.6429
      0.1058
      0.1594
      0.3337
      0.6499
      1.0909
      1.5562
      1.8697
      1.8734
      1.5501
      1.0509
      0.5854
      0.2918
      0.2186
      0.4110
      0.9788
      2.0271
      3.4412
      4.7376
      5.2719
      0.1192
      0.1820
      0.3858
      0.7594
      1.2948
      1.8868
      2.3234
      2.3868
      2.0218
      1.3995
      0.7912
      0.3918
      0.2853
      0.5625
      1.4212
      3.0509
      5.2824
      7.3434
      8.1955
      0.1271
      0.1938
      0.4129
      0.8248
      1.4381
      2.1513
      2.7186
      2.8582
      2.4690
      1.7368
      0.9944
      0.4965
      0.3654
      0.7386
      1.8982
      4.1124
      7.1554
      9.9712
     11.1362
      0.1291
      0.1968
      0.4204
      0.8460
      1.4909
      2.2561
      2.8811
      3.0559
      2.6585
      1.8806
      1.0815
      0.5419
      0.4011
      0.8163
      2.1046
      4.5670
      7.9532
     11.0876
     12.3846
