      0.0000
      0.0000
      0.0000
      0.0000
      0.0000
      0.0000
      0.0000
      0.0000
      0.0000
      0.0000
      0.0000
      0.0000
      0.0000
      0.0000
      0.0000
      0.0000
      0.0000
      0.0000
      0.0000
      0.0000
      0.0000
      0.0000
      0.0000
      0.0000
      0.0000
      0.0000
      0.0000
      0.0000
      0.0000
      0.0000
      0.0000
      0.0000
      0.0000
      0.0000
      0.0000
      0.0000
      0.0000
      0.0000
      0.0000
      0.0000
      0.0000
      0.0000
      0.0000
      0.0000
      0.0000
      0.0000
      0.0000
      0.0000
      0.0000
      0.0000
      0.0000
      0.0000
      0.0000
      0.0000
      0.0000
      0.0000
      0.0000
      0.0000
      0.0000
      0.0000
      0.0000
      0.0000
      0.0000
      0.0000
      0.0000
      0.0000
      0.0000
      0.0000
      0.0000
      0.0000
      0.0000
      0.0000
      0.0000
      0.0000
      0.0000
      0.0000
      0.0000
      0.0000
      0.0000
      0.0000
      0.0000
      0.0000
      0.0000
      0.0000
      0.0000
      0.0000
      0.0000
      0.0001
      0.0006
      0.0007
      0.0002
      0.0000
      0.0000
      0.0000
      0.0000
      0.0014
      0.0007
      0.0001
      0.0000
      0.0000
      0.0000
      0.0000
      0.0000
      0.0000
      0.0000
      0.0000
      0.0010
      0.0058
      0.0083
      0.0030
      0.0003
      0.0000
      0.0000
      0.0000
      0.1876
      0.0938
      0.0117
      0.0004
      0.0000
      0.0000
      0.0000
      0.0000
      0.0000
      0.0000
      0.0001
      0.0020
      0.0144
      0.0254
      0.0112
      0.0012
      0.0000
      0.0000
      0.0000
      6.0834
      3.0417
      0.3792
      0.0117
      0.0001
      0.0000
      0.0000
      0.0000
      0.0000
      0.0000
      0.0000
      0.0010
      0.0089
      0.0193
      0.0104
      0.0014
      0.0001
      0.0002
      0.0005
     48.7960
     24.3980
      3.0417
      0.0938
      0.0007
      0.0000
      0.0000
      0.0000
      0.0000
      0.0000
      0.0000
      0.0001
      0.0014
      0.0037
      0.0026
      0.0007
      0.0042
      0.0328
      0.0656
     97.5920
     48.7960
      6.0834
      0.1876
      0.0014
      0.0000
      0.0000
      0.0000
      0.0000
      0.0000
      0.0000
      0.0000
      0.0001
      0.0017
      0.0078
      0.0136
      0.1355
      1.0633
      2.1262
     48.7960
     24.3980
      3.0417
      0.0938
      0.0007
      0.0000
      0.0001
      0.0002
      0.0001
      0.0000
      0.0000
      0.0000
      0.0005
      0.0128
      0.0745
      0.1404
      1.1021
      8.5309
     17.0548
      6.0834
      3.0417
      0.3792
      0.0117
      0.0001
      0.0010
      0.0077
      0.0147
      0.0070
      0.0008
      0.0000
      0.0000
      0.0010
      0.0266
      0.1809
      0.3705
      2.2551
     17.0682
     34.1100
      0.1876
      0.0938
      0.0117
      0.0004
      0.0008
      0.0227
      0.1524
      0.2558
      0.1073
      0.0112
      0.0003
      0.0000
      0.0004
      0.0139
      0.1099
      0.2488
      1.1694
      8.5404
     17.0555
      0.0014
      0.0007
      0.0001
      0.0001
      0.0053
      0.1259
      0.7475
      1.1081
      0.4107
      0.0379
      0.0009
      0.0000
      0.0000
      0.0018
      0.0167
      0.0423
      0.1545
      1.0662
      2.1264
      0.0000
      0.0000
      0.0000
      0.0003
      0.0094
      0.1763
      0.9165
      1.2001
      0.3931
      0.0321
      0.0006
      0.0000
      0.0000
      0.0001
      0.0006
      0.0018
      0.0053
      0.0337
      0.0671
      0.0000
      0.0000
      0.0000
      0.0009
      0.0081
      0.0737
      0.3430
      0.4552
      0.1641
      0.0162
      0.0004
      0.0000
      0.0000
      0.0000
      0.0000
      0.0004
      0.0127
      0.1020
      0.2041
      0.0000
      0.0000
      0.0001
      0.0011
      0.0115
      0.2388
      1.9938
      4.2638
      2.2879
      0.3066
      0.0102
      0.0001
      0.0000
      0.0000
      0.0001
      0.0127
      0.4115
      3.3007
      6.6015
      0.0000
      0.0000
      0.0000
      0.0007
      0.0536
      1.8323
     15.8103
     34.0255
     18.3069
      2.4566
      0.0816
      0.0007
      0.0000
      0.0000
      0.0008
      0.1018
      3.3007
     26.4758
     52.9515
      0.0000
      0.0000
      0.0000
      0.0008
      0.1050
      3.6623
     31.6193
     68.0502
     36.6137
      4.9132
      0.1632
      0.0013
      0.0000
      0.0000
      0.0015
      0.2036
      6.6015
     52.9515
    105.9030
