      0.0662
      0.0876
      0.1315
      0.1537
      0.1297
      0.0794
      0.0385
      0.0230
      0.0325
      0.0636
      0.1022
      0.1200
      0.1006
      0.0599
      0.0253
      0.0075
      0.0016
      0.0002
      0.0001
      0.0703
      0.0903
      0.1298
      0.1464
      0.1197
      0.0713
      0.0337
      0.0197
      0.0281
      0.0566
      0.0940
      0.1149
      0.1013
      0.0641
      0.0292
      0.0095
      0.0022
      0.0004
      0.0001
      0.0747
      0.0899
      0.1168
      0.1208
      0.0916
      0.0508
      0.0224
      0.0125
      0.0192
      0.0429
      0.0803
      0.1129
      0.1168
      0.0885
      0.0490
      0.0198
      0.0058
      0.0012
      0.0004
      0.0848
      0.0898
      0.0948
      0.0836
      0.0562
      0.0282
      0.0115
      0.0068
      0.0133
      0.0377
      0.0881
      0.1538
      0.1959
      0.1804
      0.1194
      0.0566
      0.0191
      0.0047
      0.0016
      0.2118
      0.1874
      0.1314
      0.0749
      0.0354
      0.0140
      0.0056
      0.0050
      0.0142
      0.0491
      0.1357
      0.2735
      0.3939
      0.4036
      0.2937
      0.1516
      0.0555
      0.0149
      0.0056
      0.8669
      0.7324
      0.4423
      0.1920
      0.0610
      0.0156
      0.0056
      0.0068
      0.0188
      0.0670
      0.1994
      0.4324
      0.6666
      0.7284
      0.5645
      0.3109
      0.1231
      0.0379
      0.0173
      2.8910
      2.4323
      1.4477
      0.6089
      0.1813
      0.0403
      0.0109
      0.0097
      0.0210
      0.0716
      0.2226
      0.5103
      0.8322
      0.9632
      0.7942
      0.4721
      0.2120
      0.0866
      0.0551
      6.8824
      5.7885
      3.4416
      1.4441
      0.4276
      0.0923
      0.0203
      0.0119
      0.0184
      0.0560
      0.1796
      0.4350
      0.7542
      0.9352
      0.8414
      0.5723
      0.3327
      0.2141
      0.1849
     11.5749
      9.7350
      5.7877
      2.4283
      0.7189
      0.1550
      0.0334
      0.0173
      0.0178
      0.0356
      0.1077
      0.2774
      0.5261
      0.7339
      0.7800
      0.6865
      0.5838
      0.5475
      0.5470
     13.7625
     11.5749
      6.8819
      2.8891
      0.8610
      0.1990
      0.0648
      0.0506
      0.0436
      0.0375
      0.0616
      0.1580
      0.3521
      0.6082
      0.8339
      0.9756
      1.0788
      1.1863
      1.2406
     11.5749
      9.7354
      5.7909
      2.4413
      0.7582
      0.2429
      0.1770
      0.1860
      0.1561
      0.0986
      0.0672
      0.1173
      0.3021
      0.6373
      1.0426
      1.4003
      1.6923
      1.9399
      2.0505
      6.8824
      5.7909
      3.4563
      1.4982
      0.5760
      0.3995
      0.4931
      0.5422
      0.4394
      0.2577
      0.1244
      0.1183
      0.2892
      0.6629
      1.1614
      1.6291
      2.0061
      2.3066
      2.4369
      2.8910
      2.4411
      1.4976
      0.7742
      0.5863
      0.8004
      1.0939
      1.1555
      0.8947
      0.5005
      0.2114
      0.1202
      0.2313
      0.5415
      0.9813
      1.4046
      1.7343
      1.9792
      2.0818
      0.8669
      0.7565
      0.5707
      0.5784
      0.9062
      1.4385
      1.8585
      1.8387
      1.3523
      0.7250
      0.2851
      0.1112
      0.1403
      0.3222
      0.6017
      0.8827
      1.1025
      1.2583
      1.3213
      0.2118
      0.2355
      0.3770
      0.7657
      1.4188
      2.1376
      2.5613
      2.3931
      1.6967
      0.8895
      0.3402
      0.1054
      0.0691
      0.1404
      0.2772
      0.4447
      0.6178
      0.7686
      0.8333
      0.0848
      0.1590
      0.4422
      1.0307
      1.8858
      2.7589
      3.2683
      3.0867
      2.2471
      1.2198
      0.4824
      0.1402
      0.0436
      0.0560
      0.1395
      0.3228
      0.6316
      0.9754
      1.1334
      0.0747
      0.1630
      0.4860
      1.1449
      2.1531
      3.3575
      4.3406
      4.4733
      3.5056
      2.0183
      0.8362
      0.2472
      0.0581
      0.0450
      0.1599
      0.5083
      1.1817
      1.9682
      2.3341
      0.0703
      0.1519
      0.4517
      1.1001
      2.2509
      3.9395
      5.6647
      6.3002
      5.1835
      3.0776
      1.3013
      0.3894
      0.0889
      0.0624
      0.2427
      0.8143
      1.9368
      3.2548
      3.8690
      0.0662
      0.1415
      0.4210
      1.0536
      2.2718
      4.2087
      6.3122
      7.1992
      6.0062
      3.5940
      1.5268
      0.4582
      0.1045
      0.0729
      0.2860
      0.9642
      2.2978
      3.8644
      4.5946
