      0.0000
      0.0000
      0.0000
      0.0000
      0.0000
      0.0000
      0.0000
      0.0000
      0.0000
      0.0000
      0.0000
      0.0000
      0.0000
      0.0000
      0.0000
      0.0000
      0.0000
      0.0000
      0.0000
      0.0000
      0.0000
      0.0000
      0.0000
      0.0000
      0.0000
      0.0000
      0.0000
      0.0000
      0.0000
      0.0000
      0.0000
      0.0000
      0.0000
      0.0000
      0.0000
      0.0000
      0.0000
      0.0000
      0.0000
      0.0000
      0.0000
      0.0000
      0.0000
      0.0000
      0.0000
      0.0000
      0.0000
      0.0000
      0.0000
      0.0000
      0.0000
      0.0000
      0.0000
      0.0000
      0.0000
      0.0000
      0.0000
      0.0000
      0.0000
      0.0000
      0.0000
      0.0000
      0.0000
      0.0000
      0.0000
      0.0000
      0.0000
      0.0000
      0.0000
      0.0000
      0.0000
      0.0000
      0.0000
      0.0000
      0.0000
      0.0000
      0.0000
      0.0000
      0.0000
      0.0000
      0.0000
      0.0000
      0.0000
      0.0000
      0.0000
      0.0000
      0.0000
      0.0001
      0.0003
      0.0003
      0.0001
      0.0000
      0.0000
      0.0000
      0.0000
      0.0023
      0.0011
      0.0001
      0.0000
      0.0000
      0.0000
      0.0000
      0.0000
      0.0000
      0.0000
      0.0000
      0.0005
      0.0027
      0.0039
      0.0014
      0.0001
      0.0000
      0.0000
      0.0000
      0.3016
      0.1508
      0.0188
      0.0006
      0.0000
      0.0000
      0.0000
      0.0000
      0.0000
      0.0000
      0.0000
      0.0009
      0.0067
      0.0118
      0.0052
      0.0006
      0.0000
      0.0000
      0.0000
      9.7803
      4.8901
      0.6097
      0.0188
      0.0001
      0.0000
      0.0000
      0.0000
      0.0000
      0.0000
      0.0000
      0.0005
      0.0042
      0.0090
      0.0049
      0.0007
      0.0000
      0.0001
      0.0003
     78.4496
     39.2248
      4.8901
      0.1508
      0.0011
      0.0000
      0.0000
      0.0000
      0.0000
      0.0000
      0.0000
      0.0001
      0.0006
      0.0017
      0.0013
      0.0004
      0.0023
      0.0177
      0.0353
    156.8993
     78.4496
      9.7803
      0.3016
      0.0023
      0.0000
      0.0000
      0.0000
      0.0000
      0.0000
      0.0000
      0.0000
      0.0001
      0.0011
      0.0053
      0.0088
      0.0736
      0.5725
      1.1443
     78.4496
     39.2248
      4.8901
      0.1508
      0.0011
      0.0000
      0.0001
      0.0001
      0.0001
      0.0000
      0.0000
      0.0000
      0.0004
      0.0088
      0.0513
      0.0920
      0.5996
      4.5921
      9.1787
      9.7803
      4.8901
      0.6097
      0.0188
      0.0002
      0.0007
      0.0053
      0.0101
      0.0048
      0.0006
      0.0000
      0.0000
      0.0007
      0.0184
      0.1247
      0.2457
      1.2335
      9.1881
     18.3573
      0.3016
      0.1508
      0.0188
      0.0006
      0.0006
      0.0157
      0.1052
      0.1764
      0.0740
      0.0077
      0.0002
      0.0000
      0.0003
      0.0096
      0.0758
      0.1666
      0.6455
      4.5982
      9.1789
      0.0023
      0.0011
      0.0002
      0.0006
      0.0073
      0.0935
      0.5185
      0.7647
      0.2833
      0.0261
      0.0006
      0.0000
      0.0000
      0.0012
      0.0115
      0.0285
      0.0864
      0.5743
      1.1444
      0.0000
      0.0000
      0.0004
      0.0097
      0.0654
      0.2124
      0.6670
      0.8309
      0.2711
      0.0221
      0.0004
      0.0000
      0.0000
      0.0000
      0.0004
      0.0012
      0.0030
      0.0183
      0.0364
      0.0000
      0.0000
      0.0021
      0.0449
      0.2402
      0.3601
      0.3259
      0.2930
      0.0976
      0.0090
      0.0002
      0.0000
      0.0000
      0.0000
      0.0000
      0.0003
      0.0092
      0.0740
      0.1480
      0.0000
      0.0000
      0.0028
      0.0519
      0.2400
      0.3795
      1.0079
      1.9927
      1.0650
      0.1426
      0.0047
      0.0000
      0.0000
      0.0000
      0.0001
      0.0092
      0.2987
      2.3960
      4.7921
      0.0000
      0.0000
      0.0010
      0.0152
      0.0833
      0.9091
      7.3648
     15.8204
      8.5115
      1.1422
      0.0379
      0.0003
      0.0000
      0.0000
      0.0006
      0.0739
      2.3960
     19.2191
     38.4383
      0.0000
      0.0000
      0.0002
      0.0025
      0.0560
      1.7088
     14.7020
     31.6386
     17.0228
      2.2843
      0.0759
      0.0006
      0.0000
      0.0000
      0.0011
      0.1478
      4.7921
     38.4383
     76.8765
