      0.2031
      0.2238
      0.2668
      0.2936
      0.2828
      0.2454
      0.2077
      0.1869
      0.1860
      0.1990
      0.2126
      0.2085
      0.1758
      0.1229
      0.0700
      0.0325
      0.0127
      0.0050
      0.0032
      0.2062
      0.2240
      0.2600
      0.2795
      0.2641
      0.2256
      0.1889
      0.1694
      0.1693
      0.1830
      0.1982
      0.1973
      0.1694
      0.1208
      0.0705
      0.0335
      0.0134
      0.0053
      0.0033
      0.2236
      0.2326
      0.2474
      0.2453
      0.2176
      0.1773
      0.1442
      0.1289
      0.1312
      0.1460
      0.1636
      0.1697
      0.1530
      0.1155
      0.0719
      0.0367
      0.0158
      0.0065
      0.0040
      0.3098
      0.3002
      0.2711
      0.2253
      0.1726
      0.1277
      0.1005
      0.0920
      0.0970
      0.1109
      0.1283
      0.1400
      0.1352
      0.1111
      0.0761
      0.0436
      0.0216
      0.0107
      0.0076
      0.6325
      0.5796
      0.4483
      0.2979
      0.1787
      0.1096
      0.0827
      0.0799
      0.0860
      0.0952
      0.1077
      0.1207
      0.1255
      0.1143
      0.0889
      0.0602
      0.0384
      0.0269
      0.0235
      1.4874
      1.3382
      0.9763
      0.5832
      0.2973
      0.1504
      0.1016
      0.0960
      0.0981
      0.0982
      0.1022
      0.1143
      0.1278
      0.1310
      0.1199
      0.1025
      0.0892
      0.0837
      0.0828
      3.1314
      2.8064
      2.0215
      1.1767
      0.5696
      0.2595
      0.1505
      0.1262
      0.1172
      0.1057
      0.1013
      0.1140
      0.1401
      0.1668
      0.1870
      0.2053
      0.2284
      0.2518
      0.2621
      5.4136
      4.8482
      3.4838
      2.0162
      0.9600
      0.4135
      0.2095
      0.1516
      0.1270
      0.1051
      0.0964
      0.1153
      0.1637
      0.2336
      0.3203
      0.4261
      0.5455
      0.6482
      0.6898
      7.5355
      6.7477
      4.8467
      2.8013
      1.3261
      0.5559
      0.2589
      0.1671
      0.1286
      0.1003
      0.0919
      0.1230
      0.2058
      0.3452
      0.5466
      0.8124
      1.1148
      1.3710
      1.4735
      8.4150
      7.5358
      5.4148
      3.1339
      1.4906
      0.6334
      0.3019
      0.1967
      0.1494
      0.1133
      0.1017
      0.1437
      0.2662
      0.4924
      0.8436
      1.3249
      1.8791
      2.3493
      2.5372
      7.5355
      6.7510
      4.8609
      2.8361
      1.3906
      0.6525
      0.3782
      0.2890
      0.2310
      0.1712
      0.1376
      0.1743
      0.3230
      0.6222
      1.1077
      1.7878
      2.5776
      3.2495
      3.5182
      5.4136
      4.8581
      3.5264
      2.1197
      1.1489
      0.6913
      0.5450
      0.4850
      0.3981
      0.2839
      0.1981
      0.2012
      0.3421
      0.6629
      1.2036
      1.9724
      2.8702
      3.6355
      3.9417
      3.1314
      2.8287
      2.1167
      1.4028
      0.9713
      0.8325
      0.8208
      0.7709
      0.6236
      0.4252
      0.2636
      0.2100
      0.3067
      0.5853
      1.0778
      1.7900
      2.6269
      3.3417
      3.6278
      1.4874
      1.3785
      1.1455
      0.9747
      0.9695
      1.0736
      1.1404
      1.0582
      0.8263
      0.5383
      0.3052
      0.1958
      0.2349
      0.4368
      0.8251
      1.4067
      2.1029
      2.7029
      2.9439
      0.6325
      0.6385
      0.6912
      0.8457
      1.0877
      1.3094
      1.3774
      1.2302
      0.9209
      0.5745
      0.3051
      0.1661
      0.1647
      0.3082
      0.6275
      1.1460
      1.7977
      2.3741
      2.6082
      0.3098
      0.3699
      0.5554
      0.8529
      1.1836
      1.4148
      1.4353
      1.2298
      0.8860
      0.5341
      0.2721
      0.1356
      0.1265
      0.2668
      0.6236
      1.2583
      2.1013
      2.8684
      3.1836
      0.2236
      0.3012
      0.5251
      0.8492
      1.1693
      1.3558
      1.3285
      1.1040
      0.7776
      0.4620
      0.2332
      0.1169
      0.1251
      0.3145
      0.8121
      1.7339
      2.9883
      4.1442
      4.6217
      0.2062
      0.2846
      0.5042
      0.8060
      1.0834
      1.2239
      1.1738
      0.9632
      0.6771
      0.4056
      0.2084
      0.1112
      0.1420
      0.3939
      1.0520
      2.2830
      3.9689
      5.5277
      6.1725
      0.2031
      0.2798
      0.4925
      0.7793
      1.0356
      1.1581
      1.1035
      0.9043
      0.6384
      0.3858
      0.2010
      0.1109
      0.1515
      0.4314
      1.1600
      2.5248
      4.3961
      6.1274
      6.8437
