      0.0000
      0.0000
      0.0000
      0.0000
      0.0000
      0.0000
      0.0000
      0.0000
      0.0000
      0.0000
      0.0000
      0.0000
      0.0000
      0.0000
      0.0000
      0.0000
      0.0000
      0.0000
      0.0000
      0.0000
      0.0000
      0.0000
      0.0000
      0.0000
      0.0000
      0.0000
      0.0000
      0.0000
      0.0000
      0.0000
      0.0000
      0.0000
      0.0000
      0.0000
      0.0000
      0.0000
      0.0000
      0.0000
      0.0000
      0.0000
      0.0000
      0.0000
      0.0000
      0.0000
      0.0000
      0.0000
      0.0000
      0.0000
      0.0000
      0.0000
      0.0000
      0.0000
      0.0000
      0.0000
      0.0000
      0.0000
      0.0000
      0.0000
      0.0000
      0.0000
      0.0000
      0.0000
      0.0000
      0.0000
      0.0000
      0.0000
      0.0000
      0.0000
      0.0000
      0.0000
      0.0000
      0.0000
      0.0000
      0.0000
      0.0000
      0.0000
      0.0000
      0.0000
      0.0000
      0.0000
      0.0000
      0.0000
      0.0000
      0.0000
      0.0000
      0.0000
      0.0000
      0.0000
      0.0002
      0.0002
      0.0001
      0.0000
      0.0000
      0.0000
      0.0000
      0.0008
      0.0004
      0.0001
      0.0000
      0.0000
      0.0000
      0.0000
      0.0000
      0.0000
      0.0000
      0.0000
      0.0003
      0.0019
      0.0027
      0.0010
      0.0001
      0.0000
      0.0000
      0.0000
      0.1084
      0.0542
      0.0068
      0.0002
      0.0000
      0.0000
      0.0000
      0.0000
      0.0000
      0.0000
      0.0000
      0.0007
      0.0046
      0.0081
      0.0036
      0.0004
      0.0000
      0.0000
      0.0000
      3.5159
      1.7580
      0.2192
      0.0068
      0.0001
      0.0000
      0.0000
      0.0000
      0.0000
      0.0000
      0.0000
      0.0003
      0.0029
      0.0062
      0.0033
      0.0005
      0.0001
      0.0004
      0.0008
     28.2019
     14.1009
      1.7580
      0.0542
      0.0004
      0.0000
      0.0000
      0.0000
      0.0000
      0.0000
      0.0000
      0.0000
      0.0004
      0.0012
      0.0010
      0.0006
      0.0071
      0.0564
      0.1129
     56.4038
     28.2019
      3.5159
      0.1084
      0.0008
      0.0000
      0.0000
      0.0000
      0.0000
      0.0000
      0.0000
      0.0000
      0.0001
      0.0019
      0.0094
      0.0187
      0.2319
      1.8304
      3.6601
     28.2019
     14.1009
      1.7580
      0.0542
      0.0004
      0.0000
      0.0001
      0.0003
      0.0001
      0.0000
      0.0000
      0.0000
      0.0007
      0.0156
      0.0912
      0.1883
      1.8782
     14.6837
     29.3583
      3.5159
      1.7580
      0.2192
      0.0068
      0.0001
      0.0012
      0.0094
      0.0179
      0.0085
      0.0010
      0.0000
      0.0000
      0.0012
      0.0326
      0.2216
      0.4861
      3.8180
     29.3749
     58.7169
      0.1084
      0.0542
      0.0068
      0.0002
      0.0011
      0.0278
      0.1865
      0.3130
      0.1313
      0.0137
      0.0004
      0.0000
      0.0005
      0.0170
      0.1346
      0.3207
      1.9602
     14.6950
     29.3589
      0.0008
      0.0004
      0.0001
      0.0005
      0.0092
      0.1590
      0.9168
      1.3562
      0.5025
      0.0464
      0.0011
      0.0000
      0.0001
      0.0022
      0.0204
      0.0538
      0.2550
      1.8339
      3.6603
      0.0000
      0.0000
      0.0003
      0.0074
      0.0550
      0.2827
      1.1469
      1.4701
      0.4806
      0.0392
      0.0008
      0.0000
      0.0000
      0.0001
      0.0008
      0.0023
      0.0085
      0.0573
      0.1142
      0.0000
      0.0000
      0.0016
      0.0338
      0.1830
      0.3133
      0.4408
      0.4451
      0.1374
      0.0113
      0.0002
      0.0000
      0.0000
      0.0000
      0.0000
      0.0003
      0.0106
      0.0847
      0.1693
      0.0000
      0.0000
      0.0021
      0.0391
      0.1806
      0.2825
      0.7155
      1.3900
      0.7382
      0.0986
      0.0033
      0.0000
      0.0000
      0.0000
      0.0001
      0.0105
      0.3406
      2.7320
      5.4640
      0.0000
      0.0000
      0.0007
      0.0114
      0.0611
      0.6303
      5.0768
     10.9034
      5.8660
      0.7872
      0.0261
      0.0002
      0.0000
      0.0000
      0.0006
      0.0842
      2.7320
     21.9137
     43.8275
      0.0000
      0.0000
      0.0001
      0.0019
      0.0391
      1.1780
     10.1324
     21.8047
     11.7318
      1.5743
      0.0523
      0.0004
      0.0000
      0.0000
      0.0013
      0.1685
      5.4640
     43.8275
     87.6550
