      0.0012
      0.0029
      0.0071
      0.0096
      0.0071
      0.0028
      0.0007
      0.0003
      0.0010
      0.0044
      0.0109
      0.0147
      0.0106
      0.0042
      0.0009
      0.0001
      0.0000
      0.0000
      0.0000
      0.0017
      0.0037
      0.0082
      0.0101
      0.0068
      0.0025
      0.0006
      0.0002
      0.0008
      0.0036
      0.0096
      0.0139
      0.0110
      0.0048
      0.0011
      0.0001
      0.0000
      0.0000
      0.0000
      0.0022
      0.0043
      0.0081
      0.0087
      0.0051
      0.0016
      0.0003
      0.0001
      0.0004
      0.0020
      0.0061
      0.0105
      0.0100
      0.0053
      0.0016
      0.0003
      0.0000
      0.0000
      0.0000
      0.0021
      0.0031
      0.0049
      0.0045
      0.0023
      0.0006
      0.0001
      0.0000
      0.0001
      0.0009
      0.0036
      0.0089
      0.0128
      0.0107
      0.0051
      0.0013
      0.0002
      0.0000
      0.0000
      0.0121
      0.0095
      0.0049
      0.0020
      0.0006
      0.0001
      0.0000
      0.0000
      0.0001
      0.0010
      0.0063
      0.0225
      0.0439
      0.0465
      0.0267
      0.0083
      0.0014
      0.0001
      0.0000
      0.1893
      0.1392
      0.0554
      0.0119
      0.0014
      0.0001
      0.0001
      0.0002
      0.0003
      0.0019
      0.0136
      0.0546
      0.1187
      0.1393
      0.0883
      0.0302
      0.0056
      0.0006
      0.0001
      1.6602
      1.2202
      0.4839
      0.1032
      0.0118
      0.0008
      0.0003
      0.0004
      0.0005
      0.0022
      0.0169
      0.0745
      0.1775
      0.2284
      0.1589
      0.0600
      0.0129
      0.0030
      0.0023
      7.7877
      5.7236
      2.2696
      0.4838
      0.0552
      0.0035
      0.0005
      0.0005
      0.0005
      0.0014
      0.0114
      0.0551
      0.1445
      0.2053
      0.1600
      0.0719
      0.0284
      0.0285
      0.0349
     19.6395
     14.4342
      5.7236
      1.2202
      0.1391
      0.0086
      0.0007
      0.0006
      0.0004
      0.0006
      0.0042
      0.0231
      0.0703
      0.1240
      0.1361
      0.1141
      0.1342
      0.2346
      0.3030
     26.7220
     19.6395
      7.7877
      1.6602
      0.1894
      0.0125
      0.0033
      0.0044
      0.0035
      0.0016
      0.0015
      0.0095
      0.0484
      0.1538
      0.2983
      0.4014
      0.6045
      1.0950
      1.4170
     19.6395
     14.4342
      5.7236
      1.2205
      0.1420
      0.0228
      0.0376
      0.0524
      0.0398
      0.0164
      0.0044
      0.0116
      0.0825
      0.3330
      0.7499
      1.0852
      1.5936
      2.7834
      3.5764
      7.7877
      5.7236
      2.2698
      0.4870
      0.0796
      0.1114
      0.2631
      0.3484
      0.2500
      0.0969
      0.0210
      0.0151
      0.1046
      0.4561
      1.0987
      1.6500
      2.3243
      3.8515
      4.8887
      1.6602
      1.2203
      0.4860
      0.1218
      0.1261
      0.4461
      1.0014
      1.2453
      0.8434
      0.3089
      0.0613
      0.0148
      0.0733
      0.3410
      0.8760
      1.3708
      1.8645
      2.9058
      3.6262
      0.1893
      0.1403
      0.0673
      0.0860
      0.3310
      1.0458
      2.0948
      2.4152
      1.5379
      0.5319
      0.0992
      0.0128
      0.0280
      0.1377
      0.3778
      0.6197
      0.8249
      1.2076
      1.4761
      0.0121
      0.0136
      0.0461
      0.2051
      0.6471
      1.5133
      2.5168
      2.6180
      1.5583
      0.5104
      0.0904
      0.0091
      0.0060
      0.0300
      0.0897
      0.1686
      0.2797
      0.4767
      0.6024
      0.0021
      0.0120
      0.0869
      0.3589
      0.8970
      1.5662
      2.1058
      2.0069
      1.1798
      0.3959
      0.0736
      0.0075
      0.0010
      0.0046
      0.0286
      0.1749
      0.7533
      1.8676
      2.5342
      0.0022
      0.0144
      0.0986
      0.3766
      0.8807
      1.5588
      2.4085
      2.7624
      1.9319
      0.7584
      0.1626
      0.0188
      0.0014
      0.0053
      0.0836
      0.7290
      3.4151
      8.6100
     11.7144
      0.0017
      0.0101
      0.0653
      0.2501
      0.7164
      1.9509
      4.2549
      5.7206
      4.2917
      1.7508
      0.3849
      0.0453
      0.0032
      0.0127
      0.2091
      1.8351
      8.6079
     21.7080
     29.5364
      0.0012
      0.0068
      0.0424
      0.1737
      0.6474
      2.2862
      5.5284
      7.6508
      5.7895
      2.3699
      0.5220
      0.0615
      0.0044
      0.0173
      0.2845
      2.4968
     11.7120
     29.5363
     40.1878
