      0.0021
      0.0049
      0.0121
      0.0165
      0.0121
      0.0048
      0.0011
      0.0003
      0.0009
      0.0039
      0.0096
      0.0129
      0.0094
      0.0037
      0.0008
      0.0001
      0.0000
      0.0000
      0.0000
      0.0029
      0.0063
      0.0140
      0.0173
      0.0117
      0.0043
      0.0009
      0.0002
      0.0007
      0.0032
      0.0085
      0.0123
      0.0097
      0.0042
      0.0010
      0.0001
      0.0000
      0.0000
      0.0000
      0.0038
      0.0073
      0.0139
      0.0149
      0.0087
      0.0028
      0.0005
      0.0001
      0.0003
      0.0017
      0.0053
      0.0090
      0.0083
      0.0043
      0.0012
      0.0002
      0.0000
      0.0000
      0.0000
      0.0036
      0.0054
      0.0084
      0.0077
      0.0039
      0.0011
      0.0002
      0.0000
      0.0001
      0.0006
      0.0024
      0.0052
      0.0065
      0.0047
      0.0020
      0.0005
      0.0001
      0.0000
      0.0000
      0.0219
      0.0170
      0.0087
      0.0034
      0.0011
      0.0002
      0.0000
      0.0000
      0.0001
      0.0004
      0.0021
      0.0072
      0.0135
      0.0140
      0.0079
      0.0024
      0.0004
      0.0000
      0.0000
      0.3429
      0.2522
      0.1003
      0.0216
      0.0026
      0.0002
      0.0001
      0.0001
      0.0001
      0.0006
      0.0040
      0.0160
      0.0346
      0.0406
      0.0257
      0.0088
      0.0016
      0.0002
      0.0000
      3.0074
      2.2104
      0.8765
      0.1869
      0.0213
      0.0013
      0.0002
      0.0002
      0.0002
      0.0007
      0.0049
      0.0217
      0.0516
      0.0665
      0.0465
      0.0179
      0.0042
      0.0011
      0.0009
     14.1072
     10.3682
      4.1113
      0.8765
      0.0999
      0.0061
      0.0004
      0.0003
      0.0003
      0.0005
      0.0033
      0.0161
      0.0426
      0.0617
      0.0506
      0.0263
      0.0132
      0.0118
      0.0130
     35.5767
     26.1474
     10.3682
      2.2103
      0.2518
      0.0153
      0.0008
      0.0004
      0.0003
      0.0002
      0.0013
      0.0074
      0.0250
      0.0526
      0.0736
      0.0753
      0.0747
      0.0937
      0.1093
     48.4065
     35.5767
     14.1072
      3.0074
      0.3428
      0.0216
      0.0032
      0.0038
      0.0030
      0.0013
      0.0009
      0.0056
      0.0341
      0.1217
      0.2497
      0.3157
      0.3333
      0.4251
      0.5013
     35.5767
     26.1474
     10.3682
      2.2106
      0.2545
      0.0280
      0.0335
      0.0463
      0.0352
      0.0144
      0.0039
      0.0099
      0.0719
      0.2923
      0.6529
      0.8579
      0.8795
      1.0714
      1.2523
     14.1072
     10.3682
      4.1116
      0.8797
      0.1227
      0.1033
      0.2339
      0.3084
      0.2210
      0.0857
      0.0186
      0.0133
      0.0923
      0.4023
      0.9559
      1.3085
      1.3136
      1.4957
      1.7093
      3.0074
      2.2106
      0.8795
      0.2088
      0.1364
      0.4144
      0.8994
      1.1061
      0.7463
      0.2730
      0.0542
      0.0130
      0.0647
      0.3006
      0.7616
      1.0962
      1.0940
      1.1561
      1.2776
      0.3429
      0.2540
      0.1190
      0.1245
      0.3840
      1.0408
      1.9314
      2.1629
      1.3635
      0.4700
      0.0875
      0.0113
      0.0247
      0.1214
      0.3285
      0.5005
      0.5057
      0.5013
      0.5332
      0.0219
      0.0241
      0.0769
      0.3199
      0.8802
      1.7041
      2.4468
      2.3678
      1.3689
      0.4426
      0.0778
      0.0078
      0.0053
      0.0264
      0.0775
      0.1338
      0.1759
      0.2413
      0.2874
      0.0036
      0.0205
      0.1469
      0.5885
      1.3500
      1.9568
      2.0586
      1.6238
      0.8526
      0.2648
      0.0459
      0.0044
      0.0008
      0.0037
      0.0201
      0.1091
      0.4525
      1.1127
      1.5079
      0.0038
      0.0245
      0.1669
      0.6168
      1.2773
      1.6254
      1.5397
      1.2325
      0.7259
      0.2625
      0.0536
      0.0060
      0.0005
      0.0032
      0.0502
      0.4364
      2.0430
      5.1501
      7.0069
      0.0029
      0.0172
      0.1087
      0.3771
      0.7684
      1.1357
      1.5688
      1.7860
      1.2808
      0.5157
      0.1128
      0.0132
      0.0011
      0.0076
      0.1251
      1.0977
      5.1491
     12.9853
     17.6682
      0.0021
      0.0115
      0.0686
      0.2298
      0.4968
      0.9536
      1.7568
      2.2690
      1.6916
      0.6901
      0.1519
      0.0179
      0.0014
      0.0103
      0.1702
      1.4935
      7.0059
     17.6681
     24.0397
