      0.2164
      0.2238
      0.2411
      0.2583
      0.2704
      0.2840
      0.3146
      0.3774
      0.4736
      0.5827
      0.6647
      0.6793
      0.6103
      0.4773
      0.3238
      0.1913
      0.1010
      0.0530
      0.0385
      0.2271
      0.2327
      0.2453
      0.2567
      0.2636
      0.2732
      0.3006
      0.3595
      0.4509
      0.5550
      0.6346
      0.6512
      0.5888
      0.4644
      0.3183
      0.1903
      0.1017
      0.0539
      0.0394
      0.2688
      0.2686
      0.2662
      0.2594
      0.2506
      0.2494
      0.2688
      0.3186
      0.3971
      0.4873
      0.5585
      0.5787
      0.5322
      0.4298
      0.3036
      0.1881
      0.1047
      0.0578
      0.0431
      0.3742
      0.3624
      0.3307
      0.2894
      0.2528
      0.2348
      0.2445
      0.2833
      0.3445
      0.4136
      0.4694
      0.4897
      0.4607
      0.3861
      0.2865
      0.1890
      0.1137
      0.0689
      0.0544
      0.6010
      0.5687
      0.4855
      0.3844
      0.3006
      0.2556
      0.2522
      0.2790
      0.3204
      0.3635
      0.3978
      0.4127
      0.3983
      0.3515
      0.2812
      0.2049
      0.1407
      0.0997
      0.0859
      1.0092
      0.9443
      0.7788
      0.5812
      0.4195
      0.3279
      0.3012
      0.3109
      0.3297
      0.3448
      0.3559
      0.3643
      0.3642
      0.3469
      0.3093
      0.2590
      0.2102
      0.1760
      0.1639
      1.6058
      1.4961
      1.2169
      0.8845
      0.6106
      0.4473
      0.3809
      0.3645
      0.3573
      0.3461
      0.3397
      0.3488
      0.3714
      0.3928
      0.3982
      0.3842
      0.3595
      0.3377
      0.3292
      2.2877
      2.1286
      1.7235
      1.2401
      0.8376
      0.5882
      0.4712
      0.4222
      0.3887
      0.3570
      0.3431
      0.3662
      0.4269
      0.5044
      0.5717
      0.6120
      0.6260
      0.6258
      0.6241
      2.8465
      2.6483
      2.1439
      1.5416
      1.0378
      0.7202
      0.5623
      0.4861
      0.4310
      0.3843
      0.3702
      0.4168
      0.5286
      0.6801
      0.8306
      0.9467
      1.0172
      1.0500
      1.0588
      3.0640
      2.8536
      2.3191
      1.6847
      1.1592
      0.8323
      0.6703
      0.5862
      0.5159
      0.4523
      0.4318
      0.4957
      0.6568
      0.8869
      1.1314
      1.3375
      1.4779
      1.5531
      1.5759
      2.8465
      2.6585
      2.1849
      1.6338
      1.1953
      0.9425
      0.8290
      0.7611
      0.6769
      0.5816
      0.5307
      0.5855
      0.7712
      1.0605
      1.3869
      1.6787
      1.8904
      2.0109
      2.0490
      2.2877
      2.1510
      1.8142
      1.4440
      1.1859
      1.0785
      1.0562
      1.0193
      0.9133
      0.7627
      0.6490
      0.6567
      0.8261
      1.1339
      1.5074
      1.8613
      2.1328
      2.2959
      2.3493
      1.6058
      1.5325
      1.3647
      1.2170
      1.1771
      1.2411
      1.3201
      1.3104
      1.1698
      0.9467
      0.7488
      0.6815
      0.7977
      1.0813
      1.4628
      1.8526
      2.1743
      2.3805
      2.4510
      1.0092
      0.9936
      0.9787
      1.0297
      1.1802
      1.3858
      1.5394
      1.5386
      1.3573
      1.0660
      0.7911
      0.6495
      0.7016
      0.9425
      1.3164
      1.7409
      2.1269
      2.3957
      2.4919
      0.6010
      0.6257
      0.7162
      0.8993
      1.1675
      1.4492
      1.6304
      1.6190
      1.4059
      1.0755
      0.7594
      0.5741
      0.5839
      0.8000
      1.1916
      1.6908
      2.1926
      2.5690
      2.7093
      0.3742
      0.4198
      0.5621
      0.8028
      1.1092
      1.3993
      1.5663
      1.5351
      1.3114
      0.9820
      0.6705
      0.4844
      0.4916
      0.7256
      1.1882
      1.8286
      2.5172
      3.0581
      3.2644
      0.2688
      0.3207
      0.4752
      0.7197
      1.0106
      1.2680
      1.4007
      1.3528
      1.1391
      0.8404
      0.5648
      0.4086
      0.4455
      0.7346
      1.3111
      2.1388
      3.0575
      3.7944
      4.0783
      0.2271
      0.2783
      0.4276
      0.6555
      0.9156
      1.1349
      1.2371
      1.1806
      0.9841
      0.7204
      0.4835
      0.3617
      0.4348
      0.7831
      1.4672
      2.4607
      3.5760
      4.4777
      4.8263
      0.2164
      0.2665
      0.4117
      0.6305
      0.8764
      1.0797
      1.1701
      1.1113
      0.9231
      0.6743
      0.4536
      0.3464
      0.4353
      0.8087
      1.5372
      2.5972
      3.7906
      4.7571
      5.1312
