      0.0125
      0.0152
      0.0206
      0.0233
      0.0207
      0.0160
      0.0132
      0.0120
      0.0102
      0.0080
      0.0071
      0.0071
      0.0065
      0.0046
      0.0024
      0.0009
      0.0003
      0.0001
      0.0000
      0.0128
      0.0153
      0.0202
      0.0222
      0.0191
      0.0142
      0.0113
      0.0102
      0.0091
      0.0085
      0.0103
      0.0138
      0.0153
      0.0126
      0.0076
      0.0032
      0.0010
      0.0002
      0.0001
      0.0151
      0.0166
      0.0191
      0.0187
      0.0146
      0.0099
      0.0074
      0.0069
      0.0080
      0.0138
      0.0285
      0.0498
      0.0643
      0.0594
      0.0391
      0.0182
      0.0060
      0.0014
      0.0005
      0.0419
      0.0379
      0.0286
      0.0185
      0.0106
      0.0060
      0.0045
      0.0057
      0.0116
      0.0325
      0.0832
      0.1608
      0.2230
      0.2195
      0.1530
      0.0754
      0.0262
      0.0065
      0.0022
      0.2337
      0.1979
      0.1205
      0.0535
      0.0184
      0.0067
      0.0058
      0.0097
      0.0226
      0.0680
      0.1859
      0.3809
      0.5580
      0.5796
      0.4261
      0.2214
      0.0813
      0.0217
      0.0080
      1.1090
      0.9332
      0.5558
      0.2344
      0.0714
      0.0199
      0.0133
      0.0193
      0.0374
      0.1056
      0.2977
      0.6413
      0.9896
      1.0826
      0.8384
      0.4598
      0.1798
      0.0537
      0.0236
      3.7540
      3.1574
      1.8775
      0.7886
      0.2363
      0.0587
      0.0275
      0.0309
      0.0470
      0.1175
      0.3379
      0.7643
      1.2418
      1.4305
      1.1682
      0.6802
      0.2928
      0.1121
      0.0688
      8.9493
      7.5267
      4.4751
      1.8786
      0.5599
      0.1299
      0.0436
      0.0367
      0.0439
      0.0936
      0.2716
      0.6447
      1.1032
      1.3401
      1.1608
      0.7381
      0.3928
      0.2466
      0.2193
     15.0531
     12.6603
      7.5271
      3.1590
      0.9382
      0.2084
      0.0533
      0.0323
      0.0304
      0.0535
      0.1545
      0.3851
      0.6953
      0.8965
      0.8460
      0.6519
      0.5479
      0.5948
      0.6450
     17.8983
     15.0532
      8.9497
      3.7555
      1.1130
      0.2411
      0.0510
      0.0223
      0.0166
      0.0226
      0.0626
      0.1635
      0.3143
      0.4430
      0.5041
      0.5970
      0.8754
      1.2749
      1.4740
     15.0531
     12.6603
      7.5272
      3.1588
      0.9363
      0.2022
      0.0414
      0.0167
      0.0111
      0.0097
      0.0194
      0.0510
      0.1079
      0.1853
      0.3196
      0.6485
      1.2995
      2.0795
      2.4464
      8.9493
      7.5270
      4.4762
      1.8815
      0.5641
      0.1325
      0.0405
      0.0260
      0.0188
      0.0114
      0.0082
      0.0142
      0.0350
      0.0889
      0.2480
      0.6752
      1.4936
      2.4506
      2.8963
      3.7540
      3.1584
      1.8829
      0.8039
      0.2665
      0.1026
      0.0754
      0.0678
      0.0502
      0.0281
      0.0122
      0.0071
      0.0151
      0.0530
      0.1864
      0.5547
      1.2582
      2.0781
      2.4595
      1.1090
      0.9365
      0.5726
      0.2826
      0.1708
      0.1792
      0.2151
      0.2159
      0.1660
      0.0944
      0.0390
      0.0129
      0.0095
      0.0317
      0.1207
      0.3709
      0.8504
      1.4095
      1.6696
      0.2337
      0.2051
      0.1590
      0.1700
      0.2820
      0.4821
      0.6842
      0.7487
      0.6078
      0.3575
      0.1503
      0.0454
      0.0140
      0.0272
      0.1133
      0.3682
      0.8638
      1.4442
      1.7145
      0.0419
      0.0502
      0.0981
      0.2538
      0.6218
      1.2564
      1.9610
      2.2694
      1.9018
      1.1392
      0.4840
      0.1458
      0.0381
      0.0559
      0.2465
      0.8300
      1.9746
      3.3187
      3.9452
      0.0151
      0.0334
      0.1239
      0.4252
      1.2108
      2.6784
      4.3970
      5.2241
      4.4367
      2.6760
      1.1413
      0.3442
      0.0886
      0.1259
      0.5592
      1.8920
      4.5100
      7.5855
      9.0190
      0.0128
      0.0349
      0.1554
      0.6043
      1.8655
      4.3140
      7.2398
      8.6918
      7.4182
      4.4850
      1.9151
      0.5779
      0.1486
      0.2106
      0.9365
      3.1697
      7.5572
     12.7116
     15.1142
      0.0125
      0.0357
      0.1684
      0.6837
      2.1654
      5.0724
      8.5635
     10.3088
      8.8091
      5.3290
      2.2761
      0.6869
      0.1767
      0.2503
      1.1131
      3.7676
      8.9828
     15.1097
     17.9656
