      0.0428
      0.0567
      0.0854
      0.1008
      0.0880
      0.0610
      0.0417
      0.0373
      0.0473
      0.0735
      0.1074
      0.1224
      0.1016
      0.0601
      0.0252
      0.0075
      0.0016
      0.0002
      0.0001
      0.0455
      0.0585
      0.0844
      0.0960
      0.0811
      0.0544
      0.0360
      0.0316
      0.0405
      0.0646
      0.0973
      0.1150
      0.0995
      0.0619
      0.0276
      0.0088
      0.0020
      0.0003
      0.0001
      0.0481
      0.0582
      0.0760
      0.0793
      0.0619
      0.0383
      0.0232
      0.0196
      0.0262
      0.0457
      0.0764
      0.1014
      0.1001
      0.0725
      0.0382
      0.0147
      0.0041
      0.0008
      0.0002
      0.0513
      0.0553
      0.0601
      0.0543
      0.0378
      0.0210
      0.0118
      0.0101
      0.0155
      0.0328
      0.0670
      0.1091
      0.1325
      0.1176
      0.0755
      0.0349
      0.0116
      0.0028
      0.0010
      0.1101
      0.0987
      0.0719
      0.0434
      0.0222
      0.0107
      0.0071
      0.0083
      0.0145
      0.0349
      0.0853
      0.1650
      0.2333
      0.2364
      0.1707
      0.0878
      0.0325
      0.0094
      0.0042
      0.4284
      0.3625
      0.2201
      0.0969
      0.0325
      0.0116
      0.0099
      0.0136
      0.0209
      0.0460
      0.1184
      0.2490
      0.3812
      0.4157
      0.3224
      0.1794
      0.0754
      0.0303
      0.0201
      1.4201
      1.1949
      0.7116
      0.3002
      0.0919
      0.0266
      0.0181
      0.0218
      0.0273
      0.0510
      0.1313
      0.2916
      0.4739
      0.5501
      0.4590
      0.2871
      0.1589
      0.1104
      0.1031
      3.3785
      2.8416
      1.6898
      0.7102
      0.2140
      0.0552
      0.0271
      0.0269
      0.0278
      0.0425
      0.1070
      0.2506
      0.4361
      0.5504
      0.5212
      0.4201
      0.3775
      0.4191
      0.4536
      5.6817
      4.7786
      2.8413
      1.1936
      0.3581
      0.0878
      0.0352
      0.0300
      0.0265
      0.0299
      0.0670
      0.1676
      0.3274
      0.4865
      0.5959
      0.7184
      0.9757
      1.3229
      1.4948
      6.7555
      5.6817
      3.3786
      1.4206
      0.4305
      0.1155
      0.0607
      0.0584
      0.0495
      0.0366
      0.0459
      0.1127
      0.2678
      0.5140
      0.8463
      1.3510
      2.1619
      3.0961
      3.5352
      5.6817
      4.7790
      2.8440
      1.2050
      0.3938
      0.1695
      0.1705
      0.1907
      0.1609
      0.1006
      0.0640
      0.1057
      0.2834
      0.6472
      1.2325
      2.1617
      3.5956
      5.1982
      5.9435
      3.3785
      2.8434
      1.7017
      0.7568
      0.3487
      0.3444
      0.4822
      0.5445
      0.4458
      0.2627
      0.1264
      0.1185
      0.2951
      0.7176
      1.4389
      2.5864
      4.3142
      6.2159
      7.0958
      1.4201
      1.2014
      0.7499
      0.4354
      0.4453
      0.7263
      1.0521
      1.1412
      0.8968
      0.5061
      0.2149
      0.1228
      0.2412
      0.5967
      1.2304
      2.2333
      3.7061
      5.3009
      6.0347
      0.4284
      0.3794
      0.3133
      0.3933
      0.7257
      1.2554
      1.7119
      1.7527
      1.3151
      0.7127
      0.2820
      0.1115
      0.1467
      0.3581
      0.7605
      1.4046
      2.3363
      3.3302
      3.7844
      0.1101
      0.1313
      0.2425
      0.5426
      1.0768
      1.7252
      2.1728
      2.0971
      1.5105
      0.7949
      0.3031
      0.0951
      0.0705
      0.1619
      0.3758
      0.7706
      1.3880
      2.0609
      2.3689
      0.0513
      0.1012
      0.2936
      0.7046
      1.3301
      2.0058
      2.4249
      2.3027
      1.6641
      0.8897
      0.3454
      0.0999
      0.0392
      0.0828
      0.2732
      0.7740
      1.7049
      2.7795
      3.2780
      0.0481
      0.1058
      0.3176
      0.7513
      1.4135
      2.1901
      2.7944
      2.8328
      2.1840
      1.2390
      0.5069
      0.1494
      0.0456
      0.0992
      0.4366
      1.4473
      3.4199
      5.7326
      6.8100
      0.0455
      0.0981
      0.2898
      0.6966
      1.3954
      2.3851
      3.3634
      3.6905
      3.0094
      1.7759
      0.7478
      0.2247
      0.0676
      0.1522
      0.7020
      2.3736
      5.6547
      9.5084
     11.3046
      0.0428
      0.0910
      0.2677
      0.6563
      1.3767
      2.4871
      3.6674
      4.1419
      3.4365
      2.0495
      0.8690
      0.2623
      0.0792
      0.1795
      0.8316
      2.8163
      6.7139
     11.2926
     13.4268
