      0.0001
      0.0001
      0.0003
      0.0005
      0.0004
      0.0003
      0.0005
      0.0007
      0.0008
      0.0015
      0.0033
      0.0044
      0.0032
      0.0012
      0.0003
      0.0000
      0.0000
      0.0000
      0.0000
      0.0001
      0.0002
      0.0004
      0.0005
      0.0004
      0.0003
      0.0004
      0.0005
      0.0006
      0.0012
      0.0029
      0.0041
      0.0033
      0.0014
      0.0003
      0.0000
      0.0000
      0.0000
      0.0000
      0.0001
      0.0002
      0.0004
      0.0004
      0.0003
      0.0001
      0.0002
      0.0002
      0.0003
      0.0007
      0.0018
      0.0031
      0.0029
      0.0015
      0.0004
      0.0001
      0.0000
      0.0000
      0.0000
      0.0010
      0.0008
      0.0005
      0.0003
      0.0001
      0.0000
      0.0000
      0.0000
      0.0001
      0.0002
      0.0009
      0.0022
      0.0030
      0.0024
      0.0011
      0.0003
      0.0000
      0.0000
      0.0000
      0.0304
      0.0224
      0.0089
      0.0019
      0.0002
      0.0000
      0.0000
      0.0000
      0.0000
      0.0002
      0.0013
      0.0046
      0.0089
      0.0094
      0.0054
      0.0017
      0.0003
      0.0000
      0.0000
      0.5034
      0.3700
      0.1467
      0.0313
      0.0036
      0.0002
      0.0000
      0.0001
      0.0001
      0.0004
      0.0027
      0.0109
      0.0237
      0.0278
      0.0176
      0.0060
      0.0012
      0.0003
      0.0003
      4.4184
      3.2474
      1.2877
      0.2745
      0.0313
      0.0019
      0.0002
      0.0002
      0.0002
      0.0005
      0.0034
      0.0149
      0.0354
      0.0456
      0.0318
      0.0126
      0.0054
      0.0078
      0.0103
     20.7262
     15.2329
      6.0403
      1.2877
      0.1467
      0.0089
      0.0005
      0.0003
      0.0002
      0.0003
      0.0023
      0.0110
      0.0289
      0.0413
      0.0335
      0.0247
      0.0533
      0.1257
      0.1704
     52.2690
     38.4154
     15.2329
      3.2474
      0.3700
      0.0224
      0.0009
      0.0003
      0.0002
      0.0001
      0.0009
      0.0047
      0.0148
      0.0279
      0.0419
      0.1159
      0.4463
      1.1012
      1.4951
     71.1184
     52.2690
     20.7262
      4.4185
      0.5035
      0.0307
      0.0019
      0.0013
      0.0010
      0.0005
      0.0004
      0.0024
      0.0130
      0.0459
      0.1317
      0.5236
      2.0949
      5.1682
      7.0142
     52.2690
     38.4154
     15.2329
      3.2475
      0.3709
      0.0266
      0.0118
      0.0156
      0.0118
      0.0049
      0.0013
      0.0034
      0.0246
      0.1056
      0.3387
      1.3502
      5.3123
     13.0464
     17.6943
     20.7262
     15.2329
      6.0403
      1.2885
      0.1536
      0.0405
      0.0781
      0.1035
      0.0744
      0.0289
      0.0063
      0.0045
      0.0314
      0.1452
      0.4859
      1.8930
      7.2810
     17.7761
     24.0864
      4.4184
      3.2474
      1.2880
      0.2784
      0.0610
      0.1285
      0.2936
      0.3688
      0.2506
      0.0919
      0.0183
      0.0044
      0.0220
      0.1085
      0.3780
      1.4400
      5.4006
     13.0899
     17.7148
      0.5034
      0.3700
      0.1478
      0.0420
      0.0743
      0.2758
      0.5984
      0.7092
      0.4556
      0.1581
      0.0295
      0.0038
      0.0084
      0.0438
      0.1591
      0.5941
      2.1684
      5.2097
      7.0391
      0.0304
      0.0226
      0.0115
      0.0208
      0.0985
      0.3351
      0.6708
      0.7477
      0.4549
      0.1498
      0.0265
      0.0027
      0.0018
      0.0096
      0.0369
      0.1402
      0.5058
      1.2075
      1.6293
      0.0010
      0.0013
      0.0049
      0.0239
      0.0907
      0.2568
      0.4734
      0.5112
      0.3089
      0.1028
      0.0187
      0.0019
      0.0003
      0.0016
      0.0123
      0.0857
      0.3821
      0.9541
      1.2961
      0.0001
      0.0007
      0.0050
      0.0222
      0.0763
      0.2206
      0.4567
      0.5719
      0.4042
      0.1575
      0.0334
      0.0038
      0.0003
      0.0023
      0.0376
      0.3288
      1.5409
      3.8853
      5.2863
      0.0001
      0.0005
      0.0034
      0.0175
      0.0847
      0.3345
      0.8243
      1.1384
      0.8578
      0.3500
      0.0769
      0.0090
      0.0007
      0.0057
      0.0942
      0.8267
      3.8777
      9.7790
     13.3055
      0.0001
      0.0003
      0.0024
      0.0155
      0.0964
      0.4261
      1.0884
      1.5227
      1.1544
      0.4727
      0.1041
      0.0123
      0.0010
      0.0078
      0.1281
      1.1247
      5.2759
     13.3052
     18.1034
