      0.2117
      0.2293
      0.2657
      0.2872
      0.2756
      0.2415
      0.2085
      0.1907
      0.1902
      0.2027
      0.2171
      0.2154
      0.1854
      0.1331
      0.0783
      0.0375
      0.0149
      0.0055
      0.0031
      0.2109
      0.2263
      0.2570
      0.2724
      0.2569
      0.2219
      0.1896
      0.1734
      0.1754
      0.1921
      0.2130
      0.2197
      0.1972
      0.1483
      0.0918
      0.0465
      0.0195
      0.0074
      0.0042
      0.2121
      0.2208
      0.2354
      0.2343
      0.2094
      0.1732
      0.1444
      0.1334
      0.1429
      0.1720
      0.2130
      0.2454
      0.2457
      0.2061
      0.1424
      0.0805
      0.0374
      0.0153
      0.0090
      0.2463
      0.2423
      0.2271
      0.1972
      0.1574
      0.1206
      0.0986
      0.0966
      0.1177
      0.1663
      0.2402
      0.3167
      0.3565
      0.3321
      0.2526
      0.1562
      0.0793
      0.0358
      0.0225
      0.4138
      0.3833
      0.3060
      0.2143
      0.1380
      0.0916
      0.0748
      0.0824
      0.1155
      0.1857
      0.3004
      0.4357
      0.5320
      0.5325
      0.4332
      0.2871
      0.1589
      0.0817
      0.0574
      0.8925
      0.8053
      0.5932
      0.3615
      0.1920
      0.1057
      0.0813
      0.0920
      0.1307
      0.2149
      0.3638
      0.5572
      0.7180
      0.7579
      0.6528
      0.4656
      0.2893
      0.1795
      0.1443
      1.8364
      1.6468
      1.1890
      0.6964
      0.3438
      0.1669
      0.1108
      0.1118
      0.1441
      0.2250
      0.3840
      0.6103
      0.8235
      0.9163
      0.8452
      0.6698
      0.4955
      0.3879
      0.3544
      3.1580
      2.8287
      2.0343
      1.1811
      0.5699
      0.2580
      0.1476
      0.1264
      0.1415
      0.2018
      0.3405
      0.5598
      0.7957
      0.9494
      0.9704
      0.9032
      0.8358
      0.8108
      0.8091
      4.3906
      3.9321
      2.8261
      1.6380
      0.7848
      0.3444
      0.1800
      0.1353
      0.1305
      0.1616
      0.2596
      0.4402
      0.6716
      0.8898
      1.0595
      1.2083
      1.3779
      1.5425
      1.6142
      4.9020
      4.3906
      3.1577
      1.8349
      0.8873
      0.4002
      0.2181
      0.1635
      0.1421
      0.1417
      0.1919
      0.3223
      0.5370
      0.8195
      1.1654
      1.5938
      2.0877
      2.5199
      2.6962
      4.3906
      3.9352
      2.8399
      1.6722
      0.8492
      0.4423
      0.3018
      0.2568
      0.2175
      0.1770
      0.1731
      0.2511
      0.4435
      0.7730
      1.2663
      1.9418
      2.7323
      3.4141
      3.6891
      3.1580
      2.8382
      2.0755
      1.2820
      0.7561
      0.5351
      0.4846
      0.4571
      0.3835
      0.2799
      0.2064
      0.2241
      0.3792
      0.7112
      1.2622
      2.0498
      2.9806
      3.7817
      4.1040
      1.8364
      1.6684
      1.2817
      0.9187
      0.7435
      0.7449
      0.7950
      0.7694
      0.6309
      0.4344
      0.2718
      0.2167
      0.3120
      0.5903
      1.0885
      1.8197
      2.6904
      3.4402
      3.7416
      0.8925
      0.8452
      0.7619
      0.7579
      0.8872
      1.0850
      1.2130
      1.1618
      0.9296
      0.6175
      0.3526
      0.2167
      0.2381
      0.4288
      0.8106
      1.3914
      2.0934
      2.7014
      2.9463
      0.4138
      0.4435
      0.5594
      0.8032
      1.1572
      1.5092
      1.6980
      1.6136
      1.2796
      0.8402
      0.4610
      0.2368
      0.1840
      0.2957
      0.5837
      1.0591
      1.6574
      2.1864
      2.4011
      0.2463
      0.3184
      0.5480
      0.9457
      1.4612
      1.9532
      2.2288
      2.1486
      1.7307
      1.1528
      0.6331
      0.3010
      0.1771
      0.2476
      0.5302
      1.0522
      1.7466
      2.3776
      2.6366
      0.2121
      0.3037
      0.5890
      1.0759
      1.7156
      2.3598
      2.7769
      2.7622
      2.2912
      1.5656
      0.8752
      0.4112
      0.2172
      0.2847
      0.6511
      1.3696
      2.3533
      3.2599
      3.6343
      0.2109
      0.3087
      0.6151
      1.1480
      1.8772
      2.6607
      3.2303
      3.3066
      2.8098
      1.9573
      1.1099
      0.5243
      0.2718
      0.3535
      0.8280
      1.7737
      3.0788
      4.2865
      4.7861
      0.2117
      0.3105
      0.6213
      1.1684
      1.9319
      2.7744
      3.4118
      3.5312
      3.0270
      2.1227
      1.2096
      0.5730
      0.2968
      0.3865
      0.9099
      1.9557
      3.4010
      4.7394
      5.2933
