      0.1067
      0.1161
      0.1463
      0.2012
      0.2803
      0.3717
      0.4512
      0.4918
      0.4795
      0.4209
      0.3375
      0.2515
      0.1767
      0.1180
      0.0762
      0.0502
      0.0371
      0.0323
      0.0313
      0.1326
      0.1392
      0.1617
      0.2057
      0.2726
      0.3527
      0.4238
      0.4609
      0.4502
      0.3971
      0.3209
      0.2416
      0.1718
      0.1163
      0.0761
      0.0506
      0.0372
      0.0320
      0.0308
      0.2411
      0.2373
      0.2319
      0.2378
      0.2651
      0.3107
      0.3578
      0.3846
      0.3774
      0.3378
      0.2791
      0.2163
      0.1593
      0.1123
      0.0769
      0.0530
      0.0396
      0.0337
      0.0322
      0.5286
      0.5004
      0.4308
      0.3540
      0.3016
      0.2847
      0.2920
      0.3017
      0.2961
      0.2704
      0.2306
      0.1864
      0.1450
      0.1097
      0.0822
      0.0632
      0.0525
      0.0480
      0.0469
      1.1483
      1.0714
      0.8751
      0.6401
      0.4433
      0.3216
      0.2671
      0.2491
      0.2381
      0.2192
      0.1920
      0.1623
      0.1355
      0.1146
      0.1007
      0.0948
      0.0958
      0.0998
      0.1018
      2.2453
      2.0852
      1.6743
      1.1744
      0.7416
      0.4541
      0.3048
      0.2422
      0.2144
      0.1922
      0.1688
      0.1483
      0.1363
      0.1358
      0.1488
      0.1747
      0.2081
      0.2372
      0.2488
      3.8196
      3.5423
      2.8292
      1.9576
      1.1956
      0.6783
      0.3978
      0.2713
      0.2153
      0.1819
      0.1570
      0.1445
      0.1518
      0.1855
      0.2497
      0.3421
      0.4462
      0.5310
      0.5639
      5.5950
      5.1866
      4.1353
      2.8478
      1.7171
      0.9420
      0.5129
      0.3130
      0.2241
      0.1773
      0.1513
      0.1500
      0.1862
      0.2743
      0.4251
      0.6332
      0.8625
      1.0468
      1.1179
      7.0376
      6.5230
      5.1980
      3.5737
      2.1438
      1.1584
      0.6076
      0.3473
      0.2319
      0.1757
      0.1515
      0.1658
      0.2403
      0.4026
      0.6746
      1.0475
      1.4566
      1.7841
      1.9103
      7.5970
      7.0417
      5.6120
      3.8590
      2.3150
      1.2499
      0.6531
      0.3701
      0.2446
      0.1847
      0.1630
      0.1920
      0.3057
      0.5486
      0.9556
      1.5144
      2.1271
      2.6172
      2.8060
      7.0376
      6.5248
      5.2053
      3.5894
      2.1695
      1.1941
      0.6507
      0.3934
      0.2757
      0.2143
      0.1895
      0.2234
      0.3634
      0.6688
      1.1859
      1.8984
      2.6804
      3.3058
      3.5466
      5.5950
      5.1911
      4.1533
      2.8877
      1.7843
      1.0362
      0.6264
      0.4316
      0.3319
      0.2650
      0.2262
      0.2492
      0.3908
      0.7184
      1.2827
      2.0644
      2.9234
      3.6105
      3.8751
      3.8196
      3.5504
      2.8619
      2.0309
      1.3204
      0.8540
      0.6077
      0.4856
      0.4023
      0.3226
      0.2601
      0.2582
      0.3766
      0.6808
      1.2180
      1.9674
      2.7927
      3.4532
      3.7075
      2.2453
      2.0969
      1.7217
      1.2807
      0.9223
      0.7061
      0.6010
      0.5367
      0.4605
      0.3640
      0.2764
      0.2463
      0.3296
      0.5826
      1.0446
      1.6954
      2.4145
      2.9907
      3.2127
      1.1483
      1.0854
      0.9314
      0.7648
      0.6517
      0.6059
      0.5914
      0.5587
      0.4816
      0.3717
      0.2681
      0.2191
      0.2735
      0.4783
      0.8657
      1.4182
      2.0318
      2.5248
      2.7150
      0.5286
      0.5145
      0.4864
      0.4739
      0.4945
      0.5359
      0.5619
      0.5390
      0.4591
      0.3456
      0.2402
      0.1880
      0.2321
      0.4152
      0.7684
      1.2774
      1.8465
      2.3056
      2.4829
      0.2411
      0.2495
      0.2786
      0.3337
      0.4084
      0.4792
      0.5137
      0.4895
      0.4097
      0.3020
      0.2063
      0.1635
      0.2148
      0.4051
      0.7706
      1.2998
      1.8947
      2.3762
      2.5625
      0.1326
      0.1491
      0.1981
      0.2746
      0.3630
      0.4368
      0.4674
      0.4401
      0.3629
      0.2640
      0.1803
      0.1496
      0.2141
      0.4239
      0.8213
      1.3974
      2.0465
      2.5729
      2.7767
      0.1067
      0.1250
      0.1782
      0.2585
      0.3483
      0.4204
      0.4483
      0.4197
      0.3441
      0.2493
      0.1707
      0.1454
      0.2161
      0.4356
      0.8491
      1.4484
      2.1240
      2.6722
      2.8846
