      0.5267
      0.5367
      0.5560
      0.5618
      0.5397
      0.4945
      0.4448
      0.4085
      0.3929
      0.3922
      0.3914
      0.3732
      0.3276
      0.2580
      0.1793
      0.1092
      0.0588
      0.0305
      0.0215
      0.5120
      0.5203
      0.5354
      0.5369
      0.5126
      0.4682
      0.4220
      0.3913
      0.3828
      0.3906
      0.3994
      0.3908
      0.3525
      0.2855
      0.2045
      0.1287
      0.0719
      0.0387
      0.0281
      0.4702
      0.4741
      0.4788
      0.4701
      0.4416
      0.4016
      0.3669
      0.3522
      0.3629
      0.3934
      0.4285
      0.4467
      0.4290
      0.3703
      0.2828
      0.1902
      0.1141
      0.0666
      0.0508
      0.4106
      0.4093
      0.4018
      0.3830
      0.3540
      0.3250
      0.3100
      0.3188
      0.3550
      0.4149
      0.4851
      0.5415
      0.5559
      0.5118
      0.4169
      0.2996
      0.1937
      0.1234
      0.0991
      0.3539
      0.3477
      0.3298
      0.3048
      0.2812
      0.2702
      0.2797
      0.3131
      0.3720
      0.4570
      0.5606
      0.6585
      0.7129
      0.6930
      0.5972
      0.4573
      0.3200
      0.2240
      0.1901
      0.3263
      0.3157
      0.2892
      0.2606
      0.2455
      0.2535
      0.2850
      0.3354
      0.4048
      0.5006
      0.6253
      0.7590
      0.8571
      0.8744
      0.7969
      0.6543
      0.5017
      0.3903
      0.3502
      0.3439
      0.3289
      0.2935
      0.2599
      0.2495
      0.2698
      0.3125
      0.3656
      0.4284
      0.5163
      0.6438
      0.7998
      0.9397
      1.0089
      0.9809
      0.8765
      0.7484
      0.6498
      0.6135
      0.3981
      0.3787
      0.3332
      0.2913
      0.2783
      0.2993
      0.3396
      0.3810
      0.4231
      0.4877
      0.6003
      0.7616
      0.9356
      1.0685
      1.1256
      1.1129
      1.0661
      1.0233
      1.0069
      0.4563
      0.4336
      0.3805
      0.3307
      0.3116
      0.3262
      0.3552
      0.3777
      0.3933
      0.4273
      0.5128
      0.6635
      0.8591
      1.0584
      1.2263
      1.3518
      1.4405
      1.4967
      1.5166
      0.4812
      0.4589
      0.4073
      0.3600
      0.3426
      0.3550
      0.3748
      0.3800
      0.3702
      0.3716
      0.4222
      0.5480
      0.7488
      1.0034
      1.2838
      1.5638
      1.8133
      1.9914
      2.0567
      0.4563
      0.4406
      0.4068
      0.3831
      0.3881
      0.4149
      0.4370
      0.4306
      0.3956
      0.3600
      0.3668
      0.4535
      0.6391
      0.9228
      1.2870
      1.6955
      2.0862
      2.3747
      2.4818
      0.3981
      0.3962
      0.3999
      0.4271
      0.4827
      0.5469
      0.5843
      0.5680
      0.5003
      0.4153
      0.3644
      0.3964
      0.5443
      0.8219
      1.2204
      1.6991
      2.1754
      2.5341
      2.6684
      0.3439
      0.3622
      0.4215
      0.5250
      0.6576
      0.7793
      0.8401
      0.8083
      0.6922
      0.5389
      0.4135
      0.3758
      0.4672
      0.7081
      1.0950
      1.5868
      2.0917
      2.4784
      2.6241
      0.3263
      0.3689
      0.4950
      0.6911
      0.9177
      1.1091
      1.1962
      1.1412
      0.9612
      0.7216
      0.5068
      0.3891
      0.4153
      0.6088
      0.9691
      1.4563
      1.9737
      2.3772
      2.5306
      0.3539
      0.4212
      0.6156
      0.9072
      1.2326
      1.4995
      1.6170
      1.5387
      1.2894
      0.9545
      0.6415
      0.4396
      0.4047
      0.5656
      0.9265
      1.4483
      2.0222
      2.4787
      2.6537
      0.4106
      0.4992
      0.7532
      1.1306
      1.5488
      1.8929
      2.0503
      1.9611
      1.6515
      1.2246
      0.8128
      0.5288
      0.4456
      0.6046
      1.0198
      1.6500
      2.3613
      2.9353
      3.1569
      0.4702
      0.5743
      0.8724
      1.3158
      1.8115
      2.2283
      2.4340
      2.3514
      2.0009
      1.4970
      0.9969
      0.6406
      0.5242
      0.7086
      1.2205
      2.0150
      2.9230
      3.6611
      3.9469
      0.5120
      0.6250
      0.9491
      1.4338
      1.9817
      2.4533
      2.7020
      2.6347
      2.2632
      1.7080
      1.1447
      0.7368
      0.6016
      0.8175
      1.4230
      2.3693
      3.4558
      4.3412
      4.6846
      0.5267
      0.6425
      0.9751
      1.4737
      2.0402
      2.5325
      2.7988
      2.7392
      2.3618
      1.7884
      1.2020
      0.7751
      0.6338
      0.8637
      1.5080
      2.5162
      3.6749
      4.6198
      4.9864
