      0.1333
      0.1425
      0.1615
      0.1729
      0.1679
      0.1529
      0.1403
      0.1374
      0.1453
      0.1619
      0.1786
      0.1806
      0.1573
      0.1140
      0.0677
      0.0330
      0.0137
      0.0057
      0.0037
      0.1351
      0.1429
      0.1581
      0.1653
      0.1572
      0.1408
      0.1280
      0.1257
      0.1353
      0.1554
      0.1781
      0.1876
      0.1710
      0.1303
      0.0817
      0.0422
      0.0183
      0.0075
      0.0047
      0.1532
      0.1553
      0.1569
      0.1496
      0.1320
      0.1120
      0.0995
      0.0998
      0.1151
      0.1462
      0.1875
      0.2211
      0.2252
      0.1916
      0.1341
      0.0768
      0.0362
      0.0152
      0.0092
      0.2509
      0.2376
      0.2023
      0.1570
      0.1148
      0.0858
      0.0742
      0.0799
      0.1048
      0.1543
      0.2276
      0.3041
      0.3458
      0.3247
      0.2485
      0.1544
      0.0784
      0.0352
      0.0219
      0.6011
      0.5459
      0.4106
      0.2605
      0.1475
      0.0877
      0.0706
      0.0813
      0.1165
      0.1869
      0.3008
      0.4360
      0.5332
      0.5345
      0.4347
      0.2870
      0.1567
      0.0779
      0.0529
      1.5019
      1.3486
      0.9775
      0.5767
      0.2877
      0.1418
      0.0973
      0.1044
      0.1429
      0.2261
      0.3742
      0.5678
      0.7290
      0.7670
      0.6565
      0.4613
      0.2768
      0.1610
      0.1237
      3.2111
      2.8767
      2.0695
      1.2012
      0.5775
      0.2590
      0.1490
      0.1351
      0.1633
      0.2415
      0.3988
      0.6248
      0.8367
      0.9231
      0.8379
      0.6422
      0.4461
      0.3219
      0.2822
      5.5710
      4.9887
      3.5836
      2.0718
      0.9828
      0.4181
      0.2077
      0.1563
      0.1623
      0.2178
      0.3533
      0.5701
      0.8001
      0.9375
      0.9272
      0.8146
      0.6962
      0.6300
      0.6125
      7.7607
      6.9491
      4.9903
      2.8817
      1.3592
      0.5621
      0.2539
      0.1639
      0.1458
      0.1714
      0.2653
      0.4401
      0.6569
      0.8421
      0.9510
      1.0102
      1.0757
      1.1536
      1.1911
      8.6676
      7.7615
      5.5748
      3.2216
      1.5227
      0.6324
      0.2855
      0.1784
      0.1434
      0.1397
      0.1872
      0.3089
      0.4993
      0.7276
      0.9747
      1.2549
      1.5722
      1.8540
      1.9705
      7.7607
      6.9511
      4.9994
      2.9043
      1.4015
      0.6259
      0.3325
      0.2400
      0.1932
      0.1567
      0.1558
      0.2258
      0.3875
      0.6459
      1.0080
      1.4828
      2.0301
      2.5021
      2.6929
      5.5710
      4.9950
      3.6112
      2.1403
      1.1112
      0.6112
      0.4439
      0.3858
      0.3192
      0.2341
      0.1750
      0.1911
      0.3167
      0.5741
      0.9839
      1.5523
      2.2143
      2.7815
      3.0094
      3.2111
      2.8909
      2.1315
      1.3535
      0.8590
      0.6766
      0.6531
      0.6235
      0.5162
      0.3597
      0.2273
      0.1815
      0.2565
      0.4726
      0.8496
      1.3906
      2.0262
      2.5706
      2.7890
      1.5019
      1.3745
      1.0898
      0.8489
      0.7828
      0.8652
      0.9605
      0.9394
      0.7691
      0.5205
      0.3009
      0.1847
      0.1985
      0.3501
      0.6529
      1.1101
      1.6599
      2.1352
      2.3265
      0.6011
      0.5854
      0.5806
      0.6703
      0.8888
      1.1678
      1.3620
      1.3442
      1.1002
      0.7401
      0.4130
      0.2131
      0.1631
      0.2610
      0.5214
      0.9578
      1.5123
      2.0051
      2.2057
      0.2509
      0.2886
      0.4238
      0.6965
      1.1053
      1.5564
      1.8724
      1.8872
      1.5731
      1.0744
      0.6005
      0.2890
      0.1735
      0.2533
      0.5603
      1.1333
      1.9019
      2.6037
      2.8924
      0.1532
      0.2135
      0.4136
      0.7916
      1.3490
      1.9827
      2.4672
      2.5600
      2.1878
      1.5255
      0.8646
      0.4119
      0.2281
      0.3244
      0.7637
      1.6207
      2.7960
      3.8807
      4.3290
      0.1351
      0.2038
      0.4325
      0.8719
      1.5419
      2.3393
      2.9914
      3.1747
      2.7623
      1.9534
      1.1187
      0.5350
      0.2929
      0.4175
      1.0024
      2.1556
      3.7460
      5.2180
      5.8270
      0.1333
      0.2040
      0.4409
      0.9018
      1.6161
      2.4818
      3.2064
      3.4304
      3.0031
      2.1335
      1.2261
      0.5875
      0.3217
      0.4597
      1.1080
      2.3882
      4.1555
      5.7922
      6.4694
