      0.2501
      0.2726
      0.3194
      0.3492
      0.3396
      0.3018
      0.2593
      0.2211
      0.1829
      0.1438
      0.1097
      0.0839
      0.0632
      0.0440
      0.0266
      0.0136
      0.0060
      0.0026
      0.0017
      0.2479
      0.2676
      0.3075
      0.3299
      0.3155
      0.2766
      0.2355
      0.2007
      0.1685
      0.1377
      0.1130
      0.0955
      0.0798
      0.0608
      0.0398
      0.0217
      0.0100
      0.0042
      0.0027
      0.2419
      0.2538
      0.2751
      0.2787
      0.2539
      0.2141
      0.1784
      0.1537
      0.1373
      0.1290
      0.1308
      0.1384
      0.1387
      0.1211
      0.0881
      0.0525
      0.0257
      0.0112
      0.0069
      0.2532
      0.2525
      0.2447
      0.2210
      0.1833
      0.1456
      0.1204
      0.1106
      0.1149
      0.1360
      0.1766
      0.2260
      0.2568
      0.2448
      0.1909
      0.1212
      0.0635
      0.0301
      0.0198
      0.3622
      0.3392
      0.2798
      0.2065
      0.1431
      0.1036
      0.0895
      0.0949
      0.1175
      0.1657
      0.2487
      0.3518
      0.4291
      0.4328
      0.3560
      0.2402
      0.1376
      0.0759
      0.0566
      0.7136
      0.6461
      0.4815
      0.3014
      0.1707
      0.1073
      0.0944
      0.1079
      0.1391
      0.2023
      0.3173
      0.4716
      0.6032
      0.6380
      0.5549
      0.4060
      0.2678
      0.1840
      0.1578
      1.4316
      1.2849
      0.9309
      0.5516
      0.2840
      0.1564
      0.1239
      0.1320
      0.1578
      0.2175
      0.3406
      0.5224
      0.6978
      0.7785
      0.7312
      0.6086
      0.4957
      0.4358
      0.4202
      2.4489
      2.1943
      1.5807
      0.9242
      0.4592
      0.2297
      0.1558
      0.1452
      0.1548
      0.1954
      0.2999
      0.4736
      0.6659
      0.8014
      0.8513
      0.8636
      0.9030
      0.9702
      1.0049
      3.4014
      3.0468
      2.1923
      1.2766
      0.6234
      0.2916
      0.1713
      0.1379
      0.1295
      0.1468
      0.2176
      0.3553
      0.5378
      0.7308
      0.9389
      1.2124
      1.5679
      1.9040
      2.0456
      3.7971
      3.4014
      2.4480
      1.4255
      0.6932
      0.3152
      0.1702
      0.1225
      0.1021
      0.1003
      0.1368
      0.2301
      0.3897
      0.6369
      1.0317
      1.6433
      2.4291
      3.1411
      3.4339
      3.4014
      3.0490
      2.2007
      1.2933
      0.6457
      0.3115
      0.1802
      0.1307
      0.1013
      0.0824
      0.0888
      0.1425
      0.2768
      0.5594
      1.1058
      2.0121
      3.1887
      4.2503
      4.6850
      2.4489
      2.2019
      1.6111
      0.9884
      0.5556
      0.3397
      0.2514
      0.2018
      0.1529
      0.1064
      0.0804
      0.0990
      0.2040
      0.4838
      1.0808
      2.1074
      3.4556
      4.6756
      5.1756
      1.4316
      1.3044
      1.0094
      0.7210
      0.5488
      0.4792
      0.4377
      0.3709
      0.2749
      0.1764
      0.1053
      0.0858
      0.1534
      0.3867
      0.9174
      1.8513
      3.0896
      4.2148
      4.6768
      0.7136
      0.6850
      0.6384
      0.6423
      0.7095
      0.7782
      0.7713
      0.6621
      0.4850
      0.3018
      0.1630
      0.0948
      0.1175
      0.2830
      0.6894
      1.4199
      2.3974
      3.2898
      3.6569
      0.3622
      0.4013
      0.5307
      0.7552
      1.0199
      1.2159
      1.2468
      1.0917
      0.8127
      0.5110
      0.2715
      0.1335
      0.1075
      0.2204
      0.5425
      1.1395
      1.9479
      2.6903
      2.9965
      0.2532
      0.3331
      0.5738
      0.9510
      1.3768
      1.7101
      1.8208
      1.6595
      1.2856
      0.8369
      0.4541
      0.2149
      0.1362
      0.2369
      0.5852
      1.2522
      2.1660
      3.0097
      3.3585
      0.2419
      0.3421
      0.6414
      1.1129
      1.6686
      2.1574
      2.4073
      2.3025
      1.8632
      1.2567
      0.6995
      0.3329
      0.1986
      0.3249
      0.8045
      1.7361
      3.0189
      4.2061
      4.6973
      0.2479
      0.3548
      0.6760
      1.1946
      1.8407
      2.4680
      2.8667
      2.8463
      2.3748
      1.6388
      0.9270
      0.4451
      0.2641
      0.4276
      1.0600
      2.2927
      3.9920
      5.5657
      6.2169
      0.2501
      0.3580
      0.6834
      1.2155
      1.8948
      2.5794
      3.0436
      3.0639
      2.5836
      1.7966
      1.0215
      0.4921
      0.2922
      0.4729
      1.1727
      2.5373
      4.4190
      6.1617
      6.8829
