      0.0000
      0.0000
      0.0000
      0.0000
      0.0000
      0.0000
      0.0000
      0.0000
      0.0000
      0.0000
      0.0000
      0.0000
      0.0000
      0.0000
      0.0000
      0.0000
      0.0000
      0.0000
      0.0000
      0.0000
      0.0000
      0.0000
      0.0000
      0.0000
      0.0000
      0.0000
      0.0000
      0.0000
      0.0000
      0.0000
      0.0000
      0.0000
      0.0000
      0.0000
      0.0000
      0.0000
      0.0000
      0.0000
      0.0000
      0.0000
      0.0000
      0.0000
      0.0000
      0.0000
      0.0000
      0.0000
      0.0000
      0.0000
      0.0000
      0.0000
      0.0000
      0.0000
      0.0000
      0.0000
      0.0000
      0.0000
      0.0000
      0.0000
      0.0000
      0.0000
      0.0000
      0.0000
      0.0000
      0.0000
      0.0000
      0.0000
      0.0000
      0.0000
      0.0000
      0.0000
      0.0000
      0.0000
      0.0000
      0.0000
      0.0000
      0.0000
      0.0000
      0.0000
      0.0000
      0.0000
      0.0000
      0.0000
      0.0000
      0.0000
      0.0000
      0.0000
      0.0000
      0.0001
      0.0003
      0.0004
      0.0001
      0.0000
      0.0000
      0.0000
      0.0000
      0.0002
      0.0001
      0.0000
      0.0000
      0.0000
      0.0000
      0.0000
      0.0000
      0.0000
      0.0000
      0.0000
      0.0005
      0.0032
      0.0045
      0.0016
      0.0001
      0.0000
      0.0000
      0.0000
      0.0225
      0.0112
      0.0014
      0.0000
      0.0000
      0.0000
      0.0000
      0.0000
      0.0000
      0.0000
      0.0000
      0.0011
      0.0078
      0.0138
      0.0061
      0.0007
      0.0000
      0.0000
      0.0000
      0.7286
      0.3643
      0.0454
      0.0014
      0.0000
      0.0000
      0.0000
      0.0000
      0.0000
      0.0000
      0.0000
      0.0006
      0.0049
      0.0105
      0.0057
      0.0008
      0.0001
      0.0004
      0.0008
      5.8441
      2.9220
      0.3643
      0.0112
      0.0001
      0.0000
      0.0000
      0.0000
      0.0000
      0.0000
      0.0000
      0.0001
      0.0008
      0.0021
      0.0016
      0.0007
      0.0064
      0.0503
      0.1006
     11.6881
      5.8441
      0.7286
      0.0225
      0.0002
      0.0000
      0.0000
      0.0000
      0.0000
      0.0000
      0.0000
      0.0000
      0.0001
      0.0019
      0.0091
      0.0175
      0.2071
      1.6320
      3.2633
      5.8441
      2.9220
      0.3643
      0.0112
      0.0001
      0.0000
      0.0001
      0.0002
      0.0001
      0.0000
      0.0000
      0.0000
      0.0006
      0.0151
      0.0880
      0.1776
      1.6782
     13.0921
     26.1754
      0.7286
      0.3643
      0.0454
      0.0014
      0.0000
      0.0012
      0.0091
      0.0173
      0.0082
      0.0010
      0.0000
      0.0000
      0.0012
      0.0315
      0.2139
      0.4609
      3.4157
     26.1914
     52.3511
      0.0225
      0.0112
      0.0014
      0.0001
      0.0010
      0.0268
      0.1800
      0.3021
      0.1268
      0.0133
      0.0003
      0.0000
      0.0005
      0.0164
      0.1299
      0.3054
      1.7573
     13.1030
     26.1760
      0.0002
      0.0001
      0.0000
      0.0005
      0.0092
      0.1540
      0.8851
      1.3090
      0.4850
      0.0448
      0.0010
      0.0000
      0.0001
      0.0021
      0.0197
      0.0514
      0.2293
      1.6353
      3.2635
      0.0000
      0.0000
      0.0003
      0.0080
      0.0583
      0.2808
      1.1101
      1.4194
      0.4640
      0.0378
      0.0008
      0.0000
      0.0000
      0.0001
      0.0007
      0.0022
      0.0077
      0.0514
      0.1023
      0.0000
      0.0000
      0.0017
      0.0365
      0.1972
      0.3313
      0.4488
      0.4611
      0.1492
      0.0131
      0.0003
      0.0000
      0.0000
      0.0000
      0.0000
      0.0004
      0.0135
      0.1085
      0.2170
      0.0000
      0.0000
      0.0023
      0.0422
      0.1963
      0.3496
      1.1601
      2.3382
      1.2485
      0.1671
      0.0055
      0.0000
      0.0000
      0.0000
      0.0001
      0.0135
      0.4371
      3.5061
      7.0122
      0.0000
      0.0000
      0.0008
      0.0124
      0.0764
      1.0433
      8.6141
     18.5144
      9.9610
      1.3367
      0.0444
      0.0004
      0.0000
      0.0000
      0.0008
      0.1081
      3.5061
     28.1232
     56.2465
      0.0000
      0.0000
      0.0001
      0.0022
      0.0630
      1.9976
     17.2053
     37.0266
     19.9217
      2.6733
      0.0888
      0.0007
      0.0000
      0.0000
      0.0016
      0.2162
      7.0122
     56.2465
    112.4930
