      0.6258
      0.6396
      0.6657
      0.6715
      0.6347
      0.5591
      0.4675
      0.3829
      0.3169
      0.2691
      0.2329
      0.2004
      0.1658
      0.1279
      0.0905
      0.0592
      0.0378
      0.0263
      0.0228
      0.6200
      0.6306
      0.6488
      0.6462
      0.6044
      0.5289
      0.4417
      0.3644
      0.3069
      0.2682
      0.2411
      0.2163
      0.1865
      0.1495
      0.1094
      0.0732
      0.0467
      0.0315
      0.0267
      0.6175
      0.6186
      0.6136
      0.5864
      0.5298
      0.4540
      0.3787
      0.3204
      0.2854
      0.2707
      0.2675
      0.2638
      0.2481
      0.2146
      0.1673
      0.1173
      0.0760
      0.0501
      0.0414
      0.6682
      0.6531
      0.6082
      0.5380
      0.4541
      0.3737
      0.3124
      0.2781
      0.2709
      0.2858
      0.3135
      0.3393
      0.3453
      0.3199
      0.2650
      0.1961
      0.1333
      0.0912
      0.0766
      0.8592
      0.8182
      0.7092
      0.5675
      0.4327
      0.3326
      0.2768
      0.2608
      0.2757
      0.3148
      0.3706
      0.4273
      0.4611
      0.4516
      0.3960
      0.3126
      0.2297
      0.1713
      0.1507
      1.2810
      1.2003
      0.9916
      0.7344
      0.5089
      0.3592
      0.2878
      0.2734
      0.2954
      0.3448
      0.4175
      0.5001
      0.5650
      0.5832
      0.5446
      0.4659
      0.3795
      0.3160
      0.2930
      1.9525
      1.8176
      1.4712
      1.0500
      0.6875
      0.4509
      0.3357
      0.3012
      0.3120
      0.3550
      0.4302
      0.5292
      0.6252
      0.6849
      0.6911
      0.6534
      0.5998
      0.5574
      0.5417
      2.7496
      2.5542
      2.0531
      1.4447
      0.9201
      0.5729
      0.3934
      0.3223
      0.3084
      0.3329
      0.3981
      0.5022
      0.6254
      0.7382
      0.8202
      0.8707
      0.9005
      0.9183
      0.9246
      3.4134
      3.1693
      2.5428
      1.7810
      1.1203
      0.6755
      0.4346
      0.3249
      0.2833
      0.2849
      0.3324
      0.4310
      0.5736
      0.7430
      0.9231
      1.1018
      1.2631
      1.3800
      1.4233
      3.6734
      3.4118
      2.7405
      1.9232
      1.2111
      0.7256
      0.4537
      0.3191
      0.2552
      0.2347
      0.2604
      0.3443
      0.4940
      0.7106
      0.9885
      1.3074
      1.6203
      1.8557
      1.9439
      3.4134
      3.1756
      2.5658
      1.8243
      1.1779
      0.7333
      0.4756
      0.3356
      0.2548
      0.2108
      0.2096
      0.2693
      0.4102
      0.6508
      0.9980
      1.4282
      1.8690
      2.2076
      2.3355
      2.7496
      2.5706
      2.1137
      1.5622
      1.0845
      0.7526
      0.5470
      0.4129
      0.3113
      0.2345
      0.1965
      0.2210
      0.3358
      0.5697
      0.9388
      1.4201
      1.9278
      2.3236
      2.4741
      1.9525
      1.8499
      1.5917
      1.2887
      1.0331
      0.8501
      0.7108
      0.5784
      0.4410
      0.3139
      0.2249
      0.2032
      0.2779
      0.4794
      0.8267
      1.2990
      1.8085
      2.2109
      2.3647
      1.2810
      1.2529
      1.1898
      1.1323
      1.0969
      1.0595
      0.9788
      0.8340
      0.6424
      0.4467
      0.2926
      0.2160
      0.2448
      0.4054
      0.7151
      1.1541
      1.6378
      2.0241
      2.1726
      0.8592
      0.8914
      0.9865
      1.1295
      1.2755
      1.3574
      1.3200
      1.1531
      0.8979
      0.6234
      0.3955
      0.2599
      0.2463
      0.3785
      0.6717
      1.1050
      1.5917
      1.9843
      2.1359
      0.6682
      0.7418
      0.9463
      1.2297
      1.5057
      1.6764
      1.6730
      1.4880
      1.1762
      0.8264
      0.5245
      0.3314
      0.2854
      0.4143
      0.7350
      1.2235
      1.7794
      2.2308
      2.4056
      0.6175
      0.7152
      0.9840
      1.3519
      1.7104
      1.9438
      1.9723
      1.7831
      1.4336
      1.0242
      0.6584
      0.4158
      0.3489
      0.4964
      0.8811
      1.4747
      2.1543
      2.7078
      2.9225
      0.6200
      0.7291
      1.0286
      1.4385
      1.8413
      2.1140
      2.1690
      1.9859
      1.6186
      1.1721
      0.7628
      0.4858
      0.4079
      0.5794
      1.0297
      1.7271
      2.5270
      3.1791
      3.4320
      0.6258
      0.7380
      1.0461
      1.4682
      1.8850
      2.1714
      2.2370
      2.0582
      1.6864
      1.2275
      0.8026
      0.5131
      0.4320
      0.6141
      1.0921
      1.8327
      2.6824
      3.3753
      3.6441
