      0.4188
      0.4298
      0.4545
      0.4757
      0.4815
      0.4734
      0.4619
      0.4563
      0.4592
      0.4645
      0.4595
      0.4302
      0.3696
      0.2850
      0.1944
      0.1170
      0.0635
      0.0343
      0.0254
      0.4138
      0.4229
      0.4426
      0.4578
      0.4587
      0.4481
      0.4365
      0.4331
      0.4399
      0.4510
      0.4534
      0.4322
      0.3790
      0.2987
      0.2087
      0.1289
      0.0718
      0.0397
      0.0297
      0.4055
      0.4090
      0.4145
      0.4132
      0.4015
      0.3851
      0.3746
      0.3776
      0.3951
      0.4212
      0.4430
      0.4438
      0.4103
      0.3422
      0.2539
      0.1671
      0.0994
      0.0588
      0.0455
      0.4168
      0.4112
      0.3943
      0.3679
      0.3384
      0.3159
      0.3092
      0.3221
      0.3533
      0.3976
      0.4437
      0.4736
      0.4683
      0.4186
      0.3337
      0.2372
      0.1540
      0.1004
      0.0822
      0.4895
      0.4708
      0.4215
      0.3594
      0.3054
      0.2747
      0.2722
      0.2944
      0.3363
      0.3940
      0.4610
      0.5205
      0.5476
      0.5229
      0.4478
      0.3456
      0.2488
      0.1827
      0.1596
      0.6693
      0.6317
      0.5357
      0.4213
      0.3292
      0.2813
      0.2764
      0.3007
      0.3436
      0.4039
      0.4820
      0.5660
      0.6278
      0.6381
      0.5884
      0.4987
      0.4044
      0.3367
      0.3127
      0.9690
      0.9065
      0.7481
      0.5617
      0.4129
      0.3322
      0.3116
      0.3256
      0.3569
      0.4070
      0.4848
      0.5859
      0.6836
      0.7431
      0.7463
      0.7049
      0.6489
      0.6060
      0.5905
      1.3326
      1.2428
      1.0153
      0.7472
      0.5302
      0.4043
      0.3560
      0.3488
      0.3591
      0.3900
      0.4580
      0.5686
      0.7025
      0.8266
      0.9172
      0.9731
      1.0071
      1.0283
      1.0361
      1.6388
      1.5275
      1.2452
      0.9115
      0.6380
      0.4722
      0.3964
      0.3663
      0.3534
      0.3614
      0.4132
      0.5253
      0.6923
      0.8911
      1.0978
      1.2963
      1.4709
      1.5961
      1.6424
      1.7593
      1.6415
      1.3433
      0.9917
      0.7041
      0.5284
      0.4429
      0.3990
      0.3661
      0.3492
      0.3776
      0.4804
      0.6696
      0.9384
      1.2675
      1.6265
      1.9660
      2.2160
      2.3088
      1.6388
      1.5348
      1.2735
      0.9711
      0.7318
      0.5931
      0.5270
      0.4829
      0.4314
      0.3826
      0.3748
      0.4512
      0.6415
      0.9552
      1.3795
      1.8732
      2.3563
      2.7173
      2.8521
      1.3326
      1.2603
      1.0835
      0.8917
      0.7596
      0.7028
      0.6819
      0.6446
      0.5677
      0.4723
      0.4101
      0.4387
      0.6014
      0.9190
      1.3840
      1.9487
      2.5140
      2.9408
      3.1008
      0.9690
      0.9382
      0.8719
      0.8252
      0.8338
      0.8825
      0.9161
      0.8812
      0.7648
      0.6052
      0.4715
      0.4338
      0.5431
      0.8246
      1.2731
      1.8397
      2.4186
      2.8603
      3.0266
      0.6693
      0.6799
      0.7244
      0.8235
      0.9725
      1.1237
      1.2040
      1.1594
      0.9905
      0.7558
      0.5428
      0.4318
      0.4766
      0.7027
      1.1067
      1.6422
      2.2035
      2.6380
      2.8025
      0.4895
      0.5343
      0.6701
      0.8895
      1.1537
      1.3862
      1.4984
      1.4360
      1.2123
      0.9047
      0.6171
      0.4389
      0.4267
      0.6084
      0.9852
      1.5148
      2.0884
      2.5406
      2.7133
      0.4168
      0.4852
      0.6844
      0.9874
      1.3319
      1.6212
      1.7554
      1.6785
      1.4115
      1.0448
      0.6960
      0.4647
      0.4152
      0.5844
      0.9834
      1.5731
      2.2307
      2.7579
      2.9609
      0.4055
      0.4876
      0.7234
      1.0754
      1.4684
      1.7954
      1.9489
      1.8690
      1.5774
      1.1707
      0.7770
      0.5082
      0.4417
      0.6289
      1.0948
      1.8018
      2.6033
      3.2523
      3.5033
      0.4138
      0.5022
      0.7549
      1.1301
      1.5481
      1.8980
      2.0681
      1.9935
      1.6928
      1.2642
      0.8428
      0.5513
      0.4802
      0.6954
      1.2338
      2.0579
      2.9981
      3.7627
      4.0589
      0.4188
      0.5088
      0.7661
      1.1478
      1.5734
      1.9313
      2.1083
      2.0374
      1.7351
      1.2996
      0.8686
      0.5695
      0.4980
      0.7261
      1.2955
      2.1687
      3.1664
      3.9786
      4.2934
