      0.4175
      0.4204
      0.4243
      0.4196
      0.4019
      0.3767
      0.3557
      0.3493
      0.3607
      0.3834
      0.4020
      0.3980
      0.3596
      0.2901
      0.2066
      0.1301
      0.0743
      0.0428
      0.0329
      0.4125
      0.4140
      0.4142
      0.4053
      0.3843
      0.3578
      0.3379
      0.3350
      0.3527
      0.3847
      0.4153
      0.4236
      0.3944
      0.3279
      0.2407
      0.1559
      0.0912
      0.0530
      0.0408
      0.4102
      0.4069
      0.3952
      0.3726
      0.3416
      0.3116
      0.2950
      0.3021
      0.3372
      0.3954
      0.4597
      0.5037
      0.5018
      0.4449
      0.3471
      0.2379
      0.1458
      0.0876
      0.0680
      0.4496
      0.4369
      0.4016
      0.3522
      0.3017
      0.2642
      0.2517
      0.2726
      0.3316
      0.4261
      0.5394
      0.6375
      0.6796
      0.6406
      0.5291
      0.3827
      0.2473
      0.1563
      0.1247
      0.5942
      0.5645
      0.4866
      0.3884
      0.3007
      0.2453
      0.2321
      0.2641
      0.3446
      0.4744
      0.6398
      0.8006
      0.8990
      0.8897
      0.7705
      0.5858
      0.4013
      0.2713
      0.2252
      0.9065
      0.8490
      0.7011
      0.5209
      0.3673
      0.2739
      0.2462
      0.2778
      0.3670
      0.5178
      0.7223
      0.9394
      1.0980
      1.1324
      1.0256
      0.8230
      0.6048
      0.4450
      0.3873
      1.3966
      1.3005
      1.0542
      0.7567
      0.5046
      0.3477
      0.2863
      0.3003
      0.3788
      0.5270
      0.7443
      0.9953
      1.2055
      1.2962
      1.2349
      1.0585
      0.8495
      0.6899
      0.6313
      1.9736
      1.8342
      1.4774
      1.0466
      0.6793
      0.4436
      0.3345
      0.3168
      0.3675
      0.4894
      0.6889
      0.9425
      1.1849
      1.3376
      1.3577
      1.2654
      1.1273
      1.0144
      0.9720
      2.4520
      2.2780
      1.8326
      1.2941
      0.8326
      0.5302
      0.3776
      0.3264
      0.3419
      0.4224
      0.5799
      0.8062
      1.0567
      1.2671
      1.3929
      1.4339
      1.4249
      1.4049
      1.3962
      2.6390
      2.4532
      1.9780
      1.4044
      0.9134
      0.5900
      0.4206
      0.3485
      0.3317
      0.3653
      0.4667
      0.6446
      0.8802
      1.1330
      1.3647
      1.5566
      1.7044
      1.8020
      1.8368
      2.4520
      2.2842
      1.8570
      1.3458
      0.9148
      0.6365
      0.4902
      0.4164
      0.3729
      0.3572
      0.3945
      0.5107
      0.7115
      0.9809
      1.2907
      1.6089
      1.8961
      2.1016
      2.1770
      1.9736
      1.8494
      1.5370
      1.1740
      0.8840
      0.7115
      0.6244
      0.5633
      0.4926
      0.4203
      0.3850
      0.4289
      0.5768
      0.8306
      1.1712
      1.5593
      1.9319
      2.2068
      2.3087
      1.3966
      1.3288
      1.1658
      0.9972
      0.8943
      0.8641
      0.8564
      0.8110
      0.7036
      0.5603
      0.4395
      0.3997
      0.4787
      0.6874
      1.0117
      1.4102
      1.8084
      2.1082
      2.2203
      0.9065
      0.8944
      0.8805
      0.9099
      1.0027
      1.1250
      1.2026
      1.1693
      1.0118
      0.7795
      0.5562
      0.4199
      0.4181
      0.5653
      0.8490
      1.2269
      1.6204
      1.9229
      2.0371
      0.5942
      0.6287
      0.7418
      0.9457
      1.2199
      1.4919
      1.6579
      1.6368
      1.4206
      1.0828
      0.7391
      0.4930
      0.4046
      0.4921
      0.7433
      1.1142
      1.5192
      1.8385
      1.9604
      0.4496
      0.5190
      0.7298
      1.0756
      1.5090
      1.9253
      2.1867
      2.1867
      1.9133
      1.4617
      0.9843
      0.6184
      0.4444
      0.4879
      0.7381
      1.1465
      1.6119
      1.9869
      2.1314
      0.4102
      0.5034
      0.7834
      1.2365
      1.8017
      2.3495
      2.7087
      2.7408
      2.4217
      1.8632
      1.2550
      0.7728
      0.5225
      0.5415
      0.8216
      1.3075
      1.8749
      2.3378
      2.5171
      0.4125
      0.5196
      0.8414
      1.3636
      2.0197
      2.6652
      3.1028
      3.1666
      2.8189
      2.1820
      1.4747
      0.9044
      0.5995
      0.6086
      0.9264
      1.4907
      2.1564
      2.7022
      2.9142
      0.4175
      0.5291
      0.8650
      1.4113
      2.1004
      2.7827
      3.2509
      3.3280
      2.9707
      2.3049
      1.5601
      0.9566
      0.6316
      0.6384
      0.9729
      1.5703
      2.2767
      2.8566
      3.0820
