      0.0001
      0.0001
      0.0004
      0.0005
      0.0004
      0.0002
      0.0003
      0.0006
      0.0016
      0.0064
      0.0155
      0.0209
      0.0151
      0.0059
      0.0012
      0.0001
      0.0000
      0.0000
      0.0000
      0.0001
      0.0002
      0.0004
      0.0005
      0.0004
      0.0002
      0.0002
      0.0004
      0.0013
      0.0052
      0.0137
      0.0199
      0.0157
      0.0068
      0.0016
      0.0002
      0.0000
      0.0000
      0.0000
      0.0001
      0.0002
      0.0004
      0.0005
      0.0003
      0.0001
      0.0001
      0.0002
      0.0006
      0.0029
      0.0089
      0.0154
      0.0150
      0.0082
      0.0026
      0.0005
      0.0000
      0.0000
      0.0000
      0.0003
      0.0003
      0.0003
      0.0003
      0.0001
      0.0000
      0.0000
      0.0000
      0.0002
      0.0014
      0.0063
      0.0166
      0.0253
      0.0221
      0.0109
      0.0030
      0.0004
      0.0000
      0.0000
      0.0057
      0.0042
      0.0017
      0.0004
      0.0001
      0.0000
      0.0000
      0.0000
      0.0002
      0.0021
      0.0140
      0.0505
      0.0991
      0.1054
      0.0608
      0.0189
      0.0032
      0.0003
      0.0000
      0.0943
      0.0693
      0.0275
      0.0059
      0.0007
      0.0001
      0.0000
      0.0001
      0.0004
      0.0041
      0.0308
      0.1244
      0.2705
      0.3175
      0.2013
      0.0688
      0.0127
      0.0014
      0.0003
      0.8278
      0.6084
      0.2413
      0.0514
      0.0059
      0.0004
      0.0001
      0.0002
      0.0005
      0.0047
      0.0384
      0.1699
      0.4049
      0.5208
      0.3620
      0.1362
      0.0293
      0.0076
      0.0066
      3.8831
      2.8539
      1.1317
      0.2413
      0.0275
      0.0017
      0.0002
      0.0003
      0.0004
      0.0029
      0.0259
      0.1257
      0.3288
      0.4655
      0.3591
      0.1577
      0.0656
      0.0804
      0.1036
      9.7928
      7.1973
      2.8539
      0.6084
      0.0693
      0.0043
      0.0005
      0.0005
      0.0004
      0.0011
      0.0095
      0.0516
      0.1537
      0.2589
      0.2625
      0.2133
      0.3248
      0.6787
      0.9070
     13.3243
      9.7928
      3.8831
      0.8278
      0.0946
      0.0072
      0.0043
      0.0061
      0.0049
      0.0023
      0.0028
      0.0175
      0.0814
      0.2398
      0.4517
      0.6967
      1.4842
      3.1921
      4.2607
      9.7928
      7.1973
      2.8540
      0.6089
      0.0735
      0.0245
      0.0531
      0.0745
      0.0566
      0.0233
      0.0064
      0.0169
      0.1190
      0.4778
      1.1007
      1.8682
      3.8789
      8.1150
     10.7731
      3.8831
      2.8539
      1.1319
      0.2451
      0.0604
      0.1526
      0.3721
      0.4949
      0.3557
      0.1380
      0.0299
      0.0215
      0.1490
      0.6518
      1.6127
      2.8089
      5.5345
     11.1642
     14.7144
      0.8278
      0.6085
      0.2424
      0.0688
      0.1452
      0.6018
      1.4010
      1.7628
      1.1984
      0.4395
      0.0873
      0.0210
      0.1043
      0.4876
      1.2853
      2.2981
      4.3055
      8.3273
     10.8743
      0.0943
      0.0695
      0.0308
      0.0491
      0.3201
      1.2949
      2.8477
      3.3893
      2.1808
      0.7569
      0.1413
      0.0182
      0.0399
      0.1969
      0.5533
      1.0205
      1.8281
      3.3735
      4.3544
      0.0057
      0.0046
      0.0076
      0.0624
      0.4091
      1.5432
      3.2073
      3.6288
      2.2260
      0.7381
      0.1318
      0.0134
      0.0086
      0.0428
      0.1291
      0.2534
      0.4616
      0.8391
      1.0763
      0.0003
      0.0008
      0.0076
      0.0603
      0.3487
      1.2626
      2.6266
      3.0446
      1.9487
      0.6861
      0.1323
      0.0140
      0.0017
      0.0055
      0.0245
      0.1075
      0.4087
      0.9851
      1.3306
      0.0001
      0.0008
      0.0079
      0.0631
      0.4099
      1.7311
      4.2054
      5.6566
      4.1648
      1.6687
      0.3617
      0.0421
      0.0027
      0.0028
      0.0416
      0.3583
      1.6743
      4.2189
      5.7396
      0.0001
      0.0007
      0.0080
      0.0928
      0.7555
      3.5600
      9.1886
     12.8595
      9.7389
      3.9835
      0.8767
      0.1032
      0.0066
      0.0064
      0.1024
      0.8983
      4.2135
     10.6259
     14.4578
      0.0001
      0.0005
      0.0083
      0.1147
      0.9922
      4.7612
     12.3750
     17.3804
     13.1915
      5.4034
      1.1903
      0.1402
      0.0090
      0.0087
      0.1392
      1.2221
      5.7329
     14.4576
     19.6713
