      0.0354
      0.0464
      0.0689
      0.0807
      0.0697
      0.0469
      0.0300
      0.0255
      0.0335
      0.0548
      0.0820
      0.0944
      0.0789
      0.0470
      0.0199
      0.0060
      0.0013
      0.0002
      0.0001
      0.0375
      0.0478
      0.0681
      0.0769
      0.0643
      0.0419
      0.0260
      0.0217
      0.0289
      0.0488
      0.0759
      0.0914
      0.0806
      0.0514
      0.0237
      0.0079
      0.0019
      0.0003
      0.0001
      0.0409
      0.0485
      0.0620
      0.0638
      0.0492
      0.0296
      0.0169
      0.0136
      0.0195
      0.0376
      0.0674
      0.0950
      0.0998
      0.0772
      0.0437
      0.0180
      0.0053
      0.0012
      0.0004
      0.0591
      0.0594
      0.0571
      0.0471
      0.0311
      0.0165
      0.0087
      0.0075
      0.0139
      0.0353
      0.0812
      0.1431
      0.1848
      0.1723
      0.1152
      0.0550
      0.0187
      0.0046
      0.0016
      0.2123
      0.1835
      0.1196
      0.0607
      0.0253
      0.0098
      0.0054
      0.0067
      0.0160
      0.0494
      0.1336
      0.2689
      0.3884
      0.3991
      0.2911
      0.1505
      0.0553
      0.0151
      0.0059
      0.9447
      0.7962
      0.4770
      0.2037
      0.0630
      0.0165
      0.0081
      0.0108
      0.0229
      0.0697
      0.2000
      0.4313
      0.6645
      0.7261
      0.5625
      0.3098
      0.1237
      0.0404
      0.0207
      3.1774
      2.6728
      1.5900
      0.6681
      0.1994
      0.0464
      0.0165
      0.0166
      0.0275
      0.0759
      0.2244
      0.5101
      0.8305
      0.9598
      0.7898
      0.4705
      0.2191
      0.1054
      0.0796
      7.5702
      6.3669
      3.7855
      1.5887
      0.4716
      0.1049
      0.0283
      0.0203
      0.0255
      0.0602
      0.1810
      0.4338
      0.7489
      0.9242
      0.8277
      0.5726
      0.3747
      0.3106
      0.3077
     12.7326
     10.7086
      6.3666
      2.6715
      0.7921
      0.1732
      0.0408
      0.0231
      0.0220
      0.0376
      0.1074
      0.2725
      0.5109
      0.7030
      0.7458
      0.7046
      0.7432
      0.8878
      0.9737
     15.1391
     12.7326
      7.5702
      3.1776
      0.9456
      0.2149
      0.0636
      0.0455
      0.0382
      0.0335
      0.0575
      0.1468
      0.3197
      0.5433
      0.7694
      1.0437
      1.4857
      2.0198
      2.2768
     12.7326
     10.7089
      6.3687
      2.6804
      0.8198
      0.2365
      0.1454
      0.1470
      0.1231
      0.0782
      0.0552
      0.0986
      0.2515
      0.5371
      0.9499
      1.5384
      2.4044
      3.3674
      3.8166
      7.5702
      6.3684
      3.7948
      1.6249
      0.5759
      0.3282
      0.3790
      0.4180
      0.3413
      0.2013
      0.0978
      0.0941
      0.2320
      0.5497
      1.0599
      1.8061
      2.8700
      4.0228
      4.5554
      3.1774
      2.6779
      1.6201
      0.7740
      0.4747
      0.5894
      0.8171
      0.8813
      0.6918
      0.3903
      0.1658
      0.0946
      0.1843
      0.4489
      0.8979
      1.5560
      2.4678
      3.4353
      3.8788
      0.9447
      0.8097
      0.5512
      0.4391
      0.6128
      1.0028
      1.3594
      1.3937
      1.0487
      0.5703
      0.2262
      0.0884
      0.1121
      0.2684
      0.5540
      0.9800
      1.5615
      2.1675
      2.4430
      0.2123
      0.2097
      0.2576
      0.4683
      0.8989
      1.4581
      1.8758
      1.8512
      1.3625
      0.7321
      0.2846
      0.0885
      0.0568
      0.1211
      0.2719
      0.5367
      0.9360
      1.3650
      1.5606
      0.0591
      0.0971
      0.2520
      0.6083
      1.2080
      1.9557
      2.5472
      2.5841
      1.9717
      1.1022
      0.4441
      0.1304
      0.0409
      0.0614
      0.1916
      0.5326
      1.1624
      1.8877
      2.2241
      0.0409
      0.0892
      0.2762
      0.7064
      1.4947
      2.6382
      3.7574
      4.1134
      3.3324
      1.9527
      0.8168
      0.2431
      0.0610
      0.0727
      0.2999
      0.9902
      2.3373
      3.9162
      4.6517
      0.0375
      0.0837
      0.2683
      0.7370
      1.7373
      3.4172
      5.2779
      6.0873
      5.0941
      3.0483
      1.2938
      0.3885
      0.0956
      0.1113
      0.4807
      1.6227
      3.8652
      6.4991
      7.7267
      0.0354
      0.0790
      0.2576
      0.7393
      1.8415
      3.7880
      6.0158
      7.0467
      5.9476
      3.5767
      1.5229
      0.4583
      0.1128
      0.1313
      0.5693
      1.9252
      4.5893
      7.7189
      9.1777
