      0.0000
      0.0000
      0.0000
      0.0000
      0.0000
      0.0000
      0.0000
      0.0000
      0.0000
      0.0000
      0.0000
      0.0000
      0.0000
      0.0000
      0.0000
      0.0000
      0.0000
      0.0000
      0.0000
      0.0000
      0.0000
      0.0000
      0.0000
      0.0000
      0.0000
      0.0000
      0.0000
      0.0000
      0.0000
      0.0000
      0.0000
      0.0000
      0.0000
      0.0000
      0.0000
      0.0000
      0.0000
      0.0000
      0.0000
      0.0000
      0.0000
      0.0000
      0.0000
      0.0000
      0.0000
      0.0000
      0.0000
      0.0000
      0.0000
      0.0000
      0.0000
      0.0000
      0.0000
      0.0000
      0.0000
      0.0000
      0.0000
      0.0000
      0.0000
      0.0000
      0.0000
      0.0000
      0.0000
      0.0000
      0.0000
      0.0000
      0.0000
      0.0000
      0.0000
      0.0000
      0.0000
      0.0000
      0.0000
      0.0000
      0.0000
      0.0000
      0.0000
      0.0000
      0.0000
      0.0000
      0.0000
      0.0000
      0.0000
      0.0000
      0.0000
      0.0000
      0.0000
      0.0000
      0.0002
      0.0003
      0.0001
      0.0000
      0.0000
      0.0000
      0.0000
      0.0031
      0.0016
      0.0002
      0.0000
      0.0000
      0.0000
      0.0000
      0.0000
      0.0000
      0.0000
      0.0000
      0.0004
      0.0021
      0.0031
      0.0011
      0.0001
      0.0000
      0.0000
      0.0000
      0.4170
      0.2085
      0.0260
      0.0008
      0.0000
      0.0000
      0.0000
      0.0000
      0.0000
      0.0000
      0.0000
      0.0008
      0.0053
      0.0094
      0.0041
      0.0005
      0.0000
      0.0000
      0.0000
     13.5213
      6.7607
      0.8428
      0.0260
      0.0002
      0.0000
      0.0000
      0.0000
      0.0000
      0.0000
      0.0000
      0.0004
      0.0033
      0.0071
      0.0038
      0.0005
      0.0001
      0.0005
      0.0011
    108.4569
     54.2285
      6.7607
      0.2085
      0.0016
      0.0000
      0.0000
      0.0000
      0.0000
      0.0000
      0.0000
      0.0000
      0.0005
      0.0014
      0.0009
      0.0004
      0.0089
      0.0711
      0.1422
    216.9139
    108.4569
     13.5213
      0.4170
      0.0031
      0.0000
      0.0000
      0.0000
      0.0000
      0.0000
      0.0000
      0.0000
      0.0000
      0.0002
      0.0010
      0.0100
      0.2878
      2.3054
      4.6107
    108.4569
     54.2285
      6.7607
      0.2085
      0.0016
      0.0000
      0.0000
      0.0000
      0.0000
      0.0000
      0.0000
      0.0000
      0.0001
      0.0015
      0.0092
      0.0838
      2.3101
     18.4922
     36.9833
     13.5213
      6.7607
      0.8428
      0.0260
      0.0002
      0.0001
      0.0009
      0.0017
      0.0008
      0.0001
      0.0000
      0.0000
      0.0001
      0.0031
      0.0222
      0.1780
      4.6259
     36.9849
     73.9665
      0.4170
      0.2085
      0.0260
      0.0008
      0.0001
      0.0027
      0.0179
      0.0300
      0.0126
      0.0013
      0.0000
      0.0000
      0.0001
      0.0016
      0.0134
      0.0964
      2.3178
     18.4932
     36.9833
      0.0031
      0.0016
      0.0002
      0.0002
      0.0021
      0.0174
      0.0889
      0.1302
      0.0482
      0.0044
      0.0001
      0.0000
      0.0000
      0.0002
      0.0020
      0.0133
      0.2900
      2.3057
      4.6107
      0.0000
      0.0000
      0.0002
      0.0038
      0.0246
      0.0569
      0.1216
      0.1424
      0.0463
      0.0038
      0.0001
      0.0000
      0.0000
      0.0000
      0.0001
      0.0005
      0.0090
      0.0714
      0.1428
      0.0000
      0.0000
      0.0008
      0.0177
      0.0945
      0.1343
      0.0965
      0.0897
      0.0370
      0.0043
      0.0001
      0.0000
      0.0000
      0.0000
      0.0000
      0.0002
      0.0054
      0.0429
      0.0858
      0.0000
      0.0000
      0.0011
      0.0205
      0.0961
      0.1914
      0.7593
      1.5682
      0.8419
      0.1129
      0.0037
      0.0000
      0.0000
      0.0000
      0.0000
      0.0053
      0.1713
      1.3743
      2.7485
      0.0000
      0.0000
      0.0004
      0.0061
      0.0426
      0.6977
      5.8328
     12.5414
      6.7476
      0.9055
      0.0301
      0.0002
      0.0000
      0.0000
      0.0003
      0.0424
      1.3743
     11.0233
     22.0466
      0.0000
      0.0000
      0.0001
      0.0011
      0.0415
      1.3522
     11.6548
     25.0821
     13.4951
      1.8109
      0.0601
      0.0005
      0.0000
      0.0000
      0.0006
      0.0848
      2.7485
     22.0466
     44.0932
