      0.0023
      0.0055
      0.0135
      0.0183
      0.0135
      0.0053
      0.0012
      0.0002
      0.0003
      0.0015
      0.0036
      0.0048
      0.0035
      0.0014
      0.0003
      0.0000
      0.0000
      0.0000
      0.0000
      0.0032
      0.0070
      0.0156
      0.0193
      0.0130
      0.0048
      0.0010
      0.0001
      0.0003
      0.0012
      0.0032
      0.0046
      0.0037
      0.0016
      0.0004
      0.0001
      0.0000
      0.0000
      0.0000
      0.0043
      0.0081
      0.0155
      0.0165
      0.0096
      0.0031
      0.0005
      0.0001
      0.0001
      0.0007
      0.0023
      0.0042
      0.0045
      0.0028
      0.0010
      0.0002
      0.0000
      0.0000
      0.0000
      0.0040
      0.0060
      0.0093
      0.0086
      0.0043
      0.0012
      0.0002
      0.0000
      0.0001
      0.0006
      0.0031
      0.0094
      0.0159
      0.0149
      0.0077
      0.0021
      0.0003
      0.0000
      0.0000
      0.0244
      0.0190
      0.0096
      0.0038
      0.0012
      0.0003
      0.0000
      0.0000
      0.0001
      0.0015
      0.0103
      0.0377
      0.0745
      0.0797
      0.0461
      0.0144
      0.0024
      0.0002
      0.0000
      0.3826
      0.2814
      0.1119
      0.0241
      0.0029
      0.0002
      0.0000
      0.0001
      0.0003
      0.0031
      0.0234
      0.0947
      0.2059
      0.2417
      0.1533
      0.0524
      0.0097
      0.0010
      0.0001
      3.3557
      2.4663
      0.9780
      0.2085
      0.0238
      0.0015
      0.0001
      0.0001
      0.0003
      0.0036
      0.0292
      0.1294
      0.3083
      0.3965
      0.2756
      0.1036
      0.0214
      0.0029
      0.0009
     15.7407
     11.5687
      4.5874
      0.9779
      0.1114
      0.0068
      0.0004
      0.0002
      0.0003
      0.0022
      0.0197
      0.0956
      0.2497
      0.3525
      0.2702
      0.1149
      0.0313
      0.0115
      0.0098
     39.6962
     29.1750
     11.5687
      2.4662
      0.2810
      0.0170
      0.0007
      0.0002
      0.0002
      0.0008
      0.0072
      0.0384
      0.1115
      0.1778
      0.1624
      0.0984
      0.0645
      0.0695
      0.0784
     54.0115
     39.6962
     15.7407
      3.3556
      0.3824
      0.0235
      0.0017
      0.0015
      0.0012
      0.0006
      0.0016
      0.0097
      0.0369
      0.0875
      0.1391
      0.1682
      0.2071
      0.2940
      0.3504
     39.6962
     29.1750
     11.5688
      2.4664
      0.2821
      0.0219
      0.0130
      0.0174
      0.0132
      0.0054
      0.0016
      0.0046
      0.0300
      0.1165
      0.2614
      0.3763
      0.4853
      0.7079
      0.8568
     15.7407
     11.5688
      4.5876
      0.9798
      0.1218
      0.0457
      0.0897
      0.1162
      0.0828
      0.0320
      0.0070
      0.0050
      0.0348
      0.1518
      0.3670
      0.5406
      0.6702
      0.9482
      1.1456
      3.3557
      2.4666
      0.9808
      0.2251
      0.0884
      0.1858
      0.3586
      0.4225
      0.2809
      0.1023
      0.0203
      0.0049
      0.0242
      0.1127
      0.2891
      0.4393
      0.5262
      0.7038
      0.8379
      0.3826
      0.2833
      0.1315
      0.1200
      0.2839
      0.5697
      0.8509
      0.8607
      0.5230
      0.1783
      0.0331
      0.0043
      0.0092
      0.0454
      0.1241
      0.1972
      0.2327
      0.2929
      0.3409
      0.0244
      0.0268
      0.0839
      0.3324
      0.8085
      1.2357
      1.3529
      1.1052
      0.6032
      0.1952
      0.0352
      0.0036
      0.0020
      0.0099
      0.0295
      0.0543
      0.0855
      0.1396
      0.1745
      0.0040
      0.0228
      0.1625
      0.6426
      1.4249
      1.9352
      1.9252
      1.5775
      0.9388
      0.3419
      0.0701
      0.0079
      0.0007
      0.0015
      0.0099
      0.0617
      0.2671
      0.6630
      0.8998
      0.0043
      0.0273
      0.1864
      0.6999
      1.5576
      2.5225
      3.6767
      4.2369
      3.0413
      1.2243
      0.2677
      0.0314
      0.0020
      0.0019
      0.0298
      0.2602
      1.2188
      3.0730
      4.1810
      0.0032
      0.0193
      0.1238
      0.4677
      1.2931
      3.3974
      7.3260
      9.8520
      7.4075
      3.0278
      0.6666
      0.0785
      0.0050
      0.0047
      0.0746
      0.6550
      3.0724
      7.7483
     10.5425
      0.0023
      0.0129
      0.0803
      0.3224
      1.1575
      3.9942
      9.6017
     13.2779
     10.0491
      4.1145
      0.9064
      0.1068
      0.0069
      0.0063
      0.1015
      0.8912
      4.1804
     10.5425
     14.3444
