      0.0725
      0.0961
      0.1445
      0.1695
      0.1448
      0.0929
      0.0509
      0.0298
      0.0198
      0.0134
      0.0097
      0.0081
      0.0066
      0.0043
      0.0021
      0.0007
      0.0002
      0.0000
      0.0000
      0.0769
      0.0989
      0.1424
      0.1611
      0.1333
      0.0830
      0.0442
      0.0254
      0.0171
      0.0126
      0.0113
      0.0122
      0.0122
      0.0094
      0.0054
      0.0022
      0.0007
      0.0002
      0.0001
      0.0810
      0.0977
      0.1274
      0.1322
      0.1014
      0.0586
      0.0290
      0.0160
      0.0120
      0.0133
      0.0214
      0.0343
      0.0428
      0.0388
      0.0252
      0.0116
      0.0038
      0.0009
      0.0003
      0.0871
      0.0933
      0.1004
      0.0898
      0.0614
      0.0321
      0.0147
      0.0087
      0.0102
      0.0225
      0.0539
      0.1024
      0.1409
      0.1382
      0.0960
      0.0472
      0.0164
      0.0041
      0.0014
      0.1961
      0.1748
      0.1253
      0.0739
      0.0364
      0.0157
      0.0078
      0.0076
      0.0148
      0.0430
      0.1165
      0.2379
      0.3481
      0.3613
      0.2656
      0.1383
      0.0513
      0.0143
      0.0058
      0.7794
      0.6590
      0.3990
      0.1743
      0.0566
      0.0165
      0.0094
      0.0122
      0.0232
      0.0656
      0.1850
      0.3986
      0.6152
      0.6735
      0.5229
      0.2895
      0.1176
      0.0410
      0.0230
      2.5922
      2.1809
      1.2984
      0.5466
      0.1643
      0.0403
      0.0174
      0.0189
      0.0288
      0.0727
      0.2096
      0.4746
      0.7720
      0.8921
      0.7358
      0.4441
      0.2183
      0.1199
      0.0989
      6.1698
      5.1892
      3.0855
      1.2953
      0.3857
      0.0883
      0.0278
      0.0224
      0.0268
      0.0578
      0.1685
      0.4008
      0.6883
      0.8455
      0.7595
      0.5462
      0.4037
      0.3849
      0.3992
     10.3764
      8.7270
      5.1886
      2.1774
      0.6462
      0.1425
      0.0348
      0.0200
      0.0187
      0.0331
      0.0961
      0.2406
      0.4400
      0.5901
      0.6295
      0.6618
      0.8401
      1.1232
      1.2670
     12.3375
     10.3764
      6.1692
      2.5890
      0.7676
      0.1665
      0.0353
      0.0153
      0.0112
      0.0146
      0.0395
      0.1043
      0.2094
      0.3356
      0.5176
      0.9147
      1.6607
      2.5284
      2.9306
     10.3764
      8.7273
      5.1899
      2.1810
      0.6523
      0.1488
      0.0382
      0.0191
      0.0123
      0.0088
      0.0137
      0.0353
      0.0851
      0.1963
      0.4933
      1.2366
      2.5926
      4.1313
      4.8379
      6.1698
      5.1909
      3.0943
      1.3191
      0.4289
      0.1434
      0.0775
      0.0532
      0.0323
      0.0163
      0.0088
      0.0128
      0.0390
      0.1363
      0.4660
      1.3435
      2.9678
      4.8209
      5.6739
      2.5922
      2.1885
      1.3361
      0.6467
      0.3430
      0.2666
      0.2258
      0.1599
      0.0899
      0.0403
      0.0150
      0.0083
      0.0218
      0.0931
      0.3569
      1.0822
      2.4451
      4.0124
      4.7364
      0.7794
      0.6819
      0.5114
      0.4660
      0.5640
      0.6451
      0.5833
      0.4096
      0.2281
      0.1018
      0.0361
      0.0116
      0.0127
      0.0524
      0.2098
      0.6519
      1.4926
      2.4657
      2.9166
      0.1961
      0.2234
      0.3612
      0.6779
      1.0767
      1.3121
      1.2373
      0.9334
      0.5739
      0.2832
      0.1079
      0.0313
      0.0115
      0.0297
      0.1237
      0.3975
      0.9260
      1.5423
      1.8288
      0.0871
      0.1656
      0.4523
      0.9954
      1.6584
      2.1509
      2.2678
      1.9832
      1.4062
      0.7715
      0.3141
      0.0928
      0.0245
      0.0377
      0.1651
      0.5532
      1.3130
      2.2046
      2.6201
      0.0810
      0.1753
      0.5111
      1.1564
      2.0510
      3.0033
      3.7109
      3.7530
      2.9426
      1.7108
      0.7178
      0.2149
      0.0550
      0.0771
      0.3419
      1.1560
      2.7550
      4.6334
      5.5089
      0.0769
      0.1646
      0.4790
      1.1263
      2.2028
      3.7070
      5.2115
      5.7487
      4.7272
      2.8135
      1.1935
      0.3592
      0.0919
      0.1279
      0.5676
      1.9209
      4.5797
      7.7033
      9.1593
      0.0725
      0.1534
      0.4465
      1.0788
      2.2304
      3.9973
      5.8897
      6.6722
      5.5587
      3.3282
      1.4157
      0.4265
      0.1091
      0.1519
      0.6742
      2.2818
      5.4403
      9.1509
     10.8806
