      0.0019
      0.0046
      0.0112
      0.0153
      0.0112
      0.0044
      0.0010
      0.0002
      0.0009
      0.0041
      0.0102
      0.0138
      0.0100
      0.0039
      0.0008
      0.0001
      0.0000
      0.0000
      0.0000
      0.0027
      0.0058
      0.0130
      0.0160
      0.0108
      0.0040
      0.0008
      0.0002
      0.0007
      0.0034
      0.0090
      0.0131
      0.0104
      0.0045
      0.0011
      0.0001
      0.0000
      0.0000
      0.0000
      0.0036
      0.0068
      0.0129
      0.0138
      0.0080
      0.0026
      0.0005
      0.0001
      0.0003
      0.0019
      0.0060
      0.0108
      0.0109
      0.0064
      0.0022
      0.0004
      0.0000
      0.0000
      0.0000
      0.0032
      0.0049
      0.0077
      0.0071
      0.0036
      0.0010
      0.0002
      0.0000
      0.0001
      0.0012
      0.0058
      0.0166
      0.0269
      0.0246
      0.0124
      0.0034
      0.0005
      0.0000
      0.0000
      0.0157
      0.0124
      0.0067
      0.0029
      0.0010
      0.0002
      0.0000
      0.0000
      0.0002
      0.0024
      0.0164
      0.0599
      0.1181
      0.1261
      0.0728
      0.0227
      0.0038
      0.0003
      0.0000
      0.2419
      0.1779
      0.0708
      0.0153
      0.0018
      0.0001
      0.0000
      0.0000
      0.0004
      0.0049
      0.0370
      0.1494
      0.3249
      0.3814
      0.2419
      0.0827
      0.0152
      0.0015
      0.0002
      2.1210
      1.5589
      0.6182
      0.1318
      0.0150
      0.0009
      0.0000
      0.0000
      0.0004
      0.0056
      0.0461
      0.2041
      0.4864
      0.6257
      0.4349
      0.1634
      0.0334
      0.0042
      0.0011
      9.9493
      7.3123
      2.8996
      0.6181
      0.0704
      0.0043
      0.0002
      0.0000
      0.0002
      0.0034
      0.0310
      0.1509
      0.3944
      0.5572
      0.4276
      0.1809
      0.0468
      0.0147
      0.0119
     25.0910
     18.4408
      7.3123
      1.5589
      0.1776
      0.0108
      0.0005
      0.0002
      0.0002
      0.0012
      0.0114
      0.0611
      0.1790
      0.2910
      0.2734
      0.1653
      0.0928
      0.0866
      0.0965
     34.1394
     25.0910
      9.9493
      2.1210
      0.2418
      0.0156
      0.0031
      0.0040
      0.0032
      0.0016
      0.0029
      0.0174
      0.0721
      0.1897
      0.3187
      0.3531
      0.3292
      0.3827
      0.4410
     25.0910
     18.4408
      7.3124
      1.5592
      0.1805
      0.0243
      0.0354
      0.0492
      0.0374
      0.0154
      0.0043
      0.0118
      0.0809
      0.3188
      0.6992
      0.8971
      0.8621
      0.9677
      1.1035
      9.9493
      7.3124
      2.8999
      0.6215
      0.0944
      0.1071
      0.2482
      0.3277
      0.2350
      0.0911
      0.0198
      0.0142
      0.0984
      0.4280
      1.0136
      1.3688
      1.3016
      1.3621
      1.5112
      2.1210
      1.5591
      0.6211
      0.1536
      0.1334
      0.4346
      0.9521
      1.1744
      0.7933
      0.2903
      0.0576
      0.0139
      0.0688
      0.3195
      0.8078
      1.1502
      1.0958
      1.0639
      1.1352
      0.2419
      0.1796
      0.0884
      0.1142
      0.3823
      1.0754
      2.0358
      2.2985
      1.4538
      0.5019
      0.0936
      0.0121
      0.0263
      0.1290
      0.3485
      0.5258
      0.5087
      0.4609
      0.4692
      0.0157
      0.0190
      0.0703
      0.3014
      0.8554
      1.7412
      2.6249
      2.6238
      1.5502
      0.5108
      0.0917
      0.0094
      0.0057
      0.0280
      0.0811
      0.1308
      0.1332
      0.1207
      0.1208
      0.0032
      0.0189
      0.1367
      0.5556
      1.3380
      2.2107
      2.8943
      2.8393
      1.7731
      0.6386
      0.1276
      0.0139
      0.0014
      0.0033
      0.0110
      0.0252
      0.0554
      0.1095
      0.1425
      0.0036
      0.0228
      0.1567
      0.6066
      1.4997
      3.0292
      5.3765
      6.6748
      4.8629
      1.9568
      0.4267
      0.0499
      0.0031
      0.0006
      0.0050
      0.0389
      0.1781
      0.4469
      0.6075
      0.0027
      0.0161
      0.1058
      0.4354
      1.4920
      4.8319
     11.2985
     15.4898
     11.6896
      4.7804
      1.0524
      0.1239
      0.0078
      0.0009
      0.0109
      0.0951
      0.4459
      1.1244
      1.5298
      0.0019
      0.0109
      0.0704
      0.3297
      1.5200
      6.0207
     15.0130
     20.9170
     15.8529
      6.4922
      1.4302
      0.1685
      0.0105
      0.0012
      0.0147
      0.1293
      0.6066
      1.5298
      2.0814
