      0.0597
      0.0623
      0.0687
      0.0769
      0.0873
      0.1051
      0.1383
      0.1985
      0.2966
      0.4261
      0.5436
      0.5853
      0.5175
      0.3709
      0.2143
      0.0996
      0.0375
      0.0123
      0.0061
      0.0626
      0.0648
      0.0701
      0.0761
      0.0835
      0.0972
      0.1256
      0.1797
      0.2707
      0.3941
      0.5115
      0.5616
      0.5082
      0.3744
      0.2233
      0.1077
      0.0423
      0.0144
      0.0074
      0.0790
      0.0791
      0.0784
      0.0761
      0.0742
      0.0781
      0.0951
      0.1351
      0.2097
      0.3201
      0.4394
      0.5140
      0.4992
      0.3979
      0.2588
      0.1372
      0.0595
      0.0224
      0.0122
      0.1460
      0.1378
      0.1165
      0.0907
      0.0692
      0.0586
      0.0633
      0.0896
      0.1488
      0.2497
      0.3797
      0.4935
      0.5336
      0.4740
      0.3438
      0.2030
      0.0982
      0.0417
      0.0250
      0.3629
      0.3299
      0.2489
      0.1586
      0.0901
      0.0534
      0.0447
      0.0614
      0.1122
      0.2129
      0.3654
      0.5317
      0.6380
      0.6242
      0.4959
      0.3204
      0.1712
      0.0832
      0.0557
      0.9032
      0.8115
      0.5891
      0.3474
      0.1704
      0.0771
      0.0456
      0.0532
      0.0991
      0.2034
      0.3810
      0.6017
      0.7783
      0.8170
      0.6965
      0.4875
      0.2911
      0.1682
      0.1287
      1.9193
      1.7196
      1.2370
      0.7158
      0.3376
      0.1389
      0.0656
      0.0582
      0.0957
      0.1955
      0.3822
      0.6380
      0.8748
      0.9775
      0.8967
      0.6935
      0.4834
      0.3467
      0.3022
      3.3199
      2.9728
      2.1346
      1.2311
      0.5770
      0.2337
      0.1034
      0.0754
      0.0979
      0.1781
      0.3470
      0.6053
      0.8838
      1.0677
      1.0838
      0.9651
      0.8156
      0.7161
      0.6846
      4.6196
      4.1365
      2.9707
      1.7164
      0.8130
      0.3445
      0.1700
      0.1269
      0.1303
      0.1762
      0.3032
      0.5386
      0.8496
      1.1412
      1.3222
      1.3815
      1.3832
      1.3849
      1.3893
      5.1580
      4.6200
      3.3239
      1.9375
      0.9551
      0.4687
      0.3083
      0.2729
      0.2532
      0.2444
      0.3062
      0.5032
      0.8476
      1.2719
      1.6688
      1.9720
      2.1879
      2.3343
      2.3900
      4.6196
      4.1419
      2.9975
      1.7951
      0.9872
      0.6492
      0.5954
      0.6001
      0.5420
      0.4380
      0.3938
      0.5246
      0.8847
      1.4287
      2.0319
      2.5735
      2.9978
      3.2818
      3.3852
      3.3199
      2.9860
      2.2004
      1.4219
      0.9931
      0.9500
      1.0875
      1.1531
      1.0238
      0.7650
      0.5564
      0.5696
      0.8864
      1.4699
      2.1824
      2.8643
      3.4116
      3.7717
      3.8998
      1.9193
      1.7438
      1.3561
      1.0561
      1.0664
      1.3698
      1.7247
      1.8423
      1.6053
      1.1480
      0.7358
      0.5865
      0.7856
      1.2896
      1.9598
      2.6285
      3.1718
      3.5245
      3.6476
      0.9032
      0.8473
      0.7637
      0.8390
      1.2050
      1.7929
      2.3167
      2.4530
      2.0994
      1.4579
      0.8630
      0.5541
      0.5982
      0.9367
      1.4438
      1.9759
      2.4195
      2.7090
      2.8097
      0.3629
      0.3742
      0.4634
      0.7557
      1.3301
      2.0817
      2.6940
      2.8259
      2.3902
      1.6323
      0.9218
      0.4982
      0.4044
      0.5686
      0.8865
      1.2556
      1.5890
      1.8207
      1.9040
      0.1460
      0.1857
      0.3480
      0.7320
      1.3953
      2.2207
      2.8809
      3.0243
      2.5619
      1.7500
      0.9723
      0.4705
      0.2765
      0.3141
      0.4999
      0.7700
      1.0611
      1.2920
      1.3811
      0.0790
      0.1273
      0.3118
      0.7261
      1.4292
      2.3101
      3.0374
      3.2346
      2.7826
      1.9301
      1.0809
      0.5012
      0.2323
      0.1989
      0.3315
      0.5916
      0.9247
      1.2184
      1.3373
      0.0626
      0.1125
      0.3021
      0.7290
      1.4641
      2.4079
      3.2210
      3.4899
      3.0541
      2.1535
      1.2221
      0.5641
      0.2386
      0.1724
      0.3011
      0.5982
      1.0074
      1.3825
      1.5369
      0.0597
      0.1097
      0.3003
      0.7322
      1.4826
      2.4576
      3.3123
      3.6150
      3.1851
      2.2602
      1.2896
      0.5962
      0.2479
      0.1722
      0.3055
      0.6245
      1.0705
      1.4826
      1.6527
