      0.0018
      0.0044
      0.0107
      0.0146
      0.0107
      0.0045
      0.0016
      0.0011
      0.0008
      0.0007
      0.0010
      0.0013
      0.0009
      0.0004
      0.0001
      0.0000
      0.0000
      0.0000
      0.0000
      0.0026
      0.0056
      0.0124
      0.0153
      0.0104
      0.0040
      0.0013
      0.0008
      0.0006
      0.0006
      0.0009
      0.0012
      0.0010
      0.0004
      0.0001
      0.0000
      0.0000
      0.0000
      0.0000
      0.0034
      0.0065
      0.0123
      0.0131
      0.0077
      0.0025
      0.0006
      0.0003
      0.0003
      0.0003
      0.0006
      0.0009
      0.0008
      0.0004
      0.0001
      0.0000
      0.0000
      0.0000
      0.0000
      0.0031
      0.0047
      0.0074
      0.0068
      0.0034
      0.0010
      0.0002
      0.0001
      0.0001
      0.0001
      0.0002
      0.0005
      0.0005
      0.0004
      0.0001
      0.0000
      0.0000
      0.0000
      0.0000
      0.0171
      0.0134
      0.0070
      0.0029
      0.0010
      0.0002
      0.0000
      0.0000
      0.0000
      0.0000
      0.0001
      0.0004
      0.0008
      0.0008
      0.0005
      0.0001
      0.0000
      0.0000
      0.0000
      0.2656
      0.1954
      0.0777
      0.0168
      0.0020
      0.0001
      0.0000
      0.0000
      0.0000
      0.0000
      0.0002
      0.0009
      0.0019
      0.0023
      0.0014
      0.0005
      0.0003
      0.0004
      0.0005
      2.3297
      1.7122
      0.6790
      0.1448
      0.0165
      0.0010
      0.0001
      0.0000
      0.0000
      0.0000
      0.0003
      0.0012
      0.0029
      0.0037
      0.0028
      0.0022
      0.0051
      0.0118
      0.0158
     10.9279
      8.0315
      3.1847
      0.6789
      0.0774
      0.0047
      0.0002
      0.0001
      0.0000
      0.0000
      0.0002
      0.0009
      0.0024
      0.0039
      0.0058
      0.0201
      0.0795
      0.1937
      0.2618
     27.5588
     20.2546
      8.0315
      1.7122
      0.1951
      0.0118
      0.0004
      0.0001
      0.0000
      0.0000
      0.0001
      0.0005
      0.0018
      0.0057
      0.0260
      0.1583
      0.6847
      1.6927
      2.2938
     37.4972
     27.5588
     10.9279
      2.3296
      0.2654
      0.0161
      0.0008
      0.0004
      0.0003
      0.0001
      0.0001
      0.0005
      0.0035
      0.0177
      0.1082
      0.7188
      3.1822
      7.9189
     10.7458
     27.5588
     20.2546
      8.0315
      1.7122
      0.1954
      0.0132
      0.0037
      0.0046
      0.0035
      0.0014
      0.0004
      0.0010
      0.0076
      0.0419
      0.2648
      1.7895
      7.9864
     19.9368
     27.0750
     10.9279
      8.0315
      3.1849
      0.6799
      0.0815
      0.0171
      0.0255
      0.0314
      0.0221
      0.0085
      0.0018
      0.0013
      0.0097
      0.0563
      0.3599
      2.4271
     10.8433
     27.0995
     36.8158
      2.3297
      1.7124
      0.6811
      0.1558
      0.0508
      0.0736
      0.1127
      0.1189
      0.0759
      0.0273
      0.0054
      0.0013
      0.0068
      0.0414
      0.2678
      1.7885
      7.9668
     19.9073
     27.0473
      0.2656
      0.1969
      0.0929
      0.0879
      0.1865
      0.2934
      0.3241
      0.2641
      0.1450
      0.0476
      0.0087
      0.0011
      0.0026
      0.0166
      0.1083
      0.7139
      3.1627
      7.8944
     10.7246
      0.0171
      0.0196
      0.0655
      0.2570
      0.5911
      0.7790
      0.6411
      0.3745
      0.1617
      0.0463
      0.0078
      0.0008
      0.0006
      0.0036
      0.0239
      0.1553
      0.6836
      1.7035
      2.3136
      0.0031
      0.0180
      0.1285
      0.5020
      1.0647
      1.2474
      0.8453
      0.3678
      0.1176
      0.0279
      0.0043
      0.0004
      0.0001
      0.0005
      0.0045
      0.0328
      0.1482
      0.3708
      0.5039
      0.0034
      0.0217
      0.1469
      0.5356
      1.0561
      1.1397
      0.6969
      0.2681
      0.0795
      0.0198
      0.0035
      0.0004
      0.0000
      0.0005
      0.0083
      0.0720
      0.3375
      0.8509
      1.1576
      0.0026
      0.0152
      0.0956
      0.3239
      0.5955
      0.6091
      0.3799
      0.1852
      0.0855
      0.0301
      0.0064
      0.0007
      0.0001
      0.0012
      0.0204
      0.1790
      0.8394
      2.1169
      2.8803
      0.0018
      0.0102
      0.0600
      0.1917
      0.3345
      0.3376
      0.2405
      0.1651
      0.0999
      0.0389
      0.0085
      0.0010
      0.0001
      0.0017
      0.0277
      0.2434
      1.1419
      2.8798
      3.9183
