      0.0019
      0.0045
      0.0109
      0.0149
      0.0109
      0.0044
      0.0011
      0.0004
      0.0006
      0.0019
      0.0046
      0.0061
      0.0045
      0.0017
      0.0004
      0.0000
      0.0000
      0.0000
      0.0000
      0.0026
      0.0057
      0.0126
      0.0156
      0.0105
      0.0039
      0.0009
      0.0003
      0.0004
      0.0016
      0.0040
      0.0059
      0.0047
      0.0020
      0.0005
      0.0001
      0.0000
      0.0000
      0.0000
      0.0035
      0.0066
      0.0125
      0.0134
      0.0078
      0.0025
      0.0005
      0.0001
      0.0002
      0.0009
      0.0027
      0.0048
      0.0049
      0.0029
      0.0010
      0.0002
      0.0000
      0.0000
      0.0000
      0.0030
      0.0048
      0.0075
      0.0069
      0.0035
      0.0010
      0.0002
      0.0000
      0.0001
      0.0005
      0.0026
      0.0075
      0.0121
      0.0111
      0.0056
      0.0016
      0.0002
      0.0000
      0.0000
      0.0145
      0.0115
      0.0063
      0.0028
      0.0010
      0.0002
      0.0000
      0.0000
      0.0001
      0.0011
      0.0074
      0.0270
      0.0532
      0.0568
      0.0328
      0.0102
      0.0017
      0.0002
      0.0000
      0.2224
      0.1636
      0.0651
      0.0141
      0.0017
      0.0001
      0.0001
      0.0001
      0.0003
      0.0023
      0.0167
      0.0674
      0.1465
      0.1719
      0.1090
      0.0373
      0.0069
      0.0008
      0.0002
      1.9498
      1.4330
      0.5683
      0.1212
      0.0138
      0.0009
      0.0002
      0.0004
      0.0005
      0.0027
      0.0208
      0.0920
      0.2193
      0.2821
      0.1961
      0.0740
      0.0161
      0.0042
      0.0035
      9.1461
      6.7220
      2.6655
      0.5682
      0.0648
      0.0040
      0.0005
      0.0005
      0.0005
      0.0017
      0.0140
      0.0680
      0.1778
      0.2513
      0.1936
      0.0859
      0.0370
      0.0435
      0.0547
     23.0653
     16.9520
      6.7220
      1.4330
      0.1633
      0.0100
      0.0007
      0.0005
      0.0003
      0.0006
      0.0051
      0.0276
      0.0807
      0.1317
      0.1283
      0.1069
      0.1747
      0.3590
      0.4742
     31.3832
     23.0653
      9.1461
      1.9498
      0.2222
      0.0139
      0.0018
      0.0019
      0.0015
      0.0007
      0.0013
      0.0078
      0.0324
      0.0866
      0.1616
      0.2971
      0.7539
      1.6609
      2.2112
     23.0653
     16.9520
      6.7220
      1.4332
      0.1646
      0.0160
      0.0160
      0.0220
      0.0167
      0.0069
      0.0019
      0.0053
      0.0362
      0.1452
      0.3534
      0.7333
      1.8886
      4.1689
      5.5578
      9.1461
      6.7220
      2.6657
      0.5702
      0.0766
      0.0515
      0.1121
      0.1466
      0.1048
      0.0406
      0.0088
      0.0063
      0.0440
      0.1941
      0.5040
      1.0502
      2.6053
      5.6733
      7.5518
      1.9498
      1.4333
      0.5707
      0.1364
      0.0809
      0.2139
      0.4390
      0.5291
      0.3546
      0.1295
      0.0257
      0.0062
      0.0307
      0.1446
      0.3968
      0.8308
      1.9674
      4.1885
      5.5537
      0.2224
      0.1652
      0.0813
      0.0961
      0.2627
      0.5979
      0.9900
      1.0552
      0.6540
      0.2243
      0.0417
      0.0054
      0.0117
      0.0583
      0.1697
      0.3603
      0.8153
      1.6867
      2.2234
      0.0145
      0.0179
      0.0669
      0.2747
      0.6955
      1.1567
      1.4191
      1.2575
      0.7078
      0.2295
      0.0410
      0.0042
      0.0025
      0.0128
      0.0409
      0.1005
      0.2571
      0.5523
      0.7320
      0.0030
      0.0184
      0.1320
      0.5244
      1.1774
      1.6449
      1.6970
      1.4046
      0.8186
      0.2888
      0.0574
      0.0063
      0.0006
      0.0025
      0.0209
      0.1519
      0.6844
      1.7125
      2.3272
      0.0035
      0.0222
      0.1511
      0.5665
      1.2507
      1.9735
      2.7700
      3.1142
      2.2087
      0.8833
      0.1924
      0.0225
      0.0016
      0.0047
      0.0758
      0.6631
      3.1085
      7.8383
     10.6648
      0.0026
      0.0156
      0.1001
      0.3735
      0.9957
      2.4965
      5.2623
      7.0307
      5.2767
      2.1554
      0.4744
      0.0559
      0.0039
      0.0116
      0.1903
      1.6705
      7.8358
     19.7609
     26.8871
      0.0019
      0.0105
      0.0646
      0.2533
      0.8647
      2.8803
      6.8506
      9.4511
      7.1492
      2.9268
      0.6447
      0.0759
      0.0052
      0.0158
      0.2589
      2.2728
     10.6615
     26.8870
     36.5831
