      0.1702
      0.1871
      0.2223
      0.2442
      0.2352
      0.2047
      0.1747
      0.1602
      0.1637
      0.1801
      0.1966
      0.1952
      0.1658
      0.1165
      0.0666
      0.0310
      0.0123
      0.0049
      0.0032
      0.1734
      0.1879
      0.2172
      0.2328
      0.2199
      0.1885
      0.1593
      0.1458
      0.1499
      0.1668
      0.1845
      0.1862
      0.1612
      0.1158
      0.0680
      0.0326
      0.0132
      0.0053
      0.0033
      0.1924
      0.1991
      0.2098
      0.2064
      0.1825
      0.1494
      0.1235
      0.1136
      0.1197
      0.1371
      0.1570
      0.1654
      0.1510
      0.1155
      0.0729
      0.0378
      0.0165
      0.0068
      0.0042
      0.2832
      0.2726
      0.2421
      0.1974
      0.1496
      0.1116
      0.0913
      0.0880
      0.0967
      0.1131
      0.1329
      0.1471
      0.1447
      0.1213
      0.0847
      0.0492
      0.0244
      0.0117
      0.0080
      0.6128
      0.5599
      0.4291
      0.2814
      0.1676
      0.1055
      0.0858
      0.0887
      0.0985
      0.1101
      0.1254
      0.1425
      0.1508
      0.1394
      0.1091
      0.0728
      0.0439
      0.0278
      0.0229
      1.4739
      1.3252
      0.9652
      0.5759
      0.2961
      0.1572
      0.1170
      0.1179
      0.1232
      0.1246
      0.1313
      0.1489
      0.1678
      0.1707
      0.1512
      0.1202
      0.0936
      0.0791
      0.0750
      3.1206
      2.7965
      2.0147
      1.1750
      0.5756
      0.2755
      0.1766
      0.1588
      0.1513
      0.1385
      0.1352
      0.1538
      0.1862
      0.2120
      0.2197
      0.2167
      0.2171
      0.2239
      0.2282
      5.4017
      4.8378
      3.4777
      2.0170
      0.9703
      0.4351
      0.2412
      0.1884
      0.1625
      0.1365
      0.1268
      0.1499
      0.2027
      0.2683
      0.3353
      0.4074
      0.4881
      0.5602
      0.5900
      7.5210
      6.7352
      4.8396
      2.8021
      1.3368
      0.5772
      0.2883
      0.1990
      0.1572
      0.1235
      0.1124
      0.1447
      0.2269
      0.3540
      0.5225
      0.7335
      0.9700
      1.1710
      1.2517
      8.3992
      7.5221
      5.4064
      3.1328
      1.4974
      0.6474
      0.3204
      0.2153
      0.1646
      0.1243
      0.1103
      0.1506
      0.2660
      0.4689
      0.7689
      1.1668
      1.6179
      1.9989
      2.1511
      7.5210
      6.7380
      4.8514
      2.8305
      1.3881
      0.6517
      0.3777
      0.2876
      0.2288
      0.1688
      0.1354
      0.1696
      0.3062
      0.5728
      0.9909
      1.5613
      2.2137
      2.7650
      2.9850
      5.4017
      4.8462
      3.5140
      2.1047
      1.1292
      0.6663
      0.5167
      0.4575
      0.3754
      0.2679
      0.1872
      0.1897
      0.3178
      0.6034
      1.0719
      1.7229
      2.4718
      3.1053
      3.3580
      3.1206
      2.8156
      2.0965
      1.3701
      0.9233
      0.7720
      0.7564
      0.7130
      0.5797
      0.3970
      0.2468
      0.1965
      0.2840
      0.5334
      0.9660
      1.5801
      2.2928
      2.8974
      3.1388
      1.4739
      1.3597
      1.1106
      0.9150
      0.8836
      0.9712
      1.0390
      0.9744
      0.7683
      0.5044
      0.2876
      0.1847
      0.2201
      0.4063
      0.7631
      1.2951
      1.9302
      2.4767
      2.6962
      0.6128
      0.6101
      0.6377
      0.7565
      0.9660
      1.1748
      1.2565
      1.1422
      0.8688
      0.5495
      0.2950
      0.1617
      0.1619
      0.3082
      0.6390
      1.1840
      1.8760
      2.4914
      2.7419
      0.2832
      0.3321
      0.4868
      0.7445
      1.0463
      1.2785
      1.3321
      1.1741
      0.8694
      0.5374
      0.2799
      0.1427
      0.1386
      0.3046
      0.7303
      1.4967
      2.5222
      3.4591
      3.8448
      0.1924
      0.2582
      0.4511
      0.7401
      1.0449
      1.2538
      1.2805
      1.1132
      0.8200
      0.5079
      0.2659
      0.1382
      0.1537
      0.3943
      1.0278
      2.2061
      3.8132
      5.2959
      5.9086
      0.1734
      0.2407
      0.4326
      0.7083
      0.9863
      1.1690
      1.1886
      1.0394
      0.7770
      0.4913
      0.2638
      0.1449
      0.1843
      0.5092
      1.3614
      2.9578
      5.1456
      7.1691
      8.0062
      0.1702
      0.2363
      0.4233
      0.6883
      0.9524
      1.1251
      1.1461
      1.0090
      0.7622
      0.4879
      0.2656
      0.1496
      0.1994
      0.5610
      1.5072
      3.2817
      5.7155
      7.9676
      8.8994
