      0.0019
      0.0046
      0.0114
      0.0155
      0.0114
      0.0045
      0.0010
      0.0003
      0.0010
      0.0044
      0.0108
      0.0145
      0.0105
      0.0041
      0.0009
      0.0001
      0.0000
      0.0000
      0.0000
      0.0027
      0.0059
      0.0131
      0.0163
      0.0110
      0.0040
      0.0009
      0.0002
      0.0008
      0.0036
      0.0095
      0.0138
      0.0110
      0.0048
      0.0011
      0.0001
      0.0000
      0.0000
      0.0000
      0.0036
      0.0069
      0.0131
      0.0140
      0.0081
      0.0026
      0.0005
      0.0001
      0.0004
      0.0020
      0.0063
      0.0113
      0.0114
      0.0066
      0.0022
      0.0004
      0.0000
      0.0000
      0.0000
      0.0029
      0.0047
      0.0077
      0.0072
      0.0037
      0.0010
      0.0002
      0.0000
      0.0002
      0.0012
      0.0059
      0.0166
      0.0269
      0.0244
      0.0123
      0.0034
      0.0005
      0.0000
      0.0000
      0.0054
      0.0048
      0.0037
      0.0023
      0.0009
      0.0002
      0.0000
      0.0000
      0.0002
      0.0024
      0.0162
      0.0592
      0.1166
      0.1244
      0.0718
      0.0224
      0.0037
      0.0003
      0.0000
      0.0708
      0.0522
      0.0210
      0.0047
      0.0006
      0.0001
      0.0000
      0.0001
      0.0004
      0.0049
      0.0365
      0.1474
      0.3205
      0.3763
      0.2386
      0.0816
      0.0150
      0.0015
      0.0002
      0.6192
      0.4551
      0.1805
      0.0385
      0.0044
      0.0003
      0.0001
      0.0002
      0.0005
      0.0056
      0.0455
      0.2014
      0.4799
      0.6172
      0.4290
      0.1612
      0.0332
      0.0047
      0.0018
      2.9044
      2.1346
      0.8464
      0.1804
      0.0206
      0.0013
      0.0002
      0.0003
      0.0004
      0.0035
      0.0306
      0.1488
      0.3891
      0.5499
      0.4223
      0.1796
      0.0498
      0.0232
      0.0235
      7.3245
      5.3832
      2.1346
      0.4551
      0.0519
      0.0032
      0.0004
      0.0004
      0.0003
      0.0012
      0.0112
      0.0604
      0.1770
      0.2888
      0.2738
      0.1731
      0.1238
      0.1619
      0.1984
      9.9658
      7.3245
      2.9044
      0.6192
      0.0708
      0.0053
      0.0030
      0.0042
      0.0034
      0.0017
      0.0029
      0.0174
      0.0732
      0.1953
      0.3344
      0.3970
      0.4772
      0.7363
      0.9191
      7.3245
      5.3832
      2.1346
      0.4554
      0.0549
      0.0174
      0.0370
      0.0518
      0.0394
      0.0162
      0.0045
      0.0124
      0.0849
      0.3355
      0.7434
      1.0143
      1.2401
      1.8615
      2.3097
      2.9044
      2.1346
      0.8468
      0.1839
      0.0457
      0.1094
      0.2612
      0.3450
      0.2474
      0.0959
      0.0208
      0.0150
      0.1036
      0.4513
      1.0781
      1.5375
      1.8245
      2.5820
      3.1540
      0.6192
      0.4553
      0.1835
      0.0610
      0.1281
      0.4555
      1.0015
      1.2363
      0.8353
      0.3057
      0.0607
      0.0146
      0.0725
      0.3369
      0.8587
      1.2822
      1.4883
      1.9647
      2.3447
      0.0708
      0.0539
      0.0389
      0.1061
      0.3947
      1.1237
      2.1374
      2.4176
      1.5300
      0.5283
      0.0985
      0.0127
      0.0277
      0.1360
      0.3703
      0.5824
      0.6708
      0.8262
      0.9579
      0.0054
      0.0115
      0.0684
      0.3066
      0.8776
      1.8036
      2.7393
      2.7468
      1.6238
      0.5348
      0.0959
      0.0098
      0.0060
      0.0296
      0.0870
      0.1520
      0.2075
      0.2968
      0.3581
      0.0029
      0.0190
      0.1387
      0.5647
      1.3624
      2.2572
      2.9576
      2.8941
      1.8000
      0.6455
      0.1284
      0.0140
      0.0014
      0.0040
      0.0200
      0.1002
      0.4035
      0.9859
      1.3347
      0.0036
      0.0231
      0.1590
      0.6150
      1.5148
      3.0352
      5.3485
      6.6164
      4.8123
      1.9346
      0.4216
      0.0493
      0.0032
      0.0029
      0.0442
      0.3830
      1.7920
      4.5169
      6.1453
      0.0027
      0.0164
      0.1072
      0.4393
      1.4902
      4.7866
     11.1595
     15.2874
     11.5343
      4.7164
      1.0382
      0.1222
      0.0078
      0.0069
      0.1097
      0.9626
      4.5154
     11.3873
     15.4938
      0.0019
      0.0110
      0.0712
      0.3310
      1.5094
      5.9489
     14.8155
     20.6363
     15.6392
      6.4046
      1.4109
      0.1662
      0.0107
      0.0093
      0.1492
      1.3097
      6.1437
     15.4937
     21.0811
