      0.1258
      0.1382
      0.1660
      0.1905
      0.2030
      0.2086
      0.2137
      0.2153
      0.2082
      0.1945
      0.1783
      0.1570
      0.1255
      0.0862
      0.0492
      0.0233
      0.0096
      0.0043
      0.0030
      0.1293
      0.1399
      0.1628
      0.1817
      0.1892
      0.1911
      0.1936
      0.1946
      0.1894
      0.1796
      0.1684
      0.1525
      0.1257
      0.0893
      0.0530
      0.0261
      0.0111
      0.0048
      0.0033
      0.1520
      0.1560
      0.1627
      0.1634
      0.1565
      0.1489
      0.1461
      0.1465
      0.1463
      0.1462
      0.1476
      0.1456
      0.1313
      0.1024
      0.0670
      0.0364
      0.0168
      0.0074
      0.0048
      0.2584
      0.2454
      0.2113
      0.1686
      0.1310
      0.1077
      0.0996
      0.1012
      0.1072
      0.1178
      0.1340
      0.1500
      0.1529
      0.1341
      0.0983
      0.0598
      0.0311
      0.0157
      0.0112
      0.6286
      0.5711
      0.4304
      0.2750
      0.1592
      0.0985
      0.0797
      0.0821
      0.0927
      0.1101
      0.1383
      0.1726
      0.1957
      0.1893
      0.1529
      0.1043
      0.0643
      0.0418
      0.0351
      1.5760
      1.4151
      1.0258
      0.6054
      0.3022
      0.1479
      0.0971
      0.0928
      0.1018
      0.1189
      0.1527
      0.2024
      0.2467
      0.2581
      0.2295
      0.1813
      0.1415
      0.1217
      0.1168
      3.3715
      3.0204
      2.1726
      1.2601
      0.6037
      0.2662
      0.1453
      0.1188
      0.1173
      0.1265
      0.1581
      0.2166
      0.2813
      0.3211
      0.3257
      0.3172
      0.3231
      0.3442
      0.3562
      5.8502
      5.2387
      3.7625
      2.1736
      1.0276
      0.4306
      0.2044
      0.1407
      0.1224
      0.1195
      0.1435
      0.2036
      0.2872
      0.3723
      0.4572
      0.5671
      0.7157
      0.8609
      0.9231
      8.1500
      7.2975
      5.2397
      3.0235
      1.4215
      0.5800
      0.2516
      0.1509
      0.1168
      0.1031
      0.1176
      0.1751
      0.2789
      0.4312
      0.6560
      0.9897
      1.4155
      1.8034
      1.9637
      9.1026
      8.1507
      5.8533
      3.3795
      1.5911
      0.6506
      0.2813
      0.1651
      0.1222
      0.0986
      0.1015
      0.1537
      0.2790
      0.5138
      0.9205
      1.5554
      2.3617
      3.0857
      3.3823
      8.1500
      7.2995
      5.2481
      3.0439
      1.4586
      0.6350
      0.3191
      0.2191
      0.1708
      0.1297
      0.1114
      0.1500
      0.2887
      0.5937
      1.1637
      2.0746
      3.2335
      4.2708
      4.6948
      5.8502
      5.2446
      3.7883
      2.2364
      1.1426
      0.6004
      0.4103
      0.3452
      0.2829
      0.2053
      0.1474
      0.1565
      0.2853
      0.6118
      1.2495
      2.2818
      3.5974
      4.7741
      5.2546
      3.3715
      3.0340
      2.2310
      1.4005
      0.8565
      0.6324
      0.5799
      0.5407
      0.4438
      0.3085
      0.1948
      0.1592
      0.2502
      0.5351
      1.1142
      2.0610
      3.2699
      4.3508
      4.7921
      1.5760
      1.4398
      1.1306
      0.8520
      0.7349
      0.7573
      0.8006
      0.7586
      0.6080
      0.4060
      0.2346
      0.1520
      0.1922
      0.3987
      0.8448
      1.5866
      2.5387
      3.3916
      3.7399
      0.6286
      0.6076
      0.5830
      0.6271
      0.7621
      0.9251
      1.0095
      0.9425
      0.7370
      0.4782
      0.2615
      0.1424
      0.1405
      0.2814
      0.6221
      1.2112
      1.9815
      2.6772
      2.9623
      0.2584
      0.2895
      0.3950
      0.5877
      0.8383
      1.0633
      1.1613
      1.0756
      0.8354
      0.5391
      0.2899
      0.1446
      0.1202
      0.2439
      0.5848
      1.2074
      2.0445
      2.8109
      3.1267
      0.1520
      0.2013
      0.3514
      0.5941
      0.8849
      1.1381
      1.2558
      1.1793
      0.9321
      0.6128
      0.3343
      0.1652
      0.1340
      0.2883
      0.7352
      1.5757
      2.7239
      3.7835
      4.2214
      0.1293
      0.1821
      0.3399
      0.5903
      0.8908
      1.1631
      1.3105
      1.2618
      1.0235
      0.6894
      0.3841
      0.1932
      0.1615
      0.3616
      0.9423
      2.0428
      3.5531
      4.9503
      5.5283
      0.1258
      0.1785
      0.3356
      0.5848
      0.8866
      1.1671
      1.3297
      1.2961
      1.0636
      0.7238
      0.4068
      0.2063
      0.1750
      0.3962
      1.0371
      2.2529
      3.9230
      5.4687
      6.1083
