      0.0507
      0.0668
      0.1000
      0.1175
      0.1015
      0.0679
      0.0428
      0.0350
      0.0434
      0.0682
      0.1004
      0.1149
      0.0958
      0.0570
      0.0240
      0.0072
      0.0015
      0.0002
      0.0000
      0.0536
      0.0688
      0.0987
      0.1118
      0.0935
      0.0607
      0.0370
      0.0297
      0.0373
      0.0605
      0.0923
      0.1103
      0.0967
      0.0613
      0.0279
      0.0092
      0.0022
      0.0004
      0.0001
      0.0553
      0.0671
      0.0881
      0.0920
      0.0713
      0.0428
      0.0240
      0.0186
      0.0248
      0.0454
      0.0792
      0.1095
      0.1133
      0.0862
      0.0480
      0.0194
      0.0057
      0.0012
      0.0004
      0.0476
      0.0541
      0.0638
      0.0604
      0.0427
      0.0234
      0.0123
      0.0101
      0.0168
      0.0398
      0.0883
      0.1527
      0.1946
      0.1797
      0.1193
      0.0566
      0.0191
      0.0047
      0.0016
      0.0430
      0.0432
      0.0410
      0.0325
      0.0203
      0.0108
      0.0073
      0.0089
      0.0186
      0.0526
      0.1380
      0.2753
      0.3960
      0.4059
      0.2956
      0.1527
      0.0562
      0.0156
      0.0063
      0.0866
      0.0753
      0.0501
      0.0262
      0.0121
      0.0076
      0.0095
      0.0147
      0.0272
      0.0736
      0.2041
      0.4369
      0.6722
      0.7343
      0.5691
      0.3143
      0.1271
      0.0438
      0.0243
      0.2560
      0.2160
      0.1298
      0.0563
      0.0201
      0.0119
      0.0162
      0.0228
      0.0339
      0.0808
      0.2286
      0.5159
      0.8394
      0.9711
      0.8018
      0.4834
      0.2354
      0.1269
      0.1035
      0.6021
      0.5065
      0.3016
      0.1280
      0.0424
      0.0200
      0.0223
      0.0273
      0.0326
      0.0651
      0.1848
      0.4395
      0.7597
      0.9420
      0.8550
      0.6159
      0.4444
      0.4102
      0.4211
      1.0114
      0.8507
      0.5062
      0.2142
      0.0693
      0.0282
      0.0266
      0.0292
      0.0285
      0.0417
      0.1107
      0.2791
      0.5274
      0.7385
      0.8145
      0.8327
      0.9673
      1.2183
      1.3531
      1.2024
      1.0114
      0.6021
      0.2560
      0.0867
      0.0435
      0.0484
      0.0547
      0.0477
      0.0395
      0.0621
      0.1568
      0.3487
      0.6137
      0.9169
      1.3335
      2.0067
      2.7980
      3.1733
      1.0114
      0.8511
      0.5089
      0.2254
      0.1033
      0.1050
      0.1528
      0.1782
      0.1508
      0.0952
      0.0651
      0.1139
      0.2954
      0.6479
      1.1894
      2.0165
      3.2711
      4.6672
      5.3161
      0.6021
      0.5085
      0.3139
      0.1746
      0.1735
      0.2961
      0.4517
      0.5115
      0.4175
      0.2458
      0.1190
      0.1137
      0.2820
      0.6782
      1.3425
      2.3736
      3.8988
      5.5653
      6.3347
      0.2560
      0.2231
      0.1707
      0.1961
      0.3738
      0.6944
      1.0073
      1.0833
      0.8465
      0.4763
      0.2020
      0.1153
      0.2257
      0.5561
      1.1376
      2.0394
      3.3415
      4.7411
      5.3837
      0.0866
      0.0943
      0.1527
      0.3441
      0.7324
      1.2638
      1.6926
      1.7113
      1.2758
      0.6898
      0.2727
      0.1068
      0.1373
      0.3327
      0.7020
      1.2836
      2.1130
      2.9920
      3.3930
      0.0430
      0.0806
      0.2343
      0.5894
      1.1747
      1.8548
      2.3103
      2.2226
      1.6070
      0.8529
      0.3287
      0.1023
      0.0686
      0.1514
      0.3509
      0.7198
      1.2968
      1.9253
      2.2130
      0.0476
      0.1077
      0.3359
      0.8207
      1.5672
      2.4063
      2.9842
      2.9182
      2.1724
      1.1948
      0.4762
      0.1392
      0.0466
      0.0813
      0.2681
      0.7663
      1.6961
      2.7706
      3.2693
      0.0553
      0.1239
      0.3803
      0.9292
      1.8395
      3.0351
      4.1086
      4.3596
      3.4711
      2.0145
      0.8380
      0.2490
      0.0666
      0.1029
      0.4414
      1.4647
      3.4634
      5.8072
      6.8990
      0.0536
      0.1175
      0.3601
      0.9216
      2.0072
      3.7113
      5.5267
      6.2585
      5.1923
      3.0943
      1.3106
      0.3938
      0.1035
      0.1594
      0.7126
      2.4083
      5.7376
      9.6481
     11.4707
      0.0507
      0.1101
      0.3395
      0.8995
      2.0697
      4.0314
      6.2206
      7.1905
      6.0338
      3.6193
      1.5392
      0.4637
      0.1219
      0.1882
      0.8445
      2.8581
      6.8135
     11.4601
     13.6259
