      0.0874
      0.0912
      0.0998
      0.1090
      0.1182
      0.1314
      0.1518
      0.1797
      0.2162
      0.2610
      0.3008
      0.3098
      0.2709
      0.1955
      0.1149
      0.0547
      0.0212
      0.0071
      0.0036
      0.0862
      0.0896
      0.0970
      0.1041
      0.1107
      0.1209
      0.1383
      0.1640
      0.2004
      0.2478
      0.2944
      0.3136
      0.2849
      0.2147
      0.1325
      0.0667
      0.0274
      0.0098
      0.0051
      0.0861
      0.0878
      0.0908
      0.0919
      0.0919
      0.0955
      0.1070
      0.1293
      0.1669
      0.2241
      0.2925
      0.3438
      0.3459
      0.2897
      0.1993
      0.1120
      0.0514
      0.0205
      0.0116
      0.1046
      0.1018
      0.0937
      0.0824
      0.0727
      0.0703
      0.0788
      0.1012
      0.1451
      0.2212
      0.3287
      0.4369
      0.4923
      0.4577
      0.3470
      0.2135
      0.1073
      0.0472
      0.0289
      0.1891
      0.1746
      0.1387
      0.0987
      0.0707
      0.0618
      0.0716
      0.0989
      0.1523
      0.2527
      0.4119
      0.5981
      0.7295
      0.7286
      0.5902
      0.3878
      0.2102
      0.1034
      0.0697
      0.4211
      0.3800
      0.2810
      0.1757
      0.1052
      0.0804
      0.0901
      0.1214
      0.1798
      0.2965
      0.5006
      0.7648
      0.9829
      1.0330
      0.8818
      0.6169
      0.3675
      0.2115
      0.1615
      0.8713
      0.7819
      0.5673
      0.3405
      0.1873
      0.1252
      0.1243
      0.1508
      0.2013
      0.3127
      0.5298
      0.8380
      1.1249
      1.2403
      1.1224
      0.8550
      0.5884
      0.4203
      0.3669
      1.4984
      1.3431
      0.9703
      0.5753
      0.3040
      0.1825
      0.1574
      0.1687
      0.1986
      0.2818
      0.4707
      0.7681
      1.0815
      1.2667
      1.2477
      1.0868
      0.9183
      0.8239
      0.7986
      2.0824
      1.8663
      1.3471
      0.7961
      0.4138
      0.2344
      0.1836
      0.1777
      0.1838
      0.2275
      0.3604
      0.6039
      0.9053
      1.1603
      1.3022
      1.3652
      1.4322
      1.5212
      1.5661
      2.3246
      2.0839
      1.5062
      0.8950
      0.4741
      0.2802
      0.2268
      0.2155
      0.2016
      0.2026
      0.2698
      0.4441
      0.7188
      1.0437
      1.3784
      1.7341
      2.1256
      2.4736
      2.6184
      2.0824
      1.8689
      1.3595
      0.8300
      0.4842
      0.3515
      0.3402
      0.3429
      0.3080
      0.2552
      0.2483
      0.3510
      0.5950
      0.9755
      1.4784
      2.0991
      2.7902
      3.3797
      3.6178
      1.4984
      1.3503
      1.0042
      0.6681
      0.4954
      0.4972
      0.5728
      0.6024
      0.5317
      0.3990
      0.2980
      0.3189
      0.5153
      0.9045
      1.4857
      2.2424
      3.0883
      3.7999
      4.0843
      0.8713
      0.7966
      0.6362
      0.5269
      0.5669
      0.7400
      0.9239
      0.9772
      0.8467
      0.6046
      0.3879
      0.3110
      0.4307
      0.7625
      1.3047
      2.0335
      2.8519
      3.5364
      3.8086
      0.4211
      0.4045
      0.3951
      0.4802
      0.7167
      1.0575
      1.3460
      1.4114
      1.2033
      0.8354
      0.4926
      0.3091
      0.3327
      0.5643
      0.9971
      1.6104
      2.3152
      2.9093
      3.1460
      0.1891
      0.2096
      0.3009
      0.5286
      0.9282
      1.4254
      1.8215
      1.9038
      1.6160
      1.1121
      0.6304
      0.3320
      0.2586
      0.3988
      0.7509
      1.3123
      2.0021
      2.6041
      2.8472
      0.1046
      0.1465
      0.3014
      0.6362
      1.1869
      1.8617
      2.4087
      2.5461
      2.1858
      1.5187
      0.8571
      0.4156
      0.2483
      0.3444
      0.7250
      1.4223
      2.3451
      3.1815
      3.5245
      0.0861
      0.1405
      0.3387
      0.7650
      1.4753
      2.3696
      3.1302
      3.3726
      2.9471
      2.0802
      1.1860
      0.5648
      0.3036
      0.4040
      0.9236
      1.9392
      3.3278
      4.6070
      5.1351
      0.0862
      0.1479
      0.3751
      0.8737
      1.7253
      2.8277
      3.8007
      4.1566
      3.6790
      2.6255
      1.5099
      0.7201
      0.3795
      0.5046
      1.1874
      2.5436
      4.4142
      6.1449
      6.8609
      0.0874
      0.1516
      0.3896
      0.9171
      1.8276
      3.0184
      4.0830
      4.4888
      3.9902
      2.8579
      1.6483
      0.7873
      0.4144
      0.5524
      1.3073
      2.8108
      4.8878
      6.8110
      7.6068
