      0.0696
      0.0755
      0.0905
      0.1105
      0.1353
      0.1674
      0.2033
      0.2335
      0.2533
      0.2661
      0.2717
      0.2584
      0.2157
      0.1513
      0.0870
      0.0406
      0.0155
      0.0053
      0.0027
      0.0702
      0.0755
      0.0885
      0.1054
      0.1261
      0.1532
      0.1844
      0.2118
      0.2316
      0.2473
      0.2582
      0.2521
      0.2167
      0.1572
      0.0940
      0.0459
      0.0184
      0.0065
      0.0035
      0.0758
      0.0786
      0.0852
      0.0930
      0.1033
      0.1193
      0.1404
      0.1622
      0.1831
      0.2065
      0.2316
      0.2450
      0.2297
      0.1828
      0.1206
      0.0654
      0.0293
      0.0116
      0.0067
      0.1063
      0.1032
      0.0951
      0.0858
      0.0812
      0.0858
      0.0995
      0.1188
      0.1429
      0.1764
      0.2206
      0.2623
      0.2761
      0.2460
      0.1812
      0.1096
      0.0553
      0.0256
      0.0168
      0.2195
      0.2016
      0.1582
      0.1116
      0.0812
      0.0742
      0.0860
      0.1077
      0.1357
      0.1772
      0.2404
      0.3147
      0.3647
      0.3553
      0.2854
      0.1896
      0.1088
      0.0620
      0.0477
      0.5159
      0.4649
      0.3421
      0.2125
      0.1268
      0.0971
      0.1064
      0.1303
      0.1576
      0.1992
      0.2742
      0.3783
      0.4674
      0.4868
      0.4214
      0.3115
      0.2138
      0.1579
      0.1413
      1.0835
      0.9721
      0.7044
      0.4219
      0.2310
      0.1528
      0.1476
      0.1657
      0.1831
      0.2134
      0.2868
      0.4078
      0.5316
      0.5922
      0.5642
      0.4881
      0.4263
      0.4037
      0.4015
      1.8706
      1.6766
      1.2107
      0.7168
      0.3768
      0.2229
      0.1870
      0.1886
      0.1889
      0.2005
      0.2595
      0.3802
      0.5291
      0.6484
      0.7153
      0.7682
      0.8549
      0.9594
      1.0085
      2.6023
      2.3321
      1.6825
      0.9921
      0.5109
      0.2818
      0.2119
      0.1948
      0.1786
      0.1715
      0.2099
      0.3185
      0.4871
      0.6877
      0.9200
      1.2242
      1.6107
      1.9725
      2.1248
      2.9056
      2.6042
      1.8801
      1.1111
      0.5756
      0.3201
      0.2401
      0.2164
      0.1893
      0.1633
      0.1768
      0.2677
      0.4561
      0.7557
      1.2030
      1.8471
      2.6466
      3.3653
      3.6609
      2.6023
      2.3342
      1.6921
      1.0175
      0.5619
      0.3642
      0.3204
      0.3100
      0.2718
      0.2147
      0.1888
      0.2512
      0.4505
      0.8367
      1.4808
      2.4406
      3.6254
      4.6769
      5.1060
      1.8706
      1.6825
      1.2382
      0.7903
      0.5249
      0.4619
      0.4989
      0.5149
      0.4522
      0.3370
      0.2456
      0.2574
      0.4375
      0.8524
      1.5869
      2.6975
      4.0644
      5.2697
      5.7598
      1.0835
      0.9843
      0.7614
      0.5733
      0.5342
      0.6367
      0.7702
      0.8078
      0.6991
      0.4997
      0.3209
      0.2608
      0.3839
      0.7483
      1.4281
      2.4685
      3.7474
      4.8711
      5.3269
      0.5159
      0.4853
      0.4358
      0.4580
      0.6102
      0.8560
      1.0676
      1.1086
      0.9401
      0.6509
      0.3851
      0.2502
      0.2977
      0.5641
      1.1044
      1.9533
      3.0059
      3.9326
      4.3085
      0.2195
      0.2298
      0.2859
      0.4412
      0.7201
      1.0627
      1.3233
      1.3567
      1.1339
      0.7708
      0.4350
      0.2389
      0.2217
      0.4073
      0.8488
      1.5891
      2.5380
      3.3863
      3.7325
      0.1063
      0.1365
      0.2456
      0.4716
      0.8250
      1.2337
      1.5372
      1.5763
      1.3198
      0.8981
      0.5005
      0.2520
      0.1953
      0.3654
      0.8490
      1.7275
      2.9026
      3.9754
      4.4169
      0.0758
      0.1140
      0.2456
      0.5073
      0.9111
      1.3836
      1.7502
      1.8241
      1.5533
      1.0746
      0.6055
      0.3002
      0.2228
      0.4418
      1.1077
      2.3639
      4.0791
      5.6611
      6.3147
      0.0702
      0.1109
      0.2508
      0.5315
      0.9734
      1.5075
      1.9452
      2.0664
      1.7912
      1.2593
      0.7194
      0.3598
      0.2710
      0.5580
      1.4351
      3.1056
      5.3992
      7.5208
      8.3985
      0.0696
      0.1107
      0.2527
      0.5399
      0.9974
      1.5589
      2.0292
      2.1727
      1.8965
      1.3414
      0.7704
      0.3871
      0.2942
      0.6121
      1.5824
      3.4330
      5.9766
      8.3307
      9.3047
