      0.0000
      0.0000
      0.0000
      0.0000
      0.0000
      0.0000
      0.0000
      0.0000
      0.0000
      0.0000
      0.0000
      0.0000
      0.0000
      0.0000
      0.0000
      0.0000
      0.0000
      0.0000
      0.0000
      0.0000
      0.0000
      0.0000
      0.0000
      0.0000
      0.0000
      0.0000
      0.0000
      0.0000
      0.0000
      0.0000
      0.0000
      0.0000
      0.0000
      0.0000
      0.0000
      0.0000
      0.0000
      0.0000
      0.0000
      0.0000
      0.0000
      0.0000
      0.0000
      0.0000
      0.0000
      0.0000
      0.0000
      0.0000
      0.0000
      0.0000
      0.0000
      0.0000
      0.0000
      0.0000
      0.0000
      0.0000
      0.0000
      0.0000
      0.0000
      0.0000
      0.0000
      0.0000
      0.0000
      0.0000
      0.0000
      0.0000
      0.0000
      0.0000
      0.0000
      0.0000
      0.0000
      0.0000
      0.0000
      0.0000
      0.0000
      0.0000
      0.0000
      0.0000
      0.0000
      0.0000
      0.0000
      0.0000
      0.0000
      0.0000
      0.0000
      0.0000
      0.0000
      0.0001
      0.0006
      0.0007
      0.0002
      0.0000
      0.0000
      0.0000
      0.0000
      0.0011
      0.0005
      0.0001
      0.0000
      0.0000
      0.0000
      0.0000
      0.0000
      0.0000
      0.0000
      0.0000
      0.0010
      0.0060
      0.0087
      0.0031
      0.0003
      0.0000
      0.0000
      0.0000
      0.1453
      0.0727
      0.0091
      0.0003
      0.0000
      0.0000
      0.0000
      0.0000
      0.0000
      0.0000
      0.0001
      0.0021
      0.0150
      0.0264
      0.0116
      0.0013
      0.0000
      0.0000
      0.0000
      4.7119
      2.3560
      0.2937
      0.0091
      0.0001
      0.0000
      0.0000
      0.0000
      0.0000
      0.0000
      0.0000
      0.0011
      0.0093
      0.0201
      0.0108
      0.0015
      0.0001
      0.0001
      0.0001
     37.7954
     18.8977
      2.3560
      0.0727
      0.0005
      0.0000
      0.0000
      0.0000
      0.0000
      0.0000
      0.0000
      0.0001
      0.0014
      0.0038
      0.0026
      0.0006
      0.0011
      0.0082
      0.0164
     75.5909
     37.7954
      4.7119
      0.1453
      0.0011
      0.0000
      0.0000
      0.0000
      0.0000
      0.0000
      0.0000
      0.0000
      0.0001
      0.0011
      0.0045
      0.0066
      0.0351
      0.2663
      0.5319
     37.7954
     18.8977
      2.3560
      0.0727
      0.0005
      0.0000
      0.0001
      0.0001
      0.0001
      0.0000
      0.0000
      0.0000
      0.0003
      0.0073
      0.0428
      0.0703
      0.2890
      2.1357
      4.2665
      4.7119
      2.3560
      0.2937
      0.0091
      0.0001
      0.0006
      0.0044
      0.0084
      0.0040
      0.0005
      0.0000
      0.0000
      0.0006
      0.0153
      0.1039
      0.1919
      0.6064
      4.2744
      8.5330
      0.1453
      0.0727
      0.0091
      0.0003
      0.0005
      0.0132
      0.0877
      0.1472
      0.0617
      0.0065
      0.0002
      0.0000
      0.0003
      0.0080
      0.0631
      0.1325
      0.3272
      2.1407
      4.2667
      0.0011
      0.0005
      0.0001
      0.0006
      0.0073
      0.0801
      0.4334
      0.6378
      0.2362
      0.0218
      0.0005
      0.0000
      0.0000
      0.0010
      0.0096
      0.0230
      0.0458
      0.2677
      0.5320
      0.0000
      0.0000
      0.0005
      0.0113
      0.0741
      0.2072
      0.5682
      0.6947
      0.2265
      0.0185
      0.0004
      0.0000
      0.0000
      0.0000
      0.0004
      0.0010
      0.0018
      0.0090
      0.0178
      0.0000
      0.0000
      0.0024
      0.0521
      0.2782
      0.4080
      0.3455
      0.3324
      0.1273
      0.0137
      0.0004
      0.0000
      0.0000
      0.0000
      0.0000
      0.0004
      0.0113
      0.0904
      0.1808
      0.0000
      0.0000
      0.0033
      0.0603
      0.2818
      0.5534
      2.1493
      4.4261
      2.3746
      0.3184
      0.0106
      0.0001
      0.0000
      0.0000
      0.0001
      0.0113
      0.3652
      2.9295
      5.8591
      0.0000
      0.0000
      0.0011
      0.0178
      0.1229
      1.9695
     16.4424
     35.3523
     19.0204
      2.5524
      0.0848
      0.0007
      0.0000
      0.0000
      0.0007
      0.0903
      2.9295
     23.4984
     46.9969
      0.0000
      0.0000
      0.0002
      0.0033
      0.1174
      3.8120
     32.8530
     70.7023
     38.0406
      5.1047
      0.1695
      0.0014
      0.0000
      0.0000
      0.0014
      0.1807
      5.8591
     46.9969
     93.9938
