      0.0007
      0.0017
      0.0041
      0.0056
      0.0041
      0.0018
      0.0007
      0.0006
      0.0008
      0.0019
      0.0043
      0.0057
      0.0041
      0.0016
      0.0003
      0.0000
      0.0000
      0.0000
      0.0000
      0.0010
      0.0021
      0.0047
      0.0059
      0.0040
      0.0016
      0.0006
      0.0005
      0.0006
      0.0015
      0.0038
      0.0055
      0.0044
      0.0019
      0.0005
      0.0001
      0.0000
      0.0000
      0.0000
      0.0013
      0.0025
      0.0047
      0.0050
      0.0029
      0.0010
      0.0003
      0.0002
      0.0003
      0.0009
      0.0028
      0.0053
      0.0060
      0.0039
      0.0015
      0.0003
      0.0000
      0.0000
      0.0000
      0.0012
      0.0018
      0.0028
      0.0026
      0.0013
      0.0004
      0.0001
      0.0000
      0.0001
      0.0009
      0.0047
      0.0146
      0.0252
      0.0239
      0.0124
      0.0035
      0.0005
      0.0000
      0.0000
      0.0080
      0.0062
      0.0031
      0.0012
      0.0004
      0.0001
      0.0000
      0.0000
      0.0002
      0.0025
      0.0168
      0.0615
      0.1217
      0.1302
      0.0753
      0.0235
      0.0039
      0.0004
      0.0000
      0.1266
      0.0931
      0.0370
      0.0080
      0.0009
      0.0001
      0.0000
      0.0001
      0.0004
      0.0051
      0.0383
      0.1548
      0.3367
      0.3953
      0.2507
      0.0857
      0.0158
      0.0018
      0.0004
      1.1106
      0.8162
      0.3237
      0.0690
      0.0079
      0.0005
      0.0001
      0.0002
      0.0006
      0.0059
      0.0478
      0.2116
      0.5042
      0.6485
      0.4506
      0.1695
      0.0367
      0.0102
      0.0093
      5.2095
      3.8287
      1.5182
      0.3237
      0.0369
      0.0023
      0.0003
      0.0003
      0.0004
      0.0036
      0.0322
      0.1563
      0.4083
      0.5758
      0.4405
      0.1914
      0.0844
      0.1133
      0.1475
     13.1376
      9.6556
      3.8287
      0.8162
      0.0930
      0.0057
      0.0004
      0.0003
      0.0003
      0.0013
      0.0117
      0.0627
      0.1811
      0.2859
      0.2593
      0.2072
      0.4164
      0.9549
      1.2885
     17.8753
     13.1376
      5.2095
      1.1106
      0.1266
      0.0081
      0.0014
      0.0017
      0.0014
      0.0008
      0.0026
      0.0152
      0.0550
      0.1232
      0.2113
      0.5273
      1.8459
      4.4621
      6.0388
     13.1376
      9.6556
      3.8287
      0.8164
      0.0942
      0.0112
      0.0146
      0.0203
      0.0154
      0.0063
      0.0019
      0.0058
      0.0367
      0.1435
      0.3980
      1.2889
      4.6586
     11.2542
     15.2265
      5.2095
      3.8287
      1.5183
      0.3250
      0.0466
      0.0445
      0.1022
      0.1350
      0.0968
      0.0375
      0.0082
      0.0059
      0.0410
      0.1853
      0.5601
      1.8119
      6.3924
     15.3330
     20.7228
      1.1106
      0.8163
      0.3248
      0.0775
      0.0554
      0.1775
      0.3912
      0.4836
      0.3270
      0.1197
      0.0238
      0.0057
      0.0286
      0.1380
      0.4373
      1.3914
      4.7564
     11.2960
     15.2415
      0.1266
      0.0937
      0.0435
      0.0454
      0.1499
      0.4341
      0.8355
      0.9501
      0.6029
      0.2086
      0.0390
      0.0050
      0.0109
      0.0557
      0.1851
      0.5811
      1.9195
      4.5022
      6.0608
      0.0080
      0.0086
      0.0265
      0.1124
      0.3298
      0.7089
      1.1253
      1.1658
      0.7075
      0.2391
      0.0441
      0.0046
      0.0024
      0.0121
      0.0433
      0.1409
      0.4632
      1.0795
      1.4509
      0.0012
      0.0070
      0.0503
      0.2094
      0.5453
      1.0735
      1.7329
      1.9679
      1.3434
      0.5149
      0.1081
      0.0123
      0.0010
      0.0020
      0.0150
      0.1022
      0.4535
      1.1312
      1.5365
      0.0013
      0.0084
      0.0587
      0.2472
      0.7802
      2.2303
      4.8858
      6.5384
      4.8857
      1.9876
      0.4361
      0.0512
      0.0033
      0.0030
      0.0464
      0.4058
      1.9015
      4.7945
      6.5233
      0.0010
      0.0060
      0.0423
      0.2229
      1.1251
      4.5771
     11.4535
     15.9554
     12.0879
      4.9491
      1.0900
      0.1284
      0.0082
      0.0073
      0.1163
      1.0207
      4.7878
     12.0743
     16.4286
      0.0007
      0.0041
      0.0308
      0.2073
      1.3440
      6.0235
     15.4489
     21.6478
     16.4262
      6.7289
      1.4824
      0.1746
      0.0112
      0.0099
      0.1582
      1.3887
      6.5143
     16.4283
     22.3527
