      0.0000
      0.0000
      0.0000
      0.0000
      0.0000
      0.0000
      0.0000
      0.0000
      0.0000
      0.0000
      0.0000
      0.0000
      0.0000
      0.0000
      0.0000
      0.0000
      0.0000
      0.0000
      0.0000
      0.0000
      0.0000
      0.0000
      0.0000
      0.0000
      0.0000
      0.0000
      0.0000
      0.0000
      0.0000
      0.0000
      0.0000
      0.0000
      0.0000
      0.0000
      0.0000
      0.0000
      0.0000
      0.0000
      0.0000
      0.0000
      0.0000
      0.0000
      0.0000
      0.0000
      0.0000
      0.0000
      0.0000
      0.0000
      0.0000
      0.0000
      0.0000
      0.0000
      0.0000
      0.0000
      0.0000
      0.0000
      0.0000
      0.0000
      0.0000
      0.0000
      0.0000
      0.0000
      0.0000
      0.0000
      0.0000
      0.0000
      0.0000
      0.0000
      0.0000
      0.0000
      0.0000
      0.0000
      0.0000
      0.0000
      0.0000
      0.0000
      0.0000
      0.0000
      0.0000
      0.0000
      0.0000
      0.0000
      0.0000
      0.0000
      0.0000
      0.0000
      0.0000
      0.0001
      0.0005
      0.0006
      0.0002
      0.0000
      0.0000
      0.0000
      0.0000
      0.0004
      0.0002
      0.0000
      0.0000
      0.0000
      0.0000
      0.0000
      0.0000
      0.0000
      0.0000
      0.0000
      0.0008
      0.0049
      0.0070
      0.0025
      0.0002
      0.0000
      0.0000
      0.0000
      0.0524
      0.0262
      0.0033
      0.0001
      0.0000
      0.0000
      0.0000
      0.0000
      0.0000
      0.0000
      0.0001
      0.0017
      0.0121
      0.0213
      0.0094
      0.0010
      0.0000
      0.0000
      0.0000
      1.6992
      0.8496
      0.1059
      0.0033
      0.0000
      0.0000
      0.0000
      0.0000
      0.0000
      0.0000
      0.0000
      0.0009
      0.0075
      0.0162
      0.0088
      0.0012
      0.0000
      0.0000
      0.0000
     13.6295
      6.8147
      0.8496
      0.0262
      0.0002
      0.0000
      0.0000
      0.0000
      0.0000
      0.0000
      0.0000
      0.0001
      0.0012
      0.0031
      0.0021
      0.0004
      0.0002
      0.0012
      0.0024
     27.2589
     13.6295
      1.6992
      0.0524
      0.0004
      0.0000
      0.0000
      0.0000
      0.0000
      0.0000
      0.0000
      0.0000
      0.0001
      0.0006
      0.0023
      0.0030
      0.0061
      0.0393
      0.0781
     13.6295
      6.8147
      0.8496
      0.0262
      0.0002
      0.0000
      0.0000
      0.0001
      0.0000
      0.0000
      0.0000
      0.0000
      0.0002
      0.0037
      0.0213
      0.0323
      0.0511
      0.3145
      0.6256
      1.6992
      0.8496
      0.1059
      0.0033
      0.0000
      0.0003
      0.0022
      0.0042
      0.0020
      0.0002
      0.0000
      0.0000
      0.0003
      0.0076
      0.0517
      0.0898
      0.1154
      0.6298
      1.2510
      0.0524
      0.0262
      0.0033
      0.0001
      0.0003
      0.0067
      0.0437
      0.0732
      0.0307
      0.0032
      0.0001
      0.0000
      0.0001
      0.0040
      0.0314
      0.0630
      0.0695
      0.3165
      0.6255
      0.0004
      0.0002
      0.0001
      0.0009
      0.0079
      0.0474
      0.2190
      0.3178
      0.1176
      0.0108
      0.0002
      0.0000
      0.0000
      0.0005
      0.0048
      0.0111
      0.0111
      0.0399
      0.0780
      0.0000
      0.0000
      0.0007
      0.0165
      0.1042
      0.2068
      0.3228
      0.3498
      0.1130
      0.0092
      0.0002
      0.0000
      0.0000
      0.0000
      0.0002
      0.0005
      0.0006
      0.0024
      0.0047
      0.0000
      0.0000
      0.0036
      0.0764
      0.4066
      0.5605
      0.3091
      0.2173
      0.0862
      0.0099
      0.0003
      0.0000
      0.0000
      0.0000
      0.0000
      0.0006
      0.0186
      0.1491
      0.2982
      0.0000
      0.0001
      0.0048
      0.0885
      0.4092
      0.6530
      1.7914
      3.5758
      1.9173
      0.2572
      0.0085
      0.0001
      0.0000
      0.0000
      0.0001
      0.0186
      0.6028
      4.8352
      9.6705
      0.0000
      0.0000
      0.0016
      0.0259
      0.1445
      1.6353
     13.2935
     28.5594
     15.3653
      2.0619
      0.0685
      0.0006
      0.0000
      0.0000
      0.0011
      0.1491
      4.8352
     38.7844
     77.5688
      0.0000
      0.0000
      0.0003
      0.0043
      0.1004
      3.0842
     26.5408
     57.1158
     30.7305
      4.1238
      0.1370
      0.0011
      0.0000
      0.0000
      0.0022
      0.2982
      9.6705
     77.5688
    155.1375
