      0.2153
      0.2371
      0.2833
      0.3150
      0.3111
      0.2834
      0.2582
      0.2526
      0.2701
      0.3048
      0.3371
      0.3370
      0.2872
      0.2019
      0.1152
      0.0532
      0.0202
      0.0071
      0.0040
      0.2178
      0.2367
      0.2759
      0.2998
      0.2904
      0.2601
      0.2339
      0.2276
      0.2443
      0.2788
      0.3132
      0.3186
      0.2769
      0.1990
      0.1165
      0.0554
      0.0217
      0.0077
      0.0043
      0.2301
      0.2406
      0.2591
      0.2613
      0.2377
      0.2020
      0.1746
      0.1673
      0.1824
      0.2161
      0.2547
      0.2735
      0.2520
      0.1931
      0.1214
      0.0624
      0.0266
      0.0103
      0.0060
      0.2944
      0.2881
      0.2669
      0.2290
      0.1812
      0.1377
      0.1106
      0.1038
      0.1172
      0.1493
      0.1920
      0.2259
      0.2289
      0.1936
      0.1351
      0.0779
      0.0381
      0.0178
      0.0121
      0.5470
      0.5042
      0.3967
      0.2704
      0.1657
      0.0992
      0.0678
      0.0614
      0.0734
      0.1034
      0.1492
      0.1972
      0.2239
      0.2122
      0.1670
      0.1112
      0.0670
      0.0426
      0.0353
      1.2317
      1.1097
      0.8127
      0.4870
      0.2441
      0.1109
      0.0574
      0.0456
      0.0546
      0.0817
      0.1294
      0.1898
      0.2394
      0.2532
      0.2271
      0.1816
      0.1430
      0.1227
      0.1173
      2.5609
      2.2954
      1.6532
      0.9582
      0.4516
      0.1821
      0.0765
      0.0487
      0.0511
      0.0732
      0.1202
      0.1907
      0.2648
      0.3153
      0.3320
      0.3313
      0.3369
      0.3523
      0.3610
      4.4133
      3.9520
      2.8374
      1.6346
      0.7612
      0.2983
      0.1160
      0.0634
      0.0557
      0.0700
      0.1129
      0.1916
      0.2970
      0.4092
      0.5185
      0.6362
      0.7702
      0.8909
      0.9412
      6.1383
      5.4960
      3.9448
      2.2727
      1.0611
      0.4216
      0.1709
      0.0966
      0.0778
      0.0804
      0.1146
      0.2011
      0.3500
      0.5596
      0.8303
      1.1684
      1.5503
      1.8774
      2.0095
      6.8536
      6.1374
      4.4094
      2.5513
      1.2139
      0.5200
      0.2579
      0.1813
      0.1503
      0.1299
      0.1433
      0.2320
      0.4315
      0.7647
      1.2485
      1.8861
      2.6104
      3.2250
      3.4713
      6.1383
      5.5006
      3.9664
      2.3303
      1.1781
      0.6133
      0.4265
      0.3735
      0.3198
      0.2489
      0.2126
      0.2806
      0.5131
      0.9534
      1.6324
      2.5493
      3.5949
      4.4794
      4.8328
      4.4133
      3.9651
      2.8967
      1.7880
      1.0626
      0.7756
      0.7330
      0.7136
      0.6095
      0.4450
      0.3167
      0.3246
      0.5412
      1.0148
      1.7776
      2.8218
      4.0136
      5.0188
      5.4198
      2.5609
      2.3233
      1.7764
      1.2660
      1.0319
      1.0635
      1.1722
      1.1631
      0.9701
      0.6747
      0.4243
      0.3392
      0.4847
      0.8930
      1.5831
      2.5383
      3.6278
      4.5438
      4.9083
      1.2317
      1.1580
      1.0212
      0.9898
      1.1529
      1.4312
      1.6300
      1.5833
      1.2772
      0.8520
      0.4912
      0.3157
      0.3655
      0.6444
      1.1516
      1.8657
      2.6818
      3.3665
      3.6385
      0.5470
      0.5727
      0.6861
      0.9472
      1.3421
      1.7371
      1.9373
      1.8169
      1.4154
      0.9109
      0.4942
      0.2665
      0.2384
      0.3890
      0.7049
      1.1680
      1.7066
      2.1616
      2.3427
      0.2944
      0.3678
      0.5989
      0.9868
      1.4581
      1.8537
      1.9994
      1.8152
      1.3763
      0.8653
      0.4533
      0.2167
      0.1478
      0.2167
      0.4115
      0.7264
      1.1134
      1.4502
      1.5860
      0.2301
      0.3186
      0.5812
      0.9860
      1.4356
      1.7773
      1.8712
      1.6713
      1.2575
      0.7897
      0.4121
      0.1869
      0.1049
      0.1423
      0.3000
      0.5882
      0.9682
      1.3118
      1.4525
      0.2178
      0.3058
      0.5605
      0.9374
      1.3377
      1.6298
      1.7037
      1.5263
      1.1620
      0.7425
      0.3943
      0.1787
      0.0943
      0.1282
      0.2954
      0.6199
      1.0625
      1.4697
      1.6377
      0.2153
      0.3013
      0.5480
      0.9078
      1.2853
      1.5592
      1.6312
      1.4698
      1.1294
      0.7297
      0.3917
      0.1787
      0.0940
      0.1297
      0.3068
      0.6545
      1.1322
      1.5735
      1.7559
