      0.3021
      0.3302
      0.3875
      0.4193
      0.3947
      0.3289
      0.2591
      0.2076
      0.1756
      0.1568
      0.1448
      0.1309
      0.1079
      0.0764
      0.0449
      0.0216
      0.0084
      0.0028
      0.0013
      0.2979
      0.3227
      0.3721
      0.3958
      0.3670
      0.3021
      0.2359
      0.1892
      0.1625
      0.1499
      0.1448
      0.1379
      0.1199
      0.0898
      0.0561
      0.0287
      0.0120
      0.0043
      0.0023
      0.2775
      0.2942
      0.3244
      0.3300
      0.2944
      0.2350
      0.1810
      0.1479
      0.1354
      0.1391
      0.1535
      0.1671
      0.1646
      0.1386
      0.0969
      0.0555
      0.0260
      0.0107
      0.0062
      0.2308
      0.2385
      0.2488
      0.2391
      0.2038
      0.1595
      0.1267
      0.1138
      0.1200
      0.1448
      0.1869
      0.2335
      0.2583
      0.2404
      0.1839
      0.1148
      0.0592
      0.0275
      0.0178
      0.1661
      0.1672
      0.1648
      0.1504
      0.1266
      0.1066
      0.1009
      0.1103
      0.1331
      0.1759
      0.2471
      0.3350
      0.3993
      0.3976
      0.3247
      0.2180
      0.1242
      0.0678
      0.0500
      0.1077
      0.1055
      0.0985
      0.0883
      0.0826
      0.0899
      0.1109
      0.1376
      0.1679
      0.2172
      0.3081
      0.4348
      0.5450
      0.5728
      0.4979
      0.3646
      0.2397
      0.1627
      0.1383
      0.0764
      0.0727
      0.0647
      0.0610
      0.0719
      0.1014
      0.1407
      0.1740
      0.1983
      0.2383
      0.3301
      0.4777
      0.6271
      0.6990
      0.6594
      0.5501
      0.4441
      0.3830
      0.3654
      0.0739
      0.0689
      0.0596
      0.0592
      0.0793
      0.1196
      0.1639
      0.1915
      0.2003
      0.2201
      0.2941
      0.4367
      0.6065
      0.7339
      0.7850
      0.7923
      0.8098
      0.8473
      0.8680
      0.0854
      0.0792
      0.0677
      0.0668
      0.0880
      0.1276
      0.1657
      0.1812
      0.1739
      0.1731
      0.2206
      0.3384
      0.5100
      0.6996
      0.8963
      1.1272
      1.4025
      1.6529
      1.7570
      0.0920
      0.0858
      0.0747
      0.0746
      0.0957
      0.1314
      0.1612
      0.1663
      0.1478
      0.1309
      0.1517
      0.2378
      0.4009
      0.6511
      1.0186
      1.5371
      2.1636
      2.7133
      2.9364
      0.0854
      0.0823
      0.0799
      0.0921
      0.1252
      0.1680
      0.1975
      0.1955
      0.1641
      0.1272
      0.1186
      0.1715
      0.3192
      0.6101
      1.1152
      1.8834
      2.8293
      3.6592
      3.9951
      0.0739
      0.0793
      0.1015
      0.1506
      0.2234
      0.2961
      0.3349
      0.3188
      0.2555
      0.1780
      0.1274
      0.1415
      0.2612
      0.5508
      1.1017
      1.9738
      3.0645
      4.0266
      4.4167
      0.0764
      0.0984
      0.1692
      0.2912
      0.4418
      0.5687
      0.6161
      0.5610
      0.4297
      0.2794
      0.1672
      0.1324
      0.2087
      0.4512
      0.9456
      1.7506
      2.7708
      3.6766
      4.0449
      0.1077
      0.1555
      0.3013
      0.5337
      0.7965
      0.9929
      1.0375
      0.9121
      0.6750
      0.4211
      0.2287
      0.1364
      0.1616
      0.3388
      0.7360
      1.4059
      2.2701
      3.0445
      3.3606
      0.1661
      0.2450
      0.4801
      0.8407
      1.2302
      1.5036
      1.5456
      1.3429
      0.9862
      0.6102
      0.3206
      0.1617
      0.1401
      0.2777
      0.6401
      1.2870
      2.1459
      2.9271
      3.2480
      0.2308
      0.3371
      0.6496
      1.1211
      1.6264
      1.9881
      2.0643
      1.8274
      1.3748
      0.8718
      0.4642
      0.2231
      0.1634
      0.3178
      0.7837
      1.6566
      2.8437
      3.9365
      4.3876
      0.2775
      0.3991
      0.7549
      1.2933
      1.8866
      2.3518
      2.5220
      2.3236
      1.8218
      1.1992
      0.6573
      0.3186
      0.2275
      0.4493
      1.1446
      2.4695
      4.2876
      5.9685
      6.6637
      0.2979
      0.4232
      0.7902
      1.3531
      2.0006
      2.5615
      2.8471
      2.7253
      2.2124
      1.4983
      0.8391
      0.4126
      0.2977
      0.5960
      1.5323
      3.3232
      5.7857
      8.0650
      9.0082
      0.3021
      0.4271
      0.7938
      1.3606
      2.0265
      2.6279
      2.9668
      2.8839
      2.3720
      1.6225
      0.9153
      0.4526
      0.3283
      0.6600
      1.6998
      3.6898
      6.4271
      8.9612
     10.0098
