      0.3642
      0.3995
      0.4702
      0.5040
      0.4586
      0.3563
      0.2578
      0.2143
      0.2429
      0.3245
      0.4101
      0.4413
      0.3895
      0.2783
      0.1599
      0.0737
      0.0273
      0.0085
      0.0040
      0.3624
      0.3936
      0.4542
      0.4780
      0.4283
      0.3283
      0.2349
      0.1942
      0.2214
      0.2995
      0.3841
      0.4204
      0.3786
      0.2770
      0.1636
      0.0779
      0.0299
      0.0098
      0.0047
      0.3485
      0.3690
      0.4045
      0.4050
      0.3477
      0.2568
      0.1784
      0.1463
      0.1705
      0.2399
      0.3220
      0.3715
      0.3553
      0.2782
      0.1774
      0.0919
      0.0389
      0.0142
      0.0076
      0.3172
      0.3242
      0.3296
      0.3055
      0.2456
      0.1723
      0.1164
      0.0970
      0.1194
      0.1795
      0.2598
      0.3264
      0.3429
      0.2968
      0.2102
      0.1219
      0.0584
      0.0251
      0.0153
      0.3027
      0.2946
      0.2675
      0.2193
      0.1594
      0.1057
      0.0731
      0.0670
      0.0894
      0.1429
      0.2243
      0.3107
      0.3619
      0.3479
      0.2744
      0.1786
      0.0987
      0.0519
      0.0373
      0.3805
      0.3521
      0.2795
      0.1925
      0.1193
      0.0744
      0.0571
      0.0601
      0.0817
      0.1302
      0.2141
      0.3204
      0.4073
      0.4290
      0.3741
      0.2754
      0.1807
      0.1200
      0.1001
      0.6179
      0.5578
      0.4115
      0.2519
      0.1361
      0.0784
      0.0627
      0.0673
      0.0844
      0.1254
      0.2078
      0.3295
      0.4525
      0.5220
      0.5095
      0.4356
      0.3489
      0.2876
      0.2666
      0.9940
      0.8918
      0.6454
      0.3818
      0.1962
      0.1071
      0.0817
      0.0815
      0.0902
      0.1191
      0.1929
      0.3229
      0.4844
      0.6249
      0.7004
      0.7078
      0.6797
      0.6515
      0.6408
      1.3598
      1.2189
      0.8802
      0.5205
      0.2707
      0.1537
      0.1213
      0.1170
      0.1149
      0.1256
      0.1827
      0.3157
      0.5235
      0.7658
      0.9851
      1.1442
      1.2418
      1.2939
      1.3107
      1.5136
      1.3582
      0.9868
      0.5988
      0.3415
      0.2375
      0.2234
      0.2247
      0.2061
      0.1832
      0.2071
      0.3338
      0.5911
      0.9549
      1.3547
      1.7138
      1.9864
      2.1562
      2.2143
      1.3598
      1.2259
      0.9121
      0.6039
      0.4363
      0.4192
      0.4683
      0.4861
      0.4300
      0.3353
      0.2883
      0.3798
      0.6636
      1.1268
      1.6860
      2.2290
      2.6679
      2.9523
      3.0513
      0.9940
      0.9118
      0.7347
      0.6082
      0.6307
      0.7794
      0.9322
      0.9597
      0.8211
      0.5941
      0.4201
      0.4266
      0.6798
      1.1657
      1.7914
      2.4241
      2.9500
      3.2963
      3.4176
      0.6179
      0.6015
      0.6015
      0.7164
      0.9909
      1.3451
      1.6009
      1.5980
      1.3181
      0.9047
      0.5622
      0.4422
      0.6015
      1.0125
      1.5797
      2.1734
      2.6775
      3.0133
      3.1315
      0.3805
      0.4292
      0.6077
      0.9686
      1.4895
      2.0165
      2.3152
      2.2195
      1.7617
      1.1578
      0.6588
      0.4147
      0.4540
      0.7297
      1.1553
      1.6264
      2.0450
      2.3337
      2.4372
      0.3027
      0.4057
      0.7322
      1.2881
      1.9797
      2.5845
      2.8413
      2.6155
      2.0036
      1.2720
      0.6822
      0.3603
      0.3029
      0.4508
      0.7389
      1.1026
      1.4676
      1.7453
      1.8502
      0.3172
      0.4556
      0.8728
      1.5312
      2.2812
      2.8658
      3.0386
      2.7150
      2.0333
      1.2680
      0.6607
      0.3119
      0.2015
      0.2749
      0.4989
      0.8521
      1.2752
      1.6373
      1.7822
      0.3485
      0.4996
      0.9420
      1.6079
      2.3246
      2.8454
      2.9633
      2.6261
      1.9689
      1.2370
      0.6475
      0.2938
      0.1617
      0.2152
      0.4566
      0.9037
      1.4967
      2.0344
      2.2549
      0.3624
      0.5110
      0.9380
      1.5631
      2.2182
      2.6884
      2.8025
      2.5122
      1.9200
      1.2346
      0.6606
      0.3015
      0.1603
      0.2210
      0.5148
      1.0868
      1.8694
      2.5905
      2.8882
      0.3642
      0.5094
      0.9240
      1.5252
      2.1517
      2.6051
      2.7276
      2.4671
      1.9076
      1.2418
      0.6719
      0.3090
      0.1648
      0.2316
      0.5519
      1.1809
      2.0463
      2.8462
      3.1770
