      0.0000
      0.0000
      0.0000
      0.0000
      0.0000
      0.0000
      0.0000
      0.0000
      0.0000
      0.0000
      0.0000
      0.0000
      0.0000
      0.0000
      0.0000
      0.0000
      0.0000
      0.0000
      0.0000
      0.0000
      0.0000
      0.0000
      0.0000
      0.0000
      0.0000
      0.0000
      0.0000
      0.0000
      0.0000
      0.0000
      0.0000
      0.0000
      0.0000
      0.0000
      0.0000
      0.0000
      0.0000
      0.0000
      0.0000
      0.0000
      0.0000
      0.0000
      0.0000
      0.0000
      0.0000
      0.0000
      0.0000
      0.0000
      0.0000
      0.0000
      0.0000
      0.0000
      0.0000
      0.0000
      0.0000
      0.0000
      0.0000
      0.0000
      0.0000
      0.0000
      0.0000
      0.0000
      0.0000
      0.0000
      0.0000
      0.0000
      0.0000
      0.0000
      0.0000
      0.0000
      0.0000
      0.0000
      0.0000
      0.0000
      0.0000
      0.0000
      0.0000
      0.0000
      0.0000
      0.0000
      0.0000
      0.0000
      0.0000
      0.0000
      0.0000
      0.0000
      0.0000
      0.0002
      0.0008
      0.0009
      0.0003
      0.0000
      0.0000
      0.0000
      0.0000
      0.0012
      0.0006
      0.0001
      0.0000
      0.0000
      0.0000
      0.0000
      0.0000
      0.0000
      0.0000
      0.0001
      0.0013
      0.0075
      0.0108
      0.0039
      0.0003
      0.0000
      0.0000
      0.0000
      0.1557
      0.0779
      0.0097
      0.0003
      0.0000
      0.0000
      0.0000
      0.0000
      0.0000
      0.0000
      0.0001
      0.0026
      0.0186
      0.0328
      0.0144
      0.0016
      0.0000
      0.0000
      0.0000
      5.0497
      2.5249
      0.3148
      0.0097
      0.0001
      0.0000
      0.0000
      0.0000
      0.0000
      0.0000
      0.0000
      0.0013
      0.0115
      0.0250
      0.0135
      0.0018
      0.0001
      0.0005
      0.0010
     40.5046
     20.2523
      2.5249
      0.0779
      0.0006
      0.0000
      0.0000
      0.0000
      0.0000
      0.0000
      0.0000
      0.0002
      0.0018
      0.0048
      0.0033
      0.0009
      0.0082
      0.0652
      0.1303
     81.0093
     40.5046
      5.0497
      0.1557
      0.0012
      0.0000
      0.0000
      0.0000
      0.0000
      0.0000
      0.0000
      0.0000
      0.0001
      0.0014
      0.0060
      0.0154
      0.2657
      2.1128
      4.2252
     40.5046
     20.2523
      2.5249
      0.0779
      0.0006
      0.0000
      0.0001
      0.0002
      0.0001
      0.0000
      0.0000
      0.0000
      0.0004
      0.0097
      0.0570
      0.1471
      2.1424
     16.9482
     33.8910
      5.0497
      2.5249
      0.3148
      0.0097
      0.0001
      0.0008
      0.0059
      0.0112
      0.0053
      0.0006
      0.0000
      0.0000
      0.0007
      0.0203
      0.1383
      0.3623
      4.3233
     33.9013
     67.7823
      0.1557
      0.0779
      0.0097
      0.0003
      0.0007
      0.0173
      0.1159
      0.1946
      0.0817
      0.0085
      0.0002
      0.0000
      0.0003
      0.0106
      0.0839
      0.2295
      2.1935
     16.9554
     33.8915
      0.0012
      0.0006
      0.0001
      0.0002
      0.0049
      0.0973
      0.5693
      0.8431
      0.3124
      0.0288
      0.0007
      0.0000
      0.0000
      0.0014
      0.0127
      0.0372
      0.2800
      2.1150
      4.2253
      0.0000
      0.0000
      0.0001
      0.0024
      0.0205
      0.1547
      0.7054
      0.9143
      0.2994
      0.0244
      0.0005
      0.0000
      0.0000
      0.0000
      0.0005
      0.0015
      0.0090
      0.0654
      0.1305
      0.0000
      0.0000
      0.0005
      0.0107
      0.0595
      0.1303
      0.3166
      0.4177
      0.1623
      0.0173
      0.0005
      0.0000
      0.0000
      0.0000
      0.0000
      0.0001
      0.0020
      0.0164
      0.0327
      0.0000
      0.0000
      0.0007
      0.0124
      0.0652
      0.3632
      2.5804
      5.4971
      2.9523
      0.3959
      0.0131
      0.0001
      0.0000
      0.0000
      0.0000
      0.0020
      0.0641
      0.5145
      1.0290
      0.0000
      0.0000
      0.0002
      0.0041
      0.0818
      2.3791
     20.4247
     43.9502
     23.6467
      3.1732
      0.1054
      0.0009
      0.0000
      0.0000
      0.0001
      0.0159
      0.5145
      4.1268
      8.2535
      0.0000
      0.0000
      0.0000
      0.0015
      0.1372
      4.7319
     40.8424
     87.8994
     47.2933
      6.3463
      0.2108
      0.0017
      0.0000
      0.0000
      0.0002
      0.0317
      1.0290
      8.2535
     16.5071
