      0.0011
      0.0025
      0.0063
      0.0085
      0.0063
      0.0025
      0.0006
      0.0004
      0.0017
      0.0075
      0.0187
      0.0251
      0.0182
      0.0071
      0.0015
      0.0002
      0.0000
      0.0000
      0.0000
      0.0015
      0.0033
      0.0072
      0.0089
      0.0060
      0.0022
      0.0005
      0.0003
      0.0014
      0.0062
      0.0165
      0.0239
      0.0189
      0.0082
      0.0019
      0.0002
      0.0000
      0.0000
      0.0000
      0.0020
      0.0038
      0.0072
      0.0077
      0.0045
      0.0014
      0.0003
      0.0001
      0.0006
      0.0034
      0.0105
      0.0181
      0.0173
      0.0093
      0.0028
      0.0005
      0.0000
      0.0000
      0.0000
      0.0015
      0.0026
      0.0042
      0.0040
      0.0020
      0.0006
      0.0001
      0.0000
      0.0002
      0.0015
      0.0065
      0.0164
      0.0240
      0.0203
      0.0097
      0.0026
      0.0004
      0.0000
      0.0000
      0.0011
      0.0013
      0.0015
      0.0012
      0.0005
      0.0001
      0.0000
      0.0000
      0.0002
      0.0019
      0.0122
      0.0440
      0.0858
      0.0911
      0.0524
      0.0163
      0.0027
      0.0002
      0.0000
      0.0074
      0.0055
      0.0023
      0.0006
      0.0001
      0.0000
      0.0000
      0.0001
      0.0003
      0.0036
      0.0265
      0.1071
      0.2327
      0.2731
      0.1732
      0.0592
      0.0109
      0.0011
      0.0002
      0.0636
      0.0467
      0.0185
      0.0040
      0.0005
      0.0001
      0.0001
      0.0002
      0.0005
      0.0041
      0.0330
      0.1461
      0.3482
      0.4480
      0.3115
      0.1173
      0.0245
      0.0044
      0.0027
      0.2980
      0.2190
      0.0869
      0.0185
      0.0021
      0.0002
      0.0002
      0.0003
      0.0004
      0.0026
      0.0223
      0.1081
      0.2832
      0.4018
      0.3116
      0.1363
      0.0448
      0.0339
      0.0399
      0.7516
      0.5524
      0.2190
      0.0467
      0.0054
      0.0005
      0.0004
      0.0006
      0.0005
      0.0010
      0.0083
      0.0449
      0.1359
      0.2359
      0.2497
      0.1878
      0.1741
      0.2714
      0.3458
      1.0226
      0.7516
      0.2980
      0.0636
      0.0076
      0.0022
      0.0049
      0.0073
      0.0058
      0.0027
      0.0028
      0.0174
      0.0865
      0.2683
      0.5057
      0.6258
      0.7817
      1.2745
      1.6221
      0.7516
      0.5524
      0.2191
      0.0473
      0.0104
      0.0248
      0.0638
      0.0896
      0.0681
      0.0280
      0.0076
      0.0200
      0.1416
      0.5691
      1.2644
      1.7144
      2.1141
      3.2721
      4.1104
      0.2980
      0.2191
      0.0872
      0.0236
      0.0429
      0.1834
      0.4488
      0.5958
      0.4279
      0.1659
      0.0360
      0.0259
      0.1790
      0.7792
      1.8579
      2.6424
      3.1647
      4.5811
      5.6459
      0.0636
      0.0469
      0.0211
      0.0304
      0.1820
      0.7429
      1.6995
      2.1258
      1.4425
      0.5287
      0.1050
      0.0253
      0.1254
      0.5827
      1.4843
      2.2179
      2.6027
      3.5044
      4.2137
      0.0074
      0.0065
      0.0145
      0.0899
      0.4740
      1.6731
      3.5045
      4.1043
      2.6270
      0.9101
      0.1698
      0.0219
      0.0479
      0.2354
      0.6408
      1.0098
      1.1753
      1.4735
      1.7201
      0.0011
      0.0050
      0.0402
      0.2118
      0.7980
      2.2180
      4.0718
      4.4083
      2.6614
      0.8762
      0.1557
      0.0157
      0.0103
      0.0512
      0.1501
      0.2588
      0.3396
      0.4652
      0.5541
      0.0015
      0.0105
      0.0786
      0.3417
      0.9685
      2.0633
      3.2910
      3.4223
      2.0860
      0.7123
      0.1339
      0.0138
      0.0018
      0.0066
      0.0295
      0.1294
      0.4920
      1.1859
      1.6018
      0.0020
      0.0128
      0.0886
      0.3556
      0.9652
      2.2121
      4.1694
      5.1754
      3.7098
      1.4690
      0.3162
      0.0366
      0.0024
      0.0036
      0.0529
      0.4560
      2.1310
      5.3700
      7.3057
      0.0015
      0.0090
      0.0600
      0.2601
      0.9827
      3.4032
      8.1080
     11.1408
      8.3997
      3.4310
      0.7546
      0.0888
      0.0058
      0.0081
      0.1304
      1.1443
      5.3673
     13.5356
     18.4168
      0.0011
      0.0061
      0.0405
      0.2048
      1.0361
      4.2665
     10.7325
     14.9748
     11.3503
      4.6477
      1.0238
      0.1206
      0.0079
      0.0110
      0.1774
      1.5568
      7.3028
     18.4167
     25.0581
