      0.0014
      0.0033
      0.0081
      0.0110
      0.0081
      0.0033
      0.0010
      0.0005
      0.0006
      0.0015
      0.0033
      0.0044
      0.0032
      0.0013
      0.0003
      0.0000
      0.0000
      0.0000
      0.0000
      0.0019
      0.0042
      0.0094
      0.0116
      0.0078
      0.0030
      0.0008
      0.0004
      0.0005
      0.0012
      0.0029
      0.0042
      0.0034
      0.0015
      0.0004
      0.0000
      0.0000
      0.0000
      0.0000
      0.0026
      0.0049
      0.0093
      0.0100
      0.0058
      0.0019
      0.0004
      0.0002
      0.0002
      0.0007
      0.0020
      0.0037
      0.0038
      0.0023
      0.0008
      0.0002
      0.0000
      0.0000
      0.0000
      0.0026
      0.0038
      0.0056
      0.0052
      0.0026
      0.0007
      0.0001
      0.0000
      0.0001
      0.0005
      0.0024
      0.0070
      0.0116
      0.0108
      0.0055
      0.0015
      0.0002
      0.0000
      0.0000
      0.0204
      0.0156
      0.0075
      0.0027
      0.0008
      0.0002
      0.0000
      0.0000
      0.0001
      0.0011
      0.0074
      0.0269
      0.0531
      0.0567
      0.0328
      0.0102
      0.0017
      0.0002
      0.0000
      0.3241
      0.2383
      0.0947
      0.0203
      0.0024
      0.0002
      0.0000
      0.0001
      0.0002
      0.0023
      0.0167
      0.0673
      0.1464
      0.1719
      0.1090
      0.0373
      0.0069
      0.0008
      0.0003
      2.8436
      2.0899
      0.8287
      0.1767
      0.0201
      0.0013
      0.0001
      0.0002
      0.0003
      0.0026
      0.0208
      0.0920
      0.2192
      0.2820
      0.1961
      0.0741
      0.0170
      0.0067
      0.0071
     13.3387
      9.8034
      3.8873
      0.8287
      0.0944
      0.0058
      0.0004
      0.0003
      0.0003
      0.0016
      0.0140
      0.0680
      0.1777
      0.2509
      0.1932
      0.0883
      0.0532
      0.0866
      0.1138
     33.6387
     24.7230
      9.8034
      2.0899
      0.2381
      0.0145
      0.0007
      0.0003
      0.0002
      0.0006
      0.0051
      0.0274
      0.0798
      0.1286
      0.1250
      0.1303
      0.3193
      0.7384
      0.9938
     45.7696
     33.6387
     13.3387
      2.8436
      0.3240
      0.0199
      0.0016
      0.0014
      0.0011
      0.0006
      0.0012
      0.0073
      0.0285
      0.0725
      0.1464
      0.4088
      1.4365
      3.4450
      4.6516
     33.6387
     24.7230
      9.8034
      2.0900
      0.2391
      0.0188
      0.0118
      0.0159
      0.0120
      0.0050
      0.0014
      0.0040
      0.0269
      0.1094
      0.3113
      1.0097
      3.6101
      8.6726
     11.7167
     13.3387
      9.8034
      3.8875
      0.8301
      0.1030
      0.0402
      0.0811
      0.1060
      0.0758
      0.0293
      0.0064
      0.0046
      0.0320
      0.1449
      0.4387
      1.4104
      4.9368
     11.8001
     15.9339
      2.8436
      2.0901
      0.8305
      0.1879
      0.0691
      0.1559
      0.3179
      0.3827
      0.2564
      0.0936
      0.0186
      0.0045
      0.0223
      0.1078
      0.3414
      1.0789
      3.6660
      8.6858
     11.7128
      0.3241
      0.2395
      0.1067
      0.0810
      0.1944
      0.4368
      0.7194
      0.7651
      0.4738
      0.1625
      0.0303
      0.0039
      0.0085
      0.0435
      0.1443
      0.4499
      1.4781
      3.4604
      4.6565
      0.0204
      0.0203
      0.0524
      0.2044
      0.5152
      0.8549
      1.0479
      0.9306
      0.5263
      0.1717
      0.0309
      0.0032
      0.0019
      0.0095
      0.0338
      0.1097
      0.3599
      0.8382
      1.1264
      0.0026
      0.0139
      0.0981
      0.3900
      0.8811
      1.2570
      1.3564
      1.1820
      0.7155
      0.2592
      0.0526
      0.0058
      0.0005
      0.0016
      0.0123
      0.0852
      0.3795
      0.9474
      1.2870
      0.0026
      0.0165
      0.1124
      0.4249
      0.9678
      1.6560
      2.5552
      3.0143
      2.1737
      0.8748
      0.1911
      0.0224
      0.0015
      0.0025
      0.0392
      0.3428
      1.6066
      4.0510
      5.5117
      0.0019
      0.0116
      0.0749
      0.2883
      0.8393
      2.3389
      5.1723
      6.9988
      5.2684
      2.1537
      0.4742
      0.0558
      0.0037
      0.0060
      0.0983
      0.8625
      4.0459
     10.2032
     13.8827
      0.0014
      0.0078
      0.0489
      0.2031
      0.7783
      2.7993
      6.8084
      9.4379
      7.1462
      2.9261
      0.6446
      0.0759
      0.0050
      0.0082
      0.1337
      1.1735
      5.5048
     13.8825
     18.8888
