      0.3383
      0.3695
      0.4338
      0.4720
      0.4512
      0.3889
      0.3256
      0.2869
      0.2759
      0.2853
      0.2987
      0.2919
      0.2483
      0.1765
      0.1025
      0.0482
      0.0183
      0.0058
      0.0027
      0.3340
      0.3617
      0.4172
      0.4461
      0.4197
      0.3566
      0.2951
      0.2590
      0.2515
      0.2660
      0.2873
      0.2906
      0.2567
      0.1901
      0.1157
      0.0573
      0.0231
      0.0079
      0.0040
      0.3126
      0.3313
      0.3655
      0.3732
      0.3365
      0.2746
      0.2201
      0.1921
      0.1941
      0.2232
      0.2675
      0.3008
      0.2949
      0.2425
      0.1643
      0.0910
      0.0413
      0.0163
      0.0092
      0.2632
      0.2717
      0.2829
      0.2714
      0.2303
      0.1775
      0.1366
      0.1211
      0.1367
      0.1876
      0.2682
      0.3502
      0.3899
      0.3590
      0.2702
      0.1658
      0.0840
      0.0383
      0.0245
      0.1954
      0.1959
      0.1909
      0.1700
      0.1344
      0.0975
      0.0736
      0.0716
      0.1014
      0.1767
      0.3016
      0.4467
      0.5481
      0.5485
      0.4463
      0.2976
      0.1682
      0.0910
      0.0668
      0.1386
      0.1341
      0.1197
      0.0965
      0.0701
      0.0489
      0.0394
      0.0476
      0.0868
      0.1806
      0.3443
      0.5514
      0.7218
      0.7680
      0.6687
      0.4885
      0.3199
      0.2164
      0.1837
      0.1184
      0.1098
      0.0879
      0.0617
      0.0403
      0.0285
      0.0272
      0.0394
      0.0794
      0.1759
      0.3546
      0.5984
      0.8264
      0.9355
      0.8861
      0.7388
      0.5948
      0.5116
      0.4876
      0.1361
      0.1232
      0.0919
      0.0585
      0.0357
      0.0270
      0.0289
      0.0402
      0.0721
      0.1528
      0.3139
      0.5545
      0.8141
      1.0026
      1.0774
      1.0839
      1.0993
      1.1425
      1.1676
      0.1682
      0.1514
      0.1117
      0.0713
      0.0473
      0.0422
      0.0482
      0.0581
      0.0768
      0.1284
      0.2474
      0.4523
      0.7213
      1.0056
      1.2840
      1.5878
      1.9369
      2.2525
      2.3840
      0.1836
      0.1663
      0.1268
      0.0913
      0.0793
      0.0913
      0.1121
      0.1246
      0.1262
      0.1383
      0.2020
      0.3575
      0.6260
      1.0137
      1.5399
      2.2320
      3.0377
      3.7358
      4.0184
      0.1682
      0.1566
      0.1345
      0.1295
      0.1597
      0.2181
      0.2737
      0.2921
      0.2636
      0.2173
      0.2110
      0.3085
      0.5650
      1.0317
      1.7677
      2.8046
      4.0286
      5.0838
      5.5085
      0.1361
      0.1384
      0.1581
      0.2213
      0.3388
      0.4828
      0.5919
      0.6070
      0.5176
      0.3773
      0.2751
      0.2967
      0.5118
      0.9883
      1.8020
      2.9864
      4.3973
      5.6141
      6.1036
      0.1184
      0.1442
      0.2345
      0.4105
      0.6626
      0.9236
      1.0860
      1.0664
      0.8697
      0.5939
      0.3689
      0.2940
      0.4295
      0.8275
      1.5501
      2.6222
      3.9057
      5.0134
      5.4588
      0.1386
      0.1973
      0.3846
      0.7094
      1.1256
      1.5083
      1.6993
      1.6030
      1.2597
      0.8240
      0.4658
      0.2871
      0.3212
      0.5830
      1.1008
      1.8834
      2.8240
      3.6359
      3.9622
      0.1954
      0.2908
      0.5845
      1.0651
      1.6412
      2.1289
      2.3278
      2.1416
      1.6491
      1.0569
      0.5697
      0.2906
      0.2251
      0.3481
      0.6513
      1.1275
      1.7055
      2.2056
      2.4068
      0.2632
      0.3892
      0.7695
      1.3737
      2.0777
      2.6610
      2.8942
      2.6676
      2.0687
      1.3371
      0.7174
      0.3324
      0.1764
      0.1945
      0.3489
      0.6205
      0.9616
      1.2610
      1.3821
      0.3126
      0.4550
      0.8808
      1.5534
      2.3463
      3.0357
      3.3696
      3.1902
      2.5470
      1.6923
      0.9259
      0.4199
      0.1792
      0.1306
      0.2150
      0.4045
      0.6591
      0.8892
      0.9833
      0.3340
      0.4798
      0.9154
      1.6104
      2.4572
      3.2489
      3.7132
      3.6276
      2.9823
      2.0316
      1.1329
      0.5161
      0.2062
      0.1204
      0.1850
      0.3659
      0.6212
      0.8568
      0.9540
      0.3383
      0.4834
      0.9177
      1.6156
      2.4811
      3.3175
      3.8433
      3.8055
      3.1651
      2.1762
      1.2220
      0.5586
      0.2208
      0.1226
      0.1851
      0.3715
      0.6379
      0.8851
      0.9873
