      0.0242
      0.0316
      0.0470
      0.0553
      0.0484
      0.0341
      0.0248
      0.0266
      0.0439
      0.0814
      0.1269
      0.1474
      0.1230
      0.0729
      0.0306
      0.0091
      0.0019
      0.0003
      0.0001
      0.0257
      0.0327
      0.0466
      0.0528
      0.0447
      0.0305
      0.0214
      0.0226
      0.0378
      0.0717
      0.1151
      0.1385
      0.1205
      0.0752
      0.0335
      0.0107
      0.0024
      0.0004
      0.0001
      0.0286
      0.0338
      0.0430
      0.0443
      0.0345
      0.0216
      0.0139
      0.0142
      0.0249
      0.0513
      0.0909
      0.1227
      0.1219
      0.0885
      0.0468
      0.0180
      0.0050
      0.0010
      0.0003
      0.0451
      0.0448
      0.0419
      0.0339
      0.0223
      0.0123
      0.0074
      0.0078
      0.0156
      0.0379
      0.0811
      0.1340
      0.1637
      0.1457
      0.0938
      0.0434
      0.0144
      0.0035
      0.0012
      0.1751
      0.1507
      0.0972
      0.0484
      0.0198
      0.0081
      0.0055
      0.0075
      0.0155
      0.0415
      0.1052
      0.2056
      0.2916
      0.2958
      0.2137
      0.1097
      0.0402
      0.0110
      0.0044
      0.7879
      0.6640
      0.3975
      0.1695
      0.0527
      0.0151
      0.0097
      0.0132
      0.0222
      0.0548
      0.1470
      0.3119
      0.4782
      0.5214
      0.4036
      0.2225
      0.0896
      0.0305
      0.0166
      2.6524
      2.2312
      1.3273
      0.5579
      0.1675
      0.0417
      0.0194
      0.0212
      0.0284
      0.0601
      0.1631
      0.3656
      0.5947
      0.6887
      0.5696
      0.3434
      0.1658
      0.0871
      0.0699
      6.3196
      5.3151
      3.1602
      1.3267
      0.3956
      0.0922
      0.0315
      0.0264
      0.0284
      0.0493
      0.1326
      0.3139
      0.5454
      0.6822
      0.6253
      0.4515
      0.3178
      0.2816
      0.2847
     10.6292
      8.9396
      5.3150
      2.2310
      0.6639
      0.1509
      0.0444
      0.0313
      0.0278
      0.0344
      0.0828
      0.2088
      0.4045
      0.5848
      0.6606
      0.6621
      0.7138
      0.8455
      0.9220
     12.6381
     10.6292
      6.3200
      2.6545
      0.7955
      0.1940
      0.0779
      0.0679
      0.0575
      0.0433
      0.0561
      0.1382
      0.3228
      0.5913
      0.8727
      1.1540
      1.5282
      1.9696
      2.1845
     10.6292
      8.9399
      5.3178
      2.2436
      0.7053
      0.2484
      0.2087
      0.2283
      0.1931
      0.1210
      0.0775
      0.1277
      0.3360
      0.7306
      1.2492
      1.8365
      2.5591
      3.3359
      3.7015
      6.3196
      5.3167
      3.1713
      1.3744
      0.5436
      0.4251
      0.5702
      0.6488
      0.5348
      0.3163
      0.1524
      0.1426
      0.3490
      0.8103
      1.4680
      2.2314
      3.1257
      4.0425
      4.4665
      2.6524
      2.2361
      1.3592
      0.6840
      0.5306
      0.8121
      1.2089
      1.3422
      1.0688
      0.6073
      0.2587
      0.1478
      0.2855
      0.6763
      1.2680
      1.9634
      2.7432
      3.5068
      3.8536
      0.7879
      0.6755
      0.4670
      0.4181
      0.7065
      1.3057
      1.8965
      2.0210
      1.5515
      0.8511
      0.3388
      0.1342
      0.1740
      0.4069
      0.7901
      1.2591
      1.7816
      2.2775
      2.4986
      0.1751
      0.1715
      0.2136
      0.4277
      0.9287
      1.6710
      2.3060
      2.3637
      1.7644
      0.9470
      0.3650
      0.1150
      0.0836
      0.1826
      0.3887
      0.7076
      1.1436
      1.5929
      1.7958
      0.0451
      0.0728
      0.1933
      0.4999
      1.0774
      1.8668
      2.5269
      2.5891
      1.9570
      1.0724
      0.4218
      0.1226
      0.0462
      0.0877
      0.2690
      0.7271
      1.5633
      2.5226
      2.9669
      0.0286
      0.0629
      0.2004
      0.5337
      1.1749
      2.1243
      3.0414
      3.3051
      2.6430
      1.5266
      0.6300
      0.1861
      0.0531
      0.0968
      0.4147
      1.3655
      3.2184
      5.3893
      6.4005
      0.0257
      0.0579
      0.1891
      0.5309
      1.2728
      2.5208
      3.8904
      4.4683
      3.7206
      2.2158
      0.9367
      0.2813
      0.0784
      0.1460
      0.6630
      2.2397
      5.3344
      8.9690
     10.6631
      0.0242
      0.0543
      0.1799
      0.5250
      1.3232
      2.7344
      4.3424
      5.0767
      4.2750
      2.5654
      1.0904
      0.3287
      0.0918
      0.1719
      0.7850
      2.6574
      6.3348
     10.6548
     12.6684
