      0.0000
      0.0000
      0.0000
      0.0000
      0.0000
      0.0000
      0.0000
      0.0000
      0.0000
      0.0000
      0.0000
      0.0000
      0.0000
      0.0000
      0.0000
      0.0000
      0.0000
      0.0000
      0.0000
      0.0000
      0.0000
      0.0000
      0.0000
      0.0000
      0.0000
      0.0000
      0.0000
      0.0000
      0.0000
      0.0000
      0.0000
      0.0000
      0.0000
      0.0000
      0.0000
      0.0000
      0.0000
      0.0000
      0.0000
      0.0000
      0.0000
      0.0000
      0.0000
      0.0000
      0.0000
      0.0000
      0.0000
      0.0000
      0.0000
      0.0000
      0.0000
      0.0000
      0.0000
      0.0000
      0.0000
      0.0000
      0.0000
      0.0000
      0.0000
      0.0000
      0.0000
      0.0000
      0.0000
      0.0000
      0.0000
      0.0000
      0.0000
      0.0000
      0.0000
      0.0000
      0.0000
      0.0000
      0.0000
      0.0000
      0.0000
      0.0000
      0.0000
      0.0000
      0.0000
      0.0000
      0.0000
      0.0000
      0.0000
      0.0000
      0.0000
      0.0000
      0.0000
      0.0000
      0.0001
      0.0001
      0.0000
      0.0000
      0.0000
      0.0000
      0.0000
      0.0010
      0.0005
      0.0001
      0.0000
      0.0000
      0.0000
      0.0000
      0.0000
      0.0000
      0.0000
      0.0000
      0.0002
      0.0012
      0.0018
      0.0006
      0.0001
      0.0000
      0.0000
      0.0000
      0.1312
      0.0656
      0.0082
      0.0003
      0.0000
      0.0000
      0.0000
      0.0000
      0.0000
      0.0000
      0.0000
      0.0004
      0.0031
      0.0054
      0.0024
      0.0003
      0.0000
      0.0000
      0.0000
      4.2531
      2.1266
      0.2651
      0.0082
      0.0001
      0.0000
      0.0000
      0.0000
      0.0000
      0.0000
      0.0000
      0.0002
      0.0019
      0.0041
      0.0022
      0.0003
      0.0000
      0.0001
      0.0001
     34.1152
     17.0576
      2.1266
      0.0656
      0.0005
      0.0000
      0.0000
      0.0000
      0.0000
      0.0000
      0.0000
      0.0000
      0.0003
      0.0008
      0.0007
      0.0004
      0.0013
      0.0099
      0.0197
     68.2304
     34.1152
      4.2531
      0.1312
      0.0010
      0.0000
      0.0000
      0.0000
      0.0000
      0.0000
      0.0000
      0.0000
      0.0001
      0.0017
      0.0081
      0.0113
      0.0431
      0.3195
      0.6382
     34.1152
     17.0576
      2.1266
      0.0656
      0.0005
      0.0000
      0.0001
      0.0002
      0.0001
      0.0000
      0.0000
      0.0000
      0.0006
      0.0135
      0.0786
      0.1239
      0.3610
      2.5637
      5.1193
      4.2531
      2.1266
      0.2651
      0.0082
      0.0001
      0.0011
      0.0082
      0.0155
      0.0074
      0.0009
      0.0000
      0.0000
      0.0010
      0.0282
      0.1910
      0.3423
      0.7748
      5.1336
     10.2386
      0.1312
      0.0656
      0.0082
      0.0003
      0.0009
      0.0241
      0.1613
      0.2706
      0.1135
      0.0119
      0.0003
      0.0000
      0.0005
      0.0147
      0.1161
      0.2383
      0.4316
      2.5733
      5.1197
      0.0010
      0.0005
      0.0001
      0.0006
      0.0098
      0.1406
      0.7939
      1.1724
      0.4344
      0.0401
      0.0009
      0.0000
      0.0001
      0.0019
      0.0176
      0.0416
      0.0630
      0.3224
      0.6384
      0.0000
      0.0000
      0.0004
      0.0110
      0.0763
      0.2886
      1.0084
      1.2723
      0.4154
      0.0339
      0.0007
      0.0000
      0.0000
      0.0001
      0.0007
      0.0018
      0.0026
      0.0112
      0.0221
      0.0000
      0.0000
      0.0024
      0.0508
      0.2725
      0.4219
      0.4273
      0.3804
      0.1143
      0.0091
      0.0002
      0.0000
      0.0000
      0.0000
      0.0000
      0.0006
      0.0196
      0.1574
      0.3147
      0.0000
      0.0000
      0.0032
      0.0587
      0.2695
      0.3592
      0.5282
      0.9304
      0.4909
      0.0654
      0.0022
      0.0000
      0.0000
      0.0000
      0.0001
      0.0196
      0.6358
      5.1001
     10.2001
      0.0000
      0.0000
      0.0011
      0.0171
      0.0778
      0.4544
      3.3752
      7.2301
      3.8894
      0.5219
      0.0173
      0.0001
      0.0000
      0.0000
      0.0012
      0.1573
      5.1001
     40.9085
     81.8171
      0.0000
      0.0000
      0.0002
      0.0026
      0.0305
      0.7850
      6.7191
     14.4575
      7.7787
      1.0438
      0.0347
      0.0003
      0.0000
      0.0000
      0.0024
      0.3146
     10.2001
     81.8171
    163.6342
