      0.0000
      0.0000
      0.0000
      0.0000
      0.0000
      0.0000
      0.0000
      0.0000
      0.0000
      0.0000
      0.0000
      0.0000
      0.0000
      0.0000
      0.0000
      0.0000
      0.0000
      0.0000
      0.0000
      0.0000
      0.0000
      0.0000
      0.0000
      0.0000
      0.0000
      0.0000
      0.0000
      0.0000
      0.0000
      0.0000
      0.0000
      0.0000
      0.0000
      0.0000
      0.0000
      0.0000
      0.0000
      0.0000
      0.0000
      0.0000
      0.0000
      0.0000
      0.0000
      0.0000
      0.0000
      0.0000
      0.0000
      0.0000
      0.0000
      0.0000
      0.0000
      0.0000
      0.0000
      0.0000
      0.0000
      0.0000
      0.0000
      0.0000
      0.0000
      0.0000
      0.0000
      0.0000
      0.0000
      0.0000
      0.0000
      0.0000
      0.0000
      0.0000
      0.0000
      0.0000
      0.0000
      0.0000
      0.0000
      0.0000
      0.0000
      0.0000
      0.0000
      0.0000
      0.0000
      0.0000
      0.0000
      0.0000
      0.0000
      0.0000
      0.0000
      0.0000
      0.0000
      0.0000
      0.0000
      0.0000
      0.0000
      0.0000
      0.0000
      0.0000
      0.0000
      0.0014
      0.0007
      0.0001
      0.0000
      0.0000
      0.0000
      0.0000
      0.0000
      0.0000
      0.0000
      0.0000
      0.0000
      0.0001
      0.0001
      0.0001
      0.0000
      0.0000
      0.0000
      0.0000
      0.1833
      0.0917
      0.0114
      0.0004
      0.0000
      0.0000
      0.0000
      0.0000
      0.0000
      0.0000
      0.0000
      0.0000
      0.0003
      0.0005
      0.0002
      0.0000
      0.0000
      0.0000
      0.0000
      5.9455
      2.9727
      0.3706
      0.0114
      0.0001
      0.0000
      0.0000
      0.0000
      0.0000
      0.0000
      0.0000
      0.0000
      0.0002
      0.0003
      0.0002
      0.0000
      0.0001
      0.0006
      0.0012
     47.6897
     23.8449
      2.9727
      0.0917
      0.0007
      0.0000
      0.0000
      0.0000
      0.0000
      0.0000
      0.0000
      0.0000
      0.0000
      0.0001
      0.0003
      0.0006
      0.0104
      0.0829
      0.1658
     95.3794
     47.6897
      5.9455
      0.1833
      0.0014
      0.0000
      0.0000
      0.0000
      0.0000
      0.0000
      0.0000
      0.0000
      0.0001
      0.0016
      0.0082
      0.0205
      0.3385
      2.6886
      5.3765
     47.6897
     23.8449
      2.9727
      0.0917
      0.0007
      0.0000
      0.0001
      0.0002
      0.0001
      0.0000
      0.0000
      0.0000
      0.0006
      0.0136
      0.0798
      0.1979
      2.7304
     21.5671
     43.1262
      5.9455
      2.9727
      0.3706
      0.0114
      0.0001
      0.0011
      0.0082
      0.0157
      0.0074
      0.0009
      0.0000
      0.0000
      0.0010
      0.0284
      0.1939
      0.4914
      5.5143
     43.1407
     86.2526
      0.1833
      0.0917
      0.0114
      0.0004
      0.0009
      0.0243
      0.1627
      0.2730
      0.1146
      0.0120
      0.0003
      0.0000
      0.0005
      0.0148
      0.1177
      0.3134
      2.8018
     21.5769
     43.1267
      0.0014
      0.0007
      0.0001
      0.0005
      0.0088
      0.1400
      0.8003
      1.1831
      0.4384
      0.0405
      0.0009
      0.0000
      0.0001
      0.0019
      0.0178
      0.0511
      0.3585
      2.6916
      5.3767
      0.0000
      0.0000
      0.0003
      0.0084
      0.0601
      0.2653
      1.0075
      1.2828
      0.4191
      0.0341
      0.0007
      0.0000
      0.0000
      0.0001
      0.0007
      0.0021
      0.0116
      0.0834
      0.1664
      0.0000
      0.0000
      0.0018
      0.0386
      0.2078
      0.3355
      0.3898
      0.3558
      0.1015
      0.0074
      0.0001
      0.0000
      0.0000
      0.0000
      0.0000
      0.0002
      0.0048
      0.0386
      0.0772
      0.0000
      0.0000
      0.0024
      0.0446
      0.2039
      0.2415
      0.1243
      0.1043
      0.0471
      0.0059
      0.0002
      0.0000
      0.0000
      0.0000
      0.0000
      0.0047
      0.1535
      1.2314
      2.4628
      0.0000
      0.0000
      0.0008
      0.0129
      0.0516
      0.0827
      0.2973
      0.6139
      0.3298
      0.0442
      0.0015
      0.0000
      0.0000
      0.0000
      0.0003
      0.0380
      1.2314
      9.8775
     19.7549
      0.0000
      0.0000
      0.0001
      0.0019
      0.0081
      0.0712
      0.5706
      1.2256
      0.6594
      0.0885
      0.0029
      0.0000
      0.0000
      0.0000
      0.0006
      0.0759
      2.4628
     19.7549
     39.5098
