      0.0361
      0.0419
      0.0588
      0.0879
      0.1330
      0.1945
      0.2605
      0.3121
      0.3409
      0.3536
      0.3539
      0.3298
      0.2702
      0.1860
      0.1048
      0.0478
      0.0179
      0.0061
      0.0033
      0.0398
      0.0448
      0.0595
      0.0848
      0.1239
      0.1774
      0.2351
      0.2808
      0.3076
      0.3216
      0.3254
      0.3072
      0.2553
      0.1786
      0.1025
      0.0478
      0.0183
      0.0063
      0.0034
      0.0578
      0.0599
      0.0664
      0.0792
      0.1020
      0.1360
      0.1744
      0.2067
      0.2286
      0.2443
      0.2548
      0.2491
      0.2154
      0.1575
      0.0951
      0.0469
      0.0193
      0.0073
      0.0043
      0.1255
      0.1186
      0.1026
      0.0879
      0.0841
      0.0940
      0.1127
      0.1321
      0.1482
      0.1625
      0.1755
      0.1794
      0.1640
      0.1280
      0.0835
      0.0458
      0.0225
      0.0120
      0.0093
      0.3398
      0.3084
      0.2327
      0.1520
      0.0974
      0.0761
      0.0783
      0.0892
      0.0996
      0.1081
      0.1164
      0.1225
      0.1192
      0.1021
      0.0764
      0.0530
      0.0395
      0.0353
      0.0348
      0.8709
      0.7821
      0.5680
      0.3384
      0.1765
      0.0995
      0.0803
      0.0837
      0.0874
      0.0864
      0.0859
      0.0898
      0.0949
      0.0956
      0.0935
      0.0970
      0.1116
      0.1306
      0.1395
      1.8676
      1.6734
      1.2051
      0.7030
      0.3455
      0.1677
      0.1100
      0.0999
      0.0943
      0.0832
      0.0753
      0.0802
      0.0989
      0.1288
      0.1738
      0.2452
      0.3423
      0.4343
      0.4730
      3.2395
      2.9014
      2.0858
      1.2104
      0.5840
      0.2650
      0.1507
      0.1200
      0.1035
      0.0848
      0.0755
      0.0911
      0.1405
      0.2312
      0.3813
      0.6129
      0.9105
      1.1817
      1.2937
      4.5117
      4.0404
      2.9040
      1.6839
      0.8092
      0.3601
      0.1939
      0.1446
      0.1189
      0.0950
      0.0888
      0.1258
      0.2299
      0.4307
      0.7751
      1.3061
      1.9786
      2.5840
      2.8327
      5.0385
      4.5128
      3.2461
      1.8888
      0.9214
      0.4320
      0.2574
      0.2072
      0.1747
      0.1390
      0.1278
      0.1851
      0.3591
      0.7105
      1.3256
      2.2734
      3.4641
      4.5290
      4.9648
      4.5117
      4.0431
      2.9172
      1.7216
      0.8907
      0.5005
      0.3891
      0.3643
      0.3197
      0.2481
      0.2030
      0.2565
      0.4836
      0.9745
      1.8489
      3.1941
      4.8732
      6.3666
      6.9761
      3.2395
      2.9084
      2.1199
      1.3070
      0.7907
      0.6163
      0.6306
      0.6487
      0.5740
      0.4288
      0.3073
      0.3140
      0.5407
      1.0876
      2.0832
      3.6139
      5.5129
      7.1930
      7.8769
      1.8676
      1.6866
      1.2692
      0.8822
      0.7229
      0.7970
      0.9521
      1.0063
      0.8789
      0.6324
      0.4078
      0.3333
      0.4975
      0.9834
      1.8975
      3.3058
      5.0445
      6.5755
      7.1971
      0.8709
      0.8020
      0.6628
      0.5993
      0.7142
      0.9766
      1.2274
      1.2887
      1.1012
      0.7663
      0.4571
      0.3062
      0.3803
      0.7287
      1.4216
      2.5012
      3.8342
      5.0053
      5.4800
      0.3398
      0.3324
      0.3455
      0.4554
      0.7067
      1.0441
      1.3109
      1.3482
      1.1235
      0.7586
      0.4275
      0.2449
      0.2510
      0.4688
      0.9469
      1.7195
      2.6892
      3.5469
      3.8953
      0.1255
      0.1423
      0.2116
      0.3728
      0.6384
      0.9460
      1.1616
      1.1639
      0.9456
      0.6216
      0.3365
      0.1747
      0.1601
      0.3157
      0.7018
      1.3711
      2.2460
      3.0357
      3.3591
      0.0578
      0.0793
      0.1538
      0.2996
      0.5134
      0.7402
      0.8821
      0.8611
      0.6841
      0.4409
      0.2336
      0.1190
      0.1208
      0.2859
      0.7160
      1.5032
      2.5667
      3.5429
      3.9455
      0.0398
      0.0593
      0.1230
      0.2378
      0.3940
      0.5484
      0.6353
      0.6074
      0.4760
      0.3044
      0.1614
      0.0878
      0.1152
      0.3199
      0.8490
      1.8345
      3.1813
      4.4252
      4.9395
      0.0361
      0.0542
      0.1120
      0.2128
      0.3454
      0.4723
      0.5400
      0.5120
      0.3998
      0.2558
      0.1367
      0.0785
      0.1172
      0.3422
      0.9202
      1.9998
      3.4785
      4.8459
      5.4115
