      0.2693
      0.2681
      0.2636
      0.2540
      0.2406
      0.2283
      0.2238
      0.2315
      0.2517
      0.2782
      0.2993
      0.3009
      0.2746
      0.2237
      0.1616
      0.1048
      0.0637
      0.0409
      0.0338
      0.2754
      0.2729
      0.2649
      0.2512
      0.2347
      0.2212
      0.2176
      0.2283
      0.2535
      0.2869
      0.3165
      0.3266
      0.3063
      0.2565
      0.1904
      0.1261
      0.0773
      0.0487
      0.0396
      0.3138
      0.3060
      0.2847
      0.2555
      0.2271
      0.2087
      0.2074
      0.2265
      0.2653
      0.3179
      0.3712
      0.4058
      0.4033
      0.3577
      0.2802
      0.1939
      0.1214
      0.0755
      0.0601
      0.4460
      0.4254
      0.3715
      0.3044
      0.2466
      0.2142
      0.2132
      0.2427
      0.2993
      0.3773
      0.4642
      0.5358
      0.5627
      0.5263
      0.4332
      0.3133
      0.2029
      0.1288
      0.1031
      0.7688
      0.7216
      0.6004
      0.4542
      0.3329
      0.2650
      0.2536
      0.2879
      0.3576
      0.4576
      0.5780
      0.6920
      0.7572
      0.7388
      0.6343
      0.4787
      0.3246
      0.2162
      0.1779
      1.3735
      1.2802
      1.0416
      0.7556
      0.5180
      0.3780
      0.3331
      0.3556
      0.4235
      0.5306
      0.6727
      0.8235
      0.9307
      0.9420
      0.8418
      0.6656
      0.4788
      0.3425
      0.2933
      2.2646
      2.1054
      1.6987
      1.2100
      0.7990
      0.5436
      0.4348
      0.4227
      0.4679
      0.5614
      0.7045
      0.8761
      1.0200
      1.0717
      1.0018
      0.8389
      0.6516
      0.5095
      0.4574
      3.2821
      3.0488
      2.4520
      1.7318
      1.1181
      0.7217
      0.5276
      0.4629
      0.4696
      0.5319
      0.6550
      0.8257
      0.9929
      1.0898
      1.0776
      0.9717
      0.8302
      0.7170
      0.6747
      4.1138
      3.8203
      3.0686
      2.1583
      1.3751
      0.8561
      0.5831
      0.4663
      0.4319
      0.4563
      0.5457
      0.6958
      0.8688
      1.0074
      1.0705
      1.0583
      1.0059
      0.9559
      0.9362
      4.4371
      4.1209
      3.3106
      2.3276
      1.4776
      0.9068
      0.5958
      0.4483
      0.3839
      0.3737
      0.4242
      0.5405
      0.7027
      0.8711
      1.0096
      1.1046
      1.1629
      1.1953
      1.2060
      4.1138
      3.8233
      3.0795
      2.1785
      1.4008
      0.8787
      0.5905
      0.4450
      0.3657
      0.3260
      0.3358
      0.4104
      0.5480
      0.7282
      0.9239
      1.1121
      1.2728
      1.3842
      1.4245
      3.2821
      3.0570
      2.4827
      1.7934
      1.2079
      0.8234
      0.6130
      0.4962
      0.4104
      0.3399
      0.3041
      0.3300
      0.4314
      0.6041
      0.8297
      1.0800
      1.3154
      1.4870
      1.5503
      2.2646
      2.1220
      1.7633
      1.3462
      1.0124
      0.8130
      0.7099
      0.6329
      0.5372
      0.4253
      0.3331
      0.3019
      0.3584
      0.5097
      0.7449
      1.0336
      1.3225
      1.5402
      1.6217
      1.3735
      1.3085
      1.1537
      0.9988
      0.9143
      0.9043
      0.9134
      0.8743
      0.7576
      0.5875
      0.4229
      0.3239
      0.3307
      0.4605
      0.7093
      1.0457
      1.4016
      1.6783
      1.7834
      0.7688
      0.7637
      0.7692
      0.8270
      0.9550
      1.1170
      1.2331
      1.2277
      1.0787
      0.8325
      0.5770
      0.3983
      0.3556
      0.4799
      0.7762
      1.2111
      1.6923
      2.0760
      2.2234
      0.4460
      0.4817
      0.5990
      0.8139
      1.1123
      1.4256
      1.6449
      1.6738
      1.4876
      1.1526
      0.7906
      0.5227
      0.4350
      0.5785
      0.9714
      1.5753
      2.2604
      2.8147
      3.0289
      0.3138
      0.3748
      0.5647
      0.8893
      1.3186
      1.7609
      2.0768
      2.1421
      1.9222
      1.4990
      1.0293
      0.6729
      0.5480
      0.7296
      1.2508
      2.0664
      3.0014
      3.7624
      4.0573
      0.2754
      0.3504
      0.5817
      0.9736
      1.4900
      2.0244
      2.4138
      2.5099
      2.2667
      1.7765
      1.2236
      0.7995
      0.6493
      0.8684
      1.5022
      2.4992
      3.6464
      4.5820
      4.9450
      0.2693
      0.3487
      0.5937
      1.0087
      1.5563
      2.1248
      2.5423
      2.6507
      2.3992
      1.8838
      1.2993
      0.8494
      0.6901
      0.9247
      1.6035
      2.6725
      3.9035
      4.9081
      5.2978
