      0.1258
      0.1298
      0.1424
      0.1657
      0.2018
      0.2518
      0.3149
      0.3885
      0.4666
      0.5367
      0.5780
      0.5687
      0.5010
      0.3897
      0.2662
      0.1611
      0.0900
      0.0525
      0.0412
      0.1440
      0.1462
      0.1540
      0.1705
      0.1991
      0.2421
      0.2992
      0.3681
      0.4433
      0.5127
      0.5563
      0.5526
      0.4923
      0.3880
      0.2691
      0.1654
      0.0936
      0.0548
      0.0429
      0.2181
      0.2136
      0.2035
      0.1960
      0.2003
      0.2222
      0.2629
      0.3198
      0.3872
      0.4544
      0.5035
      0.5137
      0.4729
      0.3872
      0.2803
      0.1802
      0.1061
      0.0636
      0.0502
      0.4097
      0.3892
      0.3373
      0.2771
      0.2322
      0.2167
      0.2321
      0.2725
      0.3292
      0.3920
      0.4463
      0.4735
      0.4578
      0.3969
      0.3061
      0.2109
      0.1336
      0.0859
      0.0702
      0.8178
      0.7653
      0.6308
      0.4689
      0.3341
      0.2556
      0.2338
      0.2527
      0.2954
      0.3501
      0.4062
      0.4486
      0.4587
      0.4253
      0.3541
      0.2667
      0.1882
      0.1365
      0.1188
      1.5379
      1.4308
      1.1562
      0.8237
      0.5402
      0.3602
      0.2808
      0.2685
      0.2913
      0.3328
      0.3861
      0.4405
      0.4766
      0.4748
      0.4312
      0.3615
      0.2916
      0.2427
      0.2255
      2.5715
      2.3877
      1.9161
      1.3436
      0.8507
      0.5274
      0.3660
      0.3095
      0.3051
      0.3283
      0.3751
      0.4404
      0.5054
      0.5451
      0.5461
      0.5158
      0.4758
      0.4455
      0.4346
      3.7386
      3.4692
      2.7778
      1.9370
      1.2091
      0.7235
      0.4680
      0.3601
      0.3244
      0.3271
      0.3661
      0.4428
      0.5428
      0.6391
      0.7101
      0.7518
      0.7740
      0.7860
      0.7902
      4.6878
      4.3499
      3.4826
      2.4275
      1.5125
      0.8982
      0.5677
      0.4178
      0.3545
      0.3368
      0.3660
      0.4531
      0.5923
      0.7594
      0.9259
      1.0731
      1.1913
      1.2708
      1.2993
      5.0562
      4.6936
      3.7644
      2.6369
      1.6633
      1.0136
      0.6648
      0.5011
      0.4199
      0.3799
      0.3916
      0.4799
      0.6528
      0.8927
      1.1658
      1.4361
      1.6695
      1.8310
      1.8892
      4.6878
      4.3570
      3.5119
      2.4951
      1.6310
      1.0700
      0.7785
      0.6372
      0.5464
      0.4758
      0.4524
      0.5209
      0.7064
      0.9996
      1.3627
      1.7433
      2.0827
      2.3204
      2.4063
      3.7386
      3.4847
      2.8419
      2.0851
      1.4692
      1.0999
      0.9274
      0.8347
      0.7353
      0.6193
      0.5380
      0.5587
      0.7232
      1.0302
      1.4398
      1.8875
      2.2958
      2.5845
      2.6891
      2.5715
      2.4127
      2.0197
      1.5832
      1.2716
      1.1347
      1.1028
      1.0636
      0.9493
      0.7757
      0.6206
      0.5719
      0.6838
      0.9613
      1.3658
      1.8284
      2.2614
      2.5719
      2.6852
      1.5379
      1.4645
      1.2961
      1.1476
      1.1083
      1.1766
      1.2641
      1.2644
      1.1292
      0.8988
      0.6725
      0.5517
      0.5978
      0.8213
      1.1901
      1.6390
      2.0764
      2.3981
      2.5169
      0.8178
      0.8048
      0.7947
      0.8478
      0.9968
      1.2029
      1.3661
      1.3865
      1.2322
      0.9609
      0.6841
      0.5090
      0.5004
      0.6767
      1.0181
      1.4690
      1.9335
      2.2876
      2.4206
      0.4097
      0.4305
      0.5087
      0.6723
      0.9210
      1.1960
      1.3936
      1.4213
      1.2577
      0.9687
      0.6689
      0.4660
      0.4290
      0.5880
      0.9412
      1.4437
      1.9887
      2.4182
      2.5822
      0.2181
      0.2538
      0.3698
      0.5786
      0.8647
      1.1625
      1.3702
      1.4016
      1.2399
      0.9515
      0.6490
      0.4396
      0.3985
      0.5712
      0.9751
      1.5738
      2.2434
      2.7814
      2.9887
      0.1440
      0.1844
      0.3118
      0.5326
      0.8263
      1.1268
      1.3359
      1.3709
      1.2160
      0.9350
      0.6374
      0.4307
      0.3967
      0.5943
      1.0560
      1.7505
      2.5370
      3.1742
      3.4207
      0.1258
      0.1671
      0.2963
      0.5185
      0.8122
      1.1120
      1.3210
      1.3578
      1.2064
      0.9291
      0.6343
      0.4297
      0.3999
      0.6094
      1.0962
      1.8309
      2.6655
      3.3430
      3.6054
