      0.2208
      0.2413
      0.2835
      0.3081
      0.2931
      0.2493
      0.2021
      0.1654
      0.1386
      0.1180
      0.1020
      0.0873
      0.0697
      0.0487
      0.0287
      0.0142
      0.0063
      0.0031
      0.0023
      0.2217
      0.2394
      0.2747
      0.2922
      0.2731
      0.2291
      0.1841
      0.1508
      0.1281
      0.1126
      0.1020
      0.0924
      0.0782
      0.0580
      0.0364
      0.0191
      0.0087
      0.0040
      0.0028
      0.2313
      0.2405
      0.2555
      0.2528
      0.2232
      0.1797
      0.1418
      0.1180
      0.1065
      0.1039
      0.1080
      0.1130
      0.1093
      0.0915
      0.0641
      0.0371
      0.0180
      0.0080
      0.0051
      0.2982
      0.2903
      0.2651
      0.2233
      0.1732
      0.1293
      0.1021
      0.0919
      0.0944
      0.1078
      0.1318
      0.1592
      0.1736
      0.1609
      0.1231
      0.0772
      0.0404
      0.0194
      0.0130
      0.5727
      0.5262
      0.4103
      0.2770
      0.1711
      0.1108
      0.0898
      0.0922
      0.1061
      0.1317
      0.1749
      0.2295
      0.2698
      0.2676
      0.2187
      0.1477
      0.0856
      0.0484
      0.0368
      1.3189
      1.1874
      0.8684
      0.5227
      0.2734
      0.1496
      0.1149
      0.1200
      0.1363
      0.1645
      0.2189
      0.2982
      0.3688
      0.3865
      0.3372
      0.2502
      0.1697
      0.1209
      0.1057
      2.7649
      2.4784
      1.7870
      1.0447
      0.5155
      0.2520
      0.1678
      0.1579
      0.1640
      0.1826
      0.2355
      0.3278
      0.4247
      0.4735
      0.4515
      0.3869
      0.3273
      0.2966
      0.2890
      4.7769
      4.2785
      3.0764
      1.7860
      0.8624
      0.3919
      0.2237
      0.1813
      0.1684
      0.1704
      0.2104
      0.2995
      0.4115
      0.5012
      0.5487
      0.5777
      0.6214
      0.6755
      0.7012
      6.6489
      5.9543
      4.2789
      2.4782
      1.1834
      0.5120
      0.2565
      0.1784
      0.1473
      0.1345
      0.1577
      0.2318
      0.3475
      0.4854
      0.6457
      0.8529
      1.1077
      1.3394
      1.4354
      7.4249
      6.6495
      4.7788
      2.7672
      1.3170
      0.5579
      0.2601
      0.1625
      0.1214
      0.0994
      0.1072
      0.1622
      0.2752
      0.4616
      0.7565
      1.1944
      1.7368
      2.2174
      2.4130
      6.6489
      5.9564
      4.2869
      2.4940
      1.2040
      0.5293
      0.2620
      0.1689
      0.1228
      0.0905
      0.0814
      0.1162
      0.2211
      0.4412
      0.8458
      1.4854
      2.2901
      3.0034
      3.2933
      4.7769
      4.2857
      3.1053
      1.8473
      0.9550
      0.4979
      0.3158
      0.2374
      0.1767
      0.1203
      0.0852
      0.0950
      0.1820
      0.4034
      0.8452
      1.5687
      2.4912
      3.3132
      3.6479
      2.7649
      2.4966
      1.8607
      1.2049
      0.7679
      0.5620
      0.4711
      0.3918
      0.2909
      0.1869
      0.1111
      0.0887
      0.1460
      0.3333
      0.7311
      1.3989
      2.2606
      3.0330
      3.3482
      1.3189
      1.2231
      1.0130
      0.8377
      0.7724
      0.7708
      0.7395
      0.6286
      0.4578
      0.2830
      0.1528
      0.0916
      0.1141
      0.2541
      0.5771
      1.1356
      1.8672
      2.5280
      2.7986
      0.5727
      0.5822
      0.6361
      0.7683
      0.9499
      1.0852
      1.0832
      0.9257
      0.6722
      0.4125
      0.2156
      0.1096
      0.1016
      0.2170
      0.5193
      1.0659
      1.7982
      2.4672
      2.7426
      0.2982
      0.3611
      0.5522
      0.8515
      1.1782
      1.4073
      1.4393
      1.2589
      0.9379
      0.5904
      0.3132
      0.1526
      0.1229
      0.2612
      0.6600
      1.4073
      2.4264
      3.3659
      3.7540
      0.2313
      0.3157
      0.5631
      0.9364
      1.3428
      1.6514
      1.7493
      1.5945
      1.2396
      0.8112
      0.4437
      0.2190
      0.1747
      0.3782
      0.9795
      2.1200
      3.6849
      5.1323
      5.7310
      0.2217
      0.3112
      0.5721
      0.9678
      1.4139
      1.7882
      1.9644
      1.8621
      1.5009
      1.0118
      0.5661
      0.2841
      0.2301
      0.5050
      1.3168
      2.8603
      4.9815
      6.9449
      7.7574
      0.2208
      0.3103
      0.5717
      0.9704
      1.4288
      1.8301
      2.0424
      1.9670
      1.6072
      1.0949
      0.6173
      0.3118
      0.2542
      0.5599
      1.4618
      3.1773
      5.5355
      7.7185
      8.6219
