      0.0746
      0.0988
      0.1485
      0.1736
      0.1463
      0.0889
      0.0426
      0.0277
      0.0482
      0.1024
      0.1679
      0.1978
      0.1657
      0.0983
      0.0413
      0.0122
      0.0025
      0.0004
      0.0001
      0.0792
      0.1019
      0.1467
      0.1654
      0.1351
      0.0799
      0.0372
      0.0237
      0.0416
      0.0905
      0.1527
      0.1863
      0.1628
      0.1018
      0.0455
      0.0145
      0.0033
      0.0006
      0.0001
      0.0832
      0.1007
      0.1317
      0.1366
      0.1035
      0.0571
      0.0248
      0.0150
      0.0276
      0.0653
      0.1216
      0.1667
      0.1667
      0.1216
      0.0646
      0.0250
      0.0070
      0.0014
      0.0004
      0.0823
      0.0903
      0.1008
      0.0922
      0.0630
      0.0316
      0.0125
      0.0075
      0.0168
      0.0485
      0.1104
      0.1858
      0.2287
      0.2044
      0.1319
      0.0612
      0.0203
      0.0049
      0.0016
      0.1428
      0.1307
      0.1005
      0.0648
      0.0341
      0.0142
      0.0050
      0.0038
      0.0139
      0.0521
      0.1448
      0.2890
      0.4121
      0.4187
      0.3028
      0.1555
      0.0568
      0.0152
      0.0056
      0.5091
      0.4320
      0.2647
      0.1184
      0.0395
      0.0102
      0.0025
      0.0030
      0.0152
      0.0657
      0.2022
      0.4400
      0.6778
      0.7398
      0.5730
      0.3156
      0.1249
      0.0382
      0.0171
      1.6699
      1.4054
      0.8374
      0.3529
      0.1051
      0.0222
      0.0038
      0.0029
      0.0149
      0.0683
      0.2234
      0.5160
      0.8432
      0.9779
      0.8088
      0.4829
      0.2169
      0.0865
      0.0529
      3.9688
      3.3381
      1.9848
      0.8328
      0.2460
      0.0515
      0.0088
      0.0039
      0.0121
      0.0528
      0.1807
      0.4429
      0.7731
      0.9677
      0.8823
      0.6083
      0.3508
      0.2119
      0.1740
      6.6737
      5.6129
      3.3370
      1.4001
      0.4148
      0.0905
      0.0219
      0.0143
      0.0168
      0.0362
      0.1121
      0.2935
      0.5704
      0.8213
      0.9022
      0.8022
      0.6453
      0.5421
      0.5116
      7.9349
      6.6736
      3.9683
      1.6680
      0.5044
      0.1347
      0.0728
      0.0738
      0.0658
      0.0529
      0.0755
      0.1916
      0.4467
      0.8061
      1.1245
      1.2629
      1.2410
      1.1857
      1.1661
      6.6737
      5.6135
      3.3417
      1.4204
      0.4784
      0.2366
      0.2641
      0.3015
      0.2561
      0.1608
      0.1040
      0.1735
      0.4546
      0.9679
      1.5466
      1.9181
      2.0047
      1.9696
      1.9498
      3.9688
      3.3412
      2.0051
      0.9120
      0.4746
      0.5427
      0.7827
      0.8852
      0.7237
      0.4258
      0.2047
      0.1917
      0.4666
      1.0575
      1.7853
      2.2963
      2.4371
      2.3898
      2.3565
      1.6699
      1.4165
      0.9025
      0.5810
      0.6970
      1.1884
      1.7232
      1.8632
      1.4600
      0.8219
      0.3482
      0.1982
      0.3797
      0.8761
      1.5295
      2.0148
      2.1541
      2.0948
      2.0510
      0.5091
      0.4610
      0.4241
      0.6213
      1.2041
      2.0823
      2.8213
      2.8735
      2.1484
      1.1613
      0.4584
      0.1804
      0.2305
      0.5227
      0.9402
      1.2689
      1.3693
      1.3220
      1.2851
      0.1428
      0.1870
      0.3943
      0.9189
      1.8229
      2.8965
      3.6197
      3.4750
      2.4956
      1.3114
      0.4998
      0.1561
      0.1095
      0.2226
      0.4110
      0.5706
      0.6263
      0.6056
      0.5868
      0.0823
      0.1700
      0.5052
      1.2141
      2.2814
      3.4217
      4.1204
      3.9070
      2.8255
      1.5138
      0.5893
      0.1697
      0.0563
      0.0700
      0.1290
      0.1881
      0.2189
      0.2239
      0.2225
      0.0832
      0.1837
      0.5520
      1.3051
      2.4541
      3.8044
      4.8630
      4.9431
      3.8220
      2.1742
      0.8915
      0.2612
      0.0584
      0.0224
      0.0336
      0.0591
      0.0906
      0.1197
      0.1323
      0.0792
      0.1709
      0.5057
      1.2177
      2.4473
      4.1994
      5.9420
      6.5362
      5.3391
      3.1546
      1.3292
      0.3961
      0.0837
      0.0160
      0.0147
      0.0382
      0.0831
      0.1346
      0.1584
      0.0746
      0.1588
      0.4678
      1.1506
      2.4245
      4.3990
      6.5066
      7.3621
      6.1148
      3.6493
      1.5476
      0.4631
      0.0976
      0.0169
      0.0134
      0.0392
      0.0917
      0.1532
      0.1817
