      0.0636
      0.0842
      0.1266
      0.1492
      0.1301
      0.0899
      0.0597
      0.0457
      0.0379
      0.0330
      0.0323
      0.0318
      0.0257
      0.0154
      0.0067
      0.0021
      0.0005
      0.0001
      0.0000
      0.0673
      0.0866
      0.1247
      0.1418
      0.1197
      0.0801
      0.0515
      0.0387
      0.0324
      0.0295
      0.0314
      0.0338
      0.0301
      0.0203
      0.0101
      0.0037
      0.0010
      0.0002
      0.0001
      0.0692
      0.0842
      0.1108
      0.1161
      0.0907
      0.0560
      0.0332
      0.0239
      0.0213
      0.0242
      0.0353
      0.0502
      0.0570
      0.0481
      0.0295
      0.0130
      0.0041
      0.0009
      0.0003
      0.0587
      0.0669
      0.0793
      0.0755
      0.0538
      0.0302
      0.0165
      0.0122
      0.0145
      0.0278
      0.0612
      0.1113
      0.1494
      0.1440
      0.0989
      0.0482
      0.0167
      0.0042
      0.0015
      0.0484
      0.0494
      0.0482
      0.0391
      0.0249
      0.0133
      0.0085
      0.0093
      0.0170
      0.0454
      0.1193
      0.2410
      0.3509
      0.3631
      0.2663
      0.1385
      0.0516
      0.0149
      0.0066
      0.0845
      0.0741
      0.0504
      0.0274
      0.0131
      0.0081
      0.0096
      0.0143
      0.0256
      0.0674
      0.1859
      0.3985
      0.6143
      0.6721
      0.5220
      0.2901
      0.1209
      0.0473
      0.0306
      0.2414
      0.2038
      0.1228
      0.0535
      0.0193
      0.0116
      0.0158
      0.0221
      0.0322
      0.0748
      0.2101
      0.4736
      0.7700
      0.8905
      0.7372
      0.4540
      0.2441
      0.1645
      0.1522
      0.5659
      0.4761
      0.2835
      0.1204
      0.0400
      0.0190
      0.0213
      0.0259
      0.0306
      0.0601
      0.1692
      0.4008
      0.6893
      0.8510
      0.7791
      0.6035
      0.5347
      0.6038
      0.6596
      0.9504
      0.7994
      0.4756
      0.2012
      0.0645
      0.0249
      0.0220
      0.0234
      0.0229
      0.0357
      0.0977
      0.2440
      0.4507
      0.6197
      0.7090
      0.8692
      1.2951
      1.8730
      2.1555
      1.1299
      0.9504
      0.5656
      0.2394
      0.0768
      0.0287
      0.0236
      0.0238
      0.0202
      0.0204
      0.0438
      0.1137
      0.2382
      0.4138
      0.7210
      1.4287
      2.7653
      4.3311
      5.0611
      0.9504
      0.7997
      0.4772
      0.2060
      0.0757
      0.0448
      0.0494
      0.0523
      0.0425
      0.0277
      0.0247
      0.0520
      0.1344
      0.3331
      0.8508
      2.1271
      4.4793
      7.1872
      8.4414
      0.5659
      0.4778
      0.2925
      0.1475
      0.0990
      0.1169
      0.1472
      0.1496
      0.1151
      0.0662
      0.0329
      0.0350
      0.0976
      0.3027
      0.9058
      2.4299
      5.2439
      8.4828
      9.9832
      0.2414
      0.2108
      0.1589
      0.1562
      0.2250
      0.3225
      0.3802
      0.3527
      0.2514
      0.1347
      0.0559
      0.0321
      0.0715
      0.2354
      0.7379
      2.0187
      4.3886
      7.1201
      8.3865
      0.0845
      0.0948
      0.1542
      0.3078
      0.5374
      0.7374
      0.7935
      0.6744
      0.4484
      0.2278
      0.0874
      0.0326
      0.0431
      0.1387
      0.4442
      1.2276
      2.6787
      4.3525
      5.1288
      0.0484
      0.0927
      0.2612
      0.5983
      1.0320
      1.3605
      1.4130
      1.1778
      0.7814
      0.4007
      0.1541
      0.0464
      0.0254
      0.0681
      0.2329
      0.6728
      1.4983
      2.4543
      2.8982
      0.0587
      0.1310
      0.3938
      0.8992
      1.5513
      2.1063
      2.3351
      2.1239
      1.5361
      0.8459
      0.3427
      0.1011
      0.0300
      0.0550
      0.2263
      0.7319
      1.7126
      2.8601
      3.3944
      0.0692
      0.1529
      0.4535
      1.0461
      1.9091
      2.8930
      3.6799
      3.7855
      2.9879
      1.7386
      0.7283
      0.2179
      0.0583
      0.0946
      0.4220
      1.4217
      3.3827
      5.6854
      6.7586
      0.0673
      0.1450
      0.4274
      1.0275
      2.0713
      3.5874
      5.1396
      5.7220
      4.7216
      2.8127
      1.1930
      0.3592
      0.0955
      0.1538
      0.6926
      2.3439
      5.5874
      9.3977
     11.1737
      0.0636
      0.1354
      0.3999
      0.9904
      2.1121
      3.8849
      5.8119
      6.6300
      5.5382
      3.3187
      1.4118
      0.4257
      0.1133
      0.1824
      0.8218
      2.7824
      6.6338
     11.1584
     13.2674
