      0.2757
      0.3006
      0.3526
      0.3862
      0.3764
      0.3357
      0.2890
      0.2448
      0.1972
      0.1461
      0.1008
      0.0688
      0.0481
      0.0329
      0.0204
      0.0107
      0.0048
      0.0020
      0.0013
      0.2720
      0.2939
      0.3385
      0.3642
      0.3494
      0.3074
      0.2623
      0.2220
      0.1815
      0.1402
      0.1059
      0.0831
      0.0674
      0.0519
      0.0350
      0.0197
      0.0092
      0.0038
      0.0023
      0.2577
      0.2718
      0.2977
      0.3045
      0.2795
      0.2370
      0.1979
      0.1691
      0.1473
      0.1324
      0.1287
      0.1339
      0.1351
      0.1198
      0.0886
      0.0535
      0.0265
      0.0115
      0.0070
      0.2395
      0.2429
      0.2443
      0.2290
      0.1956
      0.1582
      0.1315
      0.1197
      0.1218
      0.1414
      0.1825
      0.2345
      0.2686
      0.2580
      0.2025
      0.1293
      0.0681
      0.0324
      0.0214
      0.2631
      0.2520
      0.2208
      0.1770
      0.1338
      0.1039
      0.0928
      0.0987
      0.1223
      0.1739
      0.2637
      0.3760
      0.4610
      0.4664
      0.3847
      0.2602
      0.1497
      0.0832
      0.0623
      0.4143
      0.3788
      0.2914
      0.1941
      0.1230
      0.0908
      0.0902
      0.1079
      0.1425
      0.2126
      0.3396
      0.5092
      0.6538
      0.6927
      0.6034
      0.4426
      0.2936
      0.2035
      0.1755
      0.7662
      0.6894
      0.5044
      0.3073
      0.1721
      0.1151
      0.1110
      0.1287
      0.1598
      0.2277
      0.3650
      0.5654
      0.7576
      0.8463
      0.7961
      0.6654
      0.5467
      0.4854
      0.4700
      1.2848
      1.1522
      0.8334
      0.4953
      0.2620
      0.1564
      0.1327
      0.1384
      0.1546
      0.2030
      0.3204
      0.5114
      0.7208
      0.8682
      0.9250
      0.9459
      1.0005
      1.0848
      1.1272
      1.7769
      1.5925
      1.1492
      0.6777
      0.3478
      0.1888
      0.1383
      0.1271
      0.1262
      0.1498
      0.2297
      0.3797
      0.5757
      0.7839
      1.0149
      1.3286
      1.7414
      2.1323
      2.2970
      1.9821
      1.7767
      1.2826
      0.7560
      0.3843
      0.1982
      0.1302
      0.1063
      0.0934
      0.0968
      0.1391
      0.2388
      0.4065
      0.6705
      1.1068
      1.7994
      2.6996
      3.5186
      3.8558
      1.7769
      1.5947
      1.1577
      0.6937
      0.3671
      0.2019
      0.1361
      0.1060
      0.0835
      0.0704
      0.0818
      0.1382
      0.2757
      0.5753
      1.1771
      2.1991
      3.5413
      4.7581
      5.2573
      1.2848
      1.1601
      0.8646
      0.5595
      0.3543
      0.2539
      0.2060
      0.1664
      0.1230
      0.0844
      0.0656
      0.0867
      0.1927
      0.4875
      1.1428
      2.2971
      3.8311
      5.2266
      5.7996
      0.7662
      0.7101
      0.5866
      0.4819
      0.4378
      0.4268
      0.3980
      0.3295
      0.2361
      0.1472
      0.0860
      0.0710
      0.1393
      0.3840
      0.9638
      2.0089
      3.4117
      4.6936
      5.2211
      0.4143
      0.4206
      0.4585
      0.5528
      0.6801
      0.7685
      0.7545
      0.6328
      0.4525
      0.2759
      0.1461
      0.0826
      0.1062
      0.2785
      0.7173
      1.5238
      2.6157
      3.6181
      4.0314
      0.2631
      0.3191
      0.4910
      0.7630
      1.0597
      1.2620
      1.2789
      1.1044
      0.8125
      0.5068
      0.2673
      0.1290
      0.1015
      0.2162
      0.5533
      1.1886
      2.0561
      2.8560
      3.1865
      0.2395
      0.3307
      0.6014
      1.0170
      1.4746
      1.8214
      1.9253
      1.7439
      1.3456
      0.8745
      0.4742
      0.2227
      0.1364
      0.2332
      0.5824
      1.2575
      2.1859
      3.0447
      3.3999
      0.2577
      0.3684
      0.6973
      1.2111
      1.8104
      2.3307
      2.5908
      2.4720
      1.9982
      1.3478
      0.7503
      0.3554
      0.2047
      0.3210
      0.7911
      1.7099
      2.9772
      4.1507
      4.6363
      0.2720
      0.3895
      0.7418
      1.3077
      2.0087
      2.6851
      3.1118
      3.0858
      2.5735
      1.7762
      1.0047
      0.4801
      0.2746
      0.4231
      1.0391
      2.2465
      3.9125
      5.4556
      6.0943
      0.2757
      0.3942
      0.7512
      1.3325
      2.0712
      2.8122
      3.3121
      3.3307
      2.8076
      1.9524
      1.1099
      0.5321
      0.3044
      0.4680
      1.1489
      2.4839
      4.3263
      6.0328
      6.7390
