      0.6029
      0.6090
      0.6178
      0.6089
      0.5705
      0.5092
      0.4444
      0.3947
      0.3690
      0.3635
      0.3648
      0.3551
      0.3209
      0.2615
      0.1893
      0.1218
      0.0716
      0.0428
      0.0337
      0.5927
      0.5967
      0.5999
      0.5850
      0.5425
      0.4804
      0.4180
      0.3741
      0.3576
      0.3652
      0.3822
      0.3879
      0.3645
      0.3079
      0.2304
      0.1525
      0.0914
      0.0548
      0.0429
      0.5766
      0.5738
      0.5603
      0.5268
      0.4717
      0.4065
      0.3508
      0.3224
      0.3312
      0.3751
      0.4371
      0.4878
      0.4970
      0.4501
      0.3579
      0.2496
      0.1557
      0.0952
      0.0747
      0.6004
      0.5852
      0.5411
      0.4733
      0.3938
      0.3200
      0.2707
      0.2623
      0.3055
      0.4006
      0.5289
      0.6494
      0.7122
      0.6854
      0.5747
      0.4208
      0.2751
      0.1759
      0.1413
      0.7401
      0.7042
      0.6080
      0.4804
      0.3548
      0.2579
      0.2070
      0.2141
      0.2896
      0.4372
      0.6381
      0.8408
      0.9737
      0.9815
      0.8602
      0.6602
      0.4563
      0.3115
      0.2600
      1.0725
      1.0038
      0.8245
      0.5987
      0.3923
      0.2467
      0.1766
      0.1853
      0.2793
      0.4640
      0.7234
      1.0009
      1.2082
      1.2675
      1.1600
      0.9386
      0.6959
      0.5169
      0.4522
      1.6135
      1.4996
      1.2049
      0.8401
      0.5151
      0.2914
      0.1805
      0.1727
      0.2637
      0.4573
      0.7420
      1.0650
      1.3338
      1.4578
      1.4026
      1.2127
      0.9827
      0.8061
      0.7412
      2.2605
      2.0963
      1.6727
      1.1514
      0.6901
      0.3735
      0.2093
      0.1710
      0.2387
      0.4102
      0.6789
      1.0047
      1.3074
      1.4996
      1.5375
      1.4472
      1.3040
      1.1857
      1.1412
      2.8011
      2.5967
      2.0702
      1.4238
      0.8538
      0.4623
      0.2528
      0.1826
      0.2158
      0.3420
      0.5597
      0.8474
      1.1509
      1.4027
      1.5598
      1.6260
      1.6383
      1.6336
      1.6307
      3.0130
      2.7952
      2.2348
      1.5493
      0.9478
      0.5362
      0.3121
      0.2218
      0.2191
      0.2887
      0.4352
      0.6574
      0.9327
      1.2234
      1.4969
      1.7376
      1.9361
      2.0736
      2.1238
      2.8011
      2.6047
      2.1014
      1.4906
      0.9615
      0.6043
      0.4076
      0.3141
      0.2774
      0.2854
      0.3522
      0.4956
      0.7213
      1.0202
      1.3744
      1.7553
      2.1139
      2.3779
      2.4760
      2.2605
      2.1156
      1.7480
      1.3116
      0.9469
      0.7102
      0.5767
      0.4907
      0.4162
      0.3550
      0.3360
      0.3936
      0.5528
      0.8237
      1.1992
      1.6454
      2.0891
      2.4240
      2.5497
      1.6135
      1.5355
      1.3451
      1.1379
      0.9905
      0.9133
      0.8615
      0.7824
      0.6572
      0.5109
      0.3940
      0.3568
      0.4340
      0.6420
      0.9766
      1.4025
      1.8404
      2.1763
      2.3030
      1.0725
      1.0617
      1.0504
      1.0792
      1.1606
      1.2552
      1.2911
      1.2132
      1.0201
      0.7662
      0.5310
      0.3834
      0.3632
      0.4829
      0.7327
      1.0758
      1.4395
      1.7220
      1.8292
      0.7401
      0.7866
      0.9308
      1.1709
      1.4677
      1.7339
      1.8638
      1.7882
      1.5161
      1.1324
      0.7536
      0.4747
      0.3429
      0.3625
      0.5121
      0.7510
      1.0156
      1.2247
      1.3044
      0.6004
      0.6905
      0.9564
      1.3707
      1.8592
      2.2942
      2.5303
      2.4706
      2.1219
      1.5964
      1.0538
      0.6256
      0.3730
      0.2942
      0.3536
      0.5024
      0.6825
      0.8287
      0.8850
      0.5766
      0.6968
      1.0491
      1.5959
      2.2436
      2.8344
      3.1830
      3.1558
      2.7463
      2.0875
      1.3829
      0.8056
      0.4375
      0.2742
      0.2669
      0.3566
      0.4843
      0.5925
      0.6347
      0.5927
      0.7304
      1.1347
      1.7660
      2.5233
      3.2302
      3.6706
      3.6784
      3.2314
      2.4753
      1.6476
      0.9562
      0.5017
      0.2802
      0.2336
      0.2937
      0.3979
      0.4898
      0.5261
      0.6029
      0.7462
      1.1679
      1.8285
      2.6255
      3.3761
      3.8525
      3.8755
      3.4160
      2.6241
      1.7500
      1.0153
      0.5285
      0.2861
      0.2266
      0.2782
      0.3765
      0.4646
      0.4995
