      0.0000
      0.0000
      0.0000
      0.0000
      0.0000
      0.0000
      0.0000
      0.0000
      0.0000
      0.0000
      0.0000
      0.0000
      0.0000
      0.0000
      0.0000
      0.0000
      0.0000
      0.0000
      0.0000
      0.0000
      0.0000
      0.0000
      0.0000
      0.0000
      0.0000
      0.0000
      0.0000
      0.0000
      0.0000
      0.0000
      0.0000
      0.0000
      0.0000
      0.0000
      0.0000
      0.0000
      0.0000
      0.0000
      0.0000
      0.0000
      0.0000
      0.0000
      0.0000
      0.0000
      0.0000
      0.0000
      0.0000
      0.0000
      0.0000
      0.0000
      0.0000
      0.0000
      0.0000
      0.0000
      0.0000
      0.0000
      0.0000
      0.0000
      0.0000
      0.0000
      0.0000
      0.0000
      0.0000
      0.0000
      0.0000
      0.0000
      0.0000
      0.0000
      0.0000
      0.0000
      0.0000
      0.0000
      0.0000
      0.0000
      0.0000
      0.0000
      0.0000
      0.0000
      0.0000
      0.0000
      0.0000
      0.0000
      0.0000
      0.0000
      0.0000
      0.0000
      0.0000
      0.0000
      0.0001
      0.0001
      0.0000
      0.0000
      0.0000
      0.0000
      0.0000
      0.0022
      0.0011
      0.0001
      0.0000
      0.0000
      0.0000
      0.0000
      0.0000
      0.0000
      0.0000
      0.0000
      0.0002
      0.0009
      0.0012
      0.0004
      0.0000
      0.0000
      0.0000
      0.0000
      0.2918
      0.1459
      0.0182
      0.0006
      0.0000
      0.0000
      0.0000
      0.0000
      0.0000
      0.0000
      0.0000
      0.0003
      0.0021
      0.0038
      0.0017
      0.0002
      0.0000
      0.0000
      0.0000
      9.4607
      4.7304
      0.5897
      0.0182
      0.0001
      0.0000
      0.0000
      0.0000
      0.0000
      0.0000
      0.0000
      0.0002
      0.0013
      0.0029
      0.0016
      0.0002
      0.0000
      0.0001
      0.0002
     75.8862
     37.9431
      4.7304
      0.1459
      0.0011
      0.0000
      0.0000
      0.0000
      0.0000
      0.0000
      0.0000
      0.0000
      0.0002
      0.0006
      0.0006
      0.0004
      0.0022
      0.0165
      0.0330
    151.7724
     75.8862
      9.4607
      0.2918
      0.0022
      0.0000
      0.0000
      0.0000
      0.0000
      0.0000
      0.0000
      0.0000
      0.0001
      0.0022
      0.0111
      0.0159
      0.0712
      0.5353
      1.0696
     75.8862
     37.9431
      4.7304
      0.1459
      0.0011
      0.0000
      0.0001
      0.0003
      0.0002
      0.0000
      0.0000
      0.0000
      0.0008
      0.0185
      0.1077
      0.1726
      0.5920
      4.2952
      8.5795
      9.4607
      4.7304
      0.5897
      0.0182
      0.0002
      0.0015
      0.0112
      0.0213
      0.0101
      0.0012
      0.0000
      0.0000
      0.0014
      0.0386
      0.2617
      0.4750
      1.2567
      8.5991
     17.1592
      0.2918
      0.1459
      0.0182
      0.0006
      0.0013
      0.0330
      0.2209
      0.3707
      0.1555
      0.0163
      0.0004
      0.0000
      0.0006
      0.0201
      0.1590
      0.3295
      0.6889
      4.3085
      8.5802
      0.0022
      0.0011
      0.0002
      0.0007
      0.0121
      0.1904
      1.0866
      1.6060
      0.5951
      0.0549
      0.0013
      0.0000
      0.0001
      0.0026
      0.0241
      0.0574
      0.0984
      0.5393
      1.0699
      0.0000
      0.0000
      0.0005
      0.0118
      0.0840
      0.3638
      1.3692
      1.7417
      0.5690
      0.0464
      0.0009
      0.0000
      0.0000
      0.0001
      0.0009
      0.0025
      0.0037
      0.0170
      0.0334
      0.0000
      0.0000
      0.0025
      0.0541
      0.2917
      0.4688
      0.5409
      0.4996
      0.1465
      0.0112
      0.0002
      0.0000
      0.0000
      0.0000
      0.0000
      0.0001
      0.0032
      0.0251
      0.0502
      0.0000
      0.0000
      0.0034
      0.0626
      0.2870
      0.3670
      0.4171
      0.6697
      0.3480
      0.0461
      0.0015
      0.0000
      0.0000
      0.0000
      0.0000
      0.0031
      0.1011
      0.8106
      1.6212
      0.0000
      0.0000
      0.0011
      0.0182
      0.0789
      0.3424
      2.3716
      5.0677
      2.7259
      0.3658
      0.0121
      0.0001
      0.0000
      0.0000
      0.0002
      0.0250
      0.8106
      6.5020
     13.0041
      0.0000
      0.0000
      0.0002
      0.0027
      0.0244
      0.5527
      4.7095
     10.1324
      5.4516
      0.7316
      0.0243
      0.0002
      0.0000
      0.0000
      0.0004
      0.0500
      1.6212
     13.0041
     26.0081
