      0.0003
      0.0007
      0.0017
      0.0023
      0.0017
      0.0008
      0.0005
      0.0005
      0.0006
      0.0011
      0.0024
      0.0032
      0.0023
      0.0009
      0.0002
      0.0000
      0.0000
      0.0000
      0.0000
      0.0004
      0.0009
      0.0020
      0.0024
      0.0016
      0.0007
      0.0004
      0.0004
      0.0004
      0.0009
      0.0021
      0.0031
      0.0025
      0.0011
      0.0003
      0.0000
      0.0000
      0.0000
      0.0000
      0.0005
      0.0010
      0.0019
      0.0021
      0.0012
      0.0004
      0.0002
      0.0001
      0.0002
      0.0006
      0.0019
      0.0039
      0.0049
      0.0036
      0.0015
      0.0004
      0.0000
      0.0000
      0.0000
      0.0011
      0.0012
      0.0013
      0.0011
      0.0006
      0.0002
      0.0000
      0.0000
      0.0001
      0.0009
      0.0051
      0.0164
      0.0290
      0.0279
      0.0146
      0.0041
      0.0006
      0.0001
      0.0000
      0.0208
      0.0155
      0.0064
      0.0016
      0.0003
      0.0000
      0.0000
      0.0000
      0.0002
      0.0029
      0.0199
      0.0731
      0.1449
      0.1551
      0.0897
      0.0280
      0.0047
      0.0004
      0.0000
      0.3425
      0.2518
      0.0999
      0.0213
      0.0024
      0.0002
      0.0000
      0.0000
      0.0004
      0.0061
      0.0457
      0.1846
      0.4016
      0.4715
      0.2991
      0.1023
      0.0188
      0.0020
      0.0004
      3.0063
      2.2095
      0.8761
      0.1868
      0.0213
      0.0013
      0.0001
      0.0001
      0.0005
      0.0069
      0.0570
      0.2524
      0.6015
      0.7736
      0.5374
      0.2019
      0.0428
      0.0098
      0.0079
     14.1020
     10.3644
      4.1098
      0.8761
      0.0998
      0.0060
      0.0002
      0.0001
      0.0003
      0.0042
      0.0384
      0.1864
      0.4868
      0.6861
      0.5235
      0.2230
      0.0837
      0.0954
      0.1224
     35.5636
     26.1377
     10.3644
      2.2095
      0.2517
      0.0152
      0.0005
      0.0001
      0.0001
      0.0014
      0.0140
      0.0745
      0.2141
      0.3341
      0.2922
      0.2021
      0.3492
      0.7912
      1.0685
     48.3887
     35.5636
     14.1020
      3.0063
      0.3425
      0.0209
      0.0013
      0.0009
      0.0007
      0.0006
      0.0029
      0.0169
      0.0572
      0.1141
      0.1697
      0.4145
      1.5109
      3.6943
      5.0089
     35.5636
     26.1377
     10.3644
      2.2096
      0.2524
      0.0183
      0.0085
      0.0113
      0.0086
      0.0035
      0.0012
      0.0042
      0.0238
      0.0875
      0.2561
      0.9766
      3.8022
      9.3176
     12.6317
     14.1020
     10.3644
      4.1098
      0.8768
      0.1051
      0.0293
      0.0567
      0.0749
      0.0537
      0.0208
      0.0045
      0.0034
      0.0231
      0.1057
      0.3512
      1.3581
      5.2041
     12.6907
     17.1913
      3.0063
      2.2095
      0.8766
      0.1909
      0.0463
      0.0976
      0.2158
      0.2680
      0.1815
      0.0665
      0.0132
      0.0032
      0.0159
      0.0783
      0.2722
      1.0316
      3.8579
      9.3430
     12.6417
      0.3425
      0.2520
      0.1027
      0.0384
      0.0764
      0.2309
      0.4597
      0.5301
      0.3384
      0.1175
      0.0220
      0.0028
      0.0061
      0.0316
      0.1144
      0.4253
      1.5476
      3.7154
      5.0194
      0.0208
      0.0164
      0.0162
      0.0502
      0.1576
      0.3825
      0.6694
      0.7360
      0.4652
      0.1629
      0.0312
      0.0033
      0.0014
      0.0069
      0.0262
      0.0968
      0.3445
      0.8197
      1.1054
      0.0011
      0.0033
      0.0214
      0.0942
      0.2936
      0.7649
      1.5319
      1.9364
      1.3942
      0.5522
      0.1187
      0.0137
      0.0010
      0.0010
      0.0053
      0.0301
      0.1267
      0.3126
      0.4238
      0.0005
      0.0035
      0.0260
      0.1329
      0.6022
      2.2750
      5.5377
      7.6395
      5.7632
      2.3540
      0.5177
      0.0609
      0.0038
      0.0008
      0.0102
      0.0886
      0.4146
      1.0451
      1.4219
      0.0004
      0.0026
      0.0220
      0.1690
      1.1633
      5.2773
     13.5543
     18.9917
     14.4083
      5.9015
      1.3001
      0.1531
      0.0096
      0.0018
      0.0253
      0.2217
      1.0397
      2.6220
      3.5675
      0.0003
      0.0019
      0.0188
      0.1903
      1.5051
      7.0937
     18.3821
     25.8108
     19.5933
      8.0271
      1.7685
      0.2083
      0.0131
      0.0025
      0.0344
      0.3016
      1.4145
      3.5673
      4.8537
