      0.1247
      0.1357
      0.1604
      0.1829
      0.1957
      0.2037
      0.2116
      0.2145
      0.2066
      0.1908
      0.1727
      0.1514
      0.1216
      0.0845
      0.0491
      0.0234
      0.0094
      0.0035
      0.0021
      0.1246
      0.1342
      0.1553
      0.1733
      0.1820
      0.1866
      0.1922
      0.1949
      0.1898
      0.1794
      0.1682
      0.1537
      0.1293
      0.0944
      0.0578
      0.0293
      0.0124
      0.0048
      0.0028
      0.1279
      0.1332
      0.1437
      0.1493
      0.1478
      0.1453
      0.1469
      0.1508
      0.1535
      0.1572
      0.1646
      0.1699
      0.1610
      0.1320
      0.0905
      0.0511
      0.0239
      0.0100
      0.0060
      0.1592
      0.1559
      0.1454
      0.1292
      0.1128
      0.1037
      0.1051
      0.1140
      0.1277
      0.1492
      0.1818
      0.2171
      0.2336
      0.2138
      0.1618
      0.1004
      0.0519
      0.0246
      0.0163
      0.2941
      0.2713
      0.2148
      0.1517
      0.1059
      0.0875
      0.0922
      0.1093
      0.1329
      0.1687
      0.2262
      0.2973
      0.3485
      0.3440
      0.2795
      0.1877
      0.1084
      0.0618
      0.0473
      0.6647
      0.5994
      0.4415
      0.2731
      0.1582
      0.1126
      0.1156
      0.1376
      0.1634
      0.2029
      0.2760
      0.3798
      0.4703
      0.4914
      0.4265
      0.3151
      0.2149
      0.1565
      0.1389
      1.3856
      1.2429
      0.8999
      0.5359
      0.2863
      0.1777
      0.1616
      0.1769
      0.1932
      0.2222
      0.2947
      0.4159
      0.5400
      0.5995
      0.5683
      0.4872
      0.4199
      0.3924
      0.3882
      2.3900
      2.1418
      1.5449
      0.9100
      0.4680
      0.2606
      0.2042
      0.1994
      0.1973
      0.2070
      0.2639
      0.3815
      0.5247
      0.6357
      0.6936
      0.7382
      0.8171
      0.9150
      0.9611
      3.3251
      2.9792
      2.1468
      1.2589
      0.6334
      0.3263
      0.2235
      0.1949
      0.1752
      0.1665
      0.2016
      0.3004
      0.4504
      0.6264
      0.8355
      1.1234
      1.4992
      1.8533
      2.0024
      3.7129
      3.3267
      2.3975
      1.4052
      0.7030
      0.3519
      0.2263
      0.1848
      0.1552
      0.1330
      0.1461
      0.2212
      0.3731
      0.6220
      1.0209
      1.6323
      2.4148
      3.1250
      3.4176
      3.3251
      2.9808
      2.1532
      1.2729
      0.6556
      0.3533
      0.2496
      0.2137
      0.1780
      0.1392
      0.1261
      0.1745
      0.3229
      0.6312
      1.1962
      2.1003
      3.2581
      4.2999
      4.7269
      2.3900
      2.1470
      1.5670
      0.9614
      0.5567
      0.3826
      0.3402
      0.3200
      0.2696
      0.1976
      0.1449
      0.1578
      0.2869
      0.6099
      1.2440
      2.2799
      3.6098
      4.8041
      5.2928
      1.3856
      1.2554
      0.9531
      0.6618
      0.5084
      0.4910
      0.5214
      0.5096
      0.4238
      0.2961
      0.1875
      0.1535
      0.2420
      0.5229
      1.1040
      2.0670
      3.3069
      4.4205
      4.8759
      0.6647
      0.6227
      0.5407
      0.5068
      0.5684
      0.6895
      0.7785
      0.7569
      0.6149
      0.4144
      0.2401
      0.1529
      0.1894
      0.3989
      0.8655
      1.6563
      2.6829
      3.6075
      3.9860
      0.2941
      0.3068
      0.3651
      0.5034
      0.7195
      0.9473
      1.0814
      1.0428
      0.8375
      0.5558
      0.3084
      0.1654
      0.1555
      0.3149
      0.7206
      1.4402
      2.3943
      3.2621
      3.6186
      0.1592
      0.2009
      0.3364
      0.5781
      0.9019
      1.2230
      1.4153
      1.3804
      1.1217
      0.7520
      0.4163
      0.2084
      0.1651
      0.3338
      0.8210
      1.7271
      2.9565
      4.0871
      4.5538
      0.1279
      0.1825
      0.3549
      0.6556
      1.0607
      1.4802
      1.7628
      1.7687
      1.4754
      1.0118
      0.5693
      0.2837
      0.2176
      0.4514
      1.1551
      2.4895
      4.3185
      6.0089
      6.7080
      0.1246
      0.1835
      0.3702
      0.7015
      1.1650
      1.6736
      2.0523
      2.1146
      1.8038
      1.2596
      0.7188
      0.3615
      0.2799
      0.5909
      1.5303
      3.3197
      5.7787
      8.0543
      8.9959
      0.1247
      0.1844
      0.3744
      0.7153
      1.2012
      1.7473
      2.1687
      2.2576
      1.9417
      1.3645
      0.7825
      0.3951
      0.3076
      0.6528
      1.6943
      3.6798
      6.4095
      8.9363
      9.9820
