      0.0581
      0.0777
      0.1178
      0.1385
      0.1179
      0.0741
      0.0393
      0.0276
      0.0393
      0.0731
      0.1149
      0.1336
      0.1112
      0.0657
      0.0274
      0.0081
      0.0017
      0.0003
      0.0001
      0.0621
      0.0804
      0.1165
      0.1320
      0.1088
      0.0665
      0.0343
      0.0235
      0.0337
      0.0640
      0.1031
      0.1234
      0.1063
      0.0653
      0.0285
      0.0088
      0.0019
      0.0003
      0.0001
      0.0672
      0.0809
      0.1053
      0.1092
      0.0833
      0.0473
      0.0226
      0.0147
      0.0216
      0.0435
      0.0752
      0.0977
      0.0923
      0.0630
      0.0309
      0.0109
      0.0028
      0.0005
      0.0001
      0.0813
      0.0851
      0.0881
      0.0767
      0.0515
      0.0264
      0.0118
      0.0078
      0.0119
      0.0255
      0.0491
      0.0730
      0.0805
      0.0648
      0.0380
      0.0161
      0.0050
      0.0011
      0.0004
      0.2259
      0.1984
      0.1361
      0.0751
      0.0345
      0.0141
      0.0070
      0.0066
      0.0097
      0.0187
      0.0390
      0.0688
      0.0913
      0.0882
      0.0614
      0.0308
      0.0113
      0.0034
      0.0017
      0.9504
      0.8023
      0.4832
      0.2088
      0.0663
      0.0185
      0.0099
      0.0114
      0.0140
      0.0208
      0.0426
      0.0837
      0.1253
      0.1356
      0.1054
      0.0600
      0.0271
      0.0128
      0.0095
      3.1784
      2.6739
      1.5913
      0.6694
      0.2006
      0.0483
      0.0195
      0.0190
      0.0197
      0.0235
      0.0451
      0.0939
      0.1523
      0.1800
      0.1568
      0.1075
      0.0698
      0.0553
      0.0531
      7.5684
      6.3654
      3.7848
      1.5887
      0.4726
      0.1074
      0.0325
      0.0244
      0.0216
      0.0213
      0.0379
      0.0844
      0.1522
      0.2071
      0.2217
      0.2096
      0.2075
      0.2259
      0.2384
     12.7289
     10.7055
      6.3649
      2.6712
      0.7934
      0.1767
      0.0466
      0.0294
      0.0234
      0.0187
      0.0286
      0.0705
      0.1543
      0.2665
      0.3759
      0.4752
      0.5925
      0.7224
      0.7842
     15.1346
     12.7289
      7.5682
      3.1779
      0.9492
      0.2237
      0.0784
      0.0630
      0.0519
      0.0347
      0.0325
      0.0761
      0.2021
      0.4242
      0.7046
      1.0043
      1.3435
      1.6876
      1.8459
     12.7289
     10.7060
      6.3681
      2.6847
      0.8347
      0.2701
      0.2002
      0.2112
      0.1769
      0.1092
      0.0654
      0.1020
      0.2798
      0.6362
      1.1213
      1.6556
      2.2458
      2.8294
      3.0957
      7.5684
      6.3678
      3.7994
      1.6443
      0.6292
      0.4375
      0.5461
      0.6051
      0.4925
      0.2891
      0.1379
      0.1271
      0.3133
      0.7350
      1.3350
      2.0004
      2.7109
      3.3930
      3.7014
      3.1784
      2.6823
      1.6398
      0.8348
      0.6188
      0.8538
      1.1880
      1.2700
      0.9902
      0.5560
      0.2352
      0.1339
      0.2595
      0.6154
      1.1474
      1.7430
      2.3561
      2.9215
      3.1732
      0.9504
      0.8247
      0.6043
      0.5815
      0.9042
      1.4665
      1.9333
      1.9366
      1.4325
      0.7688
      0.3021
      0.1197
      0.1577
      0.3692
      0.7113
      1.1116
      1.5267
      1.9011
      2.0653
      0.2259
      0.2422
      0.3610
      0.7124
      1.3200
      1.9944
      2.3816
      2.2000
      1.5316
      0.7846
      0.2928
      0.0920
      0.0733
      0.1652
      0.3505
      0.6313
      1.0075
      1.3910
      1.5635
      0.0813
      0.1468
      0.3951
      0.8968
      1.5726
      2.1504
      2.3299
      1.9946
      1.3200
      0.6562
      0.2397
      0.0673
      0.0327
      0.0791
      0.2481
      0.6729
      1.4490
      2.3396
      2.7522
      0.0672
      0.1438
      0.4130
      0.9047
      1.4926
      1.9205
      1.9925
      1.6811
      1.1274
      0.5791
      0.2206
      0.0626
      0.0261
      0.0872
      0.3887
      1.2820
      3.0228
      5.0625
      6.0125
      0.0621
      0.1303
      0.3601
      0.7583
      1.2190
      1.5760
      1.7109
      1.5557
      1.1325
      0.6266
      0.2542
      0.0758
      0.0340
      0.1314
      0.6229
      2.1065
      5.0173
      8.4360
     10.0294
      0.0581
      0.1195
      0.3225
      0.6681
      1.0728
      1.4211
      1.6185
      1.5527
      1.1810
      0.6743
      0.2797
      0.0847
      0.0391
      0.1548
      0.7377
      2.4997
      5.9590
     10.0226
     11.9168
