      0.0000
      0.0000
      0.0000
      0.0000
      0.0000
      0.0000
      0.0000
      0.0000
      0.0000
      0.0000
      0.0000
      0.0000
      0.0000
      0.0000
      0.0000
      0.0000
      0.0000
      0.0000
      0.0000
      0.0000
      0.0000
      0.0000
      0.0000
      0.0000
      0.0000
      0.0000
      0.0000
      0.0000
      0.0000
      0.0000
      0.0000
      0.0000
      0.0000
      0.0000
      0.0000
      0.0000
      0.0000
      0.0000
      0.0000
      0.0000
      0.0000
      0.0000
      0.0000
      0.0000
      0.0000
      0.0000
      0.0000
      0.0000
      0.0000
      0.0000
      0.0000
      0.0000
      0.0000
      0.0000
      0.0000
      0.0000
      0.0000
      0.0000
      0.0000
      0.0000
      0.0000
      0.0000
      0.0000
      0.0000
      0.0000
      0.0000
      0.0000
      0.0000
      0.0000
      0.0000
      0.0000
      0.0000
      0.0000
      0.0000
      0.0000
      0.0000
      0.0000
      0.0000
      0.0000
      0.0000
      0.0000
      0.0000
      0.0000
      0.0000
      0.0000
      0.0000
      0.0000
      0.0002
      0.0008
      0.0009
      0.0003
      0.0000
      0.0000
      0.0000
      0.0000
      0.0007
      0.0003
      0.0000
      0.0000
      0.0000
      0.0000
      0.0000
      0.0000
      0.0000
      0.0000
      0.0001
      0.0013
      0.0077
      0.0110
      0.0040
      0.0004
      0.0000
      0.0000
      0.0000
      0.0901
      0.0451
      0.0056
      0.0002
      0.0000
      0.0000
      0.0000
      0.0000
      0.0000
      0.0000
      0.0001
      0.0027
      0.0191
      0.0336
      0.0148
      0.0016
      0.0000
      0.0000
      0.0000
      2.9232
      1.4616
      0.1822
      0.0056
      0.0000
      0.0000
      0.0000
      0.0000
      0.0000
      0.0000
      0.0000
      0.0014
      0.0118
      0.0256
      0.0138
      0.0019
      0.0001
      0.0005
      0.0010
     23.4477
     11.7238
      1.4616
      0.0451
      0.0003
      0.0000
      0.0000
      0.0000
      0.0000
      0.0000
      0.0000
      0.0002
      0.0018
      0.0049
      0.0033
      0.0008
      0.0080
      0.0641
      0.1283
     46.8953
     23.4477
      2.9232
      0.0901
      0.0007
      0.0000
      0.0000
      0.0000
      0.0000
      0.0000
      0.0000
      0.0000
      0.0001
      0.0007
      0.0024
      0.0107
      0.2602
      2.0796
      4.1590
     23.4477
     11.7238
      1.4616
      0.0451
      0.0003
      0.0000
      0.0000
      0.0001
      0.0000
      0.0000
      0.0000
      0.0000
      0.0002
      0.0036
      0.0212
      0.0942
      2.0906
     16.6812
     33.3602
      2.9232
      1.4616
      0.1822
      0.0056
      0.0001
      0.0003
      0.0022
      0.0041
      0.0019
      0.0002
      0.0000
      0.0000
      0.0003
      0.0074
      0.0513
      0.2134
      4.1951
     33.3640
     66.7203
      0.0901
      0.0451
      0.0056
      0.0002
      0.0003
      0.0064
      0.0426
      0.0714
      0.0300
      0.0031
      0.0001
      0.0000
      0.0001
      0.0039
      0.0311
      0.1244
      2.1092
     16.6837
     33.3603
      0.0007
      0.0003
      0.0000
      0.0002
      0.0029
      0.0378
      0.2098
      0.3095
      0.1146
      0.0106
      0.0002
      0.0000
      0.0000
      0.0005
      0.0047
      0.0187
      0.2654
      2.0804
      4.1591
      0.0000
      0.0000
      0.0002
      0.0038
      0.0259
      0.0851
      0.2701
      0.3374
      0.1103
      0.0090
      0.0002
      0.0000
      0.0000
      0.0000
      0.0002
      0.0007
      0.0084
      0.0648
      0.1294
      0.0000
      0.0000
      0.0008
      0.0177
      0.0952
      0.1508
      0.1999
      0.2671
      0.1194
      0.0144
      0.0004
      0.0000
      0.0000
      0.0000
      0.0000
      0.0003
      0.0098
      0.0788
      0.1576
      0.0000
      0.0000
      0.0011
      0.0206
      0.1023
      0.4103
      2.6458
      5.6243
      3.0232
      0.4056
      0.0135
      0.0001
      0.0000
      0.0000
      0.0001
      0.0098
      0.3166
      2.5397
      5.0795
      0.0000
      0.0000
      0.0004
      0.0064
      0.0927
      2.4471
     20.9368
     45.0477
     24.2373
      3.2524
      0.1080
      0.0009
      0.0000
      0.0000
      0.0006
      0.0783
      2.5397
     20.3717
     40.7434
      0.0000
      0.0000
      0.0001
      0.0018
      0.1417
      4.8510
     41.8626
     90.0946
     48.4745
      6.5048
      0.2160
      0.0018
      0.0000
      0.0000
      0.0012
      0.1566
      5.0795
     40.7434
     81.4869
