      0.1034
      0.1140
      0.1387
      0.1642
      0.1852
      0.2070
      0.2358
      0.2726
      0.3181
      0.3712
      0.4149
      0.4162
      0.3551
      0.2498
      0.1426
      0.0657
      0.0247
      0.0082
      0.0043
      0.1063
      0.1156
      0.1367
      0.1575
      0.1732
      0.1896
      0.2133
      0.2456
      0.2879
      0.3397
      0.3853
      0.3931
      0.3420
      0.2460
      0.1441
      0.0684
      0.0265
      0.0091
      0.0048
      0.1206
      0.1254
      0.1350
      0.1414
      0.1432
      0.1470
      0.1588
      0.1810
      0.2158
      0.2641
      0.3139
      0.3377
      0.3115
      0.2391
      0.1506
      0.0774
      0.0328
      0.0124
      0.0069
      0.1804
      0.1744
      0.1577
      0.1349
      0.1135
      0.1012
      0.1015
      0.1143
      0.1414
      0.1852
      0.2395
      0.2822
      0.2864
      0.2429
      0.1698
      0.0978
      0.0474
      0.0217
      0.0143
      0.3870
      0.3545
      0.2742
      0.1838
      0.1144
      0.0768
      0.0656
      0.0723
      0.0938
      0.1336
      0.1920
      0.2532
      0.2875
      0.2723
      0.2134
      0.1404
      0.0824
      0.0503
      0.0409
      0.9197
      0.8275
      0.6040
      0.3611
      0.1838
      0.0915
      0.0602
      0.0598
      0.0762
      0.1118
      0.1731
      0.2510
      0.3142
      0.3290
      0.2895
      0.2241
      0.1689
      0.1399
      0.1322
      1.9358
      1.7349
      1.2495
      0.7261
      0.3480
      0.1518
      0.0805
      0.0667
      0.0753
      0.1041
      0.1645
      0.2551
      0.3478
      0.4040
      0.4099
      0.3909
      0.3831
      0.3944
      0.4030
      3.3434
      2.9942
      2.1510
      1.2430
      0.5876
      0.2461
      0.1171
      0.0834
      0.0811
      0.0996
      0.1540
      0.2531
      0.3809
      0.5055
      0.6131
      0.7248
      0.8619
      0.9950
      1.0524
      4.6517
      4.1654
      2.9919
      1.7296
      0.8203
      0.3480
      0.1697
      0.1196
      0.1056
      0.1094
      0.1517
      0.2578
      0.4337
      0.6679
      0.9570
      1.3174
      1.7373
      2.1087
      2.2612
      5.1939
      4.6519
      3.3455
      1.9454
      0.9472
      0.4428
      0.2648
      0.2172
      0.1903
      0.1666
      0.1828
      0.2893
      0.5231
      0.9006
      1.4354
      2.1391
      2.9513
      3.6530
      3.9371
      4.6517
      4.1696
      3.0124
      1.7873
      0.9440
      0.5594
      0.4609
      0.4424
      0.3917
      0.3092
      0.2653
      0.3462
      0.6197
      1.1267
      1.8943
      2.9253
      4.1088
      5.1198
      5.5263
      3.3434
      3.0053
      2.2039
      1.3895
      0.8946
      0.7590
      0.8083
      0.8340
      0.7330
      0.5443
      0.3914
      0.4002
      0.6571
      1.2107
      2.0883
      3.2788
      4.6375
      5.7883
      6.2487
      1.9358
      1.7567
      1.3515
      1.0011
      0.9078
      1.0613
      1.2735
      1.3297
      1.1457
      0.8147
      0.5204
      0.4187
      0.5928
      1.0766
      1.8827
      2.9863
      4.2395
      5.2931
      5.7128
      0.9197
      0.8622
      0.7629
      0.7775
      1.0054
      1.3853
      1.7085
      1.7579
      1.4776
      1.0149
      0.5979
      0.3897
      0.4505
      0.7857
      1.3891
      2.2303
      3.1865
      3.9873
      4.3053
      0.3870
      0.3999
      0.4785
      0.7043
      1.1093
      1.5951
      1.9442
      1.9550
      1.6047
      1.0728
      0.5985
      0.3294
      0.2972
      0.4838
      0.8741
      1.4461
      2.1118
      2.6747
      2.8990
      0.1804
      0.2242
      0.3782
      0.6836
      1.1351
      1.6202
      1.9359
      1.9109
      1.5451
      1.0185
      0.5522
      0.2710
      0.1896
      0.2841
      0.5489
      0.9828
      1.5221
      1.9947
      2.1859
      0.1206
      0.1726
      0.3420
      0.6495
      1.0754
      1.5147
      1.7927
      1.7640
      1.4299
      0.9479
      0.5139
      0.2404
      0.1422
      0.2065
      0.4505
      0.8993
      1.4960
      2.0379
      2.2604
      0.1063
      0.1573
      0.3191
      0.6043
      0.9925
      1.3946
      1.6595
      1.6524
      1.3613
      0.9190
      0.5066
      0.2369
      0.1343
      0.2016
      0.4785
      1.0124
      1.7418
      2.4140
      2.6916
      0.1034
      0.1530
      0.3094
      0.5831
      0.9556
      1.3456
      1.6104
      1.6169
      1.3446
      0.9167
      0.5099
      0.2398
      0.1362
      0.2085
      0.5061
      1.0849
      1.8802
      2.6151
      2.9190
