      0.4126
      0.4188
      0.4280
      0.4211
      0.3874
      0.3370
      0.2965
      0.2923
      0.3339
      0.4054
      0.4710
      0.4932
      0.4538
      0.3635
      0.2535
      0.1559
      0.0884
      0.0521
      0.0412
      0.4215
      0.4251
      0.4277
      0.4135
      0.3747
      0.3227
      0.2828
      0.2796
      0.3216
      0.3936
      0.4616
      0.4889
      0.4560
      0.3712
      0.2637
      0.1652
      0.0948
      0.0560
      0.0440
      0.4674
      0.4622
      0.4431
      0.4045
      0.3485
      0.2899
      0.2509
      0.2503
      0.2934
      0.3669
      0.4413
      0.4824
      0.4674
      0.3976
      0.2964
      0.1948
      0.1162
      0.0696
      0.0545
      0.6131
      0.5900
      0.5261
      0.4365
      0.3424
      0.2657
      0.2235
      0.2248
      0.2689
      0.3438
      0.4266
      0.4865
      0.4967
      0.4483
      0.3558
      0.2491
      0.1574
      0.0985
      0.0786
      0.9641
      0.9081
      0.7612
      0.5749
      0.4038
      0.2835
      0.2247
      0.2215
      0.2627
      0.3365
      0.4263
      0.5062
      0.5453
      0.5229
      0.4428
      0.3318
      0.2256
      0.1522
      0.1265
      1.6257
      1.5156
      1.2314
      0.8815
      0.5739
      0.3679
      0.2671
      0.2450
      0.2748
      0.3412
      0.4335
      0.5311
      0.6005
      0.6101
      0.5509
      0.4442
      0.3293
      0.2445
      0.2137
      2.6093
      2.4238
      1.9468
      1.3641
      0.8570
      0.5183
      0.3451
      0.2860
      0.2930
      0.3440
      0.4321
      0.5431
      0.6436
      0.6936
      0.6709
      0.5866
      0.4792
      0.3932
      0.3608
      3.7404
      3.4707
      2.7779
      1.9329
      1.1975
      0.7027
      0.4400
      0.3322
      0.3085
      0.3374
      0.4146
      0.5333
      0.6644
      0.7638
      0.7969
      0.7605
      0.6846
      0.6139
      0.5856
      4.6687
      4.3316
      3.4659
      2.4108
      1.4921
      0.8711
      0.5343
      0.3835
      0.3291
      0.3321
      0.3916
      0.5103
      0.6681
      0.8217
      0.9262
      0.9610
      0.9407
      0.9030
      0.8854
      5.0302
      4.6696
      3.7445
      2.6198
      1.6443
      0.9872
      0.6289
      0.4592
      0.3806
      0.3538
      0.3857
      0.4919
      0.6651
      0.8670
      1.0454
      1.1617
      1.2110
      1.2183
      1.2160
      4.6687
      4.3411
      3.5036
      2.4930
      1.6281
      1.0562
      0.7473
      0.5899
      0.4921
      0.4260
      0.4138
      0.4878
      0.6555
      0.8856
      1.1216
      1.3101
      1.4267
      1.4804
      1.4944
      3.7404
      3.4924
      2.8639
      2.1204
      1.5064
      1.1213
      0.9188
      0.7939
      0.6733
      0.5519
      0.4746
      0.4928
      0.6273
      0.8544
      1.1169
      1.3523
      1.5206
      1.6137
      1.6423
      2.6093
      2.4612
      2.0947
      1.6856
      1.3839
      1.2274
      1.1501
      1.0573
      0.9019
      0.7092
      0.5502
      0.4939
      0.5715
      0.7657
      1.0232
      1.2795
      1.4835
      1.6095
      1.6514
      1.6257
      1.5702
      1.4469
      1.3479
      1.3340
      1.3839
      1.4119
      1.3351
      1.1338
      0.8640
      0.6204
      0.4853
      0.4968
      0.6444
      0.8832
      1.1529
      1.3942
      1.5591
      1.6176
      0.9641
      0.9774
      1.0350
      1.1656
      1.3626
      1.5591
      1.6551
      1.5779
      1.3306
      0.9931
      0.6772
      0.4745
      0.4287
      0.5385
      0.7723
      1.0772
      1.3831
      1.6111
      1.6958
      0.6131
      0.6686
      0.8361
      1.1053
      1.4274
      1.7087
      1.8413
      1.7592
      1.4789
      1.0939
      0.7263
      0.4750
      0.3917
      0.4881
      0.7490
      1.1293
      1.5421
      1.8664
      1.9900
      0.4674
      0.5437
      0.7654
      1.1019
      1.4846
      1.8075
      1.9604
      1.8794
      1.5846
      1.1734
      0.7738
      0.4920
      0.3906
      0.4970
      0.8128
      1.2978
      1.8444
      2.2844
      2.4539
      0.4215
      0.5059
      0.7482
      1.1101
      1.5159
      1.8571
      2.0229
      1.9485
      1.6519
      1.2300
      0.8133
      0.5148
      0.4076
      0.5324
      0.9032
      1.4825
      2.1444
      2.6819
      2.8900
      0.4126
      0.4988
      0.7458
      1.1135
      1.5248
      1.8713
      2.0420
      1.9714
      1.6759
      1.2513
      0.8292
      0.5254
      0.4172
      0.5506
      0.9445
      1.5620
      2.2698
      2.8458
      3.0690
