      0.2709
      0.2787
      0.2991
      0.3257
      0.3527
      0.3751
      0.3862
      0.3769
      0.3423
      0.2872
      0.2240
      0.1653
      0.1178
      0.0819
      0.0558
      0.0381
      0.0275
      0.0224
      0.0209
      0.2774
      0.2832
      0.2983
      0.3181
      0.3389
      0.3574
      0.3678
      0.3614
      0.3330
      0.2860
      0.2311
      0.1790
      0.1350
      0.0992
      0.0704
      0.0486
      0.0339
      0.0260
      0.0236
      0.3155
      0.3143
      0.3115
      0.3092
      0.3109
      0.3180
      0.3265
      0.3281
      0.3158
      0.2897
      0.2560
      0.2211
      0.1868
      0.1516
      0.1156
      0.0821
      0.0559
      0.0398
      0.0345
      0.4430
      0.4272
      0.3871
      0.3401
      0.3048
      0.2909
      0.2956
      0.3071
      0.3138
      0.3116
      0.3029
      0.2899
      0.2696
      0.2372
      0.1926
      0.1435
      0.1008
      0.0729
      0.0634
      0.7533
      0.7102
      0.6003
      0.4707
      0.3676
      0.3145
      0.3066
      0.3223
      0.3412
      0.3549
      0.3650
      0.3721
      0.3688
      0.3447
      0.2973
      0.2370
      0.1809
      0.1430
      0.1298
      1.3366
      1.2478
      1.0219
      0.7536
      0.5350
      0.4103
      0.3694
      0.3738
      0.3894
      0.4034
      0.4198
      0.4412
      0.4574
      0.4521
      0.4181
      0.3657
      0.3143
      0.2794
      0.2674
      2.1990
      2.0461
      1.6563
      1.1907
      0.8033
      0.5666
      0.4641
      0.4357
      0.4297
      0.4286
      0.4394
      0.4688
      0.5071
      0.5351
      0.5421
      0.5343
      0.5256
      0.5227
      0.5227
      3.1861
      2.9612
      2.3866
      1.6958
      1.1110
      0.7365
      0.5508
      0.4728
      0.4339
      0.4100
      0.4093
      0.4426
      0.5051
      0.5815
      0.6625
      0.7483
      0.8359
      0.9071
      0.9352
      3.9939
      3.7102
      2.9844
      2.1069
      1.3542
      0.8565
      0.5912
      0.4639
      0.3940
      0.3506
      0.3397
      0.3751
      0.4611
      0.5955
      0.7773
      1.0008
      1.2364
      1.4236
      1.4958
      4.3080
      4.0016
      3.2164
      2.2635
      1.4382
      0.8814
      0.5726
      0.4163
      0.3291
      0.2757
      0.2587
      0.2942
      0.3987
      0.5885
      0.8771
      1.2547
      1.6610
      1.9842
      2.1086
      3.9939
      3.7112
      2.9864
      2.1048
      1.3376
      0.8141
      0.5174
      0.3624
      0.2737
      0.2177
      0.1956
      0.2263
      0.3382
      0.5660
      0.9382
      1.4436
      1.9956
      2.4367
      2.6065
      3.1861
      2.9653
      2.3996
      1.7127
      1.1158
      0.7076
      0.4724
      0.3427
      0.2600
      0.1997
      0.1668
      0.1843
      0.2889
      0.5275
      0.9388
      1.5117
      2.1447
      2.6529
      2.8489
      2.1990
      2.0567
      1.6939
      1.2584
      0.8861
      0.6344
      0.4846
      0.3873
      0.3055
      0.2301
      0.1752
      0.1697
      0.2545
      0.4808
      0.8904
      1.4729
      2.1225
      2.6462
      2.8486
      1.3366
      1.2676
      1.0956
      0.8992
      0.7439
      0.6459
      0.5788
      0.5065
      0.4126
      0.3070
      0.2177
      0.1817
      0.2430
      0.4533
      0.8542
      1.4347
      2.0871
      2.6152
      2.8195
      0.7533
      0.7400
      0.7142
      0.7040
      0.7219
      0.7494
      0.7489
      0.6905
      0.5730
      0.4249
      0.2914
      0.2217
      0.2670
      0.4831
      0.9144
      1.5475
      2.2633
      2.8442
      3.0692
      0.4430
      0.4658
      0.5359
      0.6512
      0.7908
      0.9114
      0.9625
      0.9124
      0.7677
      0.5726
      0.3907
      0.2884
      0.3318
      0.5902
      1.1176
      1.8974
      2.7814
      3.4999
      3.7784
      0.3155
      0.3587
      0.4842
      0.6750
      0.8930
      1.0794
      1.1713
      1.1301
      0.9634
      0.7258
      0.4988
      0.3689
      0.4226
      0.7502
      1.4218
      2.4163
      3.5450
      4.4627
      4.8185
      0.2774
      0.3304
      0.4832
      0.7134
      0.9756
      1.2031
      1.3240
      1.2919
      1.1121
      0.8451
      0.5855
      0.4366
      0.5037
      0.8964
      1.7003
      2.8907
      4.2420
      5.3409
      5.7670
      0.2709
      0.3267
      0.4876
      0.7299
      1.0065
      1.2483
      1.3801
      1.3521
      1.1681
      0.8906
      0.6190
      0.4633
      0.5363
      0.9557
      1.8133
      3.0833
      4.5248
      5.6972
      6.1518
