      0.1657
      0.1610
      0.1481
      0.1309
      0.1160
      0.1139
      0.1384
      0.2016
      0.3043
      0.4272
      0.5316
      0.5765
      0.5415
      0.4402
      0.3109
      0.1937
      0.1112
      0.0665
      0.0529
      0.1861
      0.1798
      0.1628
      0.1403
      0.1205
      0.1146
      0.1361
      0.1965
      0.2970
      0.4194
      0.5270
      0.5788
      0.5522
      0.4571
      0.3294
      0.2092
      0.1216
      0.0726
      0.0573
      0.2741
      0.2611
      0.2265
      0.1821
      0.1426
      0.1224
      0.1343
      0.1873
      0.2823
      0.4047
      0.5222
      0.5940
      0.5912
      0.5133
      0.3889
      0.2589
      0.1555
      0.0930
      0.0726
      0.5130
      0.4817
      0.4000
      0.2982
      0.2086
      0.1543
      0.1462
      0.1874
      0.2759
      0.4002
      0.5338
      0.6363
      0.6692
      0.6162
      0.4952
      0.3480
      0.2181
      0.1332
      0.1043
      1.0339
      0.9631
      0.7804
      0.5558
      0.3600
      0.2342
      0.1866
      0.2079
      0.2871
      0.4133
      0.5656
      0.7043
      0.7799
      0.7579
      0.6422
      0.4745
      0.3112
      0.1975
      0.1574
      1.9601
      1.8201
      1.4599
      1.0192
      0.6355
      0.3822
      0.2636
      0.2494
      0.3110
      0.4331
      0.5990
      0.7711
      0.8910
      0.9061
      0.8037
      0.6219
      0.4282
      0.2861
      0.2346
      3.2923
      3.0538
      2.4402
      1.6902
      1.0358
      0.5966
      0.3721
      0.3028
      0.3340
      0.4398
      0.6062
      0.8000
      0.9592
      1.0171
      0.9434
      0.7665
      0.5582
      0.3970
      0.3370
      4.7968
      4.4477
      3.5499
      2.4523
      1.4924
      0.8416
      0.4944
      0.3588
      0.3494
      0.4260
      0.5757
      0.7736
      0.9616
      1.0657
      1.0389
      0.8930
      0.6950
      0.5310
      0.4681
      6.0202
      5.5823
      4.4562
      3.0800
      1.8762
      1.0572
      0.6120
      0.4203
      0.3700
      0.4085
      0.5257
      0.7089
      0.9117
      1.0608
      1.0944
      1.0034
      0.8400
      0.6905
      0.6308
      6.4948
      6.0246
      4.8169
      3.3444
      2.0617
      1.1934
      0.7211
      0.5072
      0.4259
      0.4211
      0.4917
      0.6421
      0.8434
      1.0288
      1.1258
      1.1020
      0.9895
      0.8675
      0.8159
      6.0202
      5.5900
      4.4880
      3.1535
      2.0055
      1.2443
      0.8386
      0.6470
      0.5469
      0.4927
      0.5012
      0.5995
      0.7791
      0.9831
      1.1323
      1.1742
      1.1184
      1.0317
      0.9916
      4.7968
      4.4645
      3.6193
      2.6130
      1.7754
      1.2505
      0.9888
      0.8539
      0.7404
      0.6268
      0.5565
      0.5822
      0.7162
      0.9131
      1.0926
      1.1880
      1.1885
      1.1426
      1.1171
      3.2923
      3.0811
      2.5538
      1.9540
      1.5005
      1.2674
      1.1816
      1.1146
      0.9848
      0.8015
      0.6391
      0.5760
      0.6428
      0.8067
      0.9927
      1.1287
      1.1863
      1.1891
      1.1826
      1.9601
      1.8586
      1.6199
      1.3914
      1.2918
      1.3294
      1.4065
      1.3990
      1.2468
      0.9896
      0.7313
      0.5732
      0.5617
      0.6776
      0.8579
      1.0328
      1.1578
      1.2240
      1.2434
      1.0339
      1.0117
      0.9833
      1.0285
      1.1953
      1.4419
      1.6473
      1.6851
      1.5087
      1.1810
      0.8318
      0.5826
      0.4952
      0.5660
      0.7480
      0.9781
      1.1945
      1.3467
      1.4013
      0.5130
      0.5388
      0.6390
      0.8567
      1.1988
      1.5919
      1.8938
      1.9683
      1.7716
      1.3817
      0.9501
      0.6190
      0.4676
      0.5095
      0.7156
      1.0287
      1.3661
      1.6278
      1.7269
      0.2741
      0.3250
      0.4941
      0.8094
      1.2595
      1.7526
      2.1286
      2.2364
      2.0263
      1.5847
      1.0820
      0.6815
      0.4815
      0.5134
      0.7634
      1.1775
      1.6496
      2.0294
      2.1756
      0.1861
      0.2483
      0.4500
      0.8148
      1.3255
      1.8812
      2.3087
      2.4426
      2.2256
      1.7478
      1.1935
      0.7438
      0.5128
      0.5457
      0.8391
      1.3395
      1.9216
      2.3959
      2.5796
      0.1657
      0.2312
      0.4423
      0.8225
      1.3534
      1.9311
      2.3776
      2.5218
      2.3028
      1.8116
      1.2381
      0.7702
      0.5284
      0.5630
      0.8746
      1.4093
      2.0343
      2.5450
      2.7431
