      0.0428
      0.0566
      0.0849
      0.1002
      0.0881
      0.0625
      0.0442
      0.0369
      0.0348
      0.0372
      0.0438
      0.0465
      0.0382
      0.0228
      0.0097
      0.0029
      0.0006
      0.0001
      0.0000
      0.0453
      0.0582
      0.0837
      0.0952
      0.0810
      0.0556
      0.0381
      0.0313
      0.0298
      0.0330
      0.0411
      0.0464
      0.0407
      0.0264
      0.0125
      0.0043
      0.0011
      0.0002
      0.0001
      0.0474
      0.0573
      0.0748
      0.0782
      0.0615
      0.0389
      0.0245
      0.0194
      0.0197
      0.0258
      0.0396
      0.0547
      0.0591
      0.0474
      0.0278
      0.0118
      0.0036
      0.0008
      0.0003
      0.0479
      0.0521
      0.0576
      0.0526
      0.0371
      0.0212
      0.0126
      0.0106
      0.0138
      0.0263
      0.0556
      0.0979
      0.1285
      0.1217
      0.0825
      0.0398
      0.0137
      0.0034
      0.0012
      0.0914
      0.0828
      0.0620
      0.0388
      0.0208
      0.0109
      0.0083
      0.0103
      0.0173
      0.0402
      0.0996
      0.1979
      0.2860
      0.2948
      0.2157
      0.1120
      0.0416
      0.0120
      0.0053
      0.3416
      0.2894
      0.1764
      0.0785
      0.0274
      0.0119
      0.0128
      0.0185
      0.0278
      0.0597
      0.1528
      0.3224
      0.4953
      0.5414
      0.4202
      0.2333
      0.0971
      0.0378
      0.0244
      1.1277
      0.9490
      0.5654
      0.2390
      0.0748
      0.0259
      0.0234
      0.0299
      0.0372
      0.0678
      0.1727
      0.3823
      0.6200
      0.7169
      0.5935
      0.3650
      0.1956
      0.1313
      0.1213
      2.6822
      2.2560
      1.3417
      0.5646
      0.1727
      0.0507
      0.0332
      0.0359
      0.0373
      0.0561
      0.1396
      0.3243
      0.5572
      0.6891
      0.6319
      0.4884
      0.4296
      0.4827
      0.5269
      4.5106
      3.7937
      2.2559
      0.9484
      0.2870
      0.0756
      0.0368
      0.0333
      0.0294
      0.0350
      0.0819
      0.2003
      0.3723
      0.5171
      0.5941
      0.7181
      1.0484
      1.5028
      1.7263
      5.3630
      4.5106
      2.6823
      1.1278
      0.3411
      0.0886
      0.0407
      0.0352
      0.0285
      0.0237
      0.0400
      0.1003
      0.2154
      0.3809
      0.6469
      1.2107
      2.2577
      3.4884
      4.0643
      4.5106
      3.7939
      2.2572
      0.9532
      0.2995
      0.1008
      0.0754
      0.0772
      0.0634
      0.0402
      0.0302
      0.0568
      0.1480
      0.3527
      0.8103
      1.8380
      3.6858
      5.8108
      6.7974
      2.6822
      2.2572
      1.3491
      0.5891
      0.2330
      0.1645
      0.1968
      0.2106
      0.1684
      0.0985
      0.0482
      0.0479
      0.1258
      0.3476
      0.8917
      2.1314
      4.3472
      6.8858
      8.0629
      1.1277
      0.9541
      0.5929
      0.3236
      0.2637
      0.3501
      0.4527
      0.4602
      0.3490
      0.1936
      0.0817
      0.0468
      0.0974
      0.2792
      0.7417
      1.7957
      3.6707
      5.8139
      6.8070
      0.3416
      0.3040
      0.2516
      0.2929
      0.4631
      0.6880
      0.8307
      0.7830
      0.5601
      0.2968
      0.1164
      0.0449
      0.0592
      0.1673
      0.4568
      1.1212
      2.3002
      3.6452
      4.2679
      0.0914
      0.1127
      0.2117
      0.4462
      0.7982
      1.1379
      1.2946
      1.1683
      0.8162
      0.4284
      0.1655
      0.0509
      0.0324
      0.0843
      0.2592
      0.6966
      1.4977
      2.4189
      2.8461
      0.0479
      0.0959
      0.2755
      0.6384
      1.1479
      1.6502
      1.9377
      1.8366
      1.3549
      0.7490
      0.3021
      0.0892
      0.0310
      0.0726
      0.2980
      0.9551
      2.2267
      3.7134
      4.4056
      0.0474
      0.1042
      0.3121
      0.7387
      1.4034
      2.2254
      2.9348
      3.0808
      2.4511
      1.4281
      0.5974
      0.1791
      0.0552
      0.1283
      0.5879
      1.9805
      4.7110
      7.9171
      9.4113
      0.0453
      0.0984
      0.2957
      0.7346
      1.5453
      2.7800
      4.0787
      4.5924
      3.8060
      2.2699
      0.9628
      0.2910
      0.0893
      0.2092
      0.9707
      3.2872
      7.8359
     13.1794
     15.6701
      0.0428
      0.0921
      0.2782
      0.7147
      1.5914
      3.0281
      4.6173
      5.3125
      4.4522
      2.6707
      1.1364
      0.3441
      0.1057
      0.2481
      1.1524
      3.9043
      9.3086
     15.6575
     18.6168
