      0.0008
      0.0019
      0.0048
      0.0065
      0.0048
      0.0020
      0.0007
      0.0006
      0.0015
      0.0058
      0.0141
      0.0189
      0.0137
      0.0054
      0.0011
      0.0001
      0.0000
      0.0000
      0.0000
      0.0011
      0.0025
      0.0055
      0.0068
      0.0046
      0.0018
      0.0005
      0.0004
      0.0012
      0.0048
      0.0124
      0.0180
      0.0143
      0.0062
      0.0015
      0.0002
      0.0000
      0.0000
      0.0000
      0.0015
      0.0029
      0.0055
      0.0059
      0.0034
      0.0011
      0.0003
      0.0002
      0.0005
      0.0026
      0.0080
      0.0140
      0.0137
      0.0075
      0.0024
      0.0004
      0.0000
      0.0000
      0.0000
      0.0015
      0.0022
      0.0033
      0.0030
      0.0015
      0.0004
      0.0001
      0.0000
      0.0002
      0.0013
      0.0058
      0.0155
      0.0239
      0.0209
      0.0103
      0.0028
      0.0004
      0.0000
      0.0000
      0.0109
      0.0084
      0.0041
      0.0015
      0.0005
      0.0001
      0.0000
      0.0000
      0.0002
      0.0020
      0.0133
      0.0481
      0.0945
      0.1005
      0.0579
      0.0180
      0.0030
      0.0003
      0.0000
      0.1734
      0.1275
      0.0507
      0.0109
      0.0013
      0.0001
      0.0000
      0.0000
      0.0003
      0.0039
      0.0294
      0.1187
      0.2581
      0.3029
      0.1921
      0.0657
      0.0121
      0.0013
      0.0003
      1.5211
      1.1180
      0.4433
      0.0945
      0.0108
      0.0007
      0.0000
      0.0000
      0.0003
      0.0044
      0.0366
      0.1621
      0.3862
      0.4968
      0.3454
      0.1301
      0.0281
      0.0074
      0.0065
      7.1353
      5.2441
      2.0794
      0.4433
      0.0505
      0.0031
      0.0001
      0.0000
      0.0002
      0.0027
      0.0247
      0.1199
      0.3136
      0.4440
      0.3427
      0.1512
      0.0644
      0.0794
      0.1018
     17.9943
     13.2250
      5.2441
      1.1180
      0.1274
      0.0077
      0.0004
      0.0003
      0.0003
      0.0010
      0.0091
      0.0492
      0.1462
      0.2455
      0.2489
      0.2059
      0.3205
      0.6673
      0.8892
     24.4835
     17.9943
      7.1353
      1.5211
      0.1736
      0.0118
      0.0040
      0.0054
      0.0044
      0.0021
      0.0026
      0.0164
      0.0755
      0.2209
      0.4179
      0.6627
      1.4506
      3.1277
      4.1709
     17.9943
     13.2250
      5.2441
      1.1184
      0.1312
      0.0261
      0.0483
      0.0675
      0.0513
      0.0211
      0.0058
      0.0154
      0.1081
      0.4345
      1.0080
      1.7555
      3.7607
      7.9307
     10.5330
      7.1353
      5.2441
      2.0797
      0.4471
      0.0813
      0.1412
      0.3383
      0.4490
      0.3225
      0.1251
      0.0271
      0.0195
      0.1351
      0.5917
      1.4720
      2.6201
      5.3335
     10.8876
     14.3713
      1.5211
      1.1181
      0.4452
      0.1145
      0.1477
      0.5607
      1.2810
      1.6023
      1.0872
      0.3985
      0.0792
      0.0190
      0.0946
      0.4424
      1.1713
      2.1335
      4.1283
      8.1054
     10.6104
      0.1734
      0.1283
      0.0599
      0.0785
      0.3593
      1.2626
      2.6435
      3.0958
      1.9817
      0.6867
      0.1282
      0.0165
      0.0362
      0.1786
      0.5037
      0.9437
      1.7428
      3.2719
      4.2373
      0.0109
      0.0113
      0.0335
      0.1616
      0.6061
      1.6850
      3.0976
      3.3607
      2.0345
      0.6721
      0.1199
      0.0122
      0.0078
      0.0388
      0.1167
      0.2266
      0.4039
      0.7237
      0.9253
      0.0015
      0.0082
      0.0600
      0.2619
      0.7532
      1.6505
      2.7184
      2.9104
      1.8229
      0.6395
      0.1235
      0.0131
      0.0015
      0.0046
      0.0153
      0.0361
      0.0827
      0.1672
      0.2186
      0.0015
      0.0097
      0.0680
      0.2801
      0.8194
      2.0948
      4.2464
      5.4494
      3.9714
      1.5887
      0.3444
      0.0401
      0.0025
      0.0006
      0.0047
      0.0350
      0.1579
      0.3952
      0.5371
      0.0011
      0.0069
      0.0471
      0.2217
      0.9631
      3.6333
      8.8891
     12.3005
      9.2946
      3.8002
      0.8363
      0.0984
      0.0062
      0.0008
      0.0095
      0.0832
      0.3901
      0.9836
      1.3382
      0.0008
      0.0047
      0.0327
      0.1881
      1.0815
      4.6670
     11.8679
     16.5976
     12.5872
      5.1552
      1.1356
      0.1338
      0.0084
      0.0011
      0.0129
      0.1131
      0.5306
      1.3380
      1.8206
