      0.1344
      0.1332
      0.1327
      0.1404
      0.1626
      0.2003
      0.2484
      0.2989
      0.3452
      0.3809
      0.3979
      0.3863
      0.3414
      0.2701
      0.1899
      0.1197
      0.0705
      0.0437
      0.0355
      0.1461
      0.1438
      0.1403
      0.1437
      0.1610
      0.1944
      0.2395
      0.2895
      0.3380
      0.3788
      0.4033
      0.4001
      0.3620
      0.2937
      0.2118
      0.1365
      0.0815
      0.0502
      0.0403
      0.2009
      0.1940
      0.1780
      0.1646
      0.1652
      0.1851
      0.2223
      0.2712
      0.3260
      0.3810
      0.4261
      0.4463
      0.4276
      0.3678
      0.2809
      0.1904
      0.1174
      0.0725
      0.0577
      0.3595
      0.3400
      0.2913
      0.2371
      0.2007
      0.1949
      0.2191
      0.2663
      0.3294
      0.4026
      0.4760
      0.5301
      0.5409
      0.4950
      0.4011
      0.2872
      0.1857
      0.1188
      0.0959
      0.7157
      0.6692
      0.5513
      0.4127
      0.3037
      0.2501
      0.2511
      0.2916
      0.3588
      0.4467
      0.5472
      0.6383
      0.6855
      0.6606
      0.5635
      0.4258
      0.2924
      0.2000
      0.1676
      1.3568
      1.2630
      1.0237
      0.7384
      0.5035
      0.3670
      0.3243
      0.3450
      0.4042
      0.4941
      0.6109
      0.7337
      0.8196
      0.8255
      0.7397
      0.5930
      0.4400
      0.3300
      0.2907
      2.2831
      2.1217
      1.7092
      1.2136
      0.7966
      0.5367
      0.4237
      0.4055
      0.4399
      0.5147
      0.6311
      0.7728
      0.8943
      0.9421
      0.8926
      0.7704
      0.6306
      0.5263
      0.4886
      3.3307
      3.0932
      2.4856
      1.7520
      1.1260
      0.7203
      0.5194
      0.4485
      0.4457
      0.4918
      0.5914
      0.7360
      0.8849
      0.9835
      1.0001
      0.9473
      0.8684
      0.8058
      0.7828
      4.1829
      3.8839
      3.1181
      2.1905
      1.3923
      0.8634
      0.5852
      0.4649
      0.4245
      0.4374
      0.5098
      0.6425
      0.8077
      0.9600
      1.0659
      1.1230
      1.1508
      1.1658
      1.1712
      4.5135
      4.1914
      3.3662
      2.3660
      1.5030
      0.9268
      0.6163
      0.4707
      0.4045
      0.3868
      0.4265
      0.5355
      0.7043
      0.9035
      1.1038
      1.2884
      1.4463
      1.5585
      1.6000
      4.1829
      3.8869
      3.1297
      2.2151
      1.4311
      0.9127
      0.6348
      0.4988
      0.4218
      0.3763
      0.3779
      0.4521
      0.6088
      0.8368
      1.1134
      1.4099
      1.6867
      1.8896
      1.9650
      3.3307
      3.1006
      2.5152
      1.8171
      1.2337
      0.8646
      0.6770
      0.5794
      0.5001
      0.4233
      0.3779
      0.4049
      0.5315
      0.7616
      1.0788
      1.4465
      1.8041
      2.0704
      2.1697
      2.2831
      2.1354
      1.7655
      1.3414
      1.0153
      0.8411
      0.7730
      0.7256
      0.6422
      0.5248
      0.4209
      0.3886
      0.4688
      0.6763
      0.9995
      1.3985
      1.7996
      2.1030
      2.2167
      1.3568
      1.2848
      1.1142
      0.9472
      0.8680
      0.8859
      0.9371
      0.9369
      0.8411
      0.6720
      0.4990
      0.3986
      0.4243
      0.5996
      0.9188
      1.3417
      1.7838
      2.1253
      2.2545
      0.7157
      0.7001
      0.6800
      0.7126
      0.8332
      1.0145
      1.1708
      1.2099
      1.0938
      0.8634
      0.6130
      0.4402
      0.4141
      0.5697
      0.9108
      1.3978
      1.9287
      2.3486
      2.5092
      0.3595
      0.3801
      0.4593
      0.6303
      0.8997
      1.2129
      1.4606
      1.5343
      1.3945
      1.0978
      0.7645
      0.5189
      0.4513
      0.6145
      1.0261
      1.6458
      2.3419
      2.9022
      3.1182
      0.2009
      0.2428
      0.3823
      0.6437
      1.0199
      1.4375
      1.7641
      1.8701
      1.7087
      1.3482
      0.9350
      0.6223
      0.5258
      0.7204
      1.2395
      2.0400
      2.9527
      3.6935
      3.9803
      0.1461
      0.1991
      0.3715
      0.6859
      1.1301
      1.6195
      2.0036
      2.1351
      1.9586
      1.5502
      1.0762
      0.7138
      0.6005
      0.8298
      1.4486
      2.4103
      3.5128
      4.4107
      4.7588
      0.1344
      0.1909
      0.3740
      0.7062
      1.1744
      1.6900
      2.0958
      2.2372
      2.0553
      1.6288
      1.1317
      0.7507
      0.6318
      0.8761
      1.5356
      2.5622
      3.7407
      4.7012
      5.0738
