      0.0000
      0.0000
      0.0000
      0.0000
      0.0000
      0.0000
      0.0000
      0.0000
      0.0000
      0.0000
      0.0000
      0.0000
      0.0000
      0.0000
      0.0000
      0.0000
      0.0000
      0.0000
      0.0000
      0.0000
      0.0000
      0.0000
      0.0000
      0.0000
      0.0000
      0.0000
      0.0000
      0.0000
      0.0000
      0.0000
      0.0000
      0.0000
      0.0000
      0.0000
      0.0000
      0.0000
      0.0000
      0.0000
      0.0000
      0.0000
      0.0000
      0.0000
      0.0000
      0.0000
      0.0000
      0.0000
      0.0000
      0.0000
      0.0000
      0.0000
      0.0000
      0.0000
      0.0000
      0.0000
      0.0000
      0.0000
      0.0000
      0.0000
      0.0000
      0.0000
      0.0000
      0.0000
      0.0000
      0.0000
      0.0000
      0.0000
      0.0000
      0.0000
      0.0000
      0.0000
      0.0000
      0.0000
      0.0000
      0.0000
      0.0000
      0.0000
      0.0000
      0.0000
      0.0000
      0.0000
      0.0000
      0.0000
      0.0000
      0.0000
      0.0000
      0.0000
      0.0000
      0.0000
      0.0000
      0.0000
      0.0000
      0.0000
      0.0000
      0.0000
      0.0000
      0.0009
      0.0005
      0.0001
      0.0000
      0.0000
      0.0000
      0.0000
      0.0000
      0.0000
      0.0000
      0.0000
      0.0000
      0.0003
      0.0004
      0.0001
      0.0000
      0.0000
      0.0000
      0.0000
      0.1196
      0.0598
      0.0075
      0.0002
      0.0000
      0.0000
      0.0000
      0.0000
      0.0000
      0.0000
      0.0000
      0.0001
      0.0007
      0.0012
      0.0005
      0.0001
      0.0000
      0.0000
      0.0000
      3.8781
      1.9391
      0.2417
      0.0075
      0.0001
      0.0000
      0.0000
      0.0000
      0.0000
      0.0000
      0.0000
      0.0000
      0.0004
      0.0009
      0.0005
      0.0001
      0.0000
      0.0003
      0.0007
     31.1071
     15.5536
      1.9391
      0.0598
      0.0005
      0.0000
      0.0000
      0.0000
      0.0000
      0.0000
      0.0000
      0.0000
      0.0001
      0.0002
      0.0003
      0.0004
      0.0059
      0.0463
      0.0925
     62.2142
     31.1071
      3.8781
      0.1196
      0.0009
      0.0000
      0.0000
      0.0000
      0.0000
      0.0000
      0.0000
      0.0000
      0.0001
      0.0018
      0.0090
      0.0169
      0.1907
      1.5007
      3.0007
     31.1071
     15.5536
      1.9391
      0.0598
      0.0005
      0.0000
      0.0001
      0.0002
      0.0001
      0.0000
      0.0000
      0.0000
      0.0006
      0.0150
      0.0873
      0.1725
      1.5465
     12.0388
     24.0687
      3.8781
      1.9391
      0.2417
      0.0075
      0.0001
      0.0012
      0.0090
      0.0172
      0.0082
      0.0010
      0.0000
      0.0000
      0.0011
      0.0312
      0.2121
      0.4498
      3.1518
     24.0846
     48.1377
      0.1196
      0.0598
      0.0075
      0.0002
      0.0010
      0.0266
      0.1785
      0.2996
      0.1257
      0.0131
      0.0003
      0.0000
      0.0005
      0.0163
      0.1288
      0.2993
      1.6249
     12.0495
     24.0693
      0.0009
      0.0005
      0.0001
      0.0005
      0.0096
      0.1536
      0.8782
      1.2982
      0.4810
      0.0444
      0.0010
      0.0000
      0.0001
      0.0021
      0.0195
      0.0505
      0.2127
      1.5040
      3.0009
      0.0000
      0.0000
      0.0004
      0.0092
      0.0655
      0.2903
      1.1053
      1.4077
      0.4599
      0.0375
      0.0008
      0.0000
      0.0000
      0.0001
      0.0007
      0.0021
      0.0072
      0.0474
      0.0944
      0.0000
      0.0000
      0.0020
      0.0419
      0.2261
      0.3657
      0.4285
      0.3939
      0.1132
      0.0083
      0.0002
      0.0000
      0.0000
      0.0000
      0.0000
      0.0005
      0.0152
      0.1215
      0.2429
      0.0000
      0.0000
      0.0026
      0.0485
      0.2219
      0.2688
      0.1883
      0.2276
      0.1126
      0.0146
      0.0005
      0.0000
      0.0000
      0.0000
      0.0001
      0.0151
      0.4897
      3.9278
      7.8556
      0.0000
      0.0000
      0.0009
      0.0141
      0.0575
      0.1391
      0.7479
      1.5813
      0.8503
      0.1141
      0.0038
      0.0000
      0.0000
      0.0000
      0.0009
      0.1211
      3.9278
     31.5056
     63.0111
      0.0000
      0.0000
      0.0001
      0.0021
      0.0117
      0.1758
      1.4696
      3.1603
      1.7003
      0.2282
      0.0076
      0.0001
      0.0000
      0.0000
      0.0018
      0.2423
      7.8556
     63.0111
    126.0222
