      0.0026
      0.0063
      0.0155
      0.0211
      0.0155
      0.0062
      0.0015
      0.0004
      0.0004
      0.0010
      0.0023
      0.0030
      0.0022
      0.0009
      0.0002
      0.0000
      0.0000
      0.0000
      0.0000
      0.0037
      0.0081
      0.0179
      0.0222
      0.0150
      0.0055
      0.0012
      0.0003
      0.0003
      0.0008
      0.0020
      0.0029
      0.0023
      0.0010
      0.0003
      0.0000
      0.0000
      0.0000
      0.0000
      0.0049
      0.0093
      0.0178
      0.0191
      0.0111
      0.0035
      0.0007
      0.0001
      0.0001
      0.0005
      0.0015
      0.0029
      0.0033
      0.0022
      0.0008
      0.0002
      0.0000
      0.0000
      0.0000
      0.0039
      0.0064
      0.0105
      0.0098
      0.0050
      0.0014
      0.0002
      0.0000
      0.0001
      0.0005
      0.0027
      0.0083
      0.0144
      0.0137
      0.0071
      0.0020
      0.0003
      0.0000
      0.0000
      0.0059
      0.0056
      0.0046
      0.0030
      0.0013
      0.0003
      0.0001
      0.0000
      0.0002
      0.0014
      0.0096
      0.0352
      0.0696
      0.0745
      0.0431
      0.0134
      0.0022
      0.0002
      0.0000
      0.0732
      0.0540
      0.0218
      0.0049
      0.0007
      0.0001
      0.0001
      0.0002
      0.0004
      0.0030
      0.0219
      0.0886
      0.1926
      0.2262
      0.1434
      0.0491
      0.0091
      0.0010
      0.0002
      0.6396
      0.4701
      0.1864
      0.0398
      0.0046
      0.0004
      0.0002
      0.0004
      0.0006
      0.0035
      0.0274
      0.1211
      0.2885
      0.3710
      0.2579
      0.0972
      0.0210
      0.0052
      0.0042
      2.9999
      2.2048
      0.8743
      0.1864
      0.0213
      0.0014
      0.0004
      0.0006
      0.0006
      0.0022
      0.0184
      0.0894
      0.2336
      0.3296
      0.2530
      0.1111
      0.0461
      0.0523
      0.0654
      7.5654
      5.5603
      2.2048
      0.4700
      0.0536
      0.0034
      0.0005
      0.0005
      0.0004
      0.0008
      0.0067
      0.0359
      0.1036
      0.1641
      0.1514
      0.1202
      0.2045
      0.4275
      0.5651
     10.2937
      7.5654
      2.9999
      0.6395
      0.0729
      0.0047
      0.0009
      0.0010
      0.0008
      0.0005
      0.0015
      0.0086
      0.0311
      0.0702
      0.1223
      0.2783
      0.8577
      1.9677
      2.6302
      7.5654
      5.5603
      2.2048
      0.4701
      0.0543
      0.0064
      0.0080
      0.0109
      0.0082
      0.0034
      0.0010
      0.0032
      0.0199
      0.0783
      0.2152
      0.6354
      2.1041
      4.9157
      6.5987
      2.9999
      2.2048
      0.8745
      0.1881
      0.0291
      0.0278
      0.0576
      0.0733
      0.0519
      0.0200
      0.0043
      0.0032
      0.0219
      0.0991
      0.2922
      0.8649
      2.8428
      6.6561
      8.9480
      0.6396
      0.4704
      0.1896
      0.0568
      0.0621
      0.1392
      0.2418
      0.2711
      0.1770
      0.0641
      0.0127
      0.0030
      0.0152
      0.0732
      0.2248
      0.6554
      2.0990
      4.8852
      6.5648
      0.0732
      0.0562
      0.0440
      0.1103
      0.2860
      0.4984
      0.6322
      0.5768
      0.3356
      0.1127
      0.0209
      0.0027
      0.0058
      0.0294
      0.0948
      0.2738
      0.8488
      1.9530
      2.6198
      0.0059
      0.0145
      0.0897
      0.3749
      0.8830
      1.2358
      1.1641
      0.8247
      0.4188
      0.1330
      0.0241
      0.0025
      0.0013
      0.0065
      0.0237
      0.0804
      0.2711
      0.6357
      0.8551
      0.0039
      0.0257
      0.1865
      0.7344
      1.6001
      2.0668
      1.8667
      1.4000
      0.8087
      0.2957
      0.0614
      0.0070
      0.0006
      0.0019
      0.0213
      0.1711
      0.7887
      1.9823
      2.6958
      0.0049
      0.0315
      0.2143
      0.7992
      1.7360
      2.6397
      3.5711
      3.9756
      2.8317
      1.1396
      0.2495
      0.0293
      0.0020
      0.0054
      0.0876
      0.7676
      3.5999
      9.0781
     12.3517
      0.0037
      0.0222
      0.1418
      0.5253
      1.3689
      3.3330
      6.9325
      9.2368
      6.9321
      2.8327
      0.6237
      0.0735
      0.0050
      0.0135
      0.2204
      1.9347
      9.0752
     22.8866
     31.1400
      0.0026
      0.0149
      0.0914
      0.3535
      1.1719
      3.8194
      9.0252
     12.4353
      9.4050
      3.8503
      0.8482
      0.0999
      0.0068
      0.0183
      0.2999
      2.6323
     12.3479
     31.1399
     42.3697
