      0.0000
      0.0000
      0.0000
      0.0000
      0.0000
      0.0000
      0.0000
      0.0000
      0.0000
      0.0000
      0.0000
      0.0000
      0.0000
      0.0000
      0.0000
      0.0000
      0.0000
      0.0000
      0.0000
      0.0000
      0.0000
      0.0000
      0.0000
      0.0000
      0.0000
      0.0000
      0.0000
      0.0000
      0.0000
      0.0000
      0.0000
      0.0000
      0.0000
      0.0000
      0.0000
      0.0000
      0.0000
      0.0000
      0.0000
      0.0000
      0.0000
      0.0000
      0.0000
      0.0000
      0.0000
      0.0000
      0.0000
      0.0000
      0.0000
      0.0000
      0.0000
      0.0000
      0.0000
      0.0000
      0.0000
      0.0000
      0.0000
      0.0000
      0.0000
      0.0000
      0.0000
      0.0000
      0.0000
      0.0000
      0.0000
      0.0000
      0.0000
      0.0000
      0.0000
      0.0000
      0.0000
      0.0000
      0.0000
      0.0000
      0.0000
      0.0000
      0.0000
      0.0000
      0.0000
      0.0000
      0.0000
      0.0000
      0.0000
      0.0000
      0.0000
      0.0000
      0.0000
      0.0001
      0.0005
      0.0005
      0.0002
      0.0000
      0.0000
      0.0000
      0.0000
      0.0014
      0.0007
      0.0001
      0.0000
      0.0000
      0.0000
      0.0000
      0.0000
      0.0000
      0.0000
      0.0000
      0.0008
      0.0046
      0.0066
      0.0024
      0.0002
      0.0000
      0.0000
      0.0000
      0.1833
      0.0916
      0.0114
      0.0004
      0.0000
      0.0000
      0.0000
      0.0000
      0.0000
      0.0000
      0.0001
      0.0016
      0.0114
      0.0200
      0.0088
      0.0010
      0.0000
      0.0000
      0.0000
      5.9436
      2.9718
      0.3705
      0.0114
      0.0001
      0.0000
      0.0000
      0.0000
      0.0000
      0.0000
      0.0000
      0.0008
      0.0071
      0.0152
      0.0082
      0.0011
      0.0001
      0.0002
      0.0003
     47.6745
     23.8373
      2.9718
      0.0916
      0.0007
      0.0000
      0.0000
      0.0000
      0.0000
      0.0000
      0.0000
      0.0001
      0.0011
      0.0029
      0.0021
      0.0006
      0.0026
      0.0203
      0.0406
     95.3491
     47.6745
      5.9436
      0.1833
      0.0014
      0.0000
      0.0000
      0.0000
      0.0000
      0.0000
      0.0000
      0.0000
      0.0001
      0.0015
      0.0072
      0.0113
      0.0849
      0.6584
      1.3163
     47.6745
     23.8373
      2.9718
      0.0916
      0.0007
      0.0000
      0.0001
      0.0002
      0.0001
      0.0000
      0.0000
      0.0000
      0.0005
      0.0118
      0.0688
      0.1200
      0.6945
      5.2824
     10.5581
      5.9436
      2.9718
      0.3705
      0.0114
      0.0001
      0.0009
      0.0071
      0.0136
      0.0065
      0.0008
      0.0000
      0.0000
      0.0009
      0.0247
      0.1673
      0.3229
      1.4357
     10.5706
     21.1164
      0.1833
      0.0916
      0.0114
      0.0004
      0.0008
      0.0210
      0.1411
      0.2367
      0.0993
      0.0104
      0.0003
      0.0000
      0.0004
      0.0129
      0.1016
      0.2202
      0.7566
      5.2910
     10.5586
      0.0014
      0.0007
      0.0001
      0.0003
      0.0066
      0.1195
      0.6930
      1.0256
      0.3801
      0.0351
      0.0008
      0.0000
      0.0000
      0.0017
      0.0154
      0.0379
      0.1023
      0.6610
      1.3165
      0.0000
      0.0000
      0.0002
      0.0045
      0.0351
      0.2039
      0.8638
      1.1120
      0.3638
      0.0297
      0.0006
      0.0000
      0.0000
      0.0001
      0.0006
      0.0016
      0.0037
      0.0214
      0.0424
      0.0000
      0.0000
      0.0010
      0.0207
      0.1127
      0.2067
      0.3553
      0.4072
      0.1424
      0.0137
      0.0004
      0.0000
      0.0000
      0.0000
      0.0000
      0.0005
      0.0147
      0.1182
      0.2364
      0.0000
      0.0000
      0.0013
      0.0239
      0.1145
      0.3092
      1.6099
      3.3688
      1.8055
      0.2419
      0.0080
      0.0001
      0.0000
      0.0000
      0.0001
      0.0147
      0.4771
      3.8272
      7.6543
      0.0000
      0.0000
      0.0004
      0.0072
      0.0685
      1.4711
     12.4779
     26.8405
     14.4409
      1.9378
      0.0644
      0.0005
      0.0000
      0.0000
      0.0009
      0.1180
      3.8272
     30.6983
     61.3966
      0.0000
      0.0000
      0.0001
      0.0016
      0.0861
      2.8916
     24.9426
     53.6795
     28.8817
      3.8757
      0.1287
      0.0010
      0.0000
      0.0000
      0.0018
      0.2360
      7.6543
     61.3966
    122.7932
