      0.0226
      0.0291
      0.0425
      0.0498
      0.0447
      0.0342
      0.0289
      0.0328
      0.0501
      0.0865
      0.1314
      0.1517
      0.1266
      0.0752
      0.0317
      0.0094
      0.0020
      0.0003
      0.0001
      0.0238
      0.0299
      0.0421
      0.0476
      0.0412
      0.0304
      0.0248
      0.0278
      0.0431
      0.0765
      0.1203
      0.1446
      0.1267
      0.0799
      0.0362
      0.0118
      0.0028
      0.0005
      0.0001
      0.0264
      0.0309
      0.0389
      0.0400
      0.0318
      0.0213
      0.0158
      0.0172
      0.0284
      0.0565
      0.1006
      0.1389
      0.1424
      0.1071
      0.0589
      0.0236
      0.0068
      0.0015
      0.0004
      0.0440
      0.0431
      0.0394
      0.0313
      0.0206
      0.0118
      0.0076
      0.0085
      0.0178
      0.0466
      0.1058
      0.1827
      0.2313
      0.2122
      0.1400
      0.0662
      0.0223
      0.0055
      0.0018
      0.1803
      0.1548
      0.0989
      0.0484
      0.0192
      0.0070
      0.0036
      0.0051
      0.0163
      0.0572
      0.1585
      0.3193
      0.4594
      0.4702
      0.3419
      0.1763
      0.0647
      0.0177
      0.0069
      0.8189
      0.6899
      0.4127
      0.1755
      0.0535
      0.0126
      0.0041
      0.0056
      0.0197
      0.0765
      0.2314
      0.5030
      0.7755
      0.8470
      0.6557
      0.3610
      0.1443
      0.0478
      0.0251
      2.7593
      2.3210
      1.3805
      0.5797
      0.1719
      0.0372
      0.0086
      0.0073
      0.0208
      0.0809
      0.2579
      0.5933
      0.9676
      1.1189
      0.9211
      0.5495
      0.2585
      0.1294
      0.1010
      6.5748
      5.5297
      3.2876
      1.3792
      0.4078
      0.0868
      0.0172
      0.0090
      0.0175
      0.0628
      0.2080
      0.5060
      0.8770
      1.0856
      0.9766
      0.6824
      0.4598
      0.3983
      0.4021
     11.0585
      9.3006
      5.5294
      2.3198
      0.6865
      0.1475
      0.0314
      0.0164
      0.0182
      0.0401
      0.1253
      0.3238
      0.6142
      0.8571
      0.9250
      0.8922
      0.9635
      1.1716
      1.2928
     13.1485
     11.0585
      6.5749
      2.7604
      0.8240
      0.1944
      0.0703
      0.0597
      0.0526
      0.0453
      0.0735
      0.1878
      0.4197
      0.7325
      1.0522
      1.4210
      2.0008
      2.7096
      3.0540
     11.0585
      9.3010
      5.5323
      2.3331
      0.7307
      0.2525
      0.2088
      0.2290
      0.1949
      0.1237
      0.0837
      0.1444
      0.3730
      0.8016
      1.3968
      2.1867
      3.3112
      4.5689
      5.1607
      6.5748
      5.5312
      3.2987
      1.4277
      0.5602
      0.4326
      0.5799
      0.6613
      0.5461
      0.3236
      0.1570
      0.1489
      0.3653
      0.8565
      1.6077
      2.6256
      4.0120
      5.5078
      6.2024
      2.7593
      2.3257
      1.4117
      0.7051
      0.5388
      0.8241
      1.2325
      1.3730
      1.0957
      0.6236
      0.2661
      0.1521
      0.2950
      0.7091
      1.3797
      2.2904
      3.4825
      4.7287
      5.3005
      0.8189
      0.7008
      0.4794
      0.4197
      0.7096
      1.3291
      1.9506
      2.0933
      1.6149
      0.8893
      0.3550
      0.1400
      0.1796
      0.4245
      0.8497
      1.4309
      2.1659
      2.9095
      3.2459
      0.1803
      0.1742
      0.2100
      0.4219
      0.9445
      1.7510
      2.4737
      2.5815
      1.9548
      1.0624
      0.4139
      0.1299
      0.0875
      0.1832
      0.3795
      0.6634
      1.0268
      1.3897
      1.5522
      0.0440
      0.0696
      0.1869
      0.5081
      1.1665
      2.1468
      3.0522
      3.2472
      2.5272
      1.4184
      0.5695
      0.1666
      0.0523
      0.0650
      0.1496
      0.3176
      0.5833
      0.8720
      1.0037
      0.0264
      0.0596
      0.2019
      0.5896
      1.4364
      2.8280
      4.2950
      4.8461
      3.9703
      2.3316
      0.9738
      0.2885
      0.0659
      0.0374
      0.1113
      0.3347
      0.7599
      1.2534
      1.4827
      0.0238
      0.0567
      0.2046
      0.6516
      1.7499
      3.7372
      6.0136
      7.0579
      5.9447
      3.5638
      1.5126
      0.4528
      0.0996
      0.0453
      0.1499
      0.4979
      1.1811
      1.9828
      2.3564
      0.0226
      0.0543
      0.2026
      0.6773
      1.9027
      4.1921
      6.8731
      8.1569
      6.9183
      4.1671
      1.7747
      0.5326
      0.1169
      0.0522
      0.1747
      0.5856
      1.3949
      2.3454
      2.7884
