      0.0000
      0.0000
      0.0000
      0.0000
      0.0000
      0.0000
      0.0000
      0.0000
      0.0000
      0.0000
      0.0000
      0.0000
      0.0000
      0.0000
      0.0000
      0.0000
      0.0000
      0.0000
      0.0000
      0.0000
      0.0000
      0.0000
      0.0000
      0.0000
      0.0000
      0.0000
      0.0000
      0.0000
      0.0000
      0.0000
      0.0000
      0.0000
      0.0000
      0.0000
      0.0000
      0.0000
      0.0000
      0.0000
      0.0000
      0.0000
      0.0000
      0.0000
      0.0000
      0.0000
      0.0000
      0.0000
      0.0000
      0.0000
      0.0000
      0.0000
      0.0000
      0.0000
      0.0000
      0.0000
      0.0000
      0.0000
      0.0000
      0.0000
      0.0000
      0.0000
      0.0000
      0.0000
      0.0000
      0.0000
      0.0000
      0.0000
      0.0000
      0.0000
      0.0000
      0.0000
      0.0000
      0.0000
      0.0000
      0.0000
      0.0000
      0.0000
      0.0000
      0.0000
      0.0000
      0.0000
      0.0000
      0.0000
      0.0000
      0.0000
      0.0000
      0.0000
      0.0000
      0.0002
      0.0007
      0.0008
      0.0002
      0.0000
      0.0000
      0.0000
      0.0000
      0.0012
      0.0006
      0.0001
      0.0000
      0.0000
      0.0000
      0.0000
      0.0000
      0.0000
      0.0000
      0.0001
      0.0013
      0.0072
      0.0104
      0.0037
      0.0003
      0.0000
      0.0000
      0.0000
      0.1591
      0.0796
      0.0099
      0.0003
      0.0000
      0.0000
      0.0000
      0.0000
      0.0000
      0.0000
      0.0001
      0.0025
      0.0179
      0.0316
      0.0139
      0.0015
      0.0000
      0.0000
      0.0000
      5.1595
      2.5797
      0.3216
      0.0099
      0.0001
      0.0000
      0.0000
      0.0000
      0.0000
      0.0000
      0.0000
      0.0013
      0.0111
      0.0240
      0.0130
      0.0018
      0.0001
      0.0002
      0.0005
     41.3851
     20.6926
      2.5797
      0.0796
      0.0006
      0.0000
      0.0000
      0.0000
      0.0000
      0.0000
      0.0000
      0.0002
      0.0017
      0.0046
      0.0033
      0.0009
      0.0040
      0.0312
      0.0624
     82.7702
     41.3851
      5.1595
      0.1591
      0.0012
      0.0000
      0.0000
      0.0000
      0.0000
      0.0000
      0.0000
      0.0000
      0.0002
      0.0026
      0.0120
      0.0187
      0.1306
      1.0114
      2.0222
     41.3851
     20.6926
      2.5797
      0.0796
      0.0006
      0.0000
      0.0001
      0.0003
      0.0002
      0.0000
      0.0000
      0.0000
      0.0008
      0.0199
      0.1158
      0.1988
      1.0719
      8.1156
     16.2204
      5.1595
      2.5797
      0.3216
      0.0099
      0.0001
      0.0016
      0.0120
      0.0228
      0.0109
      0.0013
      0.0000
      0.0000
      0.0015
      0.0415
      0.2815
      0.5373
      2.2228
     16.2412
     32.4413
      0.1591
      0.0796
      0.0099
      0.0003
      0.0013
      0.0353
      0.2373
      0.3983
      0.1672
      0.0175
      0.0005
      0.0000
      0.0007
      0.0216
      0.1710
      0.3675
      1.1767
      8.1304
     16.2213
      0.0012
      0.0006
      0.0001
      0.0001
      0.0082
      0.1960
      1.1639
      1.7256
      0.6395
      0.0590
      0.0013
      0.0000
      0.0001
      0.0028
      0.0259
      0.0634
      0.1602
      1.0160
      2.0225
      0.0000
      0.0000
      0.0000
      0.0003
      0.0136
      0.2730
      1.4265
      1.8685
      0.6120
      0.0499
      0.0010
      0.0000
      0.0000
      0.0001
      0.0010
      0.0027
      0.0057
      0.0317
      0.0629
      0.0000
      0.0000
      0.0000
      0.0007
      0.0084
      0.1071
      0.5133
      0.6678
      0.2336
      0.0223
      0.0006
      0.0000
      0.0000
      0.0000
      0.0000
      0.0002
      0.0040
      0.0323
      0.0646
      0.0000
      0.0000
      0.0000
      0.0007
      0.0117
      0.2958
      2.4875
      5.3138
      2.8494
      0.3818
      0.0127
      0.0001
      0.0000
      0.0000
      0.0000
      0.0040
      0.1296
      1.0399
      2.0798
      0.0000
      0.0000
      0.0000
      0.0007
      0.0660
      2.2801
     19.6787
     42.3509
     22.7863
      3.0577
      0.1016
      0.0008
      0.0000
      0.0000
      0.0002
      0.0321
      1.0399
      8.3412
     16.6825
      0.0000
      0.0000
      0.0000
      0.0009
      0.1306
      4.5583
     39.3559
     84.7007
     45.5723
      6.1154
      0.2031
      0.0016
      0.0000
      0.0000
      0.0005
      0.0641
      2.0798
     16.6825
     33.3649
