      0.4205
      0.4309
      0.4521
      0.4630
      0.4491
      0.4134
      0.3713
      0.3379
      0.3194
      0.3111
      0.3016
      0.2791
      0.2381
      0.1834
      0.1271
      0.0815
      0.0520
      0.0374
      0.0332
      0.4333
      0.4404
      0.4531
      0.4542
      0.4329
      0.3938
      0.3518
      0.3207
      0.3054
      0.3007
      0.2953
      0.2771
      0.2402
      0.1883
      0.1329
      0.0863
      0.0551
      0.0389
      0.0341
      0.4971
      0.4930
      0.4776
      0.4461
      0.3998
      0.3486
      0.3058
      0.2803
      0.2728
      0.2769
      0.2813
      0.2743
      0.2481
      0.2038
      0.1510
      0.1021
      0.0660
      0.0454
      0.0390
      0.6935
      0.6665
      0.5932
      0.4941
      0.3943
      0.3141
      0.2636
      0.2423
      0.2429
      0.2557
      0.2706
      0.2767
      0.2647
      0.2317
      0.1836
      0.1326
      0.0906
      0.0643
      0.0555
      1.1581
      1.0887
      0.9082
      0.6819
      0.4773
      0.3340
      0.2573
      0.2305
      0.2326
      0.2486
      0.2695
      0.2868
      0.2902
      0.2721
      0.2335
      0.1849
      0.1402
      0.1102
      0.0998
      2.0246
      1.8856
      1.5270
      1.0866
      0.7002
      0.4394
      0.3035
      0.2521
      0.2434
      0.2535
      0.2738
      0.2993
      0.3197
      0.3230
      0.3044
      0.2705
      0.2346
      0.2089
      0.1997
      3.3048
      3.0681
      2.4595
      1.7154
      1.0659
      0.6275
      0.3942
      0.2955
      0.2626
      0.2582
      0.2732
      0.3054
      0.3465
      0.3818
      0.4011
      0.4048
      0.4004
      0.3957
      0.3939
      4.7710
      4.4253
      3.5362
      2.4495
      1.4992
      0.8529
      0.5003
      0.3405
      0.2754
      0.2531
      0.2612
      0.3008
      0.3674
      0.4476
      0.5277
      0.5998
      0.6592
      0.7001
      0.7149
      5.9718
      5.5380
      4.4222
      3.0577
      1.8616
      1.0429
      0.5885
      0.3743
      0.2799
      0.2410
      0.2427
      0.2898
      0.3843
      0.5185
      0.6788
      0.8479
      1.0028
      1.1144
      1.1553
      6.4389
      5.9725
      4.7733
      3.3068
      2.0207
      1.1378
      0.6432
      0.4037
      0.2912
      0.2383
      0.2314
      0.2810
      0.3982
      0.5842
      0.8285
      1.1053
      1.3705
      1.5657
      1.6379
      5.9718
      5.5441
      4.4457
      3.1056
      1.9340
      1.1317
      0.6797
      0.4524
      0.3327
      0.2634
      0.2392
      0.2792
      0.4038
      0.6237
      0.9323
      1.2981
      1.6582
      1.9271
      2.0273
      4.7710
      4.4403
      3.5935
      2.5674
      1.6795
      1.0774
      0.7344
      0.5451
      0.4198
      0.3240
      0.2681
      0.2815
      0.3920
      0.6161
      0.9507
      1.3614
      1.7742
      2.0861
      2.2029
      3.3048
      3.0956
      2.5647
      1.9331
      1.4012
      1.0480
      0.8365
      0.6870
      0.5462
      0.4102
      0.3091
      0.2817
      0.3594
      0.5600
      0.8820
      1.2914
      1.7116
      2.0328
      2.1538
      2.0246
      1.9275
      1.6879
      1.4198
      1.2139
      1.0840
      0.9824
      0.8549
      0.6852
      0.5004
      0.3493
      0.2773
      0.3158
      0.4819
      0.7756
      1.1657
      1.5762
      1.8948
      2.0157
      1.1581
      1.1435
      1.1183
      1.1163
      1.1454
      1.1702
      1.1358
      1.0093
      0.8048
      0.5744
      0.3804
      0.2721
      0.2806
      0.4242
      0.7074
      1.1028
      1.5316
      1.8705
      2.0001
      0.6935
      0.7288
      0.8322
      0.9876
      1.1516
      1.2594
      1.2539
      1.1182
      0.8860
      0.6242
      0.4024
      0.2728
      0.2694
      0.4174
      0.7301
      1.1838
      1.6883
      2.0931
      2.2490
      0.4971
      0.5567
      0.7221
      0.9509
      1.1743
      1.3148
      1.3174
      1.1745
      0.9290
      0.6531
      0.4190
      0.2820
      0.2829
      0.4585
      0.8344
      1.3896
      2.0153
      2.5214
      2.7172
      0.4333
      0.5021
      0.6902
      0.9440
      1.1854
      1.3340
      1.3379
      1.1937
      0.9465
      0.6681
      0.4311
      0.2940
      0.3051
      0.5123
      0.9525
      1.6056
      2.3455
      2.9460
      3.1787
      0.4205
      0.4913
      0.6842
      0.9430
      1.1872
      1.3366
      1.3406
      1.1970
      0.9507
      0.6728
      0.4358
      0.2996
      0.3155
      0.5365
      1.0036
      1.6974
      2.4841
      3.1233
      3.3710
