      0.0013
      0.0030
      0.0074
      0.0101
      0.0074
      0.0030
      0.0009
      0.0005
      0.0006
      0.0016
      0.0037
      0.0049
      0.0036
      0.0014
      0.0003
      0.0000
      0.0000
      0.0000
      0.0000
      0.0018
      0.0039
      0.0086
      0.0106
      0.0072
      0.0027
      0.0007
      0.0004
      0.0005
      0.0013
      0.0033
      0.0047
      0.0038
      0.0016
      0.0004
      0.0001
      0.0000
      0.0000
      0.0000
      0.0024
      0.0045
      0.0085
      0.0091
      0.0053
      0.0017
      0.0004
      0.0002
      0.0002
      0.0007
      0.0023
      0.0042
      0.0045
      0.0028
      0.0010
      0.0002
      0.0000
      0.0000
      0.0000
      0.0022
      0.0033
      0.0051
      0.0047
      0.0024
      0.0007
      0.0001
      0.0000
      0.0001
      0.0006
      0.0030
      0.0088
      0.0149
      0.0139
      0.0072
      0.0020
      0.0003
      0.0000
      0.0000
      0.0148
      0.0114
      0.0057
      0.0022
      0.0007
      0.0002
      0.0000
      0.0000
      0.0001
      0.0014
      0.0096
      0.0352
      0.0695
      0.0743
      0.0429
      0.0134
      0.0022
      0.0002
      0.0000
      0.2331
      0.1714
      0.0682
      0.0147
      0.0017
      0.0001
      0.0001
      0.0001
      0.0003
      0.0030
      0.0219
      0.0883
      0.1919
      0.2253
      0.1429
      0.0489
      0.0090
      0.0010
      0.0003
      2.0449
      1.5029
      0.5960
      0.1271
      0.0145
      0.0009
      0.0002
      0.0003
      0.0005
      0.0034
      0.0273
      0.1206
      0.2874
      0.3697
      0.2570
      0.0969
      0.0214
      0.0067
      0.0064
      9.5920
      7.0497
      2.7954
      0.5959
      0.0679
      0.0042
      0.0004
      0.0004
      0.0004
      0.0021
      0.0184
      0.0891
      0.2328
      0.3286
      0.2523
      0.1119
      0.0551
      0.0789
      0.1026
     24.1898
     17.7785
      7.0497
      1.5029
      0.1713
      0.0105
      0.0006
      0.0004
      0.0003
      0.0008
      0.0067
      0.0359
      0.1041
      0.1665
      0.1567
      0.1392
      0.2940
      0.6663
      0.8954
     32.9132
     24.1898
      9.5920
      2.0448
      0.2331
      0.0145
      0.0015
      0.0015
      0.0012
      0.0006
      0.0015
      0.0092
      0.0353
      0.0860
      0.1600
      0.3924
      1.3065
      3.1068
      4.1908
     24.1898
     17.7785
      7.0497
      1.5030
      0.1723
      0.0152
      0.0129
      0.0177
      0.0134
      0.0055
      0.0016
      0.0046
      0.0303
      0.1211
      0.3277
      0.9643
      3.2864
      7.8233
     10.5571
      9.5920
      7.0497
      2.7956
      0.5974
      0.0771
      0.0419
      0.0897
      0.1176
      0.0841
      0.0326
      0.0071
      0.0051
      0.0355
      0.1595
      0.4627
      1.3558
      4.5048
     10.6498
     14.3593
      2.0449
      1.5030
      0.5977
      0.1380
      0.0651
      0.1674
      0.3491
      0.4236
      0.2846
      0.1040
      0.0206
      0.0050
      0.0247
      0.1187
      0.3615
      1.0449
      3.3552
      7.8444
     10.5581
      0.2331
      0.1725
      0.0792
      0.0718
      0.1904
      0.4534
      0.7773
      0.8423
      0.5253
      0.1806
      0.0337
      0.0043
      0.0095
      0.0479
      0.1533
      0.4394
      1.3593
      3.1321
      4.2044
      0.0148
      0.0158
      0.0470
      0.1889
      0.4883
      0.8507
      1.1064
      1.0234
      0.5903
      0.1944
      0.0352
      0.0036
      0.0021
      0.0105
      0.0365
      0.1130
      0.3580
      0.8257
      1.1079
      0.0022
      0.0126
      0.0898
      0.3594
      0.8288
      1.2508
      1.4814
      1.3942
      0.8773
      0.3238
      0.0664
      0.0074
      0.0007
      0.0020
      0.0175
      0.1280
      0.5779
      1.4465
      1.9659
      0.0024
      0.0151
      0.1032
      0.3956
      0.9494
      1.8235
      3.1337
      3.8677
      2.8264
      1.1420
      0.2499
      0.0293
      0.0020
      0.0039
      0.0622
      0.5439
      2.5496
      6.4291
      8.7474
      0.0018
      0.0106
      0.0695
      0.2806
      0.9223
      2.8891
      6.6835
      9.1447
      6.9008
      2.8227
      0.6215
      0.0732
      0.0049
      0.0096
      0.1560
      1.3696
      6.4245
     16.2017
     22.0444
      0.0013
      0.0072
      0.0460
      0.2088
      0.9217
      3.5782
      8.8795
     12.3602
      9.3666
      3.8359
      0.8450
      0.0995
      0.0066
      0.0130
      0.2123
      1.8635
      8.7412
     22.0442
     29.9939
