      0.3329
      0.3357
      0.3426
      0.3504
      0.3580
      0.3658
      0.3730
      0.3767
      0.3745
      0.3655
      0.3488
      0.3206
      0.2770
      0.2195
      0.1569
      0.1014
      0.0616
      0.0392
      0.0322
      0.3348
      0.3360
      0.3386
      0.3409
      0.3432
      0.3472
      0.3532
      0.3593
      0.3636
      0.3652
      0.3615
      0.3459
      0.3110
      0.2556
      0.1889
      0.1253
      0.0769
      0.0483
      0.0391
      0.3586
      0.3541
      0.3418
      0.3253
      0.3105
      0.3030
      0.3055
      0.3181
      0.3403
      0.3710
      0.4038
      0.4244
      0.4151
      0.3671
      0.2886
      0.2011
      0.1269
      0.0796
      0.0637
      0.4608
      0.4435
      0.3983
      0.3415
      0.2918
      0.2621
      0.2575
      0.2782
      0.3242
      0.3943
      0.4791
      0.5538
      0.5858
      0.5527
      0.4592
      0.3359
      0.2213
      0.1440
      0.1171
      0.7302
      0.6879
      0.5788
      0.4450
      0.3296
      0.2585
      0.2369
      0.2606
      0.3268
      0.4346
      0.5733
      0.7100
      0.7948
      0.7877
      0.6856
      0.5268
      0.3681
      0.2566
      0.2172
      1.2517
      1.1671
      0.9499
      0.6855
      0.4584
      0.3141
      0.2562
      0.2690
      0.3414
      0.4716
      0.6506
      0.8420
      0.9831
      1.0160
      0.9263
      0.7543
      0.5701
      0.4364
      0.3885
      2.0318
      1.8876
      1.5176
      1.0677
      0.6795
      0.4262
      0.3076
      0.2905
      0.3493
      0.4779
      0.6709
      0.8951
      1.0843
      1.1705
      1.1275
      0.9897
      0.8275
      0.7059
      0.6619
      2.9291
      2.7183
      2.1767
      1.5172
      0.9451
      0.5637
      0.3693
      0.3083
      0.3366
      0.4407
      0.6181
      0.8450
      1.0645
      1.2114
      1.2538
      1.2126
      1.1401
      1.0827
      1.0620
      3.6651
      3.4003
      2.7201
      1.8906
      1.1680
      0.6798
      0.4193
      0.3156
      0.3080
      0.3741
      0.5134
      0.7154
      0.9433
      1.1493
      1.3050
      1.4144
      1.4957
      1.5538
      1.5761
      3.9516
      3.6669
      2.9357
      2.0443
      1.2669
      0.7394
      0.4516
      0.3242
      0.2871
      0.3122
      0.4020
      0.5607
      0.7770
      1.0293
      1.3006
      1.5801
      1.8448
      2.0444
      2.1200
      3.6651
      3.4044
      2.7359
      1.9237
      1.2195
      0.7447
      0.4847
      0.3609
      0.3047
      0.2903
      0.3262
      0.4314
      0.6190
      0.8932
      1.2510
      1.6715
      2.0949
      2.4201
      2.5434
      2.9291
      2.7286
      2.2170
      1.6028
      1.0815
      0.7404
      0.5564
      0.4577
      0.3870
      0.3301
      0.3072
      0.3518
      0.4947
      0.7583
      1.1499
      1.6430
      2.1551
      2.5528
      2.7041
      2.0318
      1.9076
      1.5965
      1.2376
      0.9550
      0.7912
      0.7089
      0.6426
      0.5517
      0.4409
      0.3487
      0.3235
      0.4069
      0.6286
      0.9990
      1.4895
      2.0102
      2.4180
      2.5735
      1.2517
      1.2003
      1.0816
      0.9724
      0.9298
      0.9495
      0.9734
      0.9364
      0.8124
      0.6299
      0.4518
      0.3441
      0.3559
      0.5167
      0.8342
      1.2780
      1.7597
      2.1406
      2.2864
      0.7302
      0.7366
      0.7731
      0.8721
      1.0401
      1.2308
      1.3585
      1.3473
      1.1787
      0.9054
      0.6213
      0.4161
      0.3490
      0.4484
      0.7169
      1.1208
      1.5715
      1.9323
      2.0710
      0.4608
      0.5078
      0.6567
      0.9152
      1.2578
      1.6038
      1.8353
      1.8530
      1.6362
      1.2596
      0.8528
      0.5378
      0.3907
      0.4429
      0.6932
      1.1018
      1.5710
      1.9514
      2.0985
      0.3586
      0.4320
      0.6563
      1.0299
      1.5105
      1.9922
      2.3237
      2.3756
      2.1169
      1.6395
      1.1097
      0.6857
      0.4663
      0.4904
      0.7557
      1.2144
      1.7513
      2.1903
      2.3606
      0.3348
      0.4230
      0.6916
      1.1370
      1.7107
      2.2905
      2.6994
      2.7820
      2.4953
      1.9425
      1.3183
      0.8110
      0.5393
      0.5509
      0.8436
      1.3627
      1.9754
      2.4784
      2.6738
      0.3329
      0.4259
      0.7092
      1.1796
      1.7867
      2.4030
      2.8417
      2.9368
      2.6403
      2.0594
      1.3993
      0.8604
      0.5695
      0.5778
      0.8837
      1.4294
      2.0751
      2.6055
      2.8117
