      0.3700
      0.3781
      0.3922
      0.3914
      0.3626
      0.3133
      0.2666
      0.2461
      0.2605
      0.2982
      0.3333
      0.3398
      0.3064
      0.2418
      0.1679
      0.1057
      0.0650
      0.0447
      0.0389
      0.3893
      0.3940
      0.3996
      0.3891
      0.3537
      0.3018
      0.2558
      0.2365
      0.2510
      0.2877
      0.3220
      0.3294
      0.2988
      0.2378
      0.1669
      0.1059
      0.0653
      0.0444
      0.0383
      0.4753
      0.4682
      0.4446
      0.4011
      0.3414
      0.2792
      0.2331
      0.2164
      0.2307
      0.2636
      0.2945
      0.3030
      0.2790
      0.2273
      0.1642
      0.1072
      0.0668
      0.0447
      0.0379
      0.7186
      0.6866
      0.6003
      0.4843
      0.3685
      0.2771
      0.2230
      0.2063
      0.2176
      0.2424
      0.2649
      0.2715
      0.2541
      0.2145
      0.1626
      0.1121
      0.0732
      0.0500
      0.0425
      1.2694
      1.1903
      0.9843
      0.7271
      0.4958
      0.3357
      0.2521
      0.2244
      0.2258
      0.2364
      0.2451
      0.2456
      0.2333
      0.2065
      0.1687
      0.1278
      0.0928
      0.0700
      0.0622
      2.2755
      2.1176
      1.7105
      1.2118
      0.7761
      0.4842
      0.3333
      0.2741
      0.2549
      0.2453
      0.2370
      0.2303
      0.2241
      0.2133
      0.1941
      0.1680
      0.1414
      0.1217
      0.1145
      3.7470
      3.4782
      2.7874
      1.9444
      1.2107
      0.7180
      0.4564
      0.3416
      0.2904
      0.2578
      0.2346
      0.2258
      0.2321
      0.2451
      0.2535
      0.2513
      0.2407
      0.2291
      0.2242
      5.4242
      5.0315
      4.0222
      2.7902
      1.7153
      0.9870
      0.5902
      0.4055
      0.3172
      0.2639
      0.2330
      0.2314
      0.2604
      0.3086
      0.3574
      0.3922
      0.4087
      0.4127
      0.4128
      6.7947
      6.3020
      5.0353
      3.4880
      2.1347
      1.2113
      0.6997
      0.4542
      0.3345
      0.2666
      0.2349
      0.2477
      0.3076
      0.4007
      0.5017
      0.5864
      0.6424
      0.6706
      0.6786
      7.3274
      6.7977
      5.4364
      3.7741
      2.3200
      1.3256
      0.7701
      0.4977
      0.3604
      0.2821
      0.2495
      0.2747
      0.3634
      0.5015
      0.6580
      0.7990
      0.9020
      0.9607
      0.9792
      6.7947
      6.3090
      5.0624
      3.5445
      2.2224
      1.3225
      0.8186
      0.5631
      0.4207
      0.3283
      0.2833
      0.3065
      0.4092
      0.5785
      0.7797
      0.9709
      1.1193
      1.2095
      1.2392
      5.4242
      5.0481
      4.0865
      2.9249
      1.9262
      1.2565
      0.8806
      0.6724
      0.5271
      0.4082
      0.3324
      0.3323
      0.4257
      0.6024
      0.8269
      1.0527
      1.2381
      1.3568
      1.3973
      3.7470
      3.5076
      2.9013
      2.1837
      1.5865
      1.1998
      0.9764
      0.8184
      0.6612
      0.5023
      0.3807
      0.3409
      0.4059
      0.5693
      0.7988
      1.0479
      1.2676
      1.4172
      1.4701
      2.2755
      2.1607
      1.8778
      1.5628
      1.3260
      1.1866
      1.0873
      0.9597
      0.7793
      0.5763
      0.4088
      0.3285
      0.3619
      0.5085
      0.7450
      1.0293
      1.3036
      1.5037
      1.5773
      1.2694
      1.2443
      1.1932
      1.1635
      1.1750
      1.1961
      1.1660
      1.0434
      0.8373
      0.6019
      0.4051
      0.3007
      0.3181
      0.4674
      0.7406
      1.1030
      1.4818
      1.7743
      1.8848
      0.7186
      0.7453
      0.8264
      0.9539
      1.0933
      1.1854
      1.1743
      1.0417
      0.8199
      0.5743
      0.3735
      0.2692
      0.2959
      0.4798
      0.8344
      1.3331
      1.8792
      2.3137
      2.4805
      0.4753
      0.5252
      0.6635
      0.8532
      1.0337
      1.1369
      1.1171
      0.9737
      0.7508
      0.5154
      0.3304
      0.2444
      0.2995
      0.5419
      1.0082
      1.6784
      2.4268
      3.0301
      3.2630
      0.3893
      0.4466
      0.6012
      0.8041
      0.9850
      1.0767
      1.0430
      0.8941
      0.6787
      0.4602
      0.2952
      0.2305
      0.3154
      0.6131
      1.1785
      1.9962
      2.9154
      3.6598
      3.9479
      0.3700
      0.4285
      0.5853
      0.7881
      0.9647
      1.0494
      1.0098
      0.8597
      0.6487
      0.4380
      0.2819
      0.2262
      0.3237
      0.6441
      1.2494
      2.1255
      3.1121
      3.9119
      4.2216
