      0.2226
      0.2442
      0.2886
      0.3142
      0.2978
      0.2526
      0.2118
      0.2021
      0.2326
      0.2931
      0.3525
      0.3692
      0.3218
      0.2286
      0.1312
      0.0608
      0.0233
      0.0083
      0.0048
      0.2261
      0.2447
      0.2819
      0.2999
      0.2788
      0.2325
      0.1923
      0.1824
      0.2110
      0.2691
      0.3285
      0.3501
      0.3113
      0.2263
      0.1333
      0.0637
      0.0251
      0.0091
      0.0052
      0.2446
      0.2541
      0.2692
      0.2647
      0.2307
      0.1824
      0.1448
      0.1351
      0.1592
      0.2113
      0.2708
      0.3045
      0.2873
      0.2232
      0.1416
      0.0733
      0.0314
      0.0121
      0.0070
      0.3347
      0.3246
      0.2936
      0.2430
      0.1825
      0.1280
      0.0935
      0.0853
      0.1050
      0.1506
      0.2105
      0.2595
      0.2695
      0.2314
      0.1630
      0.0943
      0.0455
      0.0202
      0.0129
      0.6707
      0.6153
      0.4767
      0.3157
      0.1837
      0.1004
      0.0607
      0.0524
      0.0688
      0.1098
      0.1721
      0.2376
      0.2757
      0.2639
      0.2076
      0.1357
      0.0768
      0.0430
      0.0326
      1.5615
      1.4051
      1.0247
      0.6081
      0.2979
      0.1272
      0.0575
      0.0413
      0.0535
      0.0911
      0.1566
      0.2383
      0.3043
      0.3210
      0.2813
      0.2113
      0.1467
      0.1074
      0.0951
      3.2759
      2.9355
      2.1121
      1.2209
      0.5703
      0.2224
      0.0840
      0.0466
      0.0508
      0.0830
      0.1486
      0.2429
      0.3372
      0.3920
      0.3895
      0.3483
      0.3042
      0.2786
      0.2714
      5.6573
      5.0655
      3.6357
      2.0919
      0.9690
      0.3713
      0.1333
      0.0640
      0.0559
      0.0788
      0.1386
      0.2403
      0.3661
      0.4802
      0.5568
      0.6010
      0.6356
      0.6678
      0.6822
      7.8722
      7.0481
      5.0577
      2.9107
      1.3525
      0.5269
      0.2005
      0.1032
      0.0813
      0.0892
      0.1361
      0.2417
      0.4078
      0.6113
      0.8225
      1.0275
      1.2208
      1.3737
      1.4339
      8.7903
      7.8711
      5.6530
      3.2658
      1.5437
      0.6452
      0.3016
      0.2004
      0.1635
      0.1435
      0.1634
      0.2657
      0.4772
      0.7920
      1.1787
      1.6012
      2.0151
      2.3383
      2.4636
      7.8722
      7.0532
      5.0814
      2.9746
      1.4835
      0.7425
      0.4888
      0.4156
      0.3528
      0.2747
      0.2365
      0.3116
      0.5506
      0.9608
      1.5080
      2.1345
      2.7576
      3.2426
      3.4297
      5.6573
      5.0797
      3.7002
      2.2602
      1.3024
      0.9025
      0.8228
      0.7915
      0.6735
      0.4907
      0.3493
      0.3557
      0.5734
      1.0113
      1.6295
      2.3550
      3.0801
      3.6424
      3.8584
      3.2759
      2.9654
      2.2448
      1.5551
      1.2054
      1.1937
      1.2976
      1.2844
      1.0705
      0.7437
      0.4670
      0.3705
      0.5116
      0.8865
      1.4489
      2.1216
      2.7956
      3.3156
      3.5145
      1.5615
      1.4565
      1.2475
      1.1495
      1.2846
      1.5724
      1.7905
      1.7441
      1.4100
      0.9413
      0.5425
      0.3460
      0.3861
      0.6387
      1.0538
      1.5644
      2.0799
      2.4772
      2.6288
      0.6707
      0.6877
      0.7845
      1.0412
      1.4569
      1.8911
      2.1246
      2.0069
      1.5725
      1.0163
      0.5526
      0.2959
      0.2532
      0.3838
      0.6418
      0.9797
      1.3336
      1.6119
      1.7189
      0.3347
      0.4088
      0.6465
      1.0565
      1.5704
      2.0204
      2.2088
      2.0314
      1.5578
      0.9888
      0.5217
      0.2482
      0.1591
      0.2095
      0.3652
      0.6015
      0.8746
      1.1032
      1.1937
      0.2446
      0.3368
      0.6137
      1.0502
      1.5526
      1.9596
      2.1071
      1.9211
      1.4726
      0.9395
      0.4963
      0.2246
      0.1154
      0.1308
      0.2518
      0.4730
      0.7594
      1.0153
      1.1195
      0.2261
      0.3187
      0.5898
      1.0020
      1.4615
      1.8286
      1.9673
      1.8117
      1.4125
      0.9200
      0.4954
      0.2237
      0.1054
      0.1122
      0.2373
      0.4883
      0.8303
      1.1443
      1.2737
      0.2226
      0.3133
      0.5768
      0.9732
      1.4124
      1.7656
      1.9074
      1.7711
      1.3957
      0.9195
      0.5003
      0.2271
      0.1057
      0.1118
      0.2435
      0.5127
      0.8838
      1.2263
      1.3678
