      0.0000
      0.0000
      0.0000
      0.0000
      0.0000
      0.0000
      0.0000
      0.0000
      0.0000
      0.0000
      0.0000
      0.0000
      0.0000
      0.0000
      0.0000
      0.0000
      0.0000
      0.0000
      0.0000
      0.0000
      0.0000
      0.0000
      0.0000
      0.0000
      0.0000
      0.0000
      0.0000
      0.0000
      0.0000
      0.0000
      0.0000
      0.0000
      0.0000
      0.0000
      0.0000
      0.0000
      0.0000
      0.0000
      0.0000
      0.0000
      0.0000
      0.0000
      0.0000
      0.0000
      0.0000
      0.0000
      0.0000
      0.0000
      0.0000
      0.0000
      0.0000
      0.0000
      0.0000
      0.0000
      0.0000
      0.0000
      0.0000
      0.0000
      0.0000
      0.0000
      0.0000
      0.0000
      0.0000
      0.0000
      0.0000
      0.0000
      0.0000
      0.0000
      0.0000
      0.0000
      0.0000
      0.0000
      0.0000
      0.0000
      0.0000
      0.0000
      0.0000
      0.0000
      0.0000
      0.0000
      0.0000
      0.0000
      0.0000
      0.0000
      0.0000
      0.0000
      0.0000
      0.0001
      0.0003
      0.0004
      0.0001
      0.0000
      0.0000
      0.0000
      0.0000
      0.0017
      0.0009
      0.0001
      0.0000
      0.0000
      0.0000
      0.0000
      0.0000
      0.0000
      0.0000
      0.0000
      0.0005
      0.0031
      0.0044
      0.0016
      0.0001
      0.0000
      0.0000
      0.0000
      0.2293
      0.1147
      0.0143
      0.0004
      0.0000
      0.0000
      0.0000
      0.0000
      0.0000
      0.0000
      0.0000
      0.0011
      0.0076
      0.0134
      0.0059
      0.0006
      0.0000
      0.0000
      0.0000
      7.4370
      3.7185
      0.4636
      0.0143
      0.0001
      0.0000
      0.0000
      0.0000
      0.0000
      0.0000
      0.0000
      0.0005
      0.0047
      0.0102
      0.0055
      0.0007
      0.0001
      0.0004
      0.0007
     59.6536
     29.8268
      3.7185
      0.1147
      0.0009
      0.0000
      0.0000
      0.0000
      0.0000
      0.0000
      0.0000
      0.0001
      0.0007
      0.0020
      0.0013
      0.0004
      0.0061
      0.0485
      0.0969
    119.3071
     59.6536
      7.4370
      0.2293
      0.0017
      0.0000
      0.0000
      0.0000
      0.0000
      0.0000
      0.0000
      0.0000
      0.0000
      0.0003
      0.0011
      0.0073
      0.1964
      1.5715
      3.1427
     59.6536
     29.8268
      3.7185
      0.1147
      0.0009
      0.0000
      0.0000
      0.0000
      0.0000
      0.0000
      0.0000
      0.0000
      0.0001
      0.0016
      0.0098
      0.0623
      1.5767
     12.6046
     25.2078
      7.4370
      3.7185
      0.4636
      0.0143
      0.0001
      0.0001
      0.0010
      0.0019
      0.0009
      0.0001
      0.0000
      0.0000
      0.0001
      0.0034
      0.0238
      0.1359
      3.1593
     25.2096
     50.4154
      0.2293
      0.1147
      0.0143
      0.0004
      0.0002
      0.0030
      0.0195
      0.0326
      0.0137
      0.0014
      0.0000
      0.0000
      0.0001
      0.0018
      0.0144
      0.0760
      1.5849
     12.6055
     25.2077
      0.0017
      0.0009
      0.0001
      0.0004
      0.0036
      0.0213
      0.0977
      0.1416
      0.0524
      0.0048
      0.0001
      0.0000
      0.0000
      0.0002
      0.0022
      0.0109
      0.1987
      1.5717
      3.1427
      0.0000
      0.0000
      0.0003
      0.0076
      0.0479
      0.0944
      0.1448
      0.1562
      0.0504
      0.0041
      0.0001
      0.0000
      0.0000
      0.0000
      0.0001
      0.0004
      0.0063
      0.0494
      0.0987
      0.0000
      0.0000
      0.0016
      0.0352
      0.1871
      0.2586
      0.1498
      0.1174
      0.0494
      0.0059
      0.0002
      0.0000
      0.0000
      0.0000
      0.0000
      0.0005
      0.0149
      0.1191
      0.2382
      0.0000
      0.0000
      0.0022
      0.0407
      0.1892
      0.3331
      1.1066
      2.2531
      1.2092
      0.1622
      0.0054
      0.0000
      0.0000
      0.0000
      0.0001
      0.0148
      0.4801
      3.8508
      7.7015
      0.0000
      0.0000
      0.0007
      0.0120
      0.0740
      1.0148
      8.3822
     18.0167
      9.6933
      1.3008
      0.0432
      0.0004
      0.0000
      0.0000
      0.0009
      0.1188
      3.8508
     30.8876
     61.7753
      0.0000
      0.0000
      0.0001
      0.0021
      0.0612
      1.9439
     16.7431
     36.0321
     19.3866
      2.6015
      0.0864
      0.0007
      0.0000
      0.0000
      0.0018
      0.2375
      7.7015
     61.7753
    123.5505
