      0.0011
      0.0026
      0.0065
      0.0088
      0.0065
      0.0027
      0.0008
      0.0005
      0.0008
      0.0024
      0.0057
      0.0076
      0.0055
      0.0022
      0.0005
      0.0001
      0.0000
      0.0000
      0.0000
      0.0016
      0.0034
      0.0075
      0.0093
      0.0063
      0.0024
      0.0006
      0.0004
      0.0006
      0.0020
      0.0050
      0.0073
      0.0058
      0.0025
      0.0006
      0.0001
      0.0000
      0.0000
      0.0000
      0.0020
      0.0039
      0.0074
      0.0079
      0.0046
      0.0015
      0.0003
      0.0001
      0.0003
      0.0011
      0.0036
      0.0066
      0.0072
      0.0045
      0.0017
      0.0004
      0.0000
      0.0000
      0.0000
      0.0016
      0.0027
      0.0044
      0.0041
      0.0021
      0.0006
      0.0001
      0.0000
      0.0001
      0.0010
      0.0051
      0.0154
      0.0261
      0.0246
      0.0127
      0.0035
      0.0005
      0.0000
      0.0000
      0.0014
      0.0016
      0.0016
      0.0012
      0.0005
      0.0001
      0.0000
      0.0000
      0.0002
      0.0025
      0.0170
      0.0624
      0.1234
      0.1319
      0.0763
      0.0238
      0.0040
      0.0004
      0.0000
      0.0133
      0.0098
      0.0041
      0.0010
      0.0002
      0.0000
      0.0001
      0.0002
      0.0005
      0.0052
      0.0388
      0.1567
      0.3409
      0.4002
      0.2538
      0.0868
      0.0160
      0.0017
      0.0003
      0.1153
      0.0848
      0.0336
      0.0072
      0.0008
      0.0001
      0.0002
      0.0004
      0.0007
      0.0060
      0.0484
      0.2142
      0.5105
      0.6565
      0.4562
      0.1715
      0.0363
      0.0080
      0.0061
      0.5409
      0.3975
      0.1576
      0.0336
      0.0039
      0.0004
      0.0004
      0.0006
      0.0006
      0.0038
      0.0326
      0.1583
      0.4135
      0.5833
      0.4464
      0.1914
      0.0703
      0.0746
      0.0942
      1.3640
      1.0025
      0.3975
      0.0847
      0.0097
      0.0008
      0.0004
      0.0005
      0.0004
      0.0013
      0.0119
      0.0636
      0.1843
      0.2928
      0.2663
      0.1885
      0.2868
      0.6128
      0.8199
      1.8559
      1.3640
      0.5409
      0.1153
      0.0133
      0.0014
      0.0016
      0.0023
      0.0018
      0.0010
      0.0027
      0.0160
      0.0599
      0.1400
      0.2322
      0.4337
      1.2341
      2.8542
      3.8383
      1.3640
      1.0025
      0.3975
      0.0849
      0.0112
      0.0081
      0.0194
      0.0271
      0.0206
      0.0085
      0.0025
      0.0073
      0.0472
      0.1840
      0.4538
      1.0602
      3.1187
      7.1969
      9.6739
      0.5409
      0.3975
      0.1578
      0.0355
      0.0171
      0.0569
      0.1365
      0.1803
      0.1293
      0.0501
      0.0109
      0.0079
      0.0545
      0.2410
      0.6454
      1.5202
      4.3121
      9.8161
     13.1671
      0.1153
      0.0849
      0.0353
      0.0194
      0.0667
      0.2396
      0.5245
      0.6464
      0.4365
      0.1598
      0.0317
      0.0076
      0.0380
      0.1796
      0.5085
      1.1962
      3.2454
      7.2489
      9.6909
      0.0133
      0.0108
      0.0142
      0.0573
      0.2143
      0.5987
      1.1272
      1.2704
      0.8034
      0.2775
      0.0518
      0.0067
      0.0145
      0.0725
      0.2173
      0.5136
      1.3324
      2.9079
      3.8696
      0.0014
      0.0053
      0.0383
      0.1729
      0.4906
      0.9972
      1.5090
      1.5215
      0.9096
      0.3041
      0.0555
      0.0057
      0.0032
      0.0159
      0.0520
      0.1368
      0.3775
      0.8337
      1.1105
      0.0016
      0.0107
      0.0790
      0.3237
      0.8019
      1.4262
      2.0731
      2.2160
      1.4681
      0.5528
      0.1146
      0.0129
      0.0011
      0.0029
      0.0239
      0.1707
      0.7662
      1.9157
      2.6030
      0.0020
      0.0132
      0.0914
      0.3675
      1.0254
      2.5265
      5.1356
      6.7139
      4.9816
      2.0212
      0.4429
      0.0520
      0.0034
      0.0052
      0.0837
      0.7320
      3.4314
      8.6524
     11.7724
      0.0016
      0.0094
      0.0636
      0.2961
      1.2685
      4.7650
     11.6718
     16.1813
     12.2454
      5.0120
      1.1038
      0.1300
      0.0085
      0.0129
      0.2101
      1.8436
      8.6480
     21.8092
     29.6741
      0.0011
      0.0064
      0.0442
      0.2514
      1.4321
      6.1652
     15.6753
     21.9270
     16.6322
      6.8128
      1.5009
      0.1768
      0.0116
      0.0176
      0.2858
      2.5084
     11.7666
     29.6740
     40.3751
