      0.0000
      0.0000
      0.0000
      0.0000
      0.0000
      0.0000
      0.0000
      0.0000
      0.0000
      0.0000
      0.0000
      0.0000
      0.0000
      0.0000
      0.0000
      0.0000
      0.0000
      0.0000
      0.0000
      0.0000
      0.0000
      0.0000
      0.0000
      0.0000
      0.0000
      0.0000
      0.0000
      0.0000
      0.0000
      0.0000
      0.0000
      0.0000
      0.0000
      0.0000
      0.0000
      0.0000
      0.0000
      0.0000
      0.0000
      0.0000
      0.0000
      0.0000
      0.0000
      0.0000
      0.0000
      0.0000
      0.0000
      0.0000
      0.0000
      0.0000
      0.0000
      0.0000
      0.0000
      0.0000
      0.0000
      0.0000
      0.0000
      0.0000
      0.0000
      0.0000
      0.0000
      0.0000
      0.0000
      0.0000
      0.0000
      0.0000
      0.0000
      0.0000
      0.0000
      0.0000
      0.0000
      0.0000
      0.0000
      0.0000
      0.0000
      0.0000
      0.0000
      0.0000
      0.0000
      0.0000
      0.0000
      0.0000
      0.0000
      0.0000
      0.0000
      0.0000
      0.0000
      0.0001
      0.0006
      0.0006
      0.0002
      0.0000
      0.0000
      0.0000
      0.0000
      0.0019
      0.0009
      0.0001
      0.0000
      0.0000
      0.0000
      0.0000
      0.0000
      0.0000
      0.0000
      0.0000
      0.0010
      0.0055
      0.0079
      0.0028
      0.0003
      0.0000
      0.0000
      0.0000
      0.2500
      0.1250
      0.0156
      0.0005
      0.0000
      0.0000
      0.0000
      0.0000
      0.0000
      0.0000
      0.0001
      0.0019
      0.0136
      0.0240
      0.0106
      0.0012
      0.0000
      0.0000
      0.0000
      8.1057
      4.0528
      0.5053
      0.0156
      0.0001
      0.0000
      0.0000
      0.0000
      0.0000
      0.0000
      0.0000
      0.0010
      0.0085
      0.0183
      0.0099
      0.0013
      0.0001
      0.0001
      0.0002
     65.0173
     32.5087
      4.0528
      0.1250
      0.0009
      0.0000
      0.0000
      0.0000
      0.0000
      0.0000
      0.0000
      0.0001
      0.0013
      0.0035
      0.0024
      0.0005
      0.0020
      0.0154
      0.0309
    130.0347
     65.0173
      8.1057
      0.2500
      0.0019
      0.0000
      0.0000
      0.0000
      0.0000
      0.0000
      0.0000
      0.0000
      0.0001
      0.0006
      0.0025
      0.0049
      0.0634
      0.5004
      1.0005
     65.0173
     32.5087
      4.0528
      0.1250
      0.0009
      0.0000
      0.0000
      0.0001
      0.0000
      0.0000
      0.0000
      0.0000
      0.0002
      0.0039
      0.0229
      0.0486
      0.5126
      4.0139
      8.0250
      8.1057
      4.0528
      0.5053
      0.0156
      0.0001
      0.0003
      0.0024
      0.0045
      0.0021
      0.0003
      0.0000
      0.0000
      0.0003
      0.0082
      0.0557
      0.1246
      1.0403
      8.0293
     16.0499
      0.2500
      0.1250
      0.0156
      0.0005
      0.0003
      0.0070
      0.0469
      0.0786
      0.0330
      0.0034
      0.0001
      0.0000
      0.0001
      0.0043
      0.0338
      0.0818
      0.5329
      4.0165
      8.0250
      0.0019
      0.0009
      0.0001
      0.0004
      0.0045
      0.0438
      0.2319
      0.3406
      0.1261
      0.0116
      0.0003
      0.0000
      0.0000
      0.0006
      0.0051
      0.0137
      0.0691
      0.5012
      1.0005
      0.0000
      0.0000
      0.0003
      0.0076
      0.0490
      0.1253
      0.3092
      0.3718
      0.1211
      0.0099
      0.0002
      0.0000
      0.0000
      0.0000
      0.0002
      0.0006
      0.0024
      0.0163
      0.0324
      0.0000
      0.0000
      0.0016
      0.0349
      0.1864
      0.2707
      0.2249
      0.2302
      0.0956
      0.0110
      0.0003
      0.0000
      0.0000
      0.0000
      0.0000
      0.0004
      0.0128
      0.1024
      0.2048
      0.0000
      0.0000
      0.0022
      0.0405
      0.1907
      0.4280
      1.9340
      4.0303
      2.1644
      0.2903
      0.0096
      0.0001
      0.0000
      0.0000
      0.0001
      0.0128
      0.4136
      3.3173
      6.6347
      0.0000
      0.0000
      0.0007
      0.0121
      0.0956
      1.7800
     14.9914
     32.2409
     17.3465
      2.3277
      0.0773
      0.0006
      0.0000
      0.0000
      0.0008
      0.1023
      3.3173
     26.6089
     53.2179
      0.0000
      0.0000
      0.0001
      0.0024
      0.1050
      3.4748
     29.9615
     64.4802
     34.6929
      4.6555
      0.1546
      0.0013
      0.0000
      0.0000
      0.0015
      0.2046
      6.6347
     53.2179
    106.4357
