      0.3080
      0.3320
      0.3793
      0.3997
      0.3647
      0.2902
      0.2156
      0.1692
      0.1572
      0.1710
      0.1927
      0.2000
      0.1781
      0.1316
      0.0796
      0.0393
      0.0162
      0.0062
      0.0036
      0.3051
      0.3260
      0.3658
      0.3786
      0.3400
      0.2668
      0.1962
      0.1541
      0.1467
      0.1669
      0.1983
      0.2172
      0.2045
      0.1603
      0.1031
      0.0543
      0.0237
      0.0093
      0.0054
      0.3000
      0.3119
      0.3306
      0.3232
      0.2762
      0.2078
      0.1484
      0.1184
      0.1243
      0.1648
      0.2279
      0.2853
      0.3031
      0.2659
      0.1906
      0.1111
      0.0529
      0.0219
      0.0128
      0.3279
      0.3239
      0.3057
      0.2643
      0.2033
      0.1406
      0.0959
      0.0820
      0.1081
      0.1832
      0.3034
      0.4331
      0.5103
      0.4892
      0.3794
      0.2376
      0.1211
      0.0538
      0.0331
      0.5078
      0.4722
      0.3805
      0.2674
      0.1663
      0.0954
      0.0592
      0.0590
      0.1066
      0.2244
      0.4209
      0.6531
      0.8220
      0.8347
      0.6832
      0.4520
      0.2454
      0.1194
      0.0792
      1.0505
      0.9487
      0.6997
      0.4238
      0.2138
      0.0947
      0.0468
      0.0503
      0.1118
      0.2639
      0.5299
      0.8662
      1.1419
      1.2126
      1.0403
      0.7279
      0.4285
      0.2376
      0.1753
      2.1373
      1.9164
      1.3816
      0.8013
      0.3756
      0.1463
      0.0573
      0.0493
      0.1091
      0.2686
      0.5624
      0.9574
      1.3151
      1.4601
      1.3217
      0.9972
      0.6634
      0.4436
      0.3710
      3.6669
      3.2836
      2.3573
      1.3562
      0.6268
      0.2372
      0.0838
      0.0520
      0.0945
      0.2287
      0.4919
      0.8700
      1.2497
      1.4658
      1.4305
      1.2119
      0.9650
      0.8023
      0.7497
      5.0959
      4.5624
      3.2736
      1.8827
      0.8714
      0.3332
      0.1200
      0.0641
      0.0818
      0.1698
      0.3601
      0.6592
      1.0018
      1.2713
      1.3919
      1.3948
      1.3723
      1.3749
      1.3833
      5.6890
      5.0942
      3.6581
      2.1112
      0.9917
      0.4020
      0.1715
      0.1053
      0.0987
      0.1345
      0.2402
      0.4399
      0.7180
      1.0219
      1.3096
      1.5868
      1.8690
      2.1097
      2.2081
      5.0959
      4.5663
      3.2908
      1.9252
      0.9512
      0.4545
      0.2702
      0.2114
      0.1782
      0.1576
      0.1822
      0.2913
      0.5049
      0.8211
      1.2344
      1.7408
      2.2945
      2.7565
      2.9405
      3.6669
      3.2955
      2.4083
      1.4791
      0.8492
      0.5620
      0.4721
      0.4240
      0.3464
      0.2519
      0.1928
      0.2213
      0.3721
      0.6664
      1.1189
      1.7245
      2.4072
      2.9784
      3.2053
      2.1373
      1.9442
      1.4987
      1.0750
      0.8536
      0.8179
      0.8315
      0.7733
      0.6151
      0.4142
      0.2553
      0.2006
      0.2807
      0.5118
      0.9073
      1.4604
      2.0940
      2.6266
      2.8382
      1.0505
      1.0014
      0.9195
      0.9285
      1.0753
      1.2750
      1.3770
      1.2798
      1.0005
      0.6532
      0.3658
      0.2126
      0.2095
      0.3490
      0.6267
      1.0298
      1.4970
      1.8910
      2.0477
      0.5078
      0.5545
      0.7229
      1.0510
      1.4991
      1.9189
      2.1203
      1.9884
      1.5650
      1.0247
      0.5591
      0.2727
      0.1702
      0.2125
      0.3672
      0.6110
      0.8996
      1.1447
      1.2424
      0.3279
      0.4311
      0.7556
      1.3084
      2.0145
      2.6831
      3.0595
      2.9582
      2.3972
      1.6092
      0.8879
      0.4084
      0.1814
      0.1343
      0.1990
      0.3362
      0.5094
      0.6601
      0.7206
      0.3000
      0.4322
      0.8448
      1.5519
      2.4905
      3.4544
      4.1054
      4.1264
      3.4575
      2.3840
      1.3396
      0.6124
      0.2391
      0.1137
      0.1279
      0.2214
      0.3549
      0.4759
      0.5254
      0.3051
      0.4488
      0.9022
      1.7029
      2.8217
      4.0554
      4.9877
      5.1619
      4.4253
      3.1037
      1.7648
      0.8100
      0.3071
      0.1229
      0.1147
      0.2025
      0.3391
      0.4666
      0.5193
      0.3080
      0.4542
      0.9187
      1.7512
      2.9403
      4.2866
      5.3410
      5.5856
      4.8259
      3.4036
      1.9427
      0.8934
      0.3372
      0.1305
      0.1162
      0.2062
      0.3495
      0.4842
      0.5400
