      0.0000
      0.0000
      0.0000
      0.0000
      0.0000
      0.0000
      0.0000
      0.0000
      0.0000
      0.0000
      0.0000
      0.0000
      0.0000
      0.0000
      0.0000
      0.0000
      0.0000
      0.0000
      0.0000
      0.0000
      0.0000
      0.0000
      0.0000
      0.0000
      0.0000
      0.0000
      0.0000
      0.0000
      0.0000
      0.0000
      0.0000
      0.0000
      0.0000
      0.0000
      0.0000
      0.0000
      0.0000
      0.0000
      0.0000
      0.0000
      0.0000
      0.0000
      0.0000
      0.0000
      0.0000
      0.0000
      0.0000
      0.0000
      0.0000
      0.0000
      0.0000
      0.0000
      0.0000
      0.0000
      0.0000
      0.0000
      0.0000
      0.0000
      0.0000
      0.0000
      0.0000
      0.0000
      0.0000
      0.0000
      0.0000
      0.0000
      0.0000
      0.0000
      0.0000
      0.0000
      0.0000
      0.0000
      0.0000
      0.0000
      0.0000
      0.0000
      0.0000
      0.0000
      0.0000
      0.0000
      0.0000
      0.0000
      0.0000
      0.0000
      0.0000
      0.0000
      0.0000
      0.0001
      0.0005
      0.0006
      0.0002
      0.0000
      0.0000
      0.0000
      0.0000
      0.0019
      0.0009
      0.0001
      0.0000
      0.0000
      0.0000
      0.0000
      0.0000
      0.0000
      0.0000
      0.0000
      0.0009
      0.0052
      0.0075
      0.0027
      0.0002
      0.0000
      0.0000
      0.0000
      0.2521
      0.1261
      0.0157
      0.0005
      0.0000
      0.0000
      0.0000
      0.0000
      0.0000
      0.0000
      0.0001
      0.0018
      0.0129
      0.0227
      0.0100
      0.0011
      0.0000
      0.0000
      0.0000
      8.1763
      4.0881
      0.5097
      0.0157
      0.0001
      0.0000
      0.0000
      0.0000
      0.0000
      0.0000
      0.0000
      0.0009
      0.0080
      0.0173
      0.0093
      0.0013
      0.0001
      0.0002
      0.0005
     65.5836
     32.7918
      4.0881
      0.1261
      0.0009
      0.0000
      0.0000
      0.0000
      0.0000
      0.0000
      0.0000
      0.0001
      0.0012
      0.0033
      0.0022
      0.0005
      0.0039
      0.0310
      0.0621
    131.1673
     65.5836
      8.1763
      0.2521
      0.0019
      0.0000
      0.0000
      0.0000
      0.0000
      0.0000
      0.0000
      0.0000
      0.0001
      0.0004
      0.0015
      0.0057
      0.1262
      1.0062
      2.0121
     65.5836
     32.7918
      4.0881
      0.1261
      0.0009
      0.0000
      0.0000
      0.0000
      0.0000
      0.0000
      0.0000
      0.0000
      0.0001
      0.0023
      0.0134
      0.0503
      1.0135
      8.0706
     16.1390
      8.1763
      4.0881
      0.5097
      0.0157
      0.0001
      0.0002
      0.0014
      0.0026
      0.0012
      0.0001
      0.0000
      0.0000
      0.0002
      0.0047
      0.0325
      0.1162
      2.0352
     16.1415
     32.2777
      0.2521
      0.1261
      0.0157
      0.0005
      0.0002
      0.0042
      0.0271
      0.0454
      0.0190
      0.0020
      0.0001
      0.0000
      0.0001
      0.0025
      0.0197
      0.0694
      1.0249
      8.0717
     16.1389
      0.0019
      0.0009
      0.0001
      0.0006
      0.0051
      0.0297
      0.1359
      0.1970
      0.0729
      0.0067
      0.0002
      0.0000
      0.0000
      0.0003
      0.0030
      0.0106
      0.1293
      1.0066
      2.0120
      0.0000
      0.0000
      0.0004
      0.0107
      0.0677
      0.1330
      0.2021
      0.2174
      0.0702
      0.0057
      0.0001
      0.0000
      0.0000
      0.0000
      0.0001
      0.0004
      0.0041
      0.0315
      0.0629
      0.0000
      0.0000
      0.0023
      0.0497
      0.2645
      0.3664
      0.2198
      0.1842
      0.0799
      0.0097
      0.0003
      0.0000
      0.0000
      0.0000
      0.0000
      0.0002
      0.0069
      0.0556
      0.1112
      0.0000
      0.0000
      0.0031
      0.0576
      0.2684
      0.5045
      1.8543
      3.8091
      2.0452
      0.2744
      0.0091
      0.0001
      0.0000
      0.0000
      0.0001
      0.0069
      0.2238
      1.7953
      3.5906
      0.0000
      0.0000
      0.0011
      0.0170
      0.1123
      1.7040
     14.1756
     30.4755
     16.3965
      2.2003
      0.0731
      0.0006
      0.0000
      0.0000
      0.0004
      0.0554
      1.7953
     14.4005
     28.8010
      0.0000
      0.0000
      0.0002
      0.0030
      0.1020
      3.2868
     28.3211
     60.9489
     32.7929
      4.4005
      0.1461
      0.0012
      0.0000
      0.0000
      0.0008
      0.1107
      3.5906
     28.8010
     57.6020
