      0.0995
      0.1325
      0.2000
      0.2347
      0.1994
      0.1250
      0.0638
      0.0334
      0.0219
      0.0180
      0.0179
      0.0179
      0.0147
      0.0090
      0.0040
      0.0013
      0.0003
      0.0000
      0.0000
      0.1056
      0.1364
      0.1971
      0.2231
      0.1837
      0.1119
      0.0556
      0.0285
      0.0189
      0.0165
      0.0182
      0.0205
      0.0189
      0.0132
      0.0068
      0.0026
      0.0007
      0.0001
      0.0000
      0.1089
      0.1326
      0.1750
      0.1826
      0.1396
      0.0792
      0.0367
      0.0181
      0.0130
      0.0153
      0.0242
      0.0364
      0.0427
      0.0369
      0.0230
      0.0103
      0.0033
      0.0008
      0.0002
      0.0895
      0.1031
      0.1237
      0.1181
      0.0829
      0.0433
      0.0190
      0.0102
      0.0109
      0.0216
      0.0486
      0.0894
      0.1209
      0.1172
      0.0808
      0.0395
      0.0137
      0.0034
      0.0012
      0.0543
      0.0594
      0.0650
      0.0568
      0.0370
      0.0190
      0.0106
      0.0101
      0.0163
      0.0390
      0.0988
      0.1982
      0.2884
      0.2986
      0.2193
      0.1142
      0.0425
      0.0121
      0.0051
      0.0258
      0.0265
      0.0258
      0.0205
      0.0135
      0.0102
      0.0126
      0.0180
      0.0273
      0.0600
      0.1553
      0.3288
      0.5059
      0.5538
      0.4306
      0.2395
      0.0989
      0.0361
      0.0213
      0.0163
      0.0149
      0.0114
      0.0078
      0.0072
      0.0119
      0.0208
      0.0288
      0.0365
      0.0683
      0.1761
      0.3909
      0.6345
      0.7346
      0.6096
      0.3744
      0.1924
      0.1135
      0.0967
      0.0239
      0.0203
      0.0128
      0.0074
      0.0083
      0.0162
      0.0273
      0.0341
      0.0363
      0.0562
      0.1421
      0.3307
      0.5682
      0.7034
      0.6451
      0.4866
      0.3860
      0.3818
      0.3976
      0.0379
      0.0320
      0.0195
      0.0104
      0.0099
      0.0173
      0.0265
      0.0299
      0.0271
      0.0338
      0.0819
      0.2006
      0.3703
      0.5103
      0.5751
      0.6494
      0.8500
      1.1267
      1.2620
      0.0448
      0.0378
      0.0232
      0.0123
      0.0108
      0.0165
      0.0229
      0.0237
      0.0190
      0.0175
      0.0356
      0.0913
      0.1903
      0.3262
      0.5389
      0.9648
      1.7030
      2.5286
      2.9057
      0.0379
      0.0324
      0.0215
      0.0159
      0.0200
      0.0302
      0.0380
      0.0371
      0.0277
      0.0174
      0.0168
      0.0377
      0.0967
      0.2344
      0.5695
      1.3307
      2.6483
      4.1082
      4.7725
      0.0239
      0.0228
      0.0255
      0.0425
      0.0751
      0.1083
      0.1217
      0.1069
      0.0731
      0.0389
      0.0189
      0.0213
      0.0610
      0.1900
      0.5581
      1.4441
      3.0127
      4.7701
      5.5739
      0.0163
      0.0256
      0.0648
      0.1516
      0.2707
      0.3605
      0.3643
      0.2856
      0.1757
      0.0845
      0.0327
      0.0180
      0.0410
      0.1378
      0.4316
      1.1608
      2.4756
      3.9647
      4.6492
      0.0258
      0.0585
      0.1833
      0.4316
      0.7359
      0.9198
      0.8626
      0.6240
      0.3558
      0.1604
      0.0568
      0.0196
      0.0243
      0.0794
      0.2581
      0.7137
      1.5479
      2.5015
      2.9417
      0.0543
      0.1268
      0.3923
      0.8927
      1.4674
      1.7755
      1.6294
      1.1749
      0.6824
      0.3181
      0.1158
      0.0335
      0.0165
      0.0458
      0.1688
      0.5077
      1.1499
      1.8945
      2.2401
      0.0895
      0.2028
      0.6055
      1.3402
      2.1739
      2.6690
      2.5929
      2.0678
      1.3556
      0.7050
      0.2779
      0.0812
      0.0257
      0.0594
      0.2628
      0.8718
      2.0610
      3.4553
      4.1048
      0.1089
      0.2381
      0.6883
      1.5058
      2.5014
      3.3234
      3.6941
      3.4370
      2.5607
      1.4492
      0.6000
      0.1793
      0.0540
      0.1221
      0.5631
      1.9039
      4.5358
      7.6271
      9.0679
      0.1056
      0.2234
      0.6301
      1.3909
      2.4595
      3.6890
      4.7344
      4.9491
      3.9633
      2.3308
      0.9836
      0.2967
      0.0894
      0.2024
      0.9379
      3.1771
      7.5746
     12.7406
     15.1486
      0.0995
      0.2071
      0.5782
      1.2910
      2.3809
      3.8095
      5.1933
      5.6482
      4.6194
      2.7443
      1.1636
      0.3517
      0.1062
      0.2404
      1.1143
      3.7752
      9.0011
     15.1404
     18.0021
