      0.0008
      0.0020
      0.0049
      0.0066
      0.0049
      0.0020
      0.0005
      0.0003
      0.0010
      0.0042
      0.0104
      0.0139
      0.0101
      0.0040
      0.0008
      0.0001
      0.0000
      0.0000
      0.0000
      0.0012
      0.0025
      0.0056
      0.0070
      0.0047
      0.0018
      0.0004
      0.0002
      0.0008
      0.0035
      0.0092
      0.0133
      0.0106
      0.0046
      0.0011
      0.0001
      0.0000
      0.0000
      0.0000
      0.0016
      0.0029
      0.0056
      0.0060
      0.0035
      0.0011
      0.0002
      0.0001
      0.0004
      0.0019
      0.0061
      0.0109
      0.0110
      0.0064
      0.0021
      0.0004
      0.0000
      0.0000
      0.0000
      0.0016
      0.0023
      0.0034
      0.0031
      0.0016
      0.0004
      0.0001
      0.0000
      0.0002
      0.0012
      0.0057
      0.0162
      0.0263
      0.0239
      0.0121
      0.0033
      0.0005
      0.0000
      0.0000
      0.0132
      0.0101
      0.0048
      0.0017
      0.0005
      0.0001
      0.0000
      0.0000
      0.0002
      0.0024
      0.0159
      0.0580
      0.1144
      0.1221
      0.0705
      0.0220
      0.0037
      0.0003
      0.0000
      0.2114
      0.1555
      0.0618
      0.0133
      0.0015
      0.0001
      0.0000
      0.0001
      0.0004
      0.0048
      0.0358
      0.1447
      0.3147
      0.3694
      0.2342
      0.0801
      0.0147
      0.0015
      0.0002
      1.8548
      1.3632
      0.5406
      0.1152
      0.0131
      0.0008
      0.0001
      0.0002
      0.0005
      0.0055
      0.0446
      0.1977
      0.4711
      0.6059
      0.4211
      0.1582
      0.0327
      0.0053
      0.0029
      8.7005
      6.3945
      2.5356
      0.5406
      0.0616
      0.0038
      0.0003
      0.0003
      0.0004
      0.0034
      0.0301
      0.1461
      0.3820
      0.5396
      0.4140
      0.1760
      0.0526
      0.0356
      0.0415
     21.9417
     16.1262
      6.3945
      1.3632
      0.1553
      0.0095
      0.0006
      0.0004
      0.0003
      0.0012
      0.0110
      0.0593
      0.1736
      0.2825
      0.2665
      0.1728
      0.1608
      0.2759
      0.3590
     29.8544
     21.9417
      8.7005
      1.8548
      0.2115
      0.0138
      0.0032
      0.0041
      0.0033
      0.0016
      0.0028
      0.0170
      0.0711
      0.1885
      0.3231
      0.4169
      0.6709
      1.2842
      1.6812
     21.9417
     16.1262
      6.3945
      1.3635
      0.1581
      0.0230
      0.0357
      0.0498
      0.0378
      0.0156
      0.0043
      0.0119
      0.0816
      0.3224
      0.7227
      1.0813
      1.7539
      3.2643
      4.2470
      8.7005
      6.3945
      2.5358
      0.5435
      0.0845
      0.1059
      0.2496
      0.3309
      0.2376
      0.0921
      0.0200
      0.0144
      0.0996
      0.4343
      1.0517
      1.6363
      2.5402
      4.5084
      5.8046
      1.8548
      1.3633
      0.5423
      0.1312
      0.1173
      0.4180
      0.9472
      1.1818
      0.8013
      0.2936
      0.0583
      0.0140
      0.0696
      0.3244
      0.8383
      1.3543
      2.0183
      3.3876
      4.2999
      0.2114
      0.1562
      0.0705
      0.0719
      0.2866
      0.9586
      1.9690
      2.2912
      1.4639
      0.5070
      0.0947
      0.0122
      0.0266
      0.1310
      0.3613
      0.6092
      0.8799
      1.3908
      1.7340
      0.0132
      0.0130
      0.0339
      0.1521
      0.5224
      1.3448
      2.3798
      2.5527
      1.5456
      0.5131
      0.0922
      0.0094
      0.0058
      0.0285
      0.0848
      0.1562
      0.2472
      0.4061
      0.5088
      0.0016
      0.0084
      0.0608
      0.2600
      0.7172
      1.5038
      2.4494
      2.6719
      1.7258
      0.6263
      0.1251
      0.0137
      0.0014
      0.0038
      0.0187
      0.0924
      0.3698
      0.9020
      1.2208
      0.0016
      0.0100
      0.0697
      0.2892
      0.8692
      2.3222
      4.8687
      6.3717
      4.7007
      1.8962
      0.4136
      0.0484
      0.0031
      0.0027
      0.0398
      0.3444
      1.6109
      4.0601
      5.5238
      0.0012
      0.0071
      0.0491
      0.2412
      1.1162
      4.3567
     10.7723
     14.9545
     11.3148
      4.6294
      1.0192
      0.1200
      0.0077
      0.0062
      0.0986
      0.8651
      4.0578
     10.2331
     13.9234
      0.0008
      0.0048
      0.0347
      0.2127
      1.2893
      5.6618
     14.4554
     20.2351
     15.3499
      6.2873
      1.3851
      0.1631
      0.0104
      0.0084
      0.1341
      1.1770
      5.5210
     13.9233
     18.9444
