      0.0068
      0.0080
      0.0106
      0.0128
      0.0145
      0.0183
      0.0253
      0.0328
      0.0419
      0.0587
      0.0812
      0.0911
      0.0757
      0.0451
      0.0191
      0.0057
      0.0012
      0.0002
      0.0001
      0.0070
      0.0081
      0.0106
      0.0123
      0.0133
      0.0161
      0.0215
      0.0278
      0.0359
      0.0521
      0.0751
      0.0884
      0.0777
      0.0497
      0.0229
      0.0076
      0.0018
      0.0003
      0.0001
      0.0095
      0.0101
      0.0110
      0.0110
      0.0102
      0.0108
      0.0134
      0.0170
      0.0237
      0.0397
      0.0671
      0.0934
      0.0985
      0.0766
      0.0437
      0.0181
      0.0054
      0.0012
      0.0004
      0.0360
      0.0318
      0.0224
      0.0135
      0.0080
      0.0060
      0.0065
      0.0088
      0.0156
      0.0367
      0.0824
      0.1452
      0.1881
      0.1760
      0.1181
      0.0565
      0.0193
      0.0048
      0.0016
      0.2177
      0.1839
      0.1112
      0.0487
      0.0163
      0.0056
      0.0043
      0.0068
      0.0165
      0.0508
      0.1375
      0.2773
      0.4010
      0.4125
      0.3010
      0.1557
      0.0574
      0.0160
      0.0065
      1.0402
      0.8752
      0.5211
      0.2194
      0.0660
      0.0162
      0.0075
      0.0102
      0.0227
      0.0715
      0.2068
      0.4467
      0.6885
      0.7523
      0.5826
      0.3212
      0.1297
      0.0455
      0.0261
      3.5222
      2.9624
      1.7615
      0.7394
      0.2199
      0.0500
      0.0161
      0.0154
      0.0268
      0.0775
      0.2321
      0.5288
      0.8607
      0.9941
      0.8176
      0.4900
      0.2399
      0.1361
      0.1162
      8.3967
      7.0620
      4.1986
      1.7617
      0.5223
      0.1147
      0.0285
      0.0188
      0.0245
      0.0613
      0.1871
      0.4493
      0.7748
      0.9542
      0.8558
      0.6114
      0.4576
      0.4573
      0.4861
     14.1236
     11.8785
      7.0621
      2.9631
      0.8776
      0.1900
      0.0419
      0.0218
      0.0209
      0.0378
      0.1106
      0.2809
      0.5247
      0.7198
      0.7768
      0.8082
      1.0233
      1.3933
      1.5875
     16.7930
     14.1236
      8.3971
      3.5241
      1.0470
      0.2343
      0.0643
      0.0434
      0.0365
      0.0328
      0.0582
      0.1488
      0.3219
      0.5500
      0.8249
      1.2969
      2.1751
      3.2479
      3.7608
     14.1236
     11.8786
      7.0635
      2.9701
      0.9016
      0.2474
      0.1395
      0.1392
      0.1174
      0.0752
      0.0539
      0.0970
      0.2477
      0.5435
      1.0513
      1.9901
      3.5997
      5.4665
      6.3425
      8.3967
      7.0627
      4.2041
      1.7875
      0.6063
      0.3090
      0.3481
      0.3910
      0.3237
      0.1926
      0.0943
      0.0912
      0.2272
      0.5607
      1.1934
      2.3686
      4.3243
      6.5504
      7.5880
      3.5222
      2.9644
      1.7760
      0.8033
      0.4188
      0.4928
      0.7193
      0.8082
      0.6499
      0.3719
      0.1593
      0.0915
      0.1809
      0.4612
      1.0181
      2.0439
      3.7106
      5.5809
      6.4481
      1.0402
      0.8793
      0.5493
      0.3359
      0.4098
      0.7504
      1.1347
      1.2451
      0.9742
      0.5416
      0.2176
      0.0856
      0.1104
      0.2767
      0.6278
      1.2737
      2.3037
      3.4441
      3.9699
      0.2177
      0.1906
      0.1545
      0.2177
      0.4941
      0.9971
      1.5001
      1.6301
      1.2679
      0.7026
      0.2779
      0.0871
      0.0561
      0.1243
      0.3005
      0.6510
      1.2249
      1.8617
      2.1546
      0.0360
      0.0408
      0.0802
      0.2377
      0.6470
      1.3590
      2.1054
      2.3629
      1.9035
      1.0943
      0.4474
      0.1322
      0.0409
      0.0603
      0.1898
      0.5313
      1.1641
      1.8937
      2.2322
      0.0095
      0.0210
      0.0847
      0.3162
      0.9395
      2.0975
      3.4175
      4.0051
      3.3514
      1.9935
      0.8398
      0.2507
      0.0618
      0.0676
      0.2748
      0.9060
      2.1376
      3.5810
      4.2533
      0.0070
      0.0206
      0.1008
      0.4152
      1.3146
      3.0613
      5.1333
      6.1418
      5.2214
      3.1454
      1.3388
      0.4024
      0.0973
      0.1024
      0.4355
      1.4693
      3.4995
      5.8841
      6.9956
      0.0068
      0.0211
      0.1086
      0.4631
      1.4981
      3.5331
      5.9702
      7.1792
      6.1250
      3.6996
      1.5780
      0.4750
      0.1147
      0.1207
      0.5152
      1.7417
      4.1517
      6.9830
      8.3027
