      0.2690
      0.2961
      0.3515
      0.3825
      0.3588
      0.2960
      0.2342
      0.2041
      0.2137
      0.2519
      0.2919
      0.3000
      0.2590
      0.1829
      0.1045
      0.0480
      0.0178
      0.0057
      0.0028
      0.2684
      0.2923
      0.3398
      0.3627
      0.3348
      0.2724
      0.2135
      0.1855
      0.1952
      0.2324
      0.2727
      0.2845
      0.2499
      0.1803
      0.1055
      0.0498
      0.0191
      0.0063
      0.0032
      0.2620
      0.2774
      0.3047
      0.3082
      0.2719
      0.2136
      0.1640
      0.1427
      0.1532
      0.1874
      0.2270
      0.2466
      0.2277
      0.1741
      0.1089
      0.0555
      0.0232
      0.0086
      0.0047
      0.2542
      0.2577
      0.2582
      0.2383
      0.1959
      0.1480
      0.1147
      0.1049
      0.1170
      0.1456
      0.1812
      0.2071
      0.2055
      0.1714
      0.1183
      0.0675
      0.0325
      0.0147
      0.0096
      0.2920
      0.2792
      0.2432
      0.1923
      0.1414
      0.1056
      0.0917
      0.0952
      0.1084
      0.1284
      0.1557
      0.1841
      0.1974
      0.1821
      0.1415
      0.0934
      0.0553
      0.0339
      0.0275
      0.4692
      0.4289
      0.3296
      0.2191
      0.1387
      0.1034
      0.1030
      0.1161
      0.1265
      0.1343
      0.1505
      0.1793
      0.2067
      0.2122
      0.1888
      0.1500
      0.1152
      0.0950
      0.0889
      0.8678
      0.7811
      0.5720
      0.3501
      0.1997
      0.1391
      0.1370
      0.1496
      0.1511
      0.1443
      0.1497
      0.1806
      0.2267
      0.2637
      0.2767
      0.2722
      0.2667
      0.2672
      0.2688
      1.4519
      1.3024
      0.9433
      0.5640
      0.3056
      0.1935
      0.1722
      0.1739
      0.1626
      0.1429
      0.1420
      0.1807
      0.2562
      0.3475
      0.4362
      0.5193
      0.5995
      0.6654
      0.6919
      2.0056
      1.7981
      1.3000
      0.7731
      0.4108
      0.2451
      0.2003
      0.1885
      0.1657
      0.1371
      0.1344
      0.1873
      0.3063
      0.4823
      0.6991
      0.9424
      1.1889
      1.3857
      1.4626
      2.2366
      2.0060
      1.4533
      0.8712
      0.4744
      0.2960
      0.2487
      0.2330
      0.2002
      0.1585
      0.1479
      0.2121
      0.3806
      0.6611
      1.0431
      1.5012
      1.9775
      2.3587
      2.5073
      2.0056
      1.8027
      1.3203
      0.8238
      0.5066
      0.3911
      0.3832
      0.3771
      0.3244
      0.2451
      0.1995
      0.2526
      0.4521
      0.8198
      1.3498
      2.0064
      2.6994
      3.2563
      3.4736
      1.4519
      1.3162
      1.0035
      0.7118
      0.5793
      0.6016
      0.6710
      0.6741
      0.5708
      0.4099
      0.2867
      0.2894
      0.4749
      0.8670
      1.4592
      2.2088
      3.0072
      3.6506
      3.9018
      0.8678
      0.8119
      0.7045
      0.6679
      0.7707
      0.9635
      1.1118
      1.0957
      0.8982
      0.6145
      0.3811
      0.3015
      0.4250
      0.7638
      1.3067
      2.0118
      2.7719
      3.3876
      3.6283
      0.4692
      0.4841
      0.5627
      0.7629
      1.0822
      1.4138
      1.5938
      1.5105
      1.1897
      0.7780
      0.4418
      0.2816
      0.3255
      0.5698
      1.0053
      1.6042
      2.2745
      2.8291
      3.0479
      0.2920
      0.3594
      0.5758
      0.9479
      1.4078
      1.7969
      1.9395
      1.7572
      1.3280
      0.8341
      0.4447
      0.2405
      0.2282
      0.4016
      0.7756
      1.3573
      2.0665
      2.6830
      2.9315
      0.2542
      0.3524
      0.6462
      1.1019
      1.6027
      1.9644
      2.0294
      1.7663
      1.2904
      0.7872
      0.4045
      0.2000
      0.1746
      0.3462
      0.7868
      1.5628
      2.5859
      3.5133
      3.8938
      0.2620
      0.3706
      0.6843
      1.1417
      1.6049
      1.8969
      1.8973
      1.6112
      1.1592
      0.7022
      0.3595
      0.1774
      0.1713
      0.4065
      1.0367
      2.2041
      3.7907
      5.2517
      5.8549
      0.2684
      0.3749
      0.6752
      1.0954
      1.4977
      1.7291
      1.7030
      1.4392
      1.0414
      0.6400
      0.3345
      0.1731
      0.1933
      0.5080
      1.3473
      2.9201
      5.0740
      7.0652
      7.8888
      0.2690
      0.3727
      0.6627
      1.0620
      1.4362
      1.6452
      1.6151
      1.3682
      0.9974
      0.6196
      0.3282
      0.1743
      0.2059
      0.5562
      1.4864
      3.2328
      5.6277
      7.8432
      8.7599
