      0.1169
      0.1275
      0.1509
      0.1718
      0.1828
      0.1893
      0.1982
      0.2094
      0.2207
      0.2325
      0.2404
      0.2309
      0.1939
      0.1364
      0.0786
      0.0368
      0.0142
      0.0050
      0.0028
      0.1177
      0.1269
      0.1469
      0.1635
      0.1705
      0.1737
      0.1801
      0.1902
      0.2022
      0.2167
      0.2291
      0.2260
      0.1955
      0.1423
      0.0853
      0.0418
      0.0169
      0.0062
      0.0034
      0.1241
      0.1290
      0.1385
      0.1428
      0.1398
      0.1359
      0.1379
      0.1466
      0.1613
      0.1829
      0.2077
      0.2219
      0.2093
      0.1671
      0.1106
      0.0601
      0.0270
      0.0108
      0.0063
      0.1629
      0.1587
      0.1463
      0.1278
      0.1091
      0.0981
      0.0987
      0.1095
      0.1291
      0.1598
      0.2013
      0.2406
      0.2541
      0.2268
      0.1673
      0.1013
      0.0511
      0.0237
      0.0155
      0.3152
      0.2901
      0.2279
      0.1582
      0.1069
      0.0844
      0.0864
      0.1025
      0.1270
      0.1647
      0.2227
      0.2910
      0.3372
      0.3287
      0.2642
      0.1757
      0.1005
      0.0567
      0.0432
      0.7242
      0.6525
      0.4795
      0.2941
      0.1656
      0.1110
      0.1084
      0.1271
      0.1512
      0.1882
      0.2559
      0.3508
      0.4327
      0.4508
      0.3906
      0.2883
      0.1962
      0.1423
      0.1261
      1.5140
      1.3578
      0.9819
      0.5818
      0.3042
      0.1784
      0.1529
      0.1635
      0.1774
      0.2032
      0.2684
      0.3785
      0.4923
      0.5488
      0.5228
      0.4497
      0.3866
      0.3588
      0.3536
      2.6123
      2.3407
      1.6870
      0.9899
      0.5011
      0.2665
      0.1970
      0.1873
      0.1836
      0.1913
      0.2429
      0.3526
      0.4898
      0.6005
      0.6605
      0.7007
      0.7642
      0.8427
      0.8800
      3.6343
      3.2558
      2.3447
      1.3715
      0.6833
      0.3420
      0.2255
      0.1930
      0.1725
      0.1627
      0.1957
      0.2945
      0.4498
      0.6339
      0.8411
      1.1010
      1.4217
      1.7179
      1.8420
      4.0579
      3.6358
      2.6196
      1.5347
      0.7675
      0.3856
      0.2520
      0.2101
      0.1786
      0.1519
      0.1627
      0.2455
      0.4178
      0.6891
      1.0849
      1.6395
      2.3140
      2.9132
      3.1585
      3.6343
      3.2582
      2.3551
      1.3977
      0.7333
      0.4190
      0.3227
      0.2927
      0.2503
      0.1953
      0.1708
      0.2275
      0.4078
      0.7532
      1.3187
      2.1444
      3.1483
      4.0307
      4.3894
      2.6123
      2.3476
      1.7180
      1.0686
      0.6518
      0.4984
      0.4876
      0.4815
      0.4140
      0.3046
      0.2203
      0.2307
      0.3919
      0.7594
      1.4000
      2.3539
      3.5137
      4.5287
      4.9400
      1.5140
      1.3731
      1.0495
      0.7515
      0.6252
      0.6651
      0.7529
      0.7617
      0.6447
      0.4540
      0.2884
      0.2329
      0.3417
      0.6623
      1.2537
      2.1480
      3.2373
      4.1889
      4.5738
      0.7242
      0.6792
      0.5964
      0.5821
      0.6984
      0.9011
      1.0629
      1.0630
      0.8783
      0.5972
      0.3486
      0.2242
      0.2649
      0.4996
      0.9732
      1.7124
      2.6244
      3.4245
      3.7486
      0.3152
      0.3285
      0.3941
      0.5604
      0.8357
      1.1442
      1.3458
      1.3234
      1.0739
      0.7152
      0.3979
      0.2162
      0.1996
      0.3674
      0.7673
      1.4387
      2.2996
      3.0692
      3.3831
      0.1629
      0.2051
      0.3459
      0.6072
      0.9714
      1.3457
      1.5796
      1.5505
      1.2594
      0.8400
      0.4621
      0.2311
      0.1805
      0.3428
      0.8027
      1.6397
      2.7612
      3.7858
      4.2076
      0.1241
      0.1776
      0.3486
      0.6518
      1.0662
      1.4975
      1.7857
      1.7856
      1.4796
      1.0062
      0.5613
      0.2777
      0.2105
      0.4270
      1.0766
      2.3016
      3.9750
      5.5189
      6.1569
      0.1177
      0.1740
      0.3529
      0.6714
      1.1167
      1.6014
      1.9550
      2.0020
      1.6961
      1.1764
      0.6671
      0.3339
      0.2584
      0.5446
      1.4065
      3.0457
      5.2964
      7.3784
      8.2397
      0.1169
      0.1733
      0.3530
      0.6752
      1.1321
      1.6404
      2.0248
      2.0949
      1.7908
      1.2514
      0.7141
      0.3595
      0.2810
      0.5986
      1.5533
      3.3713
      5.8698
      8.1822
      9.1390
