      0.0416
      0.0553
      0.0836
      0.0993
      0.0887
      0.0661
      0.0511
      0.0452
      0.0408
      0.0380
      0.0394
      0.0394
      0.0316
      0.0187
      0.0079
      0.0024
      0.0005
      0.0001
      0.0000
      0.0443
      0.0571
      0.0825
      0.0944
      0.0816
      0.0587
      0.0439
      0.0383
      0.0347
      0.0333
      0.0362
      0.0383
      0.0326
      0.0207
      0.0095
      0.0032
      0.0008
      0.0001
      0.0000
      0.0485
      0.0579
      0.0748
      0.0779
      0.0618
      0.0407
      0.0279
      0.0233
      0.0219
      0.0239
      0.0314
      0.0402
      0.0415
      0.0321
      0.0183
      0.0076
      0.0023
      0.0005
      0.0002
      0.0676
      0.0685
      0.0670
      0.0563
      0.0383
      0.0221
      0.0135
      0.0110
      0.0122
      0.0191
      0.0364
      0.0614
      0.0787
      0.0735
      0.0492
      0.0236
      0.0081
      0.0021
      0.0008
      0.2327
      0.2015
      0.1323
      0.0682
      0.0292
      0.0119
      0.0066
      0.0066
      0.0102
      0.0236
      0.0586
      0.1158
      0.1667
      0.1713
      0.1251
      0.0650
      0.0246
      0.0079
      0.0041
      1.0278
      0.8665
      0.5194
      0.2220
      0.0688
      0.0177
      0.0078
      0.0087
      0.0138
      0.0328
      0.0873
      0.1856
      0.2853
      0.3121
      0.2430
      0.1372
      0.0618
      0.0312
      0.0250
      3.4553
      2.9066
      1.7290
      0.7265
      0.2164
      0.0493
      0.0155
      0.0136
      0.0175
      0.0364
      0.0980
      0.2195
      0.3569
      0.4143
      0.3483
      0.2290
      0.1530
      0.1402
      0.1457
      8.2321
      6.9236
      4.1164
      1.7273
      0.5121
      0.1121
      0.0273
      0.0169
      0.0172
      0.0296
      0.0793
      0.1867
      0.3230
      0.4063
      0.3958
      0.3700
      0.4397
      0.5887
      0.6688
     13.8460
     11.6451
      6.9233
      2.9047
      0.8598
      0.1848
      0.0384
      0.0175
      0.0143
      0.0187
      0.0470
      0.1174
      0.2232
      0.3294
      0.4463
      0.7063
      1.2469
      1.9117
      2.2271
     16.4630
     13.8460
      8.2319
      3.4541
      1.0235
      0.2219
      0.0488
      0.0243
      0.0185
      0.0153
      0.0248
      0.0631
      0.1443
      0.2914
      0.6123
      1.3815
      2.8180
      4.4907
      5.2694
     13.8460
     11.6453
      6.9246
      2.9095
      0.8726
      0.2110
      0.0789
      0.0639
      0.0515
      0.0325
      0.0230
      0.0420
      0.1176
      0.3198
      0.8608
      2.1948
      4.6584
      7.5052
      8.8269
      8.2321
      6.9249
      4.1234
      1.7504
      0.5683
      0.2176
      0.1785
      0.1793
      0.1422
      0.0831
      0.0404
      0.0397
      0.1095
      0.3355
      0.9762
      2.5690
      5.5063
      8.8975
     10.4719
      3.4553
      2.9115
      1.7554
      0.8060
      0.3904
      0.3419
      0.3974
      0.3938
      0.2958
      0.1635
      0.0690
      0.0397
      0.0868
      0.2730
      0.8141
      2.1586
      4.6325
      7.4863
      8.8111
      1.0278
      0.8807
      0.5919
      0.4255
      0.4729
      0.6272
      0.7249
      0.6649
      0.4671
      0.2447
      0.0954
      0.0372
      0.0525
      0.1622
      0.4912
      1.3080
      2.8058
      4.5309
      5.3314
      0.2327
      0.2306
      0.2770
      0.4552
      0.7472
      1.0114
      1.0937
      0.9410
      0.6325
      0.3226
      0.1221
      0.0376
      0.0266
      0.0742
      0.2356
      0.6468
      1.4057
      2.2805
      2.6863
      0.0676
      0.1110
      0.2757
      0.6032
      1.0286
      1.3782
      1.4918
      1.3129
      0.9164
      0.4882
      0.1922
      0.0560
      0.0195
      0.0425
      0.1641
      0.5105
      1.1750
      1.9497
      2.3101
      0.0485
      0.1028
      0.2962
      0.6661
      1.1669
      1.6692
      1.9985
      1.9588
      1.4966
      0.8530
      0.3525
      0.1047
      0.0299
      0.0577
      0.2580
      0.8643
      2.0515
      3.4448
      4.0940
      0.0443
      0.0943
      0.2712
      0.6223
      1.1704
      1.8830
      2.5527
      2.7513
      2.2322
      1.3182
      0.5565
      0.1674
      0.0472
      0.0907
      0.4142
      1.4016
      3.3405
      5.6180
      6.6796
      0.0416
      0.0875
      0.2501
      0.5842
      1.1514
      1.9705
      2.8136
      3.1329
      2.5873
      1.5422
      0.6544
      0.1974
      0.0557
      0.1072
      0.4907
      1.6616
      3.9615
      6.6633
      7.9227
