      0.0006
      0.0014
      0.0033
      0.0045
      0.0033
      0.0014
      0.0005
      0.0004
      0.0004
      0.0006
      0.0012
      0.0016
      0.0011
      0.0004
      0.0001
      0.0000
      0.0000
      0.0000
      0.0000
      0.0008
      0.0017
      0.0038
      0.0047
      0.0032
      0.0012
      0.0004
      0.0003
      0.0003
      0.0005
      0.0011
      0.0015
      0.0013
      0.0006
      0.0002
      0.0000
      0.0000
      0.0000
      0.0000
      0.0011
      0.0020
      0.0038
      0.0041
      0.0024
      0.0008
      0.0002
      0.0001
      0.0001
      0.0003
      0.0010
      0.0021
      0.0028
      0.0021
      0.0009
      0.0002
      0.0000
      0.0000
      0.0000
      0.0014
      0.0018
      0.0024
      0.0021
      0.0011
      0.0003
      0.0001
      0.0000
      0.0001
      0.0005
      0.0031
      0.0100
      0.0178
      0.0172
      0.0090
      0.0025
      0.0004
      0.0000
      0.0000
      0.0200
      0.0150
      0.0064
      0.0018
      0.0004
      0.0001
      0.0000
      0.0000
      0.0002
      0.0018
      0.0123
      0.0451
      0.0894
      0.0958
      0.0554
      0.0173
      0.0029
      0.0003
      0.0000
      0.3259
      0.2396
      0.0951
      0.0203
      0.0023
      0.0002
      0.0001
      0.0001
      0.0004
      0.0038
      0.0282
      0.1140
      0.2480
      0.2911
      0.1846
      0.0632
      0.0117
      0.0013
      0.0003
      2.8603
      2.1022
      0.8336
      0.1777
      0.0203
      0.0013
      0.0002
      0.0003
      0.0006
      0.0044
      0.0352
      0.1558
      0.3714
      0.4776
      0.3318
      0.1248
      0.0268
      0.0070
      0.0061
     13.4171
      9.8610
      3.9102
      0.8336
      0.0950
      0.0059
      0.0005
      0.0005
      0.0005
      0.0027
      0.0237
      0.1151
      0.3006
      0.4236
      0.3234
      0.1394
      0.0583
      0.0746
      0.0966
     33.8363
     24.8682
      9.8610
      2.1022
      0.2395
      0.0146
      0.0008
      0.0004
      0.0003
      0.0009
      0.0086
      0.0460
      0.1320
      0.2058
      0.1813
      0.1371
      0.2713
      0.6248
      0.8436
     46.0385
     33.8363
     13.4171
      2.8603
      0.3259
      0.0199
      0.0011
      0.0006
      0.0004
      0.0003
      0.0018
      0.0103
      0.0345
      0.0678
      0.1060
      0.3074
      1.1865
      2.9150
      3.9517
     33.8363
     24.8682
      9.8610
      2.1022
      0.2398
      0.0160
      0.0045
      0.0056
      0.0043
      0.0018
      0.0006
      0.0023
      0.0126
      0.0468
      0.1570
      0.7224
      2.9743
      7.3426
      9.9594
     13.4171
      9.8610
      3.9102
      0.8341
      0.0981
      0.0180
      0.0288
      0.0373
      0.0267
      0.0103
      0.0022
      0.0017
      0.0116
      0.0548
      0.2113
      0.9908
      4.0528
      9.9888
     13.5471
      2.8603
      2.1023
      0.8343
      0.1821
      0.0386
      0.0572
      0.1131
      0.1353
      0.0905
      0.0330
      0.0066
      0.0016
      0.0079
      0.0404
      0.1615
      0.7425
      2.9912
      7.3455
      9.9570
      0.3259
      0.2401
      0.0999
      0.0446
      0.0772
      0.1643
      0.2633
      0.2770
      0.1713
      0.0589
      0.0110
      0.0014
      0.0030
      0.0163
      0.0672
      0.3028
      1.1978
      2.9265
      3.9635
      0.0200
      0.0169
      0.0248
      0.0840
      0.2105
      0.3544
      0.4514
      0.4235
      0.2543
      0.0883
      0.0170
      0.0018
      0.0007
      0.0036
      0.0167
      0.0809
      0.3252
      0.7956
      1.0776
      0.0014
      0.0059
      0.0404
      0.1634
      0.3988
      0.7069
      1.0660
      1.2103
      0.8490
      0.3353
      0.0723
      0.0084
      0.0006
      0.0013
      0.0164
      0.1360
      0.6310
      1.5878
      2.1597
      0.0011
      0.0068
      0.0471
      0.1951
      0.5923
      1.6342
      3.5429
      4.7473
      3.5592
      1.4522
      0.3194
      0.0376
      0.0025
      0.0042
      0.0686
      0.6019
      2.8229
      7.1188
      9.6859
      0.0008
      0.0048
      0.0338
      0.1727
      0.8428
      3.3802
      8.4322
     11.7427
      8.8978
      3.6436
      0.8026
      0.0945
      0.0062
      0.0106
      0.1728
      1.5167
      7.1145
     17.9419
     24.4122
      0.0006
      0.0033
      0.0243
      0.1579
      0.9986
      4.4437
     11.3810
     15.9441
     12.0982
      4.9560
      1.0919
      0.1286
      0.0085
      0.0145
      0.2351
      2.0636
      9.6801
     24.4120
     33.2155
