      0.4933
      0.5061
      0.5329
      0.5492
      0.5377
      0.4983
      0.4431
      0.3840
      0.3267
      0.2728
      0.2232
      0.1782
      0.1374
      0.1009
      0.0700
      0.0470
      0.0327
      0.0258
      0.0239
      0.4966
      0.5061
      0.5249
      0.5322
      0.5140
      0.4724
      0.4191
      0.3649
      0.3145
      0.2684
      0.2263
      0.1876
      0.1507
      0.1150
      0.0824
      0.0561
      0.0384
      0.0289
      0.0261
      0.5261
      0.5256
      0.5193
      0.4982
      0.4594
      0.4101
      0.3613
      0.3202
      0.2875
      0.2612
      0.2387
      0.2164
      0.1902
      0.1575
      0.1205
      0.0851
      0.0576
      0.0410
      0.0355
      0.6464
      0.6270
      0.5730
      0.4975
      0.4181
      0.3509
      0.3046
      0.2786
      0.2669
      0.2637
      0.2644
      0.2635
      0.2527
      0.2262
      0.1851
      0.1384
      0.0975
      0.0708
      0.0617
      0.9664
      0.9138
      0.7766
      0.6042
      0.4484
      0.3402
      0.2838
      0.2654
      0.2680
      0.2812
      0.3005
      0.3197
      0.3276
      0.3131
      0.2742
      0.2214
      0.1709
      0.1361
      0.1240
      1.5948
      1.4892
      1.2173
      0.8849
      0.5966
      0.4073
      0.3150
      0.2864
      0.2884
      0.3047
      0.3323
      0.3671
      0.3962
      0.4035
      0.3824
      0.3413
      0.2977
      0.2666
      0.2557
      2.5460
      2.3668
      1.9067
      1.3475
      0.8651
      0.5476
      0.3867
      0.3252
      0.3097
      0.3157
      0.3413
      0.3862
      0.4391
      0.4818
      0.5034
      0.5073
      0.5044
      0.5022
      0.5018
      3.6484
      3.3868
      2.7154
      1.8987
      1.1911
      0.7180
      0.4668
      0.3564
      0.3124
      0.3005
      0.3179
      0.3687
      0.4470
      0.5388
      0.6332
      0.7256
      0.8106
      0.8742
      0.8983
      4.5562
      4.2279
      3.3849
      2.3574
      1.4622
      0.8549
      0.5213
      0.3636
      0.2916
      0.2619
      0.2696
      0.3229
      0.4252
      0.5742
      0.7646
      0.9841
      1.2024
      1.3688
      1.4316
      4.9101
      4.5570
      3.6500
      2.5427
      1.5741
      0.9103
      0.5371
      0.3527
      0.2623
      0.2191
      0.2170
      0.2680
      0.3873
      0.5886
      0.8778
      1.2373
      1.6081
      1.8948
      2.0035
      4.5562
      4.2326
      3.4014
      2.3870
      1.4984
      0.8855
      0.5338
      0.3511
      0.2525
      0.1970
      0.1811
      0.2216
      0.3442
      0.5778
      0.9404
      1.4122
      1.9110
      2.3012
      2.4499
      3.6484
      3.3992
      2.7604
      1.9839
      1.3058
      0.8356
      0.5560
      0.3940
      0.2879
      0.2129
      0.1739
      0.1925
      0.3009
      0.5367
      0.9262
      1.4504
      2.0149
      2.4607
      2.6313
      2.5460
      2.3915
      1.9983
      1.5269
      1.1205
      0.8350
      0.6464
      0.5052
      0.3804
      0.2713
      0.1962
      0.1817
      0.2612
      0.4730
      0.8453
      1.3609
      1.9247
      2.3738
      2.5462
      1.5948
      1.5297
      1.3691
      1.1876
      1.0397
      0.9276
      0.8181
      0.6830
      0.5233
      0.3652
      0.2431
      0.1889
      0.2343
      0.4137
      0.7532
      1.2367
      1.7731
      2.2035
      2.3694
      0.9664
      0.9698
      0.9881
      1.0303
      1.0817
      1.1005
      1.0443
      0.9007
      0.6965
      0.4824
      0.3090
      0.2152
      0.2329
      0.3946
      0.7252
      1.2085
      1.7513
      2.1899
      2.3594
      0.6464
      0.6941
      0.8277
      1.0145
      1.1950
      1.2984
      1.2742
      1.1183
      0.8738
      0.6086
      0.3876
      0.2599
      0.2634
      0.4360
      0.8065
      1.3570
      1.9804
      2.4862
      2.6821
      0.5261
      0.5975
      0.7934
      1.0587
      1.3107
      1.4632
      1.4601
      1.2988
      1.0282
      0.7255
      0.4672
      0.3142
      0.3165
      0.5236
      0.9736
      1.6462
      2.4103
      3.0316
      3.2724
      0.4966
      0.5784
      0.8013
      1.1013
      1.3862
      1.5640
      1.5756
      1.4162
      1.1343
      0.8104
      0.5285
      0.3602
      0.3671
      0.6114
      1.1404
      1.9319
      2.8321
      3.5645
      3.8485
      0.4933
      0.5778
      0.8078
      1.1169
      1.4110
      1.5967
      1.6140
      1.4567
      1.1723
      0.8417
      0.5519
      0.3783
      0.3880
      0.6480
      1.2101
      2.0509
      3.0074
      3.7857
      4.0875
