      0.5045
      0.5109
      0.5221
      0.5218
      0.5009
      0.4664
      0.4366
      0.4289
      0.4494
      0.4879
      0.5207
      0.5199
      0.4696
      0.3757
      0.2631
      0.1604
      0.0859
      0.0438
      0.0305
      0.4899
      0.4950
      0.5030
      0.4990
      0.4757
      0.4407
      0.4125
      0.4084
      0.4347
      0.4821
      0.5268
      0.5393
      0.4998
      0.4109
      0.2962
      0.1864
      0.1034
      0.0549
      0.0393
      0.4484
      0.4502
      0.4499
      0.4372
      0.4089
      0.3745
      0.3521
      0.3585
      0.4013
      0.4735
      0.5521
      0.6025
      0.5948
      0.5207
      0.3999
      0.2686
      0.1599
      0.0919
      0.0692
      0.3895
      0.3870
      0.3768
      0.3548
      0.3233
      0.2938
      0.2828
      0.3057
      0.3719
      0.4791
      0.6067
      0.7141
      0.7561
      0.7069
      0.5786
      0.4146
      0.2649
      0.1651
      0.1307
      0.3318
      0.3251
      0.3056
      0.2766
      0.2462
      0.2266
      0.2309
      0.2719
      0.3610
      0.5031
      0.6828
      0.8559
      0.9600
      0.9480
      0.8191
      0.6221
      0.4263
      0.2889
      0.2403
      0.2982
      0.2875
      0.2596
      0.2253
      0.1980
      0.1895
      0.2078
      0.2614
      0.3637
      0.5278
      0.7476
      0.9798
      1.1497
      1.1891
      1.0806
      0.8719
      0.6465
      0.4813
      0.4216
      0.3031
      0.2884
      0.2517
      0.2111
      0.1848
      0.1832
      0.2085
      0.2639
      0.3631
      0.5270
      0.7612
      1.0306
      1.2584
      1.3628
      1.3095
      1.1355
      0.9251
      0.7632
      0.7036
      0.3403
      0.3217
      0.2762
      0.2279
      0.1992
      0.1989
      0.2231
      0.2693
      0.3496
      0.4899
      0.7078
      0.9835
      1.2510
      1.4287
      1.4699
      1.3920
      1.2615
      1.1513
      1.1095
      0.3837
      0.3626
      0.3119
      0.2598
      0.2308
      0.2314
      0.2523
      0.2843
      0.3361
      0.4357
      0.6113
      0.8626
      1.1465
      1.3957
      1.5593
      1.6308
      1.6420
      1.6323
      1.6266
      0.4026
      0.3831
      0.3375
      0.2950
      0.2789
      0.2913
      0.3159
      0.3364
      0.3565
      0.4049
      0.5199
      0.7226
      0.9984
      1.3036
      1.5911
      1.8317
      2.0144
      2.1316
      2.1726
      0.3837
      0.3718
      0.3482
      0.3387
      0.3603
      0.4061
      0.4489
      0.4633
      0.4485
      0.4361
      0.4762
      0.6110
      0.8535
      1.1842
      1.5636
      1.9459
      2.2810
      2.5148
      2.5993
      0.3403
      0.3432
      0.3614
      0.4130
      0.5029
      0.6076
      0.6835
      0.6933
      0.6342
      0.5465
      0.4963
      0.5456
      0.7285
      1.0433
      1.4578
      1.9165
      2.3434
      2.6509
      2.7635
      0.3031
      0.3270
      0.4046
      0.5430
      0.7284
      0.9135
      1.0317
      1.0320
      0.9134
      0.7318
      0.5744
      0.5219
      0.6215
      0.8801
      1.2699
      1.7324
      2.1804
      2.5101
      2.6319
      0.2982
      0.3470
      0.4953
      0.7370
      1.0356
      1.3151
      1.4806
      1.4657
      1.2736
      0.9813
      0.7020
      0.5349
      0.5356
      0.7136
      1.0426
      1.4650
      1.8915
      2.2126
      2.3325
      0.3318
      0.4062
      0.6274
      0.9769
      1.3963
      1.7792
      1.9998
      1.9726
      1.7033
      1.2913
      0.8797
      0.5902
      0.4879
      0.5841
      0.8534
      1.2393
      1.6504
      1.9691
      2.0896
      0.3895
      0.4868
      0.7741
      1.2245
      1.7627
      2.2553
      2.5447
      2.5205
      2.1840
      1.6542
      1.1068
      0.6928
      0.4933
      0.5252
      0.7647
      1.1543
      1.5928
      1.9429
      2.0771
      0.4484
      0.5633
      0.9026
      1.4364
      2.0798
      2.6791
      3.0471
      3.0443
      2.6601
      2.0275
      1.3546
      0.8256
      0.5435
      0.5350
      0.7793
      1.2146
      1.7229
      2.1364
      2.2963
      0.4899
      0.6156
      0.9880
      1.5775
      2.2958
      2.9773
      3.4122
      3.4363
      3.0257
      2.3212
      1.5559
      0.9422
      0.6028
      0.5744
      0.8390
      1.3300
      1.9127
      2.3907
      2.5762
      0.5045
      0.6339
      1.0176
      1.6268
      2.3726
      3.0854
      3.5471
      3.5834
      3.1647
      2.4341
      1.6344
      0.9889
      0.6289
      0.5948
      0.8700
      1.3857
      2.0002
      2.5053
      2.7016
