      0.0000
      0.0000
      0.0000
      0.0000
      0.0000
      0.0000
      0.0000
      0.0000
      0.0000
      0.0000
      0.0000
      0.0000
      0.0000
      0.0000
      0.0000
      0.0000
      0.0000
      0.0000
      0.0000
      0.0000
      0.0000
      0.0000
      0.0000
      0.0000
      0.0000
      0.0000
      0.0000
      0.0000
      0.0000
      0.0000
      0.0000
      0.0000
      0.0000
      0.0000
      0.0000
      0.0000
      0.0000
      0.0000
      0.0000
      0.0000
      0.0000
      0.0000
      0.0000
      0.0000
      0.0000
      0.0000
      0.0000
      0.0000
      0.0000
      0.0000
      0.0000
      0.0000
      0.0000
      0.0000
      0.0000
      0.0000
      0.0000
      0.0000
      0.0000
      0.0000
      0.0000
      0.0000
      0.0000
      0.0000
      0.0000
      0.0000
      0.0000
      0.0000
      0.0000
      0.0000
      0.0000
      0.0000
      0.0000
      0.0000
      0.0000
      0.0000
      0.0000
      0.0000
      0.0000
      0.0000
      0.0000
      0.0000
      0.0000
      0.0000
      0.0000
      0.0000
      0.0000
      0.0001
      0.0005
      0.0006
      0.0002
      0.0000
      0.0000
      0.0000
      0.0000
      0.0006
      0.0003
      0.0000
      0.0000
      0.0000
      0.0000
      0.0000
      0.0000
      0.0000
      0.0000
      0.0000
      0.0009
      0.0050
      0.0072
      0.0026
      0.0002
      0.0000
      0.0000
      0.0000
      0.0855
      0.0428
      0.0053
      0.0002
      0.0000
      0.0000
      0.0000
      0.0000
      0.0000
      0.0000
      0.0001
      0.0018
      0.0124
      0.0219
      0.0096
      0.0011
      0.0000
      0.0000
      0.0000
      2.7735
      1.3867
      0.1729
      0.0053
      0.0000
      0.0000
      0.0000
      0.0000
      0.0000
      0.0000
      0.0000
      0.0009
      0.0077
      0.0167
      0.0090
      0.0012
      0.0001
      0.0006
      0.0013
     22.2465
     11.1232
      1.3867
      0.0428
      0.0003
      0.0000
      0.0000
      0.0000
      0.0000
      0.0000
      0.0000
      0.0001
      0.0012
      0.0032
      0.0022
      0.0008
      0.0106
      0.0845
      0.1690
     44.4929
     22.2465
      2.7735
      0.0855
      0.0006
      0.0000
      0.0000
      0.0000
      0.0000
      0.0000
      0.0000
      0.0000
      0.0001
      0.0012
      0.0054
      0.0170
      0.3437
      2.7403
      5.4803
     22.2465
     11.1232
      1.3867
      0.0428
      0.0003
      0.0000
      0.0001
      0.0001
      0.0001
      0.0000
      0.0000
      0.0000
      0.0004
      0.0087
      0.0513
      0.1581
      2.7669
     21.9817
     43.9584
      2.7735
      1.3867
      0.1729
      0.0053
      0.0001
      0.0007
      0.0053
      0.0100
      0.0048
      0.0006
      0.0000
      0.0000
      0.0007
      0.0182
      0.1246
      0.3774
      5.5684
     43.9676
     87.9170
      0.0855
      0.0428
      0.0053
      0.0002
      0.0006
      0.0155
      0.1041
      0.1748
      0.0733
      0.0077
      0.0002
      0.0000
      0.0003
      0.0095
      0.0756
      0.2321
      2.8128
     21.9881
     43.9588
      0.0006
      0.0003
      0.0000
      0.0002
      0.0046
      0.0879
      0.5115
      0.7572
      0.2806
      0.0259
      0.0006
      0.0000
      0.0000
      0.0012
      0.0114
      0.0366
      0.3566
      2.7423
      5.4804
      0.0000
      0.0000
      0.0001
      0.0028
      0.0226
      0.1453
      0.6359
      0.8211
      0.2687
      0.0219
      0.0004
      0.0000
      0.0000
      0.0000
      0.0004
      0.0015
      0.0114
      0.0852
      0.1701
      0.0000
      0.0000
      0.0006
      0.0127
      0.0698
      0.1367
      0.2734
      0.3367
      0.1248
      0.0127
      0.0004
      0.0000
      0.0000
      0.0000
      0.0000
      0.0003
      0.0090
      0.0723
      0.1446
      0.0000
      0.0000
      0.0008
      0.0147
      0.0729
      0.2768
      1.7353
      3.6730
      1.9712
      0.2642
      0.0088
      0.0001
      0.0000
      0.0000
      0.0001
      0.0089
      0.2897
      2.3235
      4.6470
      0.0000
      0.0000
      0.0003
      0.0046
      0.0619
      1.5948
     13.6322
     29.3301
     15.7806
      2.1176
      0.0703
      0.0006
      0.0000
      0.0000
      0.0005
      0.0717
      2.3235
     18.6374
     37.2748
      0.0000
      0.0000
      0.0000
      0.0012
      0.0925
      3.1585
     27.2562
     58.6593
     31.5610
      4.2352
      0.1407
      0.0011
      0.0000
      0.0000
      0.0011
      0.1433
      4.6470
     37.2748
     74.5495
