      0.0770
      0.1019
      0.1529
      0.1787
      0.1507
      0.0921
      0.0433
      0.0192
      0.0120
      0.0126
      0.0162
      0.0183
      0.0157
      0.0099
      0.0045
      0.0015
      0.0004
      0.0001
      0.0000
      0.0816
      0.1049
      0.1507
      0.1698
      0.1389
      0.0826
      0.0378
      0.0165
      0.0106
      0.0123
      0.0178
      0.0226
      0.0221
      0.0160
      0.0085
      0.0033
      0.0009
      0.0002
      0.0001
      0.0857
      0.1034
      0.1347
      0.1395
      0.1058
      0.0587
      0.0252
      0.0108
      0.0085
      0.0145
      0.0290
      0.0475
      0.0579
      0.0512
      0.0325
      0.0148
      0.0048
      0.0011
      0.0004
      0.0906
      0.0975
      0.1055
      0.0946
      0.0641
      0.0325
      0.0133
      0.0068
      0.0098
      0.0267
      0.0673
      0.1282
      0.1756
      0.1713
      0.1186
      0.0581
      0.0201
      0.0050
      0.0017
      0.1960
      0.1753
      0.1268
      0.0757
      0.0376
      0.0161
      0.0078
      0.0078
      0.0171
      0.0521
      0.1427
      0.2918
      0.4266
      0.4424
      0.3249
      0.1689
      0.0622
      0.0168
      0.0063
      0.7686
      0.6500
      0.3941
      0.1727
      0.0565
      0.0170
      0.0103
      0.0139
      0.0275
      0.0795
      0.2259
      0.4871
      0.7517
      0.8227
      0.6382
      0.3515
      0.1392
      0.0430
      0.0197
      2.5521
      2.1473
      1.2785
      0.5384
      0.1623
      0.0408
      0.0192
      0.0218
      0.0341
      0.0881
      0.2558
      0.5797
      0.9429
      1.0888
      0.8946
      0.5291
      0.2363
      0.0970
      0.0625
      6.0735
      5.1082
      3.0374
      1.2753
      0.3803
      0.0886
      0.0302
      0.0258
      0.0316
      0.0700
      0.2056
      0.4898
      0.8411
      1.0301
      0.9103
      0.6062
      0.3501
      0.2328
      0.2070
     10.2143
      8.5907
      5.1076
      2.1437
      0.6370
      0.1422
      0.0374
      0.0234
      0.0225
      0.0403
      0.1177
      0.2951
      0.5395
      0.7148
      0.7158
      0.6106
      0.5499
      0.5741
      0.6010
     12.1448
     10.2143
      6.0729
      2.5490
      0.7570
      0.1670
      0.0397
      0.0207
      0.0161
      0.0195
      0.0497
      0.1306
      0.2615
      0.3997
      0.5154
      0.6614
      0.9100
      1.1995
      1.3339
     10.2143
      8.5910
      5.1092
      2.1483
      0.6461
      0.1555
      0.0522
      0.0357
      0.0263
      0.0178
      0.0208
      0.0489
      0.1142
      0.2268
      0.4182
      0.7644
      1.3086
      1.8888
      2.1489
      6.0735
      5.1101
      3.0473
      1.3034
      0.4356
      0.1690
      0.1191
      0.1005
      0.0706
      0.0385
      0.0196
      0.0233
      0.0602
      0.1545
      0.3608
      0.7737
      1.4396
      2.1556
      2.4781
      2.5521
      2.1555
      1.3198
      0.6511
      0.3732
      0.3299
      0.3191
      0.2602
      0.1679
      0.0838
      0.0332
      0.0184
      0.0376
      0.1055
      0.2678
      0.6064
      1.1659
      1.7773
      2.0548
      0.7686
      0.6746
      0.5156
      0.4929
      0.6300
      0.7633
      0.7445
      0.5744
      0.3515
      0.1685
      0.0624
      0.0215
      0.0224
      0.0599
      0.1595
      0.3767
      0.7464
      1.1572
      1.3451
      0.1960
      0.2271
      0.3799
      0.7308
      1.1888
      1.4995
      1.4834
      1.1809
      0.7593
      0.3845
      0.1479
      0.0435
      0.0172
      0.0343
      0.1092
      0.3037
      0.6623
      1.0744
      1.2652
      0.0906
      0.1745
      0.4825
      1.0751
      1.8269
      2.4414
      2.6684
      2.4085
      1.7419
      0.9642
      0.3933
      0.1162
      0.0308
      0.0437
      0.1808
      0.5926
      1.3947
      2.3341
      2.7717
      0.0857
      0.1864
      0.5480
      1.2587
      2.2888
      3.4603
      4.4016
      4.5371
      3.5918
      2.0964
      0.8806
      0.2636
      0.0668
      0.0894
      0.3921
      1.3229
      3.1502
      5.2963
      6.2965
      0.0816
      0.1756
      0.5174
      1.2439
      2.5103
      4.3559
      6.2533
      6.9739
      5.7624
      3.4361
      1.4586
      0.4389
      0.1111
      0.1481
      0.6538
      2.2120
      5.2733
      8.8696
     10.5460
      0.0770
      0.1640
      0.4847
      1.2020
      2.5691
      4.7364
      7.0985
      8.1073
      6.7774
      4.0633
      1.7292
      0.5209
      0.1320
      0.1759
      0.7768
      2.6288
      6.2676
     10.5424
     12.5351
