      0.0000
      0.0000
      0.0000
      0.0000
      0.0000
      0.0000
      0.0000
      0.0000
      0.0000
      0.0000
      0.0000
      0.0000
      0.0000
      0.0000
      0.0000
      0.0000
      0.0000
      0.0000
      0.0000
      0.0000
      0.0000
      0.0000
      0.0000
      0.0000
      0.0000
      0.0000
      0.0000
      0.0000
      0.0000
      0.0000
      0.0000
      0.0000
      0.0000
      0.0000
      0.0000
      0.0000
      0.0000
      0.0000
      0.0000
      0.0000
      0.0000
      0.0000
      0.0000
      0.0000
      0.0000
      0.0000
      0.0000
      0.0000
      0.0000
      0.0000
      0.0000
      0.0000
      0.0000
      0.0000
      0.0000
      0.0000
      0.0000
      0.0000
      0.0000
      0.0000
      0.0000
      0.0000
      0.0000
      0.0000
      0.0000
      0.0000
      0.0000
      0.0000
      0.0000
      0.0000
      0.0000
      0.0000
      0.0000
      0.0000
      0.0000
      0.0000
      0.0000
      0.0000
      0.0000
      0.0000
      0.0000
      0.0000
      0.0000
      0.0000
      0.0000
      0.0000
      0.0000
      0.0001
      0.0005
      0.0005
      0.0002
      0.0000
      0.0000
      0.0000
      0.0000
      0.0004
      0.0002
      0.0000
      0.0000
      0.0000
      0.0000
      0.0000
      0.0000
      0.0000
      0.0000
      0.0000
      0.0008
      0.0045
      0.0065
      0.0023
      0.0002
      0.0000
      0.0000
      0.0000
      0.0495
      0.0247
      0.0031
      0.0001
      0.0000
      0.0000
      0.0000
      0.0000
      0.0000
      0.0000
      0.0001
      0.0016
      0.0112
      0.0197
      0.0087
      0.0010
      0.0000
      0.0000
      0.0000
      1.6050
      0.8025
      0.1000
      0.0031
      0.0000
      0.0000
      0.0000
      0.0000
      0.0000
      0.0000
      0.0000
      0.0008
      0.0069
      0.0150
      0.0081
      0.0011
      0.0001
      0.0003
      0.0007
     12.8740
      6.4370
      0.8025
      0.0247
      0.0002
      0.0000
      0.0000
      0.0000
      0.0000
      0.0000
      0.0000
      0.0001
      0.0011
      0.0029
      0.0021
      0.0007
      0.0056
      0.0444
      0.0888
     25.7480
     12.8740
      1.6050
      0.0495
      0.0004
      0.0000
      0.0000
      0.0000
      0.0000
      0.0000
      0.0000
      0.0000
      0.0001
      0.0016
      0.0074
      0.0146
      0.1825
      1.4395
      2.8783
     12.8740
      6.4370
      0.8025
      0.0247
      0.0002
      0.0000
      0.0001
      0.0002
      0.0001
      0.0000
      0.0000
      0.0000
      0.0005
      0.0122
      0.0710
      0.1470
      1.4769
     11.5472
     23.0869
      1.6050
      0.8025
      0.1000
      0.0031
      0.0001
      0.0010
      0.0073
      0.0140
      0.0066
      0.0008
      0.0000
      0.0000
      0.0009
      0.0254
      0.1725
      0.3793
      3.0013
     23.0999
     46.1739
      0.0495
      0.0247
      0.0031
      0.0001
      0.0009
      0.0217
      0.1452
      0.2436
      0.1022
      0.0107
      0.0003
      0.0000
      0.0004
      0.0132
      0.1048
      0.2501
      1.5404
     11.5558
     23.0873
      0.0004
      0.0002
      0.0000
      0.0006
      0.0092
      0.1274
      0.7151
      1.0557
      0.3911
      0.0361
      0.0008
      0.0000
      0.0000
      0.0017
      0.0159
      0.0419
      0.2003
      1.4421
      2.8784
      0.0000
      0.0000
      0.0004
      0.0110
      0.0754
      0.2703
      0.9122
      1.1465
      0.3744
      0.0305
      0.0006
      0.0000
      0.0000
      0.0001
      0.0006
      0.0018
      0.0067
      0.0451
      0.0898
      0.0000
      0.0000
      0.0024
      0.0508
      0.2724
      0.4196
      0.4321
      0.4201
      0.1441
      0.0138
      0.0004
      0.0000
      0.0000
      0.0000
      0.0000
      0.0003
      0.0082
      0.0659
      0.1319
      0.0000
      0.0000
      0.0032
      0.0588
      0.2732
      0.4875
      1.6379
      3.3212
      1.7779
      0.2382
      0.0079
      0.0001
      0.0000
      0.0000
      0.0001
      0.0082
      0.2652
      2.1275
      4.2549
      0.0000
      0.0000
      0.0011
      0.0173
      0.1074
      1.4875
     12.2943
     26.4255
     14.2174
      1.9078
      0.0634
      0.0005
      0.0000
      0.0000
      0.0005
      0.0656
      2.1275
     17.0647
     34.1294
      0.0000
      0.0000
      0.0002
      0.0030
      0.0897
      2.8510
     24.5573
     52.8485
     28.4345
      3.8157
      0.1267
      0.0010
      0.0000
      0.0000
      0.0010
      0.1312
      4.2549
     34.1294
     68.2589
