      0.0000
      0.0000
      0.0000
      0.0000
      0.0000
      0.0000
      0.0000
      0.0000
      0.0000
      0.0000
      0.0000
      0.0000
      0.0000
      0.0000
      0.0000
      0.0000
      0.0000
      0.0000
      0.0000
      0.0000
      0.0000
      0.0000
      0.0000
      0.0000
      0.0000
      0.0000
      0.0000
      0.0000
      0.0000
      0.0000
      0.0000
      0.0000
      0.0000
      0.0000
      0.0000
      0.0000
      0.0000
      0.0000
      0.0000
      0.0000
      0.0000
      0.0000
      0.0000
      0.0000
      0.0000
      0.0000
      0.0000
      0.0000
      0.0000
      0.0000
      0.0000
      0.0000
      0.0000
      0.0000
      0.0000
      0.0000
      0.0000
      0.0000
      0.0000
      0.0000
      0.0000
      0.0000
      0.0000
      0.0000
      0.0000
      0.0000
      0.0000
      0.0000
      0.0000
      0.0000
      0.0000
      0.0000
      0.0000
      0.0000
      0.0000
      0.0000
      0.0000
      0.0000
      0.0000
      0.0000
      0.0000
      0.0000
      0.0000
      0.0000
      0.0000
      0.0000
      0.0000
      0.0000
      0.0001
      0.0001
      0.0000
      0.0000
      0.0000
      0.0000
      0.0000
      0.0009
      0.0004
      0.0001
      0.0000
      0.0000
      0.0000
      0.0000
      0.0000
      0.0000
      0.0000
      0.0000
      0.0002
      0.0011
      0.0016
      0.0006
      0.0001
      0.0000
      0.0000
      0.0000
      0.1146
      0.0573
      0.0071
      0.0002
      0.0000
      0.0000
      0.0000
      0.0000
      0.0000
      0.0000
      0.0000
      0.0004
      0.0028
      0.0049
      0.0022
      0.0002
      0.0000
      0.0000
      0.0000
      3.7155
      1.8578
      0.2316
      0.0071
      0.0001
      0.0000
      0.0000
      0.0000
      0.0000
      0.0000
      0.0000
      0.0002
      0.0017
      0.0037
      0.0020
      0.0003
      0.0001
      0.0006
      0.0012
     29.8028
     14.9014
      1.8578
      0.0573
      0.0004
      0.0000
      0.0000
      0.0000
      0.0000
      0.0000
      0.0000
      0.0000
      0.0003
      0.0008
      0.0008
      0.0007
      0.0097
      0.0771
      0.1542
     59.6057
     29.8028
      3.7155
      0.1146
      0.0009
      0.0000
      0.0000
      0.0000
      0.0000
      0.0000
      0.0000
      0.0000
      0.0001
      0.0023
      0.0113
      0.0236
      0.3162
      2.5002
      4.9995
     29.8028
     14.9014
      1.8578
      0.0573
      0.0004
      0.0000
      0.0001
      0.0003
      0.0002
      0.0000
      0.0000
      0.0000
      0.0008
      0.0188
      0.1095
      0.2352
      2.5576
     20.0564
     40.1019
      3.7155
      1.8578
      0.2316
      0.0071
      0.0001
      0.0015
      0.0113
      0.0215
      0.0102
      0.0012
      0.0000
      0.0000
      0.0014
      0.0391
      0.2661
      0.6020
      5.1890
     40.1218
     80.2042
      0.1146
      0.0573
      0.0071
      0.0002
      0.0013
      0.0334
      0.2238
      0.3755
      0.1576
      0.0165
      0.0004
      0.0000
      0.0006
      0.0204
      0.1616
      0.3942
      2.6559
     20.0700
     40.1027
      0.0009
      0.0004
      0.0001
      0.0006
      0.0115
      0.1915
      1.1002
      1.6271
      0.6029
      0.0556
      0.0013
      0.0000
      0.0001
      0.0027
      0.0245
      0.0657
      0.3438
      2.5043
      4.9998
      0.0000
      0.0000
      0.0004
      0.0099
      0.0726
      0.3493
      1.3798
      1.7640
      0.5765
      0.0470
      0.0009
      0.0000
      0.0000
      0.0001
      0.0009
      0.0028
      0.0113
      0.0774
      0.1543
      0.0000
      0.0000
      0.0021
      0.0454
      0.2456
      0.4091
      0.5287
      0.5099
      0.1514
      0.0117
      0.0002
      0.0000
      0.0000
      0.0000
      0.0000
      0.0000
      0.0007
      0.0056
      0.0112
      0.0000
      0.0000
      0.0029
      0.0525
      0.2413
      0.3247
      0.4886
      0.8543
      0.4477
      0.0595
      0.0020
      0.0000
      0.0000
      0.0000
      0.0000
      0.0006
      0.0203
      0.1630
      0.3259
      0.0000
      0.0000
      0.0010
      0.0153
      0.0697
      0.4112
      3.0591
      6.5531
      3.5252
      0.4730
      0.0157
      0.0001
      0.0000
      0.0000
      0.0000
      0.0050
      0.1630
      1.3072
      2.6144
      0.0000
      0.0000
      0.0002
      0.0023
      0.0276
      0.7114
      6.0898
     13.1035
      7.0502
      0.9461
      0.0314
      0.0003
      0.0000
      0.0000
      0.0001
      0.0101
      0.3259
      2.6144
      5.2288
