      0.0000
      0.0000
      0.0000
      0.0000
      0.0000
      0.0000
      0.0000
      0.0000
      0.0000
      0.0000
      0.0000
      0.0000
      0.0000
      0.0000
      0.0000
      0.0000
      0.0000
      0.0000
      0.0000
      0.0000
      0.0000
      0.0000
      0.0000
      0.0000
      0.0000
      0.0000
      0.0000
      0.0000
      0.0000
      0.0000
      0.0000
      0.0000
      0.0000
      0.0000
      0.0000
      0.0000
      0.0000
      0.0000
      0.0000
      0.0000
      0.0000
      0.0000
      0.0000
      0.0000
      0.0000
      0.0000
      0.0000
      0.0000
      0.0000
      0.0000
      0.0000
      0.0000
      0.0000
      0.0000
      0.0000
      0.0000
      0.0000
      0.0000
      0.0000
      0.0000
      0.0000
      0.0000
      0.0000
      0.0000
      0.0000
      0.0000
      0.0000
      0.0000
      0.0000
      0.0000
      0.0000
      0.0000
      0.0000
      0.0000
      0.0000
      0.0000
      0.0000
      0.0000
      0.0000
      0.0000
      0.0000
      0.0000
      0.0000
      0.0000
      0.0000
      0.0000
      0.0000
      0.0001
      0.0003
      0.0004
      0.0001
      0.0000
      0.0000
      0.0000
      0.0000
      0.0011
      0.0006
      0.0001
      0.0000
      0.0000
      0.0000
      0.0000
      0.0000
      0.0000
      0.0000
      0.0000
      0.0006
      0.0035
      0.0050
      0.0018
      0.0002
      0.0000
      0.0000
      0.0000
      0.1520
      0.0760
      0.0095
      0.0003
      0.0000
      0.0000
      0.0000
      0.0000
      0.0000
      0.0000
      0.0000
      0.0012
      0.0086
      0.0152
      0.0067
      0.0007
      0.0000
      0.0000
      0.0000
      4.9288
      2.4644
      0.3072
      0.0095
      0.0001
      0.0000
      0.0000
      0.0000
      0.0000
      0.0000
      0.0000
      0.0006
      0.0054
      0.0116
      0.0063
      0.0008
      0.0001
      0.0005
      0.0010
     39.5345
     19.7673
      2.4644
      0.0760
      0.0006
      0.0000
      0.0000
      0.0000
      0.0000
      0.0000
      0.0000
      0.0001
      0.0008
      0.0023
      0.0017
      0.0007
      0.0087
      0.0692
      0.1383
     79.0691
     39.5345
      4.9288
      0.1520
      0.0011
      0.0000
      0.0000
      0.0000
      0.0000
      0.0000
      0.0000
      0.0000
      0.0001
      0.0017
      0.0081
      0.0186
      0.2828
      2.2434
      4.4862
     39.5345
     19.7673
      2.4644
      0.0760
      0.0006
      0.0000
      0.0001
      0.0002
      0.0001
      0.0000
      0.0000
      0.0000
      0.0006
      0.0134
      0.0785
      0.1824
      2.2842
     17.9960
     35.9846
      4.9288
      2.4644
      0.3072
      0.0095
      0.0001
      0.0011
      0.0081
      0.0154
      0.0073
      0.0009
      0.0000
      0.0000
      0.0010
      0.0280
      0.1907
      0.4589
      4.6217
     35.9987
     71.9695
      0.1520
      0.0760
      0.0095
      0.0003
      0.0009
      0.0238
      0.1602
      0.2689
      0.1128
      0.0118
      0.0003
      0.0000
      0.0005
      0.0146
      0.1158
      0.2962
      2.3549
     18.0059
     35.9852
      0.0011
      0.0006
      0.0001
      0.0002
      0.0065
      0.1340
      0.7864
      1.1649
      0.4317
      0.0398
      0.0009
      0.0000
      0.0001
      0.0019
      0.0175
      0.0488
      0.3027
      2.2464
      4.4864
      0.0000
      0.0000
      0.0001
      0.0027
      0.0247
      0.2081
      0.9720
      1.2619
      0.4130
      0.0337
      0.0007
      0.0000
      0.0000
      0.0001
      0.0007
      0.0020
      0.0099
      0.0699
      0.1394
      0.0000
      0.0000
      0.0006
      0.0120
      0.0672
      0.1522
      0.3589
      0.4216
      0.1408
      0.0128
      0.0003
      0.0000
      0.0000
      0.0000
      0.0000
      0.0003
      0.0086
      0.0687
      0.1375
      0.0000
      0.0000
      0.0008
      0.0139
      0.0676
      0.2147
      1.2255
      2.5693
      1.3752
      0.1841
      0.0061
      0.0000
      0.0000
      0.0000
      0.0001
      0.0085
      0.2758
      2.2123
      4.4245
      0.0000
      0.0000
      0.0003
      0.0042
      0.0472
      1.1142
      9.4894
     20.4143
     10.9835
      1.4739
      0.0490
      0.0004
      0.0000
      0.0000
      0.0005
      0.0682
      2.2123
     17.7451
     35.4901
      0.0000
      0.0000
      0.0000
      0.0010
      0.0649
      2.1988
     18.9706
     40.8274
     21.9668
      2.9477
      0.0979
      0.0008
      0.0000
      0.0000
      0.0010
      0.1364
      4.4245
     35.4901
     70.9803
