      0.0621
      0.0830
      0.1259
      0.1480
      0.1257
      0.0787
      0.0411
      0.0281
      0.0402
      0.0756
      0.1193
      0.1390
      0.1157
      0.0684
      0.0285
      0.0084
      0.0017
      0.0003
      0.0001
      0.0663
      0.0859
      0.1244
      0.1410
      0.1160
      0.0705
      0.0358
      0.0239
      0.0345
      0.0662
      0.1071
      0.1284
      0.1106
      0.0680
      0.0297
      0.0092
      0.0020
      0.0003
      0.0001
      0.0716
      0.0863
      0.1125
      0.1166
      0.0888
      0.0502
      0.0236
      0.0150
      0.0221
      0.0450
      0.0781
      0.1015
      0.0960
      0.0654
      0.0321
      0.0113
      0.0029
      0.0005
      0.0001
      0.0855
      0.0898
      0.0934
      0.0816
      0.0548
      0.0280
      0.0122
      0.0077
      0.0120
      0.0262
      0.0507
      0.0756
      0.0833
      0.0671
      0.0392
      0.0166
      0.0051
      0.0012
      0.0004
      0.2321
      0.2042
      0.1407
      0.0783
      0.0362
      0.0147
      0.0068
      0.0060
      0.0091
      0.0186
      0.0398
      0.0707
      0.0939
      0.0907
      0.0631
      0.0316
      0.0116
      0.0035
      0.0017
      0.9708
      0.8197
      0.4940
      0.2136
      0.0678
      0.0184
      0.0090
      0.0099
      0.0125
      0.0200
      0.0430
      0.0856
      0.1285
      0.1391
      0.1081
      0.0615
      0.0277
      0.0129
      0.0095
      3.2446
      2.7296
      1.6245
      0.6833
      0.2044
      0.0481
      0.0177
      0.0164
      0.0172
      0.0221
      0.0453
      0.0959
      0.1560
      0.1847
      0.1610
      0.1103
      0.0710
      0.0552
      0.0526
      7.7255
      6.4976
      3.8633
      1.6215
      0.4817
      0.1079
      0.0302
      0.0212
      0.0189
      0.0198
      0.0381
      0.0864
      0.1563
      0.2130
      0.2283
      0.2148
      0.2096
      0.2242
      0.2350
     12.9931
     10.9277
      6.4970
      2.7264
      0.8091
      0.1787
      0.0449
      0.0270
      0.0215
      0.0179
      0.0288
      0.0725
      0.1593
      0.2756
      0.3881
      0.4859
      0.5953
      0.7143
      0.7710
     15.4488
     12.9931
      7.7253
      3.2437
      0.9684
      0.2275
      0.0790
      0.0634
      0.0524
      0.0353
      0.0334
      0.0788
      0.2097
      0.4400
      0.7275
      1.0247
      1.3461
      1.6657
      1.8122
     12.9931
     10.9282
      6.5004
      2.7407
      0.8527
      0.2773
      0.2070
      0.2189
      0.1835
      0.1134
      0.0679
      0.1060
      0.2908
      0.6601
      1.1571
      1.6871
      2.2476
      2.7903
      3.0370
      7.7255
      6.5001
      3.8788
      1.6801
      0.6462
      0.4542
      0.5687
      0.6299
      0.5125
      0.3008
      0.1435
      0.1322
      0.3257
      0.7624
      1.3768
      2.0374
      2.7125
      3.3454
      3.6303
      3.2446
      2.7385
      1.6758
      0.8578
      0.6438
      0.8922
      1.2399
      1.3237
      1.0311
      0.5786
      0.2447
      0.1393
      0.2697
      0.6382
      1.1828
      1.7748
      2.3573
      2.8797
      3.1108
      0.9708
      0.8435
      0.6225
      0.6080
      0.9508
      1.5384
      2.0217
      2.0207
      1.4925
      0.8003
      0.3144
      0.1245
      0.1638
      0.3825
      0.7317
      1.1276
      1.5188
      1.8603
      2.0086
      0.2321
      0.2509
      0.3801
      0.7546
      1.3954
      2.0994
      2.4965
      2.2985
      1.5966
      0.8168
      0.3046
      0.0956
      0.0759
      0.1696
      0.3533
      0.6180
      0.9557
      1.2913
      1.4412
      0.0855
      0.1556
      0.4205
      0.9537
      1.6671
      2.2694
      2.4464
      2.0848
      1.3749
      0.6819
      0.2487
      0.0696
      0.0331
      0.0762
      0.2282
      0.5988
      1.2660
      2.0277
      2.3801
      0.0716
      0.1534
      0.4404
      0.9631
      1.5836
      2.0270
      2.0894
      1.7518
      1.1692
      0.5986
      0.2275
      0.0643
      0.0250
      0.0764
      0.3350
      1.0986
      2.5839
      4.3234
      5.1335
      0.0663
      0.1391
      0.3841
      0.8069
      1.2913
      1.6576
      1.7845
      1.6111
      1.1673
      0.6442
      0.2610
      0.0774
      0.0317
      0.1127
      0.5317
      1.7968
      4.2786
      7.1933
      8.5518
      0.0621
      0.1276
      0.3439
      0.7104
      1.1346
      1.4905
      1.6823
      1.6030
      1.2145
      0.6921
      0.2867
      0.0865
      0.0363
      0.1325
      0.6291
      2.1313
      5.0806
      8.5451
     10.1600
