      0.0000
      0.0000
      0.0000
      0.0000
      0.0000
      0.0000
      0.0000
      0.0000
      0.0000
      0.0000
      0.0000
      0.0000
      0.0000
      0.0000
      0.0000
      0.0000
      0.0000
      0.0000
      0.0000
      0.0000
      0.0000
      0.0000
      0.0000
      0.0000
      0.0000
      0.0000
      0.0000
      0.0000
      0.0000
      0.0000
      0.0000
      0.0000
      0.0000
      0.0000
      0.0000
      0.0000
      0.0000
      0.0000
      0.0000
      0.0000
      0.0000
      0.0000
      0.0000
      0.0000
      0.0000
      0.0000
      0.0000
      0.0000
      0.0000
      0.0000
      0.0000
      0.0000
      0.0000
      0.0000
      0.0000
      0.0000
      0.0000
      0.0000
      0.0000
      0.0000
      0.0000
      0.0000
      0.0000
      0.0000
      0.0000
      0.0000
      0.0000
      0.0000
      0.0000
      0.0000
      0.0000
      0.0000
      0.0000
      0.0000
      0.0000
      0.0000
      0.0000
      0.0000
      0.0000
      0.0000
      0.0000
      0.0000
      0.0000
      0.0000
      0.0000
      0.0000
      0.0000
      0.0001
      0.0004
      0.0005
      0.0001
      0.0000
      0.0000
      0.0000
      0.0000
      0.0017
      0.0008
      0.0001
      0.0000
      0.0000
      0.0000
      0.0000
      0.0000
      0.0000
      0.0000
      0.0000
      0.0007
      0.0040
      0.0058
      0.0021
      0.0002
      0.0000
      0.0000
      0.0000
      0.2193
      0.1097
      0.0137
      0.0004
      0.0000
      0.0000
      0.0000
      0.0000
      0.0000
      0.0000
      0.0000
      0.0014
      0.0101
      0.0177
      0.0078
      0.0009
      0.0000
      0.0000
      0.0000
      7.1126
      3.5563
      0.4434
      0.0137
      0.0001
      0.0000
      0.0000
      0.0000
      0.0000
      0.0000
      0.0000
      0.0007
      0.0062
      0.0135
      0.0073
      0.0010
      0.0001
      0.0001
      0.0003
     57.0511
     28.5256
      3.5563
      0.1097
      0.0008
      0.0000
      0.0000
      0.0000
      0.0000
      0.0000
      0.0000
      0.0001
      0.0010
      0.0026
      0.0019
      0.0006
      0.0024
      0.0187
      0.0373
    114.1022
     57.0511
      7.1126
      0.2193
      0.0017
      0.0000
      0.0000
      0.0000
      0.0000
      0.0000
      0.0000
      0.0000
      0.0001
      0.0020
      0.0093
      0.0138
      0.0790
      0.6053
      1.2100
     57.0511
     28.5256
      3.5563
      0.1097
      0.0008
      0.0000
      0.0001
      0.0003
      0.0001
      0.0000
      0.0000
      0.0000
      0.0007
      0.0155
      0.0900
      0.1490
      0.6523
      4.8571
      9.7057
      7.1126
      3.5563
      0.4434
      0.0137
      0.0001
      0.0012
      0.0093
      0.0178
      0.0084
      0.0010
      0.0000
      0.0000
      0.0012
      0.0322
      0.2187
      0.4065
      1.3660
      9.7220
     19.4119
      0.2193
      0.1097
      0.0137
      0.0004
      0.0010
      0.0274
      0.1845
      0.3096
      0.1299
      0.0136
      0.0004
      0.0000
      0.0005
      0.0168
      0.1329
      0.2801
      0.7337
      4.8686
      9.7065
      0.0017
      0.0008
      0.0001
      0.0002
      0.0070
      0.1534
      0.9051
      1.3413
      0.4971
      0.0459
      0.0010
      0.0000
      0.0001
      0.0022
      0.0201
      0.0485
      0.1020
      0.6088
      1.2103
      0.0000
      0.0000
      0.0001
      0.0017
      0.0197
      0.2262
      1.1141
      1.4526
      0.4756
      0.0388
      0.0008
      0.0000
      0.0000
      0.0001
      0.0008
      0.0021
      0.0038
      0.0198
      0.0391
      0.0000
      0.0000
      0.0003
      0.0073
      0.0427
      0.1293
      0.3985
      0.4851
      0.1626
      0.0148
      0.0004
      0.0000
      0.0000
      0.0000
      0.0000
      0.0005
      0.0147
      0.1179
      0.2358
      0.0000
      0.0000
      0.0005
      0.0085
      0.0434
      0.2095
      1.4140
      2.9880
      1.5998
      0.2142
      0.0071
      0.0001
      0.0000
      0.0000
      0.0001
      0.0147
      0.4761
      3.8190
      7.6379
      0.0000
      0.0000
      0.0002
      0.0027
      0.0462
      1.2876
     11.0376
     23.7494
     12.7779
      1.7147
      0.0569
      0.0005
      0.0000
      0.0000
      0.0009
      0.1178
      3.8190
     30.6326
     61.2653
      0.0000
      0.0000
      0.0000
      0.0009
      0.0744
      2.5571
     22.0698
     47.4977
     25.5556
      3.4293
      0.1139
      0.0009
      0.0000
      0.0000
      0.0018
      0.2355
      7.6379
     61.2653
    122.5305
