      0.0026
      0.0062
      0.0153
      0.0208
      0.0153
      0.0061
      0.0015
      0.0004
      0.0005
      0.0014
      0.0034
      0.0046
      0.0033
      0.0013
      0.0003
      0.0000
      0.0000
      0.0000
      0.0000
      0.0037
      0.0080
      0.0177
      0.0219
      0.0148
      0.0055
      0.0012
      0.0003
      0.0004
      0.0012
      0.0030
      0.0044
      0.0035
      0.0016
      0.0004
      0.0001
      0.0000
      0.0000
      0.0000
      0.0049
      0.0092
      0.0176
      0.0188
      0.0110
      0.0035
      0.0007
      0.0001
      0.0002
      0.0007
      0.0022
      0.0042
      0.0046
      0.0030
      0.0011
      0.0002
      0.0000
      0.0000
      0.0000
      0.0042
      0.0066
      0.0105
      0.0097
      0.0049
      0.0014
      0.0002
      0.0000
      0.0001
      0.0006
      0.0034
      0.0105
      0.0180
      0.0170
      0.0088
      0.0025
      0.0004
      0.0000
      0.0000
      0.0171
      0.0138
      0.0079
      0.0037
      0.0013
      0.0003
      0.0000
      0.0000
      0.0001
      0.0017
      0.0118
      0.0434
      0.0859
      0.0919
      0.0531
      0.0166
      0.0028
      0.0002
      0.0000
      0.2593
      0.1908
      0.0760
      0.0165
      0.0020
      0.0001
      0.0000
      0.0000
      0.0003
      0.0036
      0.0270
      0.1092
      0.2375
      0.2788
      0.1768
      0.0605
      0.0112
      0.0012
      0.0002
      2.2730
      1.6706
      0.6625
      0.1412
      0.0161
      0.0010
      0.0001
      0.0001
      0.0003
      0.0041
      0.0337
      0.1492
      0.3556
      0.4574
      0.3179
      0.1197
      0.0256
      0.0057
      0.0042
     10.6622
      7.8362
      3.1073
      0.6624
      0.0755
      0.0046
      0.0002
      0.0001
      0.0002
      0.0025
      0.0227
      0.1102
      0.2880
      0.4064
      0.3117
      0.1354
      0.0515
      0.0526
      0.0649
     26.8887
     19.7620
      7.8362
      1.6705
      0.1903
      0.0115
      0.0005
      0.0001
      0.0001
      0.0009
      0.0083
      0.0443
      0.1281
      0.2035
      0.1871
      0.1390
      0.2092
      0.4252
      0.5607
     36.5854
     26.8887
     10.6622
      2.2730
      0.2590
      0.0160
      0.0014
      0.0013
      0.0011
      0.0006
      0.0018
      0.0109
      0.0402
      0.0931
      0.1581
      0.3110
      0.8697
      1.9571
      2.6100
     26.8887
     19.7620
      7.8362
      1.6707
      0.1914
      0.0162
      0.0122
      0.0164
      0.0124
      0.0051
      0.0015
      0.0045
      0.0291
      0.1142
      0.2917
      0.7213
      2.1441
      4.8943
      6.5503
     10.6622
      7.8363
      3.1076
      0.6644
      0.0858
      0.0422
      0.0854
      0.1101
      0.0784
      0.0303
      0.0066
      0.0048
      0.0330
      0.1472
      0.4040
      1.0017
      2.9171
      6.6369
      8.8870
      2.2730
      1.6709
      0.6657
      0.1593
      0.0834
      0.1839
      0.3456
      0.4022
      0.2663
      0.0968
      0.0192
      0.0046
      0.0230
      0.1091
      0.3145
      0.7736
      2.1715
      4.8801
      6.5242
      0.2593
      0.1930
      0.0981
      0.1236
      0.3075
      0.5905
      0.8415
      0.8287
      0.4983
      0.1693
      0.0314
      0.0040
      0.0088
      0.0440
      0.1335
      0.3278
      0.8821
      1.9450
      2.5914
      0.0171
      0.0227
      0.0921
      0.3747
      0.9017
      1.3388
      1.4012
      1.1027
      0.5925
      0.1914
      0.0347
      0.0036
      0.0019
      0.0096
      0.0310
      0.0786
      0.2086
      0.4540
      0.6030
      0.0042
      0.0256
      0.1844
      0.7286
      1.6086
      2.1616
      2.1165
      1.7201
      1.0277
      0.3774
      0.0780
      0.0088
      0.0007
      0.0013
      0.0069
      0.0366
      0.1505
      0.3695
      0.5006
      0.0049
      0.0311
      0.2118
      0.7951
      1.7695
      2.8705
      4.1993
      4.8549
      3.4922
      1.4077
      0.3081
      0.0362
      0.0023
      0.0010
      0.0148
      0.1280
      0.5992
      1.5104
      2.0549
      0.0037
      0.0219
      0.1408
      0.5323
      1.4779
      3.9038
      8.4396
     11.3586
      8.5425
      3.4921
      0.7689
      0.0905
      0.0057
      0.0024
      0.0366
      0.3214
      1.5075
      3.8016
      5.1725
      0.0026
      0.0147
      0.0913
      0.3677
      1.3279
      4.6005
     11.0722
     15.3155
     11.5920
      4.7463
      1.0456
      0.1232
      0.0078
      0.0033
      0.0498
      0.4372
      2.0510
      5.1724
      7.0377
