      0.0497
      0.0658
      0.0988
      0.1162
      0.1007
      0.0679
      0.0428
      0.0325
      0.0315
      0.0380
      0.0490
      0.0539
      0.0446
      0.0266
      0.0113
      0.0034
      0.0007
      0.0001
      0.0000
      0.0527
      0.0678
      0.0975
      0.1105
      0.0927
      0.0605
      0.0370
      0.0276
      0.0271
      0.0339
      0.0458
      0.0532
      0.0469
      0.0302
      0.0141
      0.0048
      0.0012
      0.0002
      0.0001
      0.0563
      0.0676
      0.0877
      0.0911
      0.0705
      0.0426
      0.0240
      0.0171
      0.0179
      0.0264
      0.0430
      0.0601
      0.0644
      0.0511
      0.0296
      0.0125
      0.0038
      0.0008
      0.0003
      0.0671
      0.0703
      0.0727
      0.0635
      0.0432
      0.0234
      0.0122
      0.0091
      0.0124
      0.0261
      0.0576
      0.1019
      0.1331
      0.1255
      0.0848
      0.0408
      0.0140
      0.0035
      0.0012
      0.1853
      0.1627
      0.1115
      0.0616
      0.0286
      0.0123
      0.0071
      0.0078
      0.0145
      0.0386
      0.1004
      0.2012
      0.2912
      0.2999
      0.2192
      0.1137
      0.0421
      0.0120
      0.0051
      0.7796
      0.6580
      0.3963
      0.1712
      0.0546
      0.0159
      0.0098
      0.0128
      0.0220
      0.0560
      0.1527
      0.3263
      0.5023
      0.5491
      0.4261
      0.2362
      0.0971
      0.0359
      0.0218
      2.6077
      2.1938
      1.3055
      0.5493
      0.1651
      0.0410
      0.0187
      0.0203
      0.0280
      0.0622
      0.1720
      0.3866
      0.6285
      0.7270
      0.6014
      0.3671
      0.1890
      0.1160
      0.1023
      6.2099
      5.2229
      3.1055
      1.3038
      0.3885
      0.0900
      0.0299
      0.0246
      0.0272
      0.0504
      0.1388
      0.3282
      0.5656
      0.7001
      0.6391
      0.4796
      0.3892
      0.4058
      0.4330
     10.4443
      8.7841
      5.2226
      2.1919
      0.6513
      0.1456
      0.0387
      0.0246
      0.0219
      0.0311
      0.0816
      0.2038
      0.3807
      0.5289
      0.5958
      0.6727
      0.9030
      1.2377
      1.4052
     12.4183
     10.4443
      6.2098
      2.6068
      0.7758
      0.1756
      0.0497
      0.0330
      0.0266
      0.0232
      0.0409
      0.1044
      0.2259
      0.3960
      0.6376
      1.0913
      1.9028
      2.8509
      3.2944
     10.4443
      8.7844
      5.2243
      2.1981
      0.6682
      0.1807
      0.0937
      0.0876
      0.0717
      0.0455
      0.0335
      0.0625
      0.1620
      0.3725
      0.7882
      1.6309
      3.0830
      4.7335
      5.4978
      6.2099
      5.2244
      3.1142
      1.3332
      0.4621
      0.2309
      0.2351
      0.2464
      0.1965
      0.1147
      0.0559
      0.0549
      0.1410
      0.3691
      0.8634
      1.8829
      3.6277
      5.6012
      6.5138
      2.6077
      2.1998
      1.3378
      0.6486
      0.3880
      0.4259
      0.5317
      0.5379
      0.4072
      0.2254
      0.0949
      0.0542
      0.1099
      0.2965
      0.7174
      1.5856
      3.0610
      4.7243
      5.4927
      0.7796
      0.6751
      0.4840
      0.4214
      0.5631
      0.8050
      0.9648
      0.9064
      0.6464
      0.3414
      0.1335
      0.0515
      0.0666
      0.1765
      0.4384
      0.9819
      1.9014
      2.9342
      3.4108
      0.1853
      0.1975
      0.2858
      0.5347
      0.9275
      1.3072
      1.4731
      1.3167
      0.9118
      0.4749
      0.1823
      0.0560
      0.0352
      0.0835
      0.2289
      0.5615
      1.1462
      1.8097
      2.1164
      0.0671
      0.1212
      0.3252
      0.7379
      1.3078
      1.8471
      2.1262
      1.9794
      1.4405
      0.7888
      0.3160
      0.0927
      0.0299
      0.0563
      0.2115
      0.6519
      1.4945
      2.4762
      2.9328
      0.0563
      0.1219
      0.3601
      0.8396
      1.5596
      2.4076
      3.1008
      3.2031
      2.5245
      1.4632
      0.6102
      0.1820
      0.0500
      0.0868
      0.3846
      1.2887
      3.0596
      5.1380
      6.1065
      0.0527
      0.1138
      0.3373
      0.8191
      1.6720
      2.9259
      4.2148
      4.6997
      3.8766
      2.3069
      0.9774
      0.2942
      0.0800
      0.1388
      0.6290
      2.1279
      5.0716
      8.5294
     10.1411
      0.0497
      0.1061
      0.3154
      0.7888
      1.7011
      3.1554
      4.7405
      5.4154
      4.5241
      2.7100
      1.1523
      0.3476
      0.0946
      0.1644
      0.7461
      2.5263
      6.0230
     10.1309
     12.0456
