      0.1610
      0.1690
      0.1848
      0.1918
      0.1818
      0.1616
      0.1424
      0.1287
      0.1194
      0.1140
      0.1125
      0.1096
      0.0976
      0.0749
      0.0478
      0.0251
      0.0109
      0.0043
      0.0025
      0.1570
      0.1641
      0.1772
      0.1812
      0.1693
      0.1486
      0.1303
      0.1192
      0.1150
      0.1185
      0.1291
      0.1386
      0.1345
      0.1112
      0.0760
      0.0425
      0.0195
      0.0078
      0.0045
      0.1490
      0.1527
      0.1580
      0.1540
      0.1376
      0.1171
      0.1027
      0.0997
      0.1112
      0.1417
      0.1912
      0.2428
      0.2671
      0.2439
      0.1816
      0.1093
      0.0534
      0.0224
      0.0132
      0.1585
      0.1556
      0.1453
      0.1266
      0.1037
      0.0854
      0.0794
      0.0903
      0.1260
      0.2002
      0.3178
      0.4502
      0.5354
      0.5204
      0.4090
      0.2590
      0.1329
      0.0591
      0.0362
      0.2470
      0.2293
      0.1845
      0.1325
      0.0922
      0.0737
      0.0780
      0.1050
      0.1665
      0.2904
      0.4953
      0.7430
      0.9273
      0.9416
      0.7717
      0.5103
      0.2756
      0.1322
      0.0864
      0.5189
      0.4687
      0.3474
      0.2174
      0.1285
      0.0946
      0.1032
      0.1404
      0.2168
      0.3754
      0.6552
      1.0186
      1.3206
      1.3931
      1.1884
      0.8237
      0.4761
      0.2558
      0.1842
      1.0625
      0.9536
      0.6917
      0.4143
      0.2255
      0.1469
      0.1434
      0.1764
      0.2465
      0.4047
      0.7090
      1.1348
      1.5249
      1.6724
      1.4929
      1.1020
      0.7079
      0.4526
      0.3691
      1.8263
      1.6369
      1.1818
      0.6987
      0.3646
      0.2118
      0.1769
      0.1903
      0.2349
      0.3571
      0.6213
      1.0223
      1.4270
      1.6378
      1.5547
      1.2667
      0.9629
      0.7714
      0.7116
      2.5392
      2.2753
      1.6406
      0.9646
      0.4904
      0.2603
      0.1871
      0.1750
      0.1889
      0.2596
      0.4427
      0.7486
      1.0935
      1.3361
      1.3972
      1.3347
      1.2729
      1.2675
      1.2777
      2.8350
      2.5405
      1.8317
      1.0754
      0.5407
      0.2735
      0.1779
      0.1487
      0.1401
      0.1656
      0.2645
      0.4559
      0.7073
      0.9532
      1.1634
      1.3795
      1.6461
      1.9065
      2.0191
      2.5392
      2.2766
      1.6453
      0.9733
      0.5001
      0.2646
      0.1790
      0.1475
      0.1255
      0.1172
      0.1501
      0.2474
      0.4137
      0.6460
      0.9656
      1.4145
      1.9737
      2.4798
      2.6886
      1.8263
      1.6415
      1.2000
      0.7381
      0.4254
      0.2828
      0.2373
      0.2122
      0.1741
      0.1312
      0.1113
      0.1416
      0.2441
      0.4485
      0.8065
      1.3642
      2.0700
      2.7022
      2.9609
      1.0625
      0.9654
      0.7407
      0.5260
      0.4134
      0.3971
      0.4099
      0.3890
      0.3164
      0.2182
      0.1379
      0.1102
      0.1599
      0.3206
      0.6474
      1.1839
      1.8721
      2.4893
      2.7416
      0.5189
      0.4930
      0.4497
      0.4566
      0.5459
      0.6799
      0.7742
      0.7573
      0.6201
      0.4209
      0.2407
      0.1351
      0.1271
      0.2377
      0.5099
      0.9806
      1.5957
      2.1511
      2.3786
      0.2470
      0.2705
      0.3614
      0.5572
      0.8607
      1.2006
      1.4411
      1.4551
      1.2187
      0.8384
      0.4732
      0.2316
      0.1443
      0.2178
      0.4856
      0.9851
      1.6566
      2.2706
      2.5233
      0.1585
      0.2154
      0.4081
      0.7815
      1.3434
      1.9922
      2.4979
      2.6087
      2.2425
      1.5722
      0.8953
      0.4256
      0.2235
      0.2873
      0.6563
      1.3851
      2.3856
      3.3089
      3.6904
      0.1490
      0.2289
      0.5024
      1.0481
      1.9078
      2.9581
      3.8409
      4.1191
      3.6101
      2.5662
      1.4743
      0.7000
      0.3534
      0.4328
      0.9979
      2.1359
      3.7090
      5.1654
      5.7680
      0.1570
      0.2512
      0.5809
      1.2634
      2.3824
      3.8016
      5.0448
      5.4952
      4.8686
      3.4867
      2.0131
      0.9578
      0.4808
      0.5837
      1.3494
      2.8978
      5.0420
      7.0286
      7.8508
      0.1610
      0.2600
      0.6104
      1.3463
      2.5706
      4.1427
      5.5375
      6.0622
      5.3892
      3.8683
      2.2368
      1.0652
      0.5344
      0.6483
      1.4995
      3.2220
      5.6079
      7.8189
      8.7340
