      0.0000
      0.0000
      0.0000
      0.0000
      0.0000
      0.0000
      0.0000
      0.0000
      0.0000
      0.0000
      0.0000
      0.0000
      0.0000
      0.0000
      0.0000
      0.0000
      0.0000
      0.0000
      0.0000
      0.0000
      0.0000
      0.0000
      0.0000
      0.0000
      0.0000
      0.0000
      0.0000
      0.0000
      0.0000
      0.0000
      0.0000
      0.0000
      0.0000
      0.0000
      0.0000
      0.0000
      0.0000
      0.0000
      0.0000
      0.0000
      0.0000
      0.0000
      0.0000
      0.0000
      0.0000
      0.0000
      0.0000
      0.0000
      0.0000
      0.0000
      0.0000
      0.0000
      0.0000
      0.0000
      0.0000
      0.0000
      0.0000
      0.0000
      0.0000
      0.0000
      0.0000
      0.0000
      0.0000
      0.0000
      0.0000
      0.0000
      0.0000
      0.0000
      0.0000
      0.0000
      0.0000
      0.0000
      0.0000
      0.0000
      0.0000
      0.0000
      0.0000
      0.0000
      0.0000
      0.0000
      0.0000
      0.0000
      0.0000
      0.0000
      0.0000
      0.0000
      0.0000
      0.0001
      0.0007
      0.0008
      0.0002
      0.0000
      0.0000
      0.0000
      0.0000
      0.0010
      0.0005
      0.0001
      0.0000
      0.0000
      0.0000
      0.0000
      0.0000
      0.0000
      0.0000
      0.0000
      0.0012
      0.0066
      0.0095
      0.0034
      0.0003
      0.0000
      0.0000
      0.0000
      0.1306
      0.0653
      0.0081
      0.0003
      0.0000
      0.0000
      0.0000
      0.0000
      0.0000
      0.0000
      0.0001
      0.0023
      0.0165
      0.0291
      0.0128
      0.0014
      0.0000
      0.0000
      0.0000
      4.2335
      2.1168
      0.2639
      0.0081
      0.0001
      0.0000
      0.0000
      0.0000
      0.0000
      0.0000
      0.0000
      0.0012
      0.0102
      0.0221
      0.0120
      0.0016
      0.0001
      0.0003
      0.0006
     33.9581
     16.9790
      2.1168
      0.0653
      0.0005
      0.0000
      0.0000
      0.0000
      0.0000
      0.0000
      0.0000
      0.0001
      0.0016
      0.0042
      0.0029
      0.0008
      0.0047
      0.0374
      0.0748
     67.9162
     33.9581
      4.2335
      0.1306
      0.0010
      0.0000
      0.0000
      0.0000
      0.0000
      0.0000
      0.0000
      0.0000
      0.0001
      0.0013
      0.0055
      0.0113
      0.1534
      1.2124
      2.4242
     33.9581
     16.9790
      2.1168
      0.0653
      0.0005
      0.0000
      0.0001
      0.0001
      0.0001
      0.0000
      0.0000
      0.0000
      0.0004
      0.0088
      0.0515
      0.1119
      1.2397
      9.7253
     19.4449
      4.2335
      2.1168
      0.2639
      0.0081
      0.0001
      0.0007
      0.0053
      0.0101
      0.0048
      0.0006
      0.0000
      0.0000
      0.0007
      0.0184
      0.1251
      0.2854
      2.5135
     19.4544
     38.8897
      0.1306
      0.0653
      0.0081
      0.0003
      0.0006
      0.0158
      0.1053
      0.1766
      0.0741
      0.0077
      0.0002
      0.0000
      0.0003
      0.0096
      0.0760
      0.1865
      1.2855
      9.7313
     19.4451
      0.0010
      0.0005
      0.0001
      0.0007
      0.0082
      0.0950
      0.5196
      0.7653
      0.2835
      0.0262
      0.0006
      0.0000
      0.0000
      0.0012
      0.0115
      0.0310
      0.1662
      1.2142
      2.4243
      0.0000
      0.0000
      0.0005
      0.0119
      0.0785
      0.2326
      0.6756
      0.8330
      0.2717
      0.0222
      0.0004
      0.0000
      0.0000
      0.0000
      0.0004
      0.0013
      0.0054
      0.0376
      0.0749
      0.0000
      0.0000
      0.0026
      0.0547
      0.2924
      0.4339
      0.3902
      0.3841
      0.1455
      0.0155
      0.0004
      0.0000
      0.0000
      0.0000
      0.0000
      0.0000
      0.0010
      0.0081
      0.0163
      0.0000
      0.0000
      0.0034
      0.0633
      0.2963
      0.5939
      2.3658
      4.8801
      2.6180
      0.3510
      0.0117
      0.0001
      0.0000
      0.0000
      0.0000
      0.0010
      0.0318
      0.2551
      0.5102
      0.0000
      0.0000
      0.0012
      0.0187
      0.1319
      2.1676
     18.1248
     38.9714
     20.9675
      2.8136
      0.0934
      0.0008
      0.0000
      0.0000
      0.0001
      0.0079
      0.2551
      2.0461
      4.0922
      0.0000
      0.0000
      0.0002
      0.0035
      0.1290
      4.2019
     36.2162
     77.9402
     41.9349
      5.6273
      0.1869
      0.0015
      0.0000
      0.0000
      0.0001
      0.0157
      0.5102
      4.0922
      8.1845
