      0.0000
      0.0000
      0.0000
      0.0000
      0.0000
      0.0000
      0.0000
      0.0000
      0.0000
      0.0000
      0.0000
      0.0000
      0.0000
      0.0000
      0.0000
      0.0000
      0.0000
      0.0000
      0.0000
      0.0000
      0.0000
      0.0000
      0.0000
      0.0000
      0.0000
      0.0000
      0.0000
      0.0000
      0.0000
      0.0000
      0.0000
      0.0000
      0.0000
      0.0000
      0.0000
      0.0000
      0.0000
      0.0000
      0.0000
      0.0000
      0.0000
      0.0000
      0.0000
      0.0000
      0.0000
      0.0000
      0.0000
      0.0000
      0.0000
      0.0000
      0.0000
      0.0000
      0.0000
      0.0000
      0.0000
      0.0000
      0.0000
      0.0000
      0.0000
      0.0000
      0.0000
      0.0000
      0.0000
      0.0000
      0.0000
      0.0000
      0.0000
      0.0000
      0.0000
      0.0000
      0.0000
      0.0000
      0.0000
      0.0000
      0.0000
      0.0000
      0.0000
      0.0000
      0.0000
      0.0000
      0.0000
      0.0000
      0.0000
      0.0000
      0.0000
      0.0000
      0.0000
      0.0001
      0.0004
      0.0005
      0.0001
      0.0000
      0.0000
      0.0000
      0.0000
      0.0024
      0.0012
      0.0002
      0.0000
      0.0000
      0.0000
      0.0000
      0.0000
      0.0000
      0.0000
      0.0000
      0.0007
      0.0038
      0.0055
      0.0020
      0.0002
      0.0000
      0.0000
      0.0000
      0.3212
      0.1606
      0.0200
      0.0006
      0.0000
      0.0000
      0.0000
      0.0000
      0.0000
      0.0000
      0.0000
      0.0013
      0.0095
      0.0168
      0.0074
      0.0008
      0.0000
      0.0000
      0.0000
     10.4165
      5.2083
      0.6493
      0.0200
      0.0002
      0.0000
      0.0000
      0.0000
      0.0000
      0.0000
      0.0000
      0.0007
      0.0059
      0.0128
      0.0069
      0.0009
      0.0001
      0.0005
      0.0009
     83.5529
     41.7764
      5.2083
      0.1606
      0.0012
      0.0000
      0.0000
      0.0000
      0.0000
      0.0000
      0.0000
      0.0001
      0.0009
      0.0024
      0.0016
      0.0005
      0.0076
      0.0608
      0.1217
    167.1058
     83.5529
     10.4165
      0.3212
      0.0024
      0.0000
      0.0000
      0.0000
      0.0000
      0.0000
      0.0000
      0.0000
      0.0000
      0.0003
      0.0012
      0.0090
      0.2464
      1.9729
      3.9457
     83.5529
     41.7764
      5.2083
      0.1606
      0.0012
      0.0000
      0.0000
      0.0000
      0.0000
      0.0000
      0.0000
      0.0000
      0.0001
      0.0018
      0.0109
      0.0761
      1.9785
     15.8253
     31.6495
     10.4165
      5.2083
      0.6493
      0.0200
      0.0002
      0.0001
      0.0011
      0.0021
      0.0010
      0.0001
      0.0000
      0.0000
      0.0001
      0.0038
      0.0264
      0.1647
      3.9640
     31.6514
     63.2990
      0.3212
      0.1606
      0.0200
      0.0006
      0.0001
      0.0032
      0.0215
      0.0361
      0.0151
      0.0016
      0.0000
      0.0000
      0.0001
      0.0020
      0.0159
      0.0913
      1.9879
     15.8266
     31.6495
      0.0024
      0.0012
      0.0002
      0.0001
      0.0017
      0.0195
      0.1062
      0.1564
      0.0579
      0.0053
      0.0001
      0.0000
      0.0000
      0.0003
      0.0024
      0.0130
      0.2490
      1.9733
      3.9458
      0.0000
      0.0000
      0.0001
      0.0025
      0.0168
      0.0487
      0.1387
      0.1707
      0.0558
      0.0046
      0.0001
      0.0000
      0.0000
      0.0000
      0.0001
      0.0005
      0.0078
      0.0615
      0.1229
      0.0000
      0.0000
      0.0005
      0.0117
      0.0627
      0.0955
      0.1070
      0.1345
      0.0598
      0.0072
      0.0002
      0.0000
      0.0000
      0.0000
      0.0000
      0.0003
      0.0105
      0.0844
      0.1689
      0.0000
      0.0000
      0.0007
      0.0136
      0.0662
      0.2222
      1.3273
      2.8115
      1.5111
      0.2027
      0.0067
      0.0001
      0.0000
      0.0000
      0.0001
      0.0105
      0.3395
      2.7233
      5.4467
      0.0000
      0.0000
      0.0002
      0.0042
      0.0501
      1.2268
     10.4654
     22.5156
     12.1142
      1.6256
      0.0540
      0.0004
      0.0000
      0.0000
      0.0006
      0.0840
      2.7233
     21.8445
     43.6890
      0.0000
      0.0000
      0.0000
      0.0010
      0.0713
      2.4250
     20.9237
     45.0307
     24.2283
      3.2512
      0.1080
      0.0009
      0.0000
      0.0000
      0.0013
      0.1680
      5.4467
     43.6890
     87.3779
