      0.0012
      0.0029
      0.0071
      0.0096
      0.0071
      0.0028
      0.0007
      0.0004
      0.0008
      0.0032
      0.0079
      0.0106
      0.0077
      0.0030
      0.0006
      0.0001
      0.0000
      0.0000
      0.0000
      0.0017
      0.0037
      0.0082
      0.0101
      0.0068
      0.0025
      0.0006
      0.0003
      0.0007
      0.0027
      0.0070
      0.0101
      0.0081
      0.0035
      0.0008
      0.0001
      0.0000
      0.0000
      0.0000
      0.0022
      0.0043
      0.0081
      0.0087
      0.0051
      0.0016
      0.0003
      0.0001
      0.0003
      0.0015
      0.0047
      0.0085
      0.0087
      0.0052
      0.0018
      0.0004
      0.0000
      0.0000
      0.0000
      0.0022
      0.0032
      0.0049
      0.0045
      0.0023
      0.0006
      0.0001
      0.0000
      0.0001
      0.0010
      0.0050
      0.0144
      0.0237
      0.0218
      0.0111
      0.0031
      0.0005
      0.0000
      0.0000
      0.0159
      0.0122
      0.0060
      0.0022
      0.0007
      0.0001
      0.0000
      0.0000
      0.0002
      0.0022
      0.0147
      0.0538
      0.1062
      0.1134
      0.0655
      0.0204
      0.0034
      0.0003
      0.0000
      0.2520
      0.1853
      0.0736
      0.0158
      0.0019
      0.0001
      0.0000
      0.0001
      0.0004
      0.0044
      0.0333
      0.1345
      0.2924
      0.3433
      0.2177
      0.0745
      0.0137
      0.0014
      0.0002
      2.2102
      1.6244
      0.6441
      0.1373
      0.0157
      0.0010
      0.0001
      0.0001
      0.0004
      0.0051
      0.0415
      0.1837
      0.4378
      0.5631
      0.3914
      0.1471
      0.0308
      0.0057
      0.0037
     10.3675
      7.6197
      3.0214
      0.6441
      0.0734
      0.0045
      0.0003
      0.0002
      0.0003
      0.0031
      0.0280
      0.1358
      0.3549
      0.5011
      0.3843
      0.1644
      0.0541
      0.0456
      0.0554
     26.1456
     19.2159
      7.6197
      1.6244
      0.1851
      0.0113
      0.0006
      0.0003
      0.0003
      0.0011
      0.0102
      0.0549
      0.1602
      0.2586
      0.2416
      0.1639
      0.1909
      0.3646
      0.4803
     35.5743
     26.1456
     10.3675
      2.2102
      0.2520
      0.0160
      0.0026
      0.0031
      0.0025
      0.0013
      0.0025
      0.0151
      0.0608
      0.1556
      0.2658
      0.3907
      0.8050
      1.6935
      2.2462
     26.1456
     19.2159
      7.6197
      1.6246
      0.1873
      0.0216
      0.0274
      0.0379
      0.0288
      0.0118
      0.0033
      0.0093
      0.0630
      0.2486
      0.5724
      0.9857
      2.0592
      4.2781
      5.6618
     10.3675
      7.6197
      3.0216
      0.6466
      0.0915
      0.0832
      0.1909
      0.2523
      0.1810
      0.0702
      0.0152
      0.0110
      0.0760
      0.3325
      0.8264
      1.4582
      2.9064
      5.8609
      7.7150
      2.2102
      1.6246
      0.6461
      0.1526
      0.1031
      0.3298
      0.7297
      0.9033
      0.6109
      0.2237
      0.0444
      0.0107
      0.0531
      0.2482
      0.6561
      1.1842
      2.2459
      4.3586
      5.6914
      0.2520
      0.1863
      0.0850
      0.0819
      0.2707
      0.7974
      1.5473
      1.7638
      1.1194
      0.3869
      0.0722
      0.0093
      0.0203
      0.1002
      0.2820
      0.5239
      0.9498
      1.7629
      2.2773
      0.0159
      0.0164
      0.0464
      0.1954
      0.5767
      1.2457
      1.9699
      2.0174
      1.2045
      0.3991
      0.0719
      0.0074
      0.0044
      0.0218
      0.0660
      0.1315
      0.2468
      0.4567
      0.5879
      0.0022
      0.0121
      0.0866
      0.3556
      0.8861
      1.5744
      2.2426
      2.3204
      1.4875
      0.5437
      0.1098
      0.0121
      0.0012
      0.0029
      0.0142
      0.0700
      0.2798
      0.6824
      0.9236
      0.0022
      0.0144
      0.0994
      0.3936
      1.0456
      2.3857
      4.6097
      5.9020
      4.3404
      1.7524
      0.3828
      0.0448
      0.0029
      0.0020
      0.0293
      0.2538
      1.1871
      2.9919
      4.0705
      0.0017
      0.0102
      0.0682
      0.3002
      1.1748
      4.1801
     10.0736
     13.9090
     10.5137
      4.3013
      0.9470
      0.1115
      0.0071
      0.0046
      0.0726
      0.6373
      2.9891
      7.5382
     10.2566
      0.0012
      0.0069
      0.0464
      0.2427
      1.2752
      5.3325
     13.4686
     18.8142
     14.2667
      5.8433
      1.2873
      0.1516
      0.0097
      0.0063
      0.0988
      0.8670
      4.0670
     10.2565
     13.9553
