      0.3426
      0.3763
      0.4450
      0.4820
      0.4490
      0.3640
      0.2725
      0.2040
      0.1607
      0.1343
      0.1167
      0.1006
      0.0799
      0.0551
      0.0317
      0.0152
      0.0064
      0.0029
      0.0020
      0.3419
      0.3714
      0.4296
      0.4561
      0.4180
      0.3343
      0.2478
      0.1850
      0.1471
      0.1257
      0.1132
      0.1017
      0.0845
      0.0610
      0.0369
      0.0186
      0.0081
      0.0035
      0.0024
      0.3401
      0.3576
      0.3878
      0.3876
      0.3382
      0.2602
      0.1882
      0.1407
      0.1163
      0.1077
      0.1080
      0.1088
      0.1012
      0.0816
      0.0550
      0.0308
      0.0145
      0.0064
      0.0041
      0.3685
      0.3668
      0.3526
      0.3119
      0.2469
      0.1780
      0.1264
      0.0988
      0.0906
      0.0962
      0.1117
      0.1294
      0.1364
      0.1230
      0.0923
      0.0573
      0.0302
      0.0152
      0.0107
      0.5505
      0.5140
      0.4196
      0.3024
      0.1979
      0.1269
      0.0916
      0.0815
      0.0857
      0.1010
      0.1290
      0.1647
      0.1903
      0.1872
      0.1535
      0.1060
      0.0652
      0.0411
      0.0336
      1.1104
      1.0041
      0.7447
      0.4588
      0.2461
      0.1335
      0.0950
      0.0918
      0.0998
      0.1164
      0.1503
      0.2012
      0.2481
      0.2629
      0.2367
      0.1876
      0.1425
      0.1161
      0.1082
      2.2420
      2.0113
      1.4538
      0.8530
      0.4211
      0.2021
      0.1280
      0.1154
      0.1168
      0.1261
      0.1578
      0.2174
      0.2853
      0.3299
      0.3377
      0.3242
      0.3141
      0.3154
      0.3183
      3.8403
      3.4400
      2.4742
      1.4360
      0.6909
      0.3086
      0.1693
      0.1325
      0.1203
      0.1182
      0.1419
      0.2024
      0.2888
      0.3789
      0.4642
      0.5568
      0.6637
      0.7602
      0.8002
      5.3354
      4.7781
      3.4335
      1.9878
      0.9471
      0.4058
      0.1985
      0.1346
      0.1090
      0.0969
      0.1110
      0.1670
      0.2694
      0.4200
      0.6315
      0.9183
      1.2542
      1.5429
      1.6589
      5.9563
      5.3346
      3.8349
      2.2227
      1.0610
      0.4531
      0.2145
      0.1356
      0.1010
      0.0807
      0.0846
      0.1326
      0.2475
      0.4627
      0.8256
      1.3634
      2.0108
      2.5693
      2.7934
      5.3354
      4.7816
      3.4476
      2.0180
      0.9935
      0.4610
      0.2500
      0.1720
      0.1267
      0.0913
      0.0783
      0.1124
      0.2297
      0.4902
      0.9748
      1.7303
      2.6611
      3.4726
      3.7995
      3.8403
      3.4517
      2.5211
      1.5383
      0.8524
      0.5077
      0.3658
      0.2879
      0.2129
      0.1411
      0.0959
      0.1048
      0.2064
      0.4689
      0.9888
      1.8262
      2.8773
      3.8030
      4.1776
      2.2420
      2.0401
      1.5697
      1.1049
      0.8185
      0.6931
      0.6163
      0.5087
      0.3659
      0.2266
      0.1302
      0.1021
      0.1697
      0.3884
      0.8454
      1.6003
      2.5621
      3.4167
      3.7640
      1.1104
      1.0600
      0.9688
      0.9415
      0.9986
      1.0513
      0.9970
      0.8135
      0.5632
      0.3309
      0.1712
      0.1010
      0.1278
      0.2831
      0.6321
      1.2252
      1.9929
      2.6813
      2.9623
      0.5505
      0.6004
      0.7647
      1.0395
      1.3335
      1.4935
      1.4175
      1.1337
      0.7654
      0.4374
      0.2150
      0.1058
      0.0996
      0.2108
      0.4923
      0.9922
      1.6547
      2.2565
      2.5036
      0.3685
      0.4743
      0.7813
      1.2241
      1.6448
      1.8520
      1.7483
      1.3933
      0.9430
      0.5431
      0.2676
      0.1241
      0.0997
      0.2112
      0.5261
      1.1104
      1.9029
      2.6316
      2.9324
      0.3401
      0.4682
      0.8298
      1.3306
      1.7898
      2.0139
      1.9156
      1.5569
      1.0869
      0.6500
      0.3320
      0.1571
      0.1264
      0.2785
      0.7206
      1.5555
      2.6993
      3.7564
      4.1936
      0.3419
      0.4728
      0.8369
      1.3326
      1.7842
      2.0170
      1.9530
      1.6369
      1.1885
      0.7403
      0.3923
      0.1917
      0.1601
      0.3624
      0.9486
      2.0601
      3.5867
      4.9995
      5.5840
      0.3426
      0.4719
      0.8300
      1.3149
      1.7575
      1.9940
      1.9501
      1.6598
      1.2266
      0.7771
      0.4178
      0.2068
      0.1752
      0.3999
      1.0492
      2.2811
      3.9738
      5.5405
      6.1888
