      0.2358
      0.2561
      0.2977
      0.3222
      0.3082
      0.2672
      0.2246
      0.1942
      0.1760
      0.1667
      0.1613
      0.1508
      0.1267
      0.0908
      0.0539
      0.0265
      0.0111
      0.0047
      0.0031
      0.2359
      0.2534
      0.2883
      0.3056
      0.2871
      0.2452
      0.2039
      0.1761
      0.1619
      0.1585
      0.1609
      0.1586
      0.1409
      0.1069
      0.0674
      0.0351
      0.0154
      0.0064
      0.0041
      0.2435
      0.2527
      0.2674
      0.2641
      0.2341
      0.1908
      0.1540
      0.1336
      0.1305
      0.1437
      0.1690
      0.1924
      0.1946
      0.1663
      0.1173
      0.0678
      0.0323
      0.0138
      0.0084
      0.3083
      0.3002
      0.2745
      0.2314
      0.1791
      0.1322
      0.1020
      0.0923
      0.1042
      0.1416
      0.2034
      0.2710
      0.3094
      0.2921
      0.2249
      0.1407
      0.0724
      0.0334
      0.0214
      0.5816
      0.5347
      0.4174
      0.2811
      0.1699
      0.1015
      0.0718
      0.0710
      0.0972
      0.1602
      0.2659
      0.3923
      0.4841
      0.4880
      0.3993
      0.2665
      0.1492
      0.0785
      0.0562
      1.3292
      1.1967
      0.8745
      0.5227
      0.2629
      0.1240
      0.0735
      0.0720
      0.1050
      0.1852
      0.3277
      0.5120
      0.6652
      0.7052
      0.6101
      0.4387
      0.2775
      0.1776
      0.1458
      2.7805
      2.4919
      1.7944
      1.0412
      0.4950
      0.2089
      0.1028
      0.0847
      0.1119
      0.1918
      0.3469
      0.5636
      0.7660
      0.8556
      0.7940
      0.6384
      0.4860
      0.3947
      0.3672
      4.8011
      4.2993
      3.0874
      1.7809
      0.8348
      0.3371
      0.1453
      0.0966
      0.1070
      0.1689
      0.3054
      0.5143
      0.7360
      0.8820
      0.9115
      0.8703
      0.8370
      0.8405
      0.8498
      6.6816
      5.9825
      4.2943
      2.4746
      1.1559
      0.4592
      0.1851
      0.1052
      0.0957
      0.1304
      0.2274
      0.3964
      0.6085
      0.8125
      0.9887
      1.1726
      1.3967
      1.6113
      1.7031
      7.4612
      6.6809
      4.7974
      2.7684
      1.2998
      0.5250
      0.2194
      0.1254
      0.1001
      0.1062
      0.1579
      0.2759
      0.4653
      0.7241
      1.0723
      1.5466
      2.1215
      2.6329
      2.8422
      6.6816
      5.9853
      4.3065
      2.5036
      1.2079
      0.5343
      0.2742
      0.1897
      0.1499
      0.1233
      0.1286
      0.1973
      0.3602
      0.6563
      1.1449
      1.8724
      2.7662
      3.5538
      3.8736
      4.8011
      4.3082
      3.1251
      1.8696
      0.9905
      0.5572
      0.4004
      0.3351
      0.2681
      0.1928
      0.1437
      0.1624
      0.2904
      0.5841
      1.1220
      1.9569
      2.9944
      3.9092
      4.2804
      2.7805
      2.5131
      1.8828
      1.2450
      0.8445
      0.6895
      0.6446
      0.5821
      0.4593
      0.3089
      0.1905
      0.1522
      0.2306
      0.4734
      0.9515
      1.7121
      2.6650
      3.5075
      3.8496
      1.3292
      1.2369
      1.0413
      0.9013
      0.8992
      0.9797
      1.0183
      0.9288
      0.7183
      0.4660
      0.2609
      0.1565
      0.1740
      0.3369
      0.6909
      1.2690
      2.0004
      2.6494
      2.9134
      0.5816
      0.5972
      0.6750
      0.8624
      1.1398
      1.3979
      1.5002
      1.3746
      1.0616
      0.6848
      0.3706
      0.1853
      0.1376
      0.2253
      0.4690
      0.8895
      1.4330
      1.9202
      2.1192
      0.3083
      0.3801
      0.6059
      0.9852
      1.4526
      1.8649
      2.0570
      1.9319
      1.5289
      1.0078
      0.5498
      0.2569
      0.1398
      0.1795
      0.3833
      0.7693
      1.2870
      1.7590
      1.9531
      0.2435
      0.3399
      0.6341
      1.1177
      1.7216
      2.2937
      2.6295
      2.5669
      2.1044
      1.4290
      0.7959
      0.3694
      0.1788
      0.1988
      0.4351
      0.9128
      1.5697
      2.1756
      2.4259
      0.2359
      0.3398
      0.6583
      1.1914
      1.8881
      2.6016
      3.0902
      3.1169
      2.6253
      1.8204
      1.0293
      0.4807
      0.2274
      0.2436
      0.5391
      1.1485
      1.9930
      2.7750
      3.0985
      0.2358
      0.3408
      0.6640
      1.2115
      1.9425
      2.7150
      3.2712
      3.3403
      2.8408
      1.9839
      1.1274
      0.5280
      0.2492
      0.2657
      0.5896
      1.2597
      2.1897
      3.0514
      3.4080
