      0.5864
      0.5978
      0.6155
      0.6053
      0.5462
      0.4509
      0.3590
      0.3119
      0.3269
      0.3872
      0.4515
      0.4763
      0.4400
      0.3527
      0.2459
      0.1516
      0.0869
      0.0527
      0.0425
      0.5944
      0.6020
      0.6105
      0.5905
      0.5253
      0.4289
      0.3393
      0.2947
      0.3106
      0.3711
      0.4368
      0.4658
      0.4359
      0.3546
      0.2513
      0.1574
      0.0912
      0.0552
      0.0442
      0.6401
      0.6358
      0.6150
      0.5632
      0.4773
      0.3755
      0.2907
      0.2521
      0.2703
      0.3309
      0.4004
      0.4406
      0.4275
      0.3625
      0.2687
      0.1760
      0.1054
      0.0643
      0.0511
      0.7961
      0.7690
      0.6914
      0.5762
      0.4446
      0.3238
      0.2388
      0.2053
      0.2252
      0.2852
      0.3590
      0.4140
      0.4240
      0.3819
      0.3020
      0.2111
      0.1343
      0.0855
      0.0691
      1.1874
      1.1202
      0.9421
      0.7102
      0.4869
      0.3154
      0.2124
      0.1752
      0.1926
      0.2498
      0.3268
      0.3969
      0.4326
      0.4175
      0.3557
      0.2694
      0.1867
      0.1297
      0.1096
      1.9416
      1.8101
      1.4685
      1.0420
      0.6563
      0.3827
      0.2300
      0.1722
      0.1790
      0.2292
      0.3069
      0.3910
      0.4537
      0.4704
      0.4341
      0.3599
      0.2769
      0.2141
      0.1911
      3.0766
      2.8560
      2.2866
      1.5846
      0.9620
      0.5304
      0.2929
      0.1951
      0.1813
      0.2194
      0.2944
      0.3909
      0.4825
      0.5389
      0.5411
      0.4938
      0.4227
      0.3618
      0.3382
      4.3900
      4.0703
      3.2466
      2.2350
      1.3425
      0.7271
      0.3869
      0.2380
      0.1971
      0.2183
      0.2868
      0.3931
      0.5159
      0.6213
      0.6789
      0.6786
      0.6378
      0.5909
      0.5709
      5.4714
      5.0725
      4.0455
      2.7867
      1.6794
      0.9178
      0.4950
      0.3026
      0.2344
      0.2346
      0.2902
      0.4010
      0.5534
      0.7134
      0.8397
      0.9054
      0.9136
      0.8943
      0.8828
      5.8931
      5.4668
      4.3707
      3.0316
      1.8596
      1.0588
      0.6146
      0.4047
      0.3137
      0.2857
      0.3167
      0.4193
      0.5908
      0.7997
      0.9955
      1.1343
      1.2024
      1.2201
      1.2208
      5.4714
      5.0845
      4.0932
      2.8908
      1.8510
      1.1515
      0.7652
      0.5692
      0.4565
      0.3866
      0.3732
      0.4460
      0.6141
      0.8501
      1.0973
      1.2978
      1.4217
      1.4772
      1.4910
      4.3900
      4.0978
      3.3550
      2.4694
      1.7252
      1.2419
      0.9742
      0.8097
      0.6669
      0.5347
      0.4529
      0.4696
      0.6045
      0.8336
      1.0982
      1.3322
      1.4940
      1.5788
      1.6037
      3.0766
      2.9034
      2.4725
      1.9826
      1.6033
      1.3799
      1.2459
      1.1065
      0.9169
      0.7038
      0.5358
      0.4767
      0.5524
      0.7415
      0.9870
      1.2225
      1.4000
      1.5026
      1.5350
      1.9416
      1.8793
      1.7385
      1.6145
      1.5673
      1.5714
      1.5414
      1.4040
      1.1537
      0.8547
      0.5997
      0.4620
      0.4686
      0.5998
      0.8044
      1.0220
      1.2025
      1.3172
      1.3559
      1.1874
      1.2078
      1.2819
      1.4258
      1.6144
      1.7687
      1.7931
      1.6363
      1.3266
      0.9566
      0.6335
      0.4327
      0.3794
      0.4564
      0.6219
      0.8247
      1.0139
      1.1467
      1.1943
      0.7961
      0.8664
      1.0688
      1.3675
      1.6841
      1.9093
      1.9473
      1.7658
      1.4157
      1.0041
      0.6422
      0.4030
      0.3105
      0.3528
      0.4992
      0.7080
      0.9255
      1.0908
      1.1527
      0.6401
      0.7340
      0.9953
      1.3601
      1.7239
      1.9669
      1.9995
      1.8031
      1.4384
      1.0145
      0.6396
      0.3839
      0.2728
      0.3019
      0.4518
      0.6878
      0.9508
      1.1599
      1.2399
      0.5944
      0.6963
      0.9761
      1.3579
      1.7283
      1.9674
      1.9931
      1.7936
      1.4311
      1.0108
      0.6364
      0.3766
      0.2597
      0.2884
      0.4517
      0.7192
      1.0258
      1.2739
      1.3698
      0.5864
      0.6898
      0.9725
      1.3558
      1.7243
      1.9598
      1.9828
      1.7841
      1.4249
      1.0081
      0.6354
      0.3753
      0.2576
      0.2878
      0.4580
      0.7392
      1.0638
      1.3278
      1.4300
