      0.1593
      0.1725
      0.2003
      0.2197
      0.2185
      0.2054
      0.1972
      0.2050
      0.2323
      0.2749
      0.3146
      0.3219
      0.2792
      0.1994
      0.1157
      0.0544
      0.0210
      0.0073
      0.0040
      0.1602
      0.1717
      0.1952
      0.2094
      0.2043
      0.1888
      0.1791
      0.1858
      0.2126
      0.2564
      0.3004
      0.3157
      0.2822
      0.2086
      0.1260
      0.0620
      0.0251
      0.0091
      0.0050
      0.1685
      0.1744
      0.1844
      0.1839
      0.1684
      0.1477
      0.1356
      0.1408
      0.1675
      0.2157
      0.2731
      0.3118
      0.3043
      0.2471
      0.1649
      0.0900
      0.0404
      0.0160
      0.0092
      0.2203
      0.2142
      0.1955
      0.1656
      0.1315
      0.1038
      0.0910
      0.0971
      0.1264
      0.1838
      0.2642
      0.3408
      0.3737
      0.3393
      0.2520
      0.1527
      0.0762
      0.0340
      0.0213
      0.4247
      0.3904
      0.3050
      0.2064
      0.1276
      0.0819
      0.0665
      0.0750
      0.1088
      0.1786
      0.2890
      0.4152
      0.5010
      0.4959
      0.3996
      0.2631
      0.1453
      0.0752
      0.0533
      0.9735
      0.8767
      0.6415
      0.3854
      0.1980
      0.1009
      0.0702
      0.0767
      0.1119
      0.1902
      0.3270
      0.5023
      0.6464
      0.6811
      0.5863
      0.4196
      0.2639
      0.1678
      0.1373
      2.0338
      1.8230
      1.3139
      0.7653
      0.3700
      0.1672
      0.0971
      0.0910
      0.1189
      0.1931
      0.3378
      0.5425
      0.7356
      0.8225
      0.7646
      0.6148
      0.4664
      0.3764
      0.3490
      3.5083
      3.1420
      2.2579
      1.3066
      0.6215
      0.2667
      0.1358
      0.1067
      0.1189
      0.1748
      0.3026
      0.5050
      0.7266
      0.8790
      0.9148
      0.8714
      0.8266
      0.8166
      0.8200
      4.8804
      4.3704
      3.1395
      1.8158
      0.8626
      0.3676
      0.1806
      0.1295
      0.1233
      0.1520
      0.2446
      0.4202
      0.6541
      0.8871
      1.0789
      1.2476
      1.4286
      1.5978
      1.6705
      5.4493
      4.8805
      3.5093
      2.0380
      0.9851
      0.4466
      0.2495
      0.1937
      0.1704
      0.1641
      0.2099
      0.3474
      0.5884
      0.9127
      1.2992
      1.7490
      2.2416
      2.6627
      2.8334
      4.8804
      4.3741
      3.1569
      1.8627
      0.9588
      0.5260
      0.3921
      0.3561
      0.3102
      0.2499
      0.2309
      0.3189
      0.5567
      0.9567
      1.5162
      2.2231
      3.0054
      3.6624
      3.9250
      3.5083
      3.1524
      2.3056
      1.4323
      0.8729
      0.6703
      0.6614
      0.6578
      0.5682
      0.4198
      0.3062
      0.3212
      0.5248
      0.9427
      1.5788
      2.4107
      3.3346
      4.1048
      4.4108
      2.0338
      1.8449
      1.4123
      1.0175
      0.8586
      0.9271
      1.0579
      1.0732
      0.9083
      0.6384
      0.4048
      0.3234
      0.4524
      0.8092
      1.3916
      2.1704
      3.0370
      3.7563
      4.0410
      0.9735
      0.9143
      0.8074
      0.7989
      0.9740
      1.2699
      1.5059
      1.5095
      1.2474
      0.8472
      0.4931
      0.3117
      0.3445
      0.5882
      1.0301
      1.6415
      2.3301
      2.9030
      3.1297
      0.4247
      0.4440
      0.5384
      0.7767
      1.1724
      1.6194
      1.9169
      1.8931
      1.5404
      1.0273
      0.5706
      0.3019
      0.2454
      0.3791
      0.6867
      1.1504
      1.6981
      2.1651
      2.3517
      0.2203
      0.2790
      0.4762
      0.8467
      1.3709
      1.9196
      2.2741
      2.2489
      1.8373
      1.2304
      0.6766
      0.3247
      0.1960
      0.2622
      0.5156
      0.9592
      1.5285
      2.0360
      2.2427
      0.1685
      0.2429
      0.4829
      0.9158
      1.5200
      2.1645
      2.6115
      2.6361
      2.2001
      1.5036
      0.8379
      0.3920
      0.2026
      0.2465
      0.5338
      1.0926
      1.8498
      2.5436
      2.8293
      0.1602
      0.2387
      0.4916
      0.9512
      1.6095
      2.3444
      2.8986
      2.9965
      2.5558
      1.7801
      1.0069
      0.4723
      0.2352
      0.2808
      0.6367
      1.3519
      2.3375
      3.2484
      3.6249
      0.1593
      0.2382
      0.4931
      0.9603
      1.6397
      2.4143
      3.0179
      3.1510
      2.7105
      1.9012
      1.0813
      0.5087
      0.2524
      0.3015
      0.6909
      1.4775
      2.5651
      3.5718
      3.9883
