      0.0243
      0.0310
      0.0449
      0.0517
      0.0436
      0.0273
      0.0154
      0.0165
      0.0379
      0.0840
      0.1386
      0.1638
      0.1376
      0.0820
      0.0346
      0.0103
      0.0022
      0.0003
      0.0001
      0.0255
      0.0319
      0.0445
      0.0495
      0.0405
      0.0246
      0.0134
      0.0141
      0.0330
      0.0748
      0.1274
      0.1567
      0.1383
      0.0876
      0.0399
      0.0130
      0.0031
      0.0005
      0.0001
      0.0286
      0.0333
      0.0414
      0.0418
      0.0315
      0.0177
      0.0089
      0.0091
      0.0228
      0.0569
      0.1089
      0.1538
      0.1594
      0.1210
      0.0671
      0.0271
      0.0079
      0.0017
      0.0005
      0.0518
      0.0501
      0.0443
      0.0339
      0.0211
      0.0103
      0.0048
      0.0054
      0.0165
      0.0506
      0.1202
      0.2107
      0.2688
      0.2479
      0.1643
      0.0779
      0.0263
      0.0064
      0.0021
      0.2271
      0.1943
      0.1228
      0.0587
      0.0222
      0.0073
      0.0031
      0.0049
      0.0181
      0.0666
      0.1865
      0.3769
      0.5434
      0.5569
      0.4053
      0.2090
      0.0762
      0.0201
      0.0072
      1.0422
      0.8778
      0.5245
      0.2225
      0.0675
      0.0157
      0.0050
      0.0069
      0.0237
      0.0909
      0.2748
      0.5974
      0.9212
      1.0063
      0.7785
      0.4266
      0.1660
      0.0478
      0.0192
      3.5154
      2.9569
      1.7586
      0.7384
      0.2189
      0.0475
      0.0113
      0.0096
      0.0255
      0.0967
      0.3069
      0.7053
      1.1500
      1.3286
      1.0893
      0.6363
      0.2691
      0.0908
      0.0455
      8.3772
      7.0456
      4.1889
      1.7573
      0.5197
      0.1108
      0.0223
      0.0118
      0.0216
      0.0752
      0.2474
      0.6010
      1.0399
      1.2816
      1.1320
      0.7286
      0.3613
      0.1679
      0.1163
     14.0902
     11.8504
      7.0453
      2.9557
      0.8746
      0.1876
      0.0391
      0.0196
      0.0215
      0.0475
      0.1482
      0.3821
      0.7204
      0.9873
      1.0002
      0.7792
      0.5160
      0.3561
      0.3102
     16.7533
     14.0902
      8.3774
      3.5167
      1.0481
      0.2433
      0.0817
      0.0661
      0.0579
      0.0506
      0.0845
      0.2163
      0.4756
      0.7951
      1.0121
      1.0156
      0.8754
      0.7477
      0.7046
     14.0902
     11.8508
      7.0484
      2.9701
      0.9223
      0.3009
      0.2307
      0.2490
      0.2114
      0.1343
      0.0919
      0.1598
      0.4048
      0.8254
      1.2560
      1.4603
      1.4014
      1.2662
      1.2096
      8.3772
      7.0473
      4.2008
      1.8097
      0.6846
      0.4851
      0.6312
      0.7170
      0.5914
      0.3501
      0.1698
      0.1613
      0.3889
      0.8663
      1.4258
      1.7577
      1.7451
      1.5869
      1.5105
      3.5154
      2.9619
      1.7921
      0.8738
      0.6158
      0.8997
      1.3370
      1.4882
      1.1870
      0.6749
      0.2876
      0.1641
      0.3126
      0.7148
      1.2277
      1.5670
      1.5859
      1.4409
      1.3636
      1.0422
      0.8895
      0.5962
      0.4859
      0.7775
      1.4435
      2.1190
      2.2752
      1.7556
      0.9666
      0.3857
      0.1516
      0.1904
      0.4281
      0.7623
      1.0090
      1.0520
      0.9723
      0.9242
      0.2271
      0.2150
      0.2422
      0.4623
      1.0284
      1.9140
      2.7150
      2.8423
      2.1577
      1.1752
      0.4588
      0.1437
      0.0938
      0.1859
      0.3480
      0.5025
      0.5950
      0.6342
      0.6452
      0.0518
      0.0785
      0.2036
      0.5546
      1.2883
      2.3985
      3.4414
      3.6866
      2.8846
      1.6260
      0.6553
      0.1920
      0.0589
      0.0692
      0.1541
      0.3163
      0.5652
      0.8319
      0.9532
      0.0286
      0.0644
      0.2203
      0.6556
      1.6285
      3.2542
      4.9904
      5.6646
      4.6586
      2.7431
      1.1479
      0.3406
      0.0780
      0.0463
      0.1443
      0.4427
      1.0139
      1.6786
      1.9876
      0.0255
      0.0614
      0.2268
      0.7403
      2.0272
      4.3806
      7.0925
      8.3503
      7.0451
      4.2276
      1.7955
      0.5379
      0.1192
      0.0601
      0.2086
      0.6954
      1.6514
      2.7735
      3.2963
      0.0243
      0.0592
      0.2264
      0.7766
      2.2207
      4.9397
      8.1358
      9.6760
      8.2153
      4.9509
      2.1092
      0.6332
      0.1401
      0.0697
      0.2446
      0.8218
      1.9579
      3.2924
      3.9144
