      0.0021
      0.0051
      0.0126
      0.0171
      0.0126
      0.0050
      0.0011
      0.0002
      0.0006
      0.0027
      0.0068
      0.0091
      0.0066
      0.0026
      0.0005
      0.0001
      0.0000
      0.0000
      0.0000
      0.0030
      0.0065
      0.0145
      0.0180
      0.0121
      0.0045
      0.0009
      0.0002
      0.0005
      0.0023
      0.0060
      0.0087
      0.0069
      0.0030
      0.0007
      0.0001
      0.0000
      0.0000
      0.0000
      0.0040
      0.0076
      0.0144
      0.0154
      0.0090
      0.0029
      0.0005
      0.0001
      0.0002
      0.0013
      0.0040
      0.0071
      0.0072
      0.0042
      0.0014
      0.0003
      0.0000
      0.0000
      0.0000
      0.0036
      0.0056
      0.0086
      0.0080
      0.0040
      0.0011
      0.0002
      0.0000
      0.0001
      0.0008
      0.0038
      0.0108
      0.0175
      0.0160
      0.0081
      0.0022
      0.0003
      0.0000
      0.0000
      0.0207
      0.0162
      0.0084
      0.0035
      0.0011
      0.0003
      0.0000
      0.0000
      0.0001
      0.0016
      0.0107
      0.0388
      0.0766
      0.0817
      0.0472
      0.0147
      0.0025
      0.0002
      0.0000
      0.3231
      0.2377
      0.0946
      0.0204
      0.0024
      0.0002
      0.0000
      0.0001
      0.0003
      0.0032
      0.0240
      0.0968
      0.2105
      0.2472
      0.1567
      0.0536
      0.0099
      0.0010
      0.0001
      2.8338
      2.0827
      0.8259
      0.1761
      0.0201
      0.0012
      0.0001
      0.0001
      0.0003
      0.0037
      0.0299
      0.1323
      0.3152
      0.4055
      0.2819
      0.1060
      0.0219
      0.0032
      0.0012
     13.2925
      9.7694
      3.8739
      0.8258
      0.0941
      0.0057
      0.0003
      0.0002
      0.0003
      0.0023
      0.0201
      0.0978
      0.2556
      0.3612
      0.2777
      0.1190
      0.0340
      0.0160
      0.0157
     33.5221
     24.6373
      9.7694
      2.0827
      0.2373
      0.0144
      0.0006
      0.0002
      0.0002
      0.0008
      0.0074
      0.0396
      0.1161
      0.1893
      0.1803
      0.1173
      0.0870
      0.1093
      0.1305
     45.6109
     33.5221
     13.2925
      2.8337
      0.3230
      0.0202
      0.0024
      0.0027
      0.0021
      0.0011
      0.0019
      0.0113
      0.0472
      0.1254
      0.2164
      0.2646
      0.3241
      0.4865
      0.5978
     33.5221
     24.6373
      9.7694
      2.0829
      0.2392
      0.0234
      0.0237
      0.0326
      0.0247
      0.0102
      0.0028
      0.0078
      0.0535
      0.2117
      0.4725
      0.6563
      0.8155
      1.2104
      1.4890
     13.2925
      9.7694
      3.8741
      0.8284
      0.1109
      0.0752
      0.1653
      0.2170
      0.1554
      0.0602
      0.0131
      0.0094
      0.0651
      0.2837
      0.6803
      0.9793
      1.1758
      1.6602
      2.0197
      2.8338
      2.0830
      0.8288
      0.1953
      0.1108
      0.3050
      0.6420
      0.7812
      0.5252
      0.1919
      0.0381
      0.0092
      0.0455
      0.2115
      0.5401
      0.8103
      0.9479
      1.2535
      1.4938
      0.3231
      0.2395
      0.1134
      0.1188
      0.3334
      0.8138
      1.4172
      1.5458
      0.9659
      0.3322
      0.0619
      0.0080
      0.0174
      0.0854
      0.2326
      0.3667
      0.4242
      0.5239
      0.6074
      0.0207
      0.0235
      0.0785
      0.3215
      0.8385
      1.4811
      1.9497
      1.8081
      1.0372
      0.3384
      0.0605
      0.0062
      0.0038
      0.0186
      0.0546
      0.0951
      0.1285
      0.1817
      0.2184
      0.0036
      0.0212
      0.1521
      0.6077
      1.3882
      2.0285
      2.2509
      1.9751
      1.1795
      0.4188
      0.0833
      0.0091
      0.0009
      0.0025
      0.0121
      0.0588
      0.2343
      0.5709
      0.7725
      0.0040
      0.0255
      0.1742
      0.6578
      1.4916
      2.5154
      3.8036
      4.4274
      3.1701
      1.2703
      0.2767
      0.0324
      0.0021
      0.0017
      0.0256
      0.2214
      1.0355
      2.6100
      3.5508
      0.0030
      0.0180
      0.1158
      0.4421
      1.2587
      3.4193
      7.4759
     10.0829
      7.5826
      3.0986
      0.6820
      0.0803
      0.0051
      0.0040
      0.0634
      0.5562
      2.6090
      6.5795
      8.9523
      0.0021
      0.0121
      0.0753
      0.3081
      1.1471
      4.0519
      9.8043
     13.5755
     10.2764
      4.2075
      0.9268
      0.1092
      0.0070
      0.0054
      0.0862
      0.7568
      3.5498
      8.9522
     12.1806
