      0.0490
      0.0648
      0.0973
      0.1142
      0.0982
      0.0645
      0.0384
      0.0286
      0.0324
      0.0483
      0.0697
      0.0794
      0.0661
      0.0394
      0.0166
      0.0050
      0.0011
      0.0002
      0.0000
      0.0520
      0.0668
      0.0960
      0.1087
      0.0905
      0.0576
      0.0333
      0.0243
      0.0279
      0.0429
      0.0644
      0.0767
      0.0674
      0.0428
      0.0196
      0.0065
      0.0016
      0.0003
      0.0001
      0.0554
      0.0666
      0.0865
      0.0897
      0.0690
      0.0407
      0.0217
      0.0152
      0.0186
      0.0326
      0.0565
      0.0785
      0.0819
      0.0629
      0.0354
      0.0145
      0.0043
      0.0009
      0.0003
      0.0648
      0.0682
      0.0712
      0.0624
      0.0424
      0.0225
      0.0112
      0.0084
      0.0130
      0.0298
      0.0661
      0.1150
      0.1475
      0.1370
      0.0913
      0.0435
      0.0148
      0.0036
      0.0012
      0.1722
      0.1517
      0.1049
      0.0587
      0.0276
      0.0120
      0.0070
      0.0079
      0.0153
      0.0412
      0.1067
      0.2126
      0.3062
      0.3143
      0.2291
      0.1185
      0.0437
      0.0122
      0.0049
      0.7170
      0.6054
      0.3650
      0.1581
      0.0507
      0.0153
      0.0101
      0.0136
      0.0232
      0.0586
      0.1592
      0.3395
      0.5221
      0.5704
      0.4423
      0.2446
      0.0992
      0.0346
      0.0194
      2.3955
      2.0153
      1.1994
      0.5048
      0.1521
      0.0388
      0.0193
      0.0216
      0.0297
      0.0650
      0.1786
      0.4012
      0.6523
      0.7547
      0.6237
      0.3773
      0.1857
      0.1020
      0.0842
      5.7038
      4.7972
      2.8524
      1.1977
      0.3576
      0.0844
      0.0304
      0.0264
      0.0290
      0.0528
      0.1444
      0.3415
      0.5896
      0.7310
      0.6648
      0.4830
      0.3554
      0.3334
      0.3436
      9.5930
      8.0681
      4.7969
      2.0136
      0.5993
      0.1362
      0.0397
      0.0274
      0.0246
      0.0336
      0.0861
      0.2155
      0.4059
      0.5674
      0.6287
      0.6543
      0.7779
      0.9905
      1.1024
     11.4060
      9.5930
      5.7037
      2.3950
      0.7152
      0.1675
      0.0562
      0.0431
      0.0356
      0.0293
      0.0468
      0.1180
      0.2606
      0.4579
      0.6937
      1.0396
      1.6069
      2.2669
      2.5776
      9.5930
      8.0684
      4.7990
      2.0218
      0.6233
      0.1888
      0.1245
      0.1266
      0.1052
      0.0663
      0.0460
      0.0816
      0.2116
      0.4680
      0.8818
      1.5542
      2.6008
      3.7649
      4.3038
      5.7038
      4.7989
      2.8626
      1.2341
      0.4550
      0.2819
      0.3298
      0.3587
      0.2899
      0.1700
      0.0823
      0.0791
      0.1974
      0.4818
      0.9829
      1.8112
      3.0781
      4.4698
      5.1113
      2.3955
      2.0217
      1.2349
      0.6200
      0.4282
      0.5468
      0.7318
      0.7668
      0.5917
      0.3307
      0.1398
      0.0797
      0.1569
      0.3924
      0.8268
      1.5443
      2.6225
      3.7940
      4.3320
      0.7170
      0.6230
      0.4576
      0.4329
      0.6416
      0.9919
      1.2619
      1.2368
      0.9052
      0.4845
      0.1905
      0.0742
      0.0953
      0.2345
      0.5097
      0.9718
      1.6614
      2.4039
      2.7435
      0.1722
      0.1868
      0.2838
      0.5579
      1.0159
      1.5094
      1.7887
      1.6601
      1.1744
      0.6164
      0.2365
      0.0732
      0.0484
      0.1090
      0.2644
      0.5733
      1.0777
      1.6360
      1.8924
      0.0648
      0.1191
      0.3263
      0.7560
      1.3774
      2.0097
      2.3806
      2.2549
      1.6496
      0.9007
      0.3584
      0.1048
      0.0353
      0.0662
      0.2331
      0.6924
      1.5607
      2.5685
      3.0367
      0.0554
      0.1207
      0.3596
      0.8494
      1.6058
      2.5235
      3.2897
      3.4145
      2.6905
      1.5554
      0.6465
      0.1923
      0.0534
      0.0941
      0.4139
      1.3813
      3.2738
      5.4940
      6.5285
      0.0520
      0.1126
      0.3362
      0.8256
      1.7086
      3.0241
      4.3838
      4.8992
      4.0419
      2.4037
      1.0175
      0.3061
      0.0839
      0.1488
      0.6749
      2.2826
      5.4392
      9.1471
     10.8754
      0.0490
      0.1051
      0.3144
      0.7952
      1.7370
      3.2531
      4.9118
      5.6216
      4.6982
      2.8139
      1.1962
      0.3607
      0.0990
      0.1760
      0.8004
      2.7100
      6.4608
     10.8670
     12.9209
