      0.0109
      0.0133
      0.0184
      0.0213
      0.0202
      0.0182
      0.0191
      0.0232
      0.0320
      0.0499
      0.0728
      0.0832
      0.0696
      0.0416
      0.0177
      0.0053
      0.0012
      0.0002
      0.0001
      0.0113
      0.0136
      0.0182
      0.0204
      0.0186
      0.0161
      0.0163
      0.0197
      0.0277
      0.0447
      0.0681
      0.0820
      0.0729
      0.0471
      0.0220
      0.0075
      0.0018
      0.0003
      0.0001
      0.0137
      0.0152
      0.0176
      0.0176
      0.0144
      0.0111
      0.0104
      0.0124
      0.0190
      0.0359
      0.0645
      0.0926
      0.0999
      0.0794
      0.0461
      0.0194
      0.0059
      0.0013
      0.0004
      0.0384
      0.0349
      0.0266
      0.0176
      0.0105
      0.0065
      0.0055
      0.0073
      0.0147
      0.0377
      0.0881
      0.1582
      0.2075
      0.1960
      0.1325
      0.0638
      0.0218
      0.0054
      0.0018
      0.2129
      0.1804
      0.1102
      0.0493
      0.0171
      0.0061
      0.0048
      0.0077
      0.0188
      0.0575
      0.1556
      0.3147
      0.4562
      0.4701
      0.3436
      0.1778
      0.0653
      0.0177
      0.0068
      1.0080
      0.8483
      0.5055
      0.2133
      0.0647
      0.0170
      0.0096
      0.0136
      0.0280
      0.0832
      0.2374
      0.5115
      0.7884
      0.8616
      0.6671
      0.3666
      0.1453
      0.0465
      0.0232
      3.4106
      2.8686
      1.7058
      0.7163
      0.2138
      0.0508
      0.0201
      0.0212
      0.0341
      0.0911
      0.2671
      0.6064
      0.9864
      1.1383
      0.9334
      0.5510
      0.2510
      0.1163
      0.0860
      8.1301
      6.8378
      4.0654
      1.7062
      0.5072
      0.1144
      0.0335
      0.0256
      0.0317
      0.0725
      0.2153
      0.5144
      0.8853
      1.0859
      0.9601
      0.6467
      0.4065
      0.3304
      0.3279
     13.6751
     11.5013
      6.8379
      2.8695
      0.8513
      0.1874
      0.0459
      0.0271
      0.0257
      0.0442
      0.1263
      0.3186
      0.5904
      0.7956
      0.8152
      0.7375
      0.7677
      0.9364
      1.0391
     16.2598
     13.6751
      8.1305
      3.4126
      1.0147
      0.2287
      0.0646
      0.0440
      0.0367
      0.0339
      0.0633
      0.1619
      0.3421
      0.5578
      0.7596
      1.0255
      1.5159
      2.1390
      2.4429
     13.6751
     11.5015
      6.8393
      2.8759
      0.8726
      0.2379
      0.1312
      0.1292
      0.1084
      0.0697
      0.0519
      0.0960
      0.2390
      0.4986
      0.8831
      1.4890
      2.4637
      3.5868
      4.1156
      8.1301
      6.8385
      4.0709
      1.7308
      0.5851
      0.2917
      0.3220
      0.3590
      0.2962
      0.1759
      0.0864
      0.0844
      0.2075
      0.4930
      0.9752
      1.7539
      2.9575
      4.3040
      4.9311
      3.4106
      2.8709
      1.7213
      0.7804
      0.4050
      0.4657
      0.6690
      0.7458
      0.5970
      0.3407
      0.1457
      0.0835
      0.1628
      0.4012
      0.8288
      1.5187
      2.5535
      3.6875
      4.2116
      1.0080
      0.8534
      0.5380
      0.3374
      0.4102
      0.7283
      1.0787
      1.1709
      0.9113
      0.5055
      0.2028
      0.0792
      0.0994
      0.2410
      0.5155
      0.9657
      1.6312
      2.3487
      2.6778
      0.2129
      0.1894
      0.1645
      0.2434
      0.5290
      1.0224
      1.5019
      1.6155
      1.2535
      0.6958
      0.2762
      0.0862
      0.0524
      0.1118
      0.2653
      0.5631
      1.0435
      1.5734
      1.8168
      0.0384
      0.0477
      0.1031
      0.2909
      0.7405
      1.4939
      2.2728
      2.5374
      2.0466
      1.1817
      0.4857
      0.1440
      0.0437
      0.0659
      0.2225
      0.6516
      1.4598
      2.3966
      2.8317
      0.0137
      0.0306
      0.1149
      0.3935
      1.1050
      2.3990
      3.8652
      4.5157
      3.7801
      2.2523
      0.9507
      0.2844
      0.0720
      0.0911
      0.3849
      1.2808
      3.0332
      5.0888
      6.0465
      0.0113
      0.0303
      0.1328
      0.5073
      1.5436
      3.5323
      5.8830
      7.0233
      5.9686
      3.5965
      1.5316
      0.4609
      0.1151
      0.1433
      0.6253
      2.1128
      5.0342
      8.4657
     10.0652
      0.0109
      0.0304
      0.1404
      0.5600
      1.7534
      4.0787
      6.8560
      8.2293
      7.0176
      4.2387
      1.8083
      0.5449
      0.1360
      0.1694
      0.7414
      2.5080
      5.9791
     10.0568
     11.9575
