      0.3999
      0.4053
      0.4167
      0.4248
      0.4237
      0.4138
      0.3981
      0.3778
      0.3529
      0.3241
      0.2929
      0.2585
      0.2182
      0.1713
      0.1224
      0.0790
      0.0473
      0.0291
      0.0233
      0.3932
      0.3970
      0.4047
      0.4084
      0.4038
      0.3925
      0.3784
      0.3630
      0.3465
      0.3292
      0.3109
      0.2881
      0.2548
      0.2088
      0.1547
      0.1028
      0.0625
      0.0383
      0.0304
      0.3838
      0.3832
      0.3794
      0.3699
      0.3553
      0.3409
      0.3317
      0.3302
      0.3366
      0.3504
      0.3677
      0.3776
      0.3657
      0.3231
      0.2549
      0.1782
      0.1122
      0.0697
      0.0553
      0.4068
      0.3977
      0.3729
      0.3396
      0.3083
      0.2890
      0.2876
      0.3052
      0.3418
      0.3967
      0.4629
      0.5214
      0.5443
      0.5112
      0.4248
      0.3114
      0.2057
      0.1340
      0.1091
      0.5184
      0.4948
      0.4340
      0.3602
      0.2998
      0.2697
      0.2737
      0.3083
      0.3711
      0.4629
      0.5779
      0.6907
      0.7590
      0.7464
      0.6487
      0.4995
      0.3509
      0.2464
      0.2093
      0.7742
      0.7275
      0.6088
      0.4685
      0.3570
      0.3007
      0.2989
      0.3382
      0.4118
      0.5231
      0.6717
      0.8316
      0.9494
      0.9723
      0.8851
      0.7234
      0.5511
      0.4261
      0.3813
      1.1840
      1.1053
      0.9055
      0.6697
      0.4800
      0.3752
      0.3484
      0.3738
      0.4368
      0.5433
      0.7004
      0.8876
      1.0492
      1.1225
      1.0813
      0.9550
      0.8068
      0.6961
      0.6560
      1.6705
      1.5558
      1.2643
      0.9182
      0.6335
      0.4631
      0.3947
      0.3896
      0.4247
      0.5053
      0.6454
      0.8342
      1.0249
      1.1577
      1.2016
      1.1731
      1.1173
      1.0731
      1.0573
      2.0754
      1.9315
      1.5651
      1.1271
      0.7599
      0.5278
      0.4156
      0.3756
      0.3770
      0.4221
      0.5279
      0.6955
      0.8962
      1.0877
      1.2440
      1.3667
      1.4672
      1.5413
      1.5697
      2.2339
      2.0794
      1.6854
      1.2125
      0.8114
      0.5499
      0.4118
      0.3469
      0.3204
      0.3309
      0.3959
      0.5275
      0.7200
      0.9573
      1.2274
      1.5197
      1.8053
      2.0238
      2.1069
      2.0754
      1.9349
      1.5768
      1.1477
      0.7837
      0.5440
      0.4118
      0.3395
      0.2941
      0.2735
      0.2962
      0.3841
      0.5524
      0.8115
      1.1660
      1.5983
      2.0441
      2.3908
      2.5230
      1.6705
      1.5652
      1.2989
      0.9847
      0.7245
      0.5573
      0.4618
      0.3961
      0.3342
      0.2793
      0.2555
      0.2935
      0.4239
      0.6749
      1.0637
      1.5702
      2.1084
      2.5317
      2.6935
      1.1840
      1.1252
      0.9809
      0.8228
      0.7084
      0.6476
      0.6089
      0.5538
      0.4669
      0.3643
      0.2821
      0.2616
      0.3421
      0.5597
      0.9363
      1.4512
      2.0104
      2.4544
      2.6247
      0.7742
      0.7623
      0.7431
      0.7492
      0.7949
      0.8562
      0.8841
      0.8372
      0.7107
      0.5392
      0.3792
      0.2871
      0.3096
      0.4842
      0.8321
      1.3307
      1.8831
      2.3257
      2.4962
      0.5184
      0.5470
      0.6381
      0.7954
      0.9974
      1.1871
      1.2898
      1.2519
      1.0735
      0.8112
      0.5503
      0.3712
      0.3326
      0.4751
      0.8181
      1.3345
      1.9180
      2.3896
      2.5719
      0.4068
      0.4670
      0.6465
      0.9324
      1.2790
      1.5994
      1.7877
      1.7671
      1.5343
      1.1673
      0.7872
      0.5082
      0.4108
      0.5452
      0.9327
      1.5386
      2.2328
      2.7976
      3.0165
      0.3838
      0.4663
      0.7108
      1.0978
      1.5681
      2.0115
      2.2898
      2.2965
      2.0179
      1.5492
      1.0490
      0.6704
      0.5223
      0.6707
      1.1429
      1.8948
      2.7622
      3.4701
      3.7447
      0.3932
      0.4890
      0.7738
      1.2270
      1.7841
      2.3197
      2.6707
      2.7046
      2.3964
      1.8523
      1.2601
      0.8055
      0.6219
      0.7910
      1.3466
      2.2367
      3.2660
      4.1071
      4.4336
      0.3999
      0.5003
      0.7987
      1.2753
      1.8641
      2.4344
      2.8137
      2.8593
      2.5409
      1.9688
      1.3418
      0.8584
      0.6620
      0.8406
      1.4308
      2.3777
      3.4734
      4.3689
      4.7166
