      0.0585
      0.0779
      0.1180
      0.1390
      0.1199
      0.0794
      0.0480
      0.0358
      0.0382
      0.0531
      0.0740
      0.0832
      0.0688
      0.0407
      0.0170
      0.0050
      0.0011
      0.0002
      0.0000
      0.0623
      0.0805
      0.1165
      0.1323
      0.1105
      0.0709
      0.0416
      0.0303
      0.0326
      0.0466
      0.0671
      0.0782
      0.0674
      0.0419
      0.0186
      0.0059
      0.0013
      0.0002
      0.0001
      0.0666
      0.0803
      0.1048
      0.1091
      0.0842
      0.0500
      0.0270
      0.0188
      0.0209
      0.0328
      0.0525
      0.0687
      0.0675
      0.0487
      0.0256
      0.0098
      0.0027
      0.0006
      0.0002
      0.0758
      0.0803
      0.0850
      0.0753
      0.0514
      0.0275
      0.0137
      0.0095
      0.0121
      0.0231
      0.0453
      0.0727
      0.0878
      0.0775
      0.0496
      0.0229
      0.0076
      0.0019
      0.0007
      0.1895
      0.1677
      0.1175
      0.0672
      0.0322
      0.0140
      0.0075
      0.0073
      0.0112
      0.0241
      0.0564
      0.1079
      0.1520
      0.1537
      0.1109
      0.0572
      0.0214
      0.0065
      0.0032
      0.7760
      0.6556
      0.3959
      0.1720
      0.0554
      0.0162
      0.0096
      0.0117
      0.0164
      0.0319
      0.0777
      0.1616
      0.2468
      0.2693
      0.2095
      0.1179
      0.0518
      0.0236
      0.0174
      2.5883
      2.1775
      1.2961
      0.5455
      0.1640
      0.0406
      0.0182
      0.0189
      0.0220
      0.0358
      0.0862
      0.1889
      0.3067
      0.3574
      0.3019
      0.1966
      0.1216
      0.0978
      0.0963
      6.1618
      5.1824
      3.0814
      1.2937
      0.3855
      0.0892
      0.0294
      0.0236
      0.0228
      0.0303
      0.0704
      0.1626
      0.2837
      0.3627
      0.3569
      0.3171
      0.3276
      0.3932
      0.4325
     10.3630
      8.7157
      5.1819
      2.1749
      0.6465
      0.1450
      0.0395
      0.0256
      0.0211
      0.0215
      0.0444
      0.1096
      0.2167
      0.3332
      0.4409
      0.5999
      0.8946
      1.2549
      1.4266
     12.3216
     10.3630
      6.1615
      2.5870
      0.7718
      0.1792
      0.0581
      0.0436
      0.0354
      0.0255
      0.0308
      0.0752
      0.1827
      0.3680
      0.6596
      1.1645
      1.9920
      2.9262
      3.3593
     10.3630
      8.7161
      5.1843
      2.1841
      0.6730
      0.2025
      0.1317
      0.1332
      0.1105
      0.0686
      0.0434
      0.0717
      0.1965
      0.4689
      0.9635
      1.8500
      3.2813
      4.8784
      5.6158
      6.1618
      5.1844
      3.0931
      1.3347
      0.4932
      0.3042
      0.3522
      0.3806
      0.3065
      0.1792
      0.0858
      0.0806
      0.2045
      0.5167
      1.1110
      2.1799
      3.8896
      5.7884
      6.6642
      2.5883
      2.1851
      1.3375
      0.6774
      0.4729
      0.5969
      0.7860
      0.8143
      0.6240
      0.3474
      0.1465
      0.0835
      0.1664
      0.4265
      0.9384
      1.8548
      3.3012
      4.8965
      5.6309
      0.7760
      0.6766
      0.5052
      0.4907
      0.7230
      1.0884
      1.3480
      1.2934
      0.9325
      0.4939
      0.1930
      0.0758
      0.1010
      0.2549
      0.5753
      1.1531
      2.0566
      3.0454
      3.4993
      0.1895
      0.2098
      0.3294
      0.6458
      1.1398
      1.6170
      1.8193
      1.6084
      1.0925
      0.5550
      0.2075
      0.0645
      0.0486
      0.1163
      0.2877
      0.6349
      1.2088
      1.8464
      2.1396
      0.0758
      0.1409
      0.3834
      0.8595
      1.4732
      1.9634
      2.0881
      1.7831
      1.1985
      0.6137
      0.2327
      0.0666
      0.0274
      0.0643
      0.2254
      0.6614
      1.4820
      2.4331
      2.8748
      0.0666
      0.1432
      0.4130
      0.9121
      1.5360
      2.0612
      2.2835
      2.0838
      1.5082
      0.8278
      0.3332
      0.0978
      0.0325
      0.0839
      0.3775
      1.2575
      2.9775
      4.9949
      5.9349
      0.0623
      0.1315
      0.3696
      0.8084
      1.4007
      2.0337
      2.5181
      2.5556
      2.0044
      1.1622
      0.4856
      0.1459
      0.0484
      0.1308
      0.6109
      2.0669
      4.9249
      8.2819
      9.8466
      0.0585
      0.1213
      0.3359
      0.7360
      1.3122
      2.0120
      2.6438
      2.8066
      2.2633
      1.3337
      0.5627
      0.1700
      0.0566
      0.1545
      0.7240
      2.4529
      5.8478
      9.8359
     11.6948
