      0.0000
      0.0000
      0.0000
      0.0000
      0.0000
      0.0000
      0.0000
      0.0000
      0.0000
      0.0000
      0.0000
      0.0000
      0.0000
      0.0000
      0.0000
      0.0000
      0.0000
      0.0000
      0.0000
      0.0000
      0.0000
      0.0000
      0.0000
      0.0000
      0.0000
      0.0000
      0.0000
      0.0000
      0.0000
      0.0000
      0.0000
      0.0000
      0.0000
      0.0000
      0.0000
      0.0000
      0.0000
      0.0000
      0.0000
      0.0000
      0.0000
      0.0000
      0.0000
      0.0000
      0.0000
      0.0000
      0.0000
      0.0000
      0.0000
      0.0000
      0.0000
      0.0000
      0.0000
      0.0000
      0.0000
      0.0000
      0.0000
      0.0000
      0.0000
      0.0000
      0.0000
      0.0000
      0.0000
      0.0000
      0.0000
      0.0000
      0.0000
      0.0000
      0.0000
      0.0000
      0.0000
      0.0000
      0.0000
      0.0000
      0.0000
      0.0000
      0.0000
      0.0000
      0.0000
      0.0000
      0.0000
      0.0000
      0.0000
      0.0000
      0.0000
      0.0000
      0.0000
      0.0001
      0.0006
      0.0007
      0.0002
      0.0000
      0.0000
      0.0000
      0.0000
      0.0017
      0.0009
      0.0001
      0.0000
      0.0000
      0.0000
      0.0000
      0.0000
      0.0000
      0.0000
      0.0000
      0.0011
      0.0063
      0.0090
      0.0032
      0.0003
      0.0000
      0.0000
      0.0000
      0.2274
      0.1137
      0.0142
      0.0004
      0.0000
      0.0000
      0.0000
      0.0000
      0.0000
      0.0000
      0.0001
      0.0022
      0.0156
      0.0275
      0.0121
      0.0013
      0.0000
      0.0000
      0.0000
      7.3752
      3.6876
      0.4597
      0.0142
      0.0001
      0.0000
      0.0000
      0.0000
      0.0000
      0.0000
      0.0000
      0.0011
      0.0097
      0.0210
      0.0113
      0.0015
      0.0001
      0.0002
      0.0004
     59.1582
     29.5791
      3.6876
      0.1137
      0.0009
      0.0000
      0.0000
      0.0000
      0.0000
      0.0000
      0.0000
      0.0001
      0.0015
      0.0040
      0.0027
      0.0006
      0.0030
      0.0238
      0.0476
    118.3163
     59.1582
      7.3752
      0.2274
      0.0017
      0.0000
      0.0000
      0.0000
      0.0000
      0.0000
      0.0000
      0.0000
      0.0001
      0.0003
      0.0009
      0.0040
      0.0967
      0.7715
      1.5427
     59.1582
     29.5791
      3.6876
      0.1137
      0.0009
      0.0000
      0.0000
      0.0000
      0.0000
      0.0000
      0.0000
      0.0000
      0.0001
      0.0012
      0.0072
      0.0341
      0.7756
      6.1878
     12.3741
      7.3752
      3.6876
      0.4597
      0.0142
      0.0001
      0.0001
      0.0007
      0.0014
      0.0007
      0.0001
      0.0000
      0.0000
      0.0001
      0.0025
      0.0174
      0.0765
      1.5552
     12.3756
     24.7480
      0.2274
      0.1137
      0.0142
      0.0004
      0.0001
      0.0023
      0.0145
      0.0242
      0.0102
      0.0011
      0.0000
      0.0000
      0.0000
      0.0013
      0.0106
      0.0442
      0.7814
      6.1883
     12.3740
      0.0017
      0.0009
      0.0001
      0.0005
      0.0042
      0.0186
      0.0737
      0.1052
      0.0389
      0.0036
      0.0001
      0.0000
      0.0000
      0.0002
      0.0016
      0.0066
      0.0982
      0.7716
      1.5427
      0.0000
      0.0000
      0.0004
      0.0096
      0.0603
      0.1082
      0.1224
      0.1179
      0.0378
      0.0031
      0.0001
      0.0000
      0.0000
      0.0000
      0.0001
      0.0003
      0.0031
      0.0244
      0.0487
      0.0000
      0.0000
      0.0021
      0.0447
      0.2374
      0.3272
      0.1964
      0.1811
      0.0854
      0.0109
      0.0004
      0.0000
      0.0000
      0.0000
      0.0000
      0.0003
      0.0097
      0.0777
      0.1554
      0.0000
      0.0000
      0.0028
      0.0517
      0.2429
      0.5167
      2.2159
      4.6075
      2.4756
      0.3322
      0.0110
      0.0001
      0.0000
      0.0000
      0.0001
      0.0097
      0.3133
      2.5131
      5.0262
      0.0000
      0.0000
      0.0009
      0.0154
      0.1155
      2.0432
     17.1586
     36.8988
     19.8526
      2.6640
      0.0885
      0.0007
      0.0000
      0.0000
      0.0006
      0.0775
      2.5131
     20.1580
     40.3160
      0.0000
      0.0000
      0.0002
      0.0029
      0.1210
      3.9775
     34.2902
     73.7959
     39.7051
      5.3281
      0.1770
      0.0014
      0.0000
      0.0000
      0.0012
      0.1550
      5.0262
     40.3160
     80.6319
