      0.1715
      0.1886
      0.2246
      0.2492
      0.2456
      0.2233
      0.2026
      0.1962
      0.2064
      0.2287
      0.2493
      0.2472
      0.2100
      0.1475
      0.0843
      0.0391
      0.0149
      0.0053
      0.0030
      0.1733
      0.1881
      0.2186
      0.2371
      0.2294
      0.2053
      0.1843
      0.1781
      0.1885
      0.2113
      0.2338
      0.2360
      0.2045
      0.1472
      0.0865
      0.0414
      0.0163
      0.0059
      0.0034
      0.1828
      0.1909
      0.2052
      0.2067
      0.1885
      0.1613
      0.1414
      0.1369
      0.1482
      0.1719
      0.1984
      0.2105
      0.1935
      0.1490
      0.0946
      0.0492
      0.0213
      0.0084
      0.0049
      0.2344
      0.2292
      0.2121
      0.1823
      0.1464
      0.1161
      0.1006
      0.1009
      0.1141
      0.1376
      0.1669
      0.1898
      0.1903
      0.1616
      0.1140
      0.0666
      0.0329
      0.0154
      0.0103
      0.4383
      0.4040
      0.3181
      0.2190
      0.1407
      0.0978
      0.0863
      0.0930
      0.1074
      0.1275
      0.1560
      0.1877
      0.2055
      0.1931
      0.1521
      0.1011
      0.0600
      0.0368
      0.0299
      0.9910
      0.8931
      0.6557
      0.3987
      0.2150
      0.1272
      0.1073
      0.1155
      0.1264
      0.1381
      0.1615
      0.1997
      0.2348
      0.2418
      0.2131
      0.1659
      0.1250
      0.1023
      0.0959
      2.0634
      1.8502
      1.3361
      0.7854
      0.3961
      0.2078
      0.1538
      0.1508
      0.1509
      0.1493
      0.1647
      0.2075
      0.2620
      0.2985
      0.3027
      0.2888
      0.2804
      0.2841
      0.2882
      3.5573
      3.1867
      2.2936
      1.3370
      0.6574
      0.3183
      0.2039
      0.1767
      0.1608
      0.1455
      0.1533
      0.2010
      0.2800
      0.3656
      0.4437
      0.5240
      0.6176
      0.7052
      0.7424
      4.9483
      4.4321
      3.1879
      1.8542
      0.9022
      0.4181
      0.2420
      0.1892
      0.1588
      0.1334
      0.1359
      0.1906
      0.3026
      0.4633
      0.6686
      0.9254
      1.2186
      1.4725
      1.5755
      5.5251
      4.9492
      3.5619
      2.0759
      1.0166
      0.4784
      0.2813
      0.2188
      0.1789
      0.1419
      0.1352
      0.1942
      0.3437
      0.5975
      0.9688
      1.4638
      2.0323
      2.5180
      2.7132
      4.9483
      4.4353
      3.2020
      1.8895
      0.9691
      0.5207
      0.3713
      0.3230
      0.2705
      0.2049
      0.1690
      0.2158
      0.3891
      0.7225
      1.2444
      1.9607
      2.7874
      3.4914
      3.7735
      3.5573
      3.1962
      2.3352
      1.4407
      0.8523
      0.6130
      0.5685
      0.5453
      0.4608
      0.3336
      0.2357
      0.2404
      0.4018
      0.7599
      1.3476
      2.1679
      3.1174
      3.9247
      4.2477
      2.0634
      1.8711
      1.4271
      1.0078
      0.8043
      0.8096
      0.8787
      0.8643
      0.7168
      0.4966
      0.3114
      0.2489
      0.3586
      0.6710
      1.2123
      1.9816
      2.8763
      3.6372
      3.9414
      0.9910
      0.9301
      0.8140
      0.7757
      0.8856
      1.0835
      1.2227
      1.1806
      0.9487
      0.6312
      0.3634
      0.2340
      0.2763
      0.5045
      0.9387
      1.5812
      2.3443
      2.9994
      3.2622
      0.4383
      0.4571
      0.5418
      0.7385
      1.0359
      1.3314
      1.4776
      1.3814
      1.0745
      0.6914
      0.3757
      0.2056
      0.1983
      0.3629
      0.7326
      1.3321
      2.0846
      2.7497
      3.0198
      0.2344
      0.2918
      0.4726
      0.7759
      1.1444
      1.4547
      1.5713
      1.4310
      1.0900
      0.6893
      0.3647
      0.1833
      0.1605
      0.3246
      0.7548
      1.5235
      2.5456
      3.4763
      3.8588
      0.1828
      0.2531
      0.4623
      0.7873
      1.1535
      1.4410
      1.5348
      1.3892
      1.0601
      0.6754
      0.3599
      0.1806
      0.1683
      0.3921
      1.0034
      2.1417
      3.6922
      5.1212
      5.7116
      0.1733
      0.2440
      0.4501
      0.7602
      1.1008
      1.3667
      1.4605
      1.3385
      1.0410
      0.6783
      0.3699
      0.1921
      0.1967
      0.4950
      1.3075
      2.8351
      4.9288
      6.8648
      7.6657
      0.1715
      0.2409
      0.4419
      0.7415
      1.0693
      1.3280
      1.4266
      1.3195
      1.0379
      0.6843
      0.3775
      0.1994
      0.2114
      0.5430
      1.4432
      3.1383
      5.4641
      7.6161
      8.5065
