      0.1634
      0.1700
      0.1899
      0.2232
      0.2692
      0.3238
      0.3781
      0.4213
      0.4458
      0.4490
      0.4299
      0.3871
      0.3218
      0.2431
      0.1663
      0.1056
      0.0673
      0.0485
      0.0433
      0.1922
      0.1957
      0.2074
      0.2296
      0.2641
      0.3085
      0.3551
      0.3939
      0.4178
      0.4236
      0.4097
      0.3736
      0.3151
      0.2418
      0.1680
      0.1080
      0.0689
      0.0491
      0.0433
      0.3127
      0.3048
      0.2862
      0.2687
      0.2637
      0.2753
      0.2988
      0.3251
      0.3467
      0.3591
      0.3586
      0.3399
      0.2993
      0.2403
      0.1748
      0.1170
      0.0759
      0.0533
      0.0464
      0.6324
      0.5974
      0.5080
      0.4007
      0.3116
      0.2590
      0.2413
      0.2466
      0.2630
      0.2823
      0.2979
      0.3012
      0.2842
      0.2451
      0.1918
      0.1380
      0.0956
      0.0702
      0.0619
      1.3230
      1.2333
      1.0023
      0.7192
      0.4711
      0.3039
      0.2180
      0.1901
      0.1955
      0.2181
      0.2472
      0.2715
      0.2791
      0.2629
      0.2265
      0.1822
      0.1438
      0.1194
      0.1113
      2.5478
      2.3646
      1.8923
      1.3116
      0.7985
      0.4448
      0.2516
      0.1722
      0.1577
      0.1772
      0.2141
      0.2556
      0.2877
      0.2994
      0.2899
      0.2691
      0.2492
      0.2374
      0.2337
      4.3082
      3.9931
      3.1805
      2.1810
      1.2965
      0.6835
      0.3424
      0.1920
      0.1479
      0.1575
      0.1965
      0.2517
      0.3099
      0.3594
      0.3965
      0.4264
      0.4542
      0.4772
      0.4865
      6.2956
      5.8329
      4.6399
      3.1727
      1.8740
      0.9725
      0.4674
      0.2381
      0.1595
      0.1547
      0.1912
      0.2577
      0.3462
      0.4487
      0.5610
      0.6808
      0.7982
      0.8888
      0.9234
      7.9114
      7.3297
      5.8303
      3.9872
      2.3571
      1.2264
      0.5920
      0.3002
      0.1921
      0.1710
      0.2007
      0.2756
      0.3978
      0.5677
      0.7831
      1.0325
      1.2820
      1.4732
      1.5458
      8.5382
      7.9119
      6.2986
      4.3184
      2.5715
      1.3648
      0.6906
      0.3784
      0.2542
      0.2160
      0.2317
      0.3073
      0.4589
      0.6988
      1.0283
      1.4249
      1.8267
      2.1348
      2.2513
      7.9114
      7.3351
      5.8526
      4.0390
      2.4492
      1.3622
      0.7620
      0.4816
      0.3564
      0.2968
      0.2860
      0.3470
      0.5111
      0.8022
      1.2243
      1.7447
      2.2760
      2.6836
      2.8377
      6.2956
      5.8446
      4.6883
      3.2847
      2.0718
      1.2615
      0.8251
      0.6152
      0.4962
      0.4067
      0.3542
      0.3802
      0.5293
      0.8320
      1.2925
      1.8707
      2.4644
      2.9203
      3.0926
      4.3082
      4.0121
      3.2588
      2.3608
      1.6109
      1.1371
      0.8957
      0.7655
      0.6494
      0.5216
      0.4164
      0.3915
      0.4980
      0.7664
      1.1983
      1.7507
      2.3211
      2.7597
      2.9254
      2.5478
      2.3907
      1.9990
      1.5543
      1.2179
      1.0411
      0.9667
      0.8987
      0.7773
      0.6101
      0.4536
      0.3748
      0.4242
      0.6267
      0.9797
      1.4423
      1.9240
      2.2954
      2.4359
      1.3230
      1.2643
      1.1281
      1.0027
      0.9546
      0.9804
      1.0142
      0.9807
      0.8495
      0.6523
      0.4587
      0.3377
      0.3338
      0.4649
      0.7251
      1.0791
      1.4533
      1.7438
      1.8539
      0.6324
      0.6299
      0.6393
      0.6934
      0.8037
      0.9358
      1.0215
      1.0010
      0.8629
      0.6517
      0.4410
      0.2963
      0.2557
      0.3320
      0.5189
      0.7878
      1.0795
      1.3088
      1.3962
      0.3127
      0.3361
      0.4116
      0.5450
      0.7214
      0.8935
      0.9958
      0.9787
      0.8406
      0.6296
      0.4173
      0.2646
      0.2054
      0.2512
      0.3979
      0.6227
      0.8739
      1.0747
      1.1519
      0.1922
      0.2248
      0.3234
      0.4826
      0.6778
      0.8586
      0.9629
      0.9472
      0.8131
      0.6082
      0.4005
      0.2475
      0.1819
      0.2159
      0.3486
      0.5604
      0.8023
      0.9981
      1.0737
      0.1634
      0.1981
      0.3014
      0.4656
      0.6635
      0.8447
      0.9486
      0.9335
      0.8017
      0.5999
      0.3947
      0.2425
      0.1757
      0.2073
      0.3376
      0.5482
      0.7905
      0.9873
      1.0635
