      0.3004
      0.3294
      0.3864
      0.4099
      0.3634
      0.2661
      0.1731
      0.1339
      0.1664
      0.2518
      0.3409
      0.3782
      0.3378
      0.2423
      0.1393
      0.0643
      0.0240
      0.0078
      0.0039
      0.3007
      0.3261
      0.3745
      0.3897
      0.3402
      0.2461
      0.1589
      0.1228
      0.1534
      0.2336
      0.3195
      0.3593
      0.3266
      0.2393
      0.1411
      0.0670
      0.0258
      0.0087
      0.0044
      0.2988
      0.3144
      0.3401
      0.3346
      0.2794
      0.1960
      0.1252
      0.0982
      0.1245
      0.1919
      0.2688
      0.3141
      0.3002
      0.2335
      0.1476
      0.0757
      0.0317
      0.0116
      0.0062
      0.3106
      0.3113
      0.3030
      0.2686
      0.2075
      0.1403
      0.0928
      0.0795
      0.1021
      0.1541
      0.2189
      0.2691
      0.2772
      0.2358
      0.1644
      0.0938
      0.0441
      0.0183
      0.0108
      0.4168
      0.3928
      0.3285
      0.2440
      0.1639
      0.1076
      0.0820
      0.0829
      0.1030
      0.1403
      0.1928
      0.2469
      0.2759
      0.2590
      0.2011
      0.1287
      0.0690
      0.0339
      0.0228
      0.7701
      0.6992
      0.5252
      0.3324
      0.1895
      0.1180
      0.1011
      0.1099
      0.1253
      0.1480
      0.1891
      0.2472
      0.2970
      0.3061
      0.2637
      0.1904
      0.1185
      0.0706
      0.0543
      1.5043
      1.3512
      0.9814
      0.5848
      0.3055
      0.1740
      0.1418
      0.1459
      0.1507
      0.1578
      0.1883
      0.2515
      0.3256
      0.3695
      0.3565
      0.2945
      0.2159
      0.1546
      0.1319
      2.5527
      2.2879
      1.6500
      0.9687
      0.4893
      0.2574
      0.1866
      0.1739
      0.1637
      0.1557
      0.1777
      0.2489
      0.3551
      0.4524
      0.4964
      0.4715
      0.4003
      0.3285
      0.2988
      3.5378
      3.1697
      2.2836
      1.3375
      0.6697
      0.3406
      0.2302
      0.1993
      0.1746
      0.1532
      0.1682
      0.2506
      0.4001
      0.5753
      0.7100
      0.7531
      0.7065
      0.6279
      0.5907
      3.9475
      3.5378
      2.5531
      1.5057
      0.7730
      0.4194
      0.3052
      0.2704
      0.2316
      0.1884
      0.1864
      0.2748
      0.4719
      0.7399
      0.9872
      1.1188
      1.1086
      1.0269
      0.9823
      3.5378
      3.1754
      2.3094
      1.4037
      0.7983
      0.5421
      0.4882
      0.4691
      0.4026
      0.3060
      0.2531
      0.3205
      0.5445
      0.8882
      1.2355
      1.4504
      1.4796
      1.4007
      1.3519
      2.5527
      2.3046
      1.7240
      1.1545
      0.8413
      0.7942
      0.8556
      0.8545
      0.7235
      0.5197
      0.3641
      0.3639
      0.5652
      0.9270
      1.3193
      1.5845
      1.6501
      1.5884
      1.5438
      1.5043
      1.3878
      1.1405
      0.9729
      1.0163
      1.2198
      1.4002
      1.3848
      1.1388
      0.7799
      0.4836
      0.3784
      0.5041
      0.8126
      1.1799
      1.4571
      1.5658
      1.5520
      1.5281
      0.7701
      0.7639
      0.8005
      0.9836
      1.3382
      1.7420
      1.9806
      1.8949
      1.5029
      0.9868
      0.5613
      0.3542
      0.3857
      0.6037
      0.9133
      1.2058
      1.4072
      1.5068
      1.5339
      0.4168
      0.4856
      0.7167
      1.1375
      1.6858
      2.1775
      2.3868
      2.1942
      1.6781
      1.0632
      0.5699
      0.3050
      0.2686
      0.4191
      0.7145
      1.1106
      1.5358
      1.8762
      2.0083
      0.3106
      0.4203
      0.7536
      1.2848
      1.8926
      2.3636
      2.4936
      2.2159
      1.6493
      1.0220
      0.5309
      0.2585
      0.2005
      0.3483
      0.7366
      1.4002
      2.2555
      3.0211
      3.3336
      0.2988
      0.4219
      0.7816
      1.3198
      1.8907
      2.2905
      2.3568
      2.0610
      1.5244
      0.9457
      0.4921
      0.2361
      0.1899
      0.3958
      0.9776
      2.0540
      3.5114
      4.8503
      5.4025
      0.3007
      0.4217
      0.7676
      1.2661
      1.7729
      2.1121
      2.1581
      1.8947
      1.4203
      0.8987
      0.4780
      0.2362
      0.2097
      0.4884
      1.2724
      2.7480
      4.7683
      6.6352
      7.4072
      0.3004
      0.4185
      0.7530
      1.2289
      1.7063
      2.0238
      2.0697
      1.8284
      1.3844
      0.8865
      0.4775
      0.2401
      0.2221
      0.5333
      1.4040
      3.0472
      5.3015
      7.3866
      8.2492
