      0.0000
      0.0000
      0.0000
      0.0000
      0.0000
      0.0000
      0.0000
      0.0000
      0.0000
      0.0000
      0.0000
      0.0000
      0.0000
      0.0000
      0.0000
      0.0000
      0.0000
      0.0000
      0.0000
      0.0000
      0.0000
      0.0000
      0.0000
      0.0000
      0.0000
      0.0000
      0.0000
      0.0000
      0.0000
      0.0000
      0.0000
      0.0000
      0.0000
      0.0000
      0.0000
      0.0000
      0.0000
      0.0000
      0.0000
      0.0000
      0.0000
      0.0000
      0.0000
      0.0000
      0.0000
      0.0000
      0.0000
      0.0000
      0.0000
      0.0000
      0.0000
      0.0000
      0.0000
      0.0000
      0.0000
      0.0000
      0.0000
      0.0000
      0.0000
      0.0000
      0.0000
      0.0000
      0.0000
      0.0000
      0.0000
      0.0000
      0.0000
      0.0000
      0.0000
      0.0000
      0.0000
      0.0000
      0.0000
      0.0000
      0.0000
      0.0000
      0.0000
      0.0000
      0.0000
      0.0000
      0.0000
      0.0000
      0.0000
      0.0000
      0.0000
      0.0000
      0.0000
      0.0001
      0.0005
      0.0005
      0.0002
      0.0000
      0.0000
      0.0000
      0.0000
      0.0019
      0.0009
      0.0001
      0.0000
      0.0000
      0.0000
      0.0000
      0.0000
      0.0000
      0.0000
      0.0000
      0.0008
      0.0045
      0.0065
      0.0023
      0.0002
      0.0000
      0.0000
      0.0000
      0.2458
      0.1229
      0.0153
      0.0005
      0.0000
      0.0000
      0.0000
      0.0000
      0.0000
      0.0000
      0.0001
      0.0016
      0.0112
      0.0198
      0.0087
      0.0010
      0.0000
      0.0000
      0.0000
      7.9709
      3.9854
      0.4969
      0.0153
      0.0001
      0.0000
      0.0000
      0.0000
      0.0000
      0.0000
      0.0000
      0.0008
      0.0070
      0.0151
      0.0081
      0.0011
      0.0001
      0.0001
      0.0002
     63.9357
     31.9679
      3.9854
      0.1229
      0.0009
      0.0000
      0.0000
      0.0000
      0.0000
      0.0000
      0.0000
      0.0001
      0.0011
      0.0029
      0.0020
      0.0005
      0.0018
      0.0139
      0.0278
    127.8715
     63.9357
      7.9709
      0.2458
      0.0019
      0.0000
      0.0000
      0.0000
      0.0000
      0.0000
      0.0000
      0.0000
      0.0001
      0.0013
      0.0057
      0.0087
      0.0585
      0.4516
      0.9029
     63.9357
     31.9679
      3.9854
      0.1229
      0.0009
      0.0000
      0.0001
      0.0002
      0.0001
      0.0000
      0.0000
      0.0000
      0.0004
      0.0094
      0.0547
      0.0932
      0.4803
      3.6238
      7.2422
      7.9709
      3.9854
      0.4969
      0.0153
      0.0001
      0.0007
      0.0057
      0.0108
      0.0051
      0.0006
      0.0000
      0.0000
      0.0007
      0.0196
      0.1330
      0.2523
      0.9978
      7.2521
     14.4846
      0.2458
      0.1229
      0.0153
      0.0005
      0.0006
      0.0167
      0.1122
      0.1882
      0.0790
      0.0083
      0.0002
      0.0000
      0.0003
      0.0102
      0.0808
      0.1729
      0.5297
      3.6306
      7.2426
      0.0019
      0.0009
      0.0001
      0.0002
      0.0050
      0.0946
      0.5509
      0.8155
      0.3022
      0.0279
      0.0006
      0.0000
      0.0000
      0.0013
      0.0123
      0.0298
      0.0724
      0.4537
      0.9030
      0.0000
      0.0000
      0.0001
      0.0030
      0.0239
      0.1559
      0.6845
      0.8841
      0.2893
      0.0236
      0.0005
      0.0000
      0.0000
      0.0000
      0.0005
      0.0013
      0.0027
      0.0151
      0.0299
      0.0000
      0.0000
      0.0006
      0.0134
      0.0736
      0.1441
      0.2848
      0.3433
      0.1240
      0.0123
      0.0003
      0.0000
      0.0000
      0.0000
      0.0000
      0.0005
      0.0170
      0.1366
      0.2732
      0.0000
      0.0000
      0.0008
      0.0155
      0.0760
      0.2626
      1.5772
      3.3290
      1.7857
      0.2393
      0.0079
      0.0001
      0.0000
      0.0000
      0.0001
      0.0170
      0.5518
      4.4257
      8.8514
      0.0000
      0.0000
      0.0003
      0.0048
      0.0585
      1.4467
     12.3459
     26.5612
     14.2908
      1.9177
      0.0637
      0.0005
      0.0000
      0.0000
      0.0010
      0.1365
      4.4257
     35.4994
     70.9988
      0.0000
      0.0000
      0.0000
      0.0012
      0.0840
      2.8606
     24.6831
     53.1215
     28.5814
      3.8354
      0.1274
      0.0010
      0.0000
      0.0000
      0.0021
      0.2730
      8.8514
     70.9988
    141.9976
