      0.0014
      0.0033
      0.0082
      0.0111
      0.0082
      0.0034
      0.0011
      0.0007
      0.0007
      0.0012
      0.0026
      0.0035
      0.0025
      0.0010
      0.0002
      0.0000
      0.0000
      0.0000
      0.0000
      0.0020
      0.0043
      0.0094
      0.0117
      0.0079
      0.0030
      0.0009
      0.0005
      0.0005
      0.0010
      0.0023
      0.0034
      0.0027
      0.0012
      0.0003
      0.0000
      0.0000
      0.0000
      0.0000
      0.0026
      0.0049
      0.0094
      0.0100
      0.0059
      0.0019
      0.0005
      0.0002
      0.0002
      0.0006
      0.0018
      0.0034
      0.0039
      0.0026
      0.0010
      0.0002
      0.0000
      0.0000
      0.0000
      0.0022
      0.0035
      0.0056
      0.0052
      0.0026
      0.0007
      0.0001
      0.0001
      0.0001
      0.0006
      0.0033
      0.0102
      0.0176
      0.0168
      0.0087
      0.0025
      0.0004
      0.0000
      0.0000
      0.0082
      0.0066
      0.0039
      0.0019
      0.0007
      0.0002
      0.0000
      0.0000
      0.0002
      0.0017
      0.0118
      0.0433
      0.0857
      0.0917
      0.0530
      0.0165
      0.0028
      0.0003
      0.0000
      0.1223
      0.0900
      0.0359
      0.0078
      0.0010
      0.0001
      0.0001
      0.0001
      0.0004
      0.0036
      0.0270
      0.1091
      0.2373
      0.2786
      0.1767
      0.0604
      0.0112
      0.0013
      0.0004
      1.0716
      0.7876
      0.3123
      0.0666
      0.0076
      0.0005
      0.0002
      0.0003
      0.0005
      0.0042
      0.0337
      0.1491
      0.3554
      0.4570
      0.3177
      0.1198
      0.0269
      0.0096
      0.0097
      5.0268
      3.6944
      1.4650
      0.3123
      0.0356
      0.0022
      0.0003
      0.0004
      0.0004
      0.0026
      0.0227
      0.1102
      0.2877
      0.4058
      0.3111
      0.1391
      0.0760
      0.1187
      0.1561
     12.6769
      9.3170
      3.6944
      0.7876
      0.0898
      0.0055
      0.0004
      0.0003
      0.0003
      0.0009
      0.0083
      0.0442
      0.1274
      0.2012
      0.1862
      0.1778
      0.4319
      1.0105
      1.3634
     17.2484
     12.6769
      5.0268
      1.0716
      0.1222
      0.0077
      0.0010
      0.0011
      0.0009
      0.0005
      0.0018
      0.0105
      0.0377
      0.0841
      0.1593
      0.5068
      1.9334
      4.7165
      6.3848
     12.6769
      9.3170
      3.6945
      0.7877
      0.0905
      0.0089
      0.0091
      0.0125
      0.0095
      0.0039
      0.0012
      0.0037
      0.0232
      0.0928
      0.2987
      1.2284
      4.8507
     11.8751
     16.0859
      5.0268
      3.6945
      1.4651
      0.3135
      0.0427
      0.0298
      0.0641
      0.0835
      0.0596
      0.0231
      0.0050
      0.0037
      0.0254
      0.1183
      0.4124
      1.6937
      6.6121
     16.1516
     21.8761
      1.0716
      0.7878
      0.3141
      0.0771
      0.0504
      0.1281
      0.2544
      0.3027
      0.2020
      0.0737
      0.0146
      0.0035
      0.0176
      0.0877
      0.3173
      1.2763
      4.8863
     11.8783
     16.0774
      0.1223
      0.0912
      0.0478
      0.0670
      0.1798
      0.3801
      0.5929
      0.6141
      0.3769
      0.1290
      0.0240
      0.0031
      0.0067
      0.0353
      0.1327
      0.5234
      1.9574
      4.7256
      6.3887
      0.0082
      0.0114
      0.0491
      0.2028
      0.5031
      0.8023
      0.9385
      0.8136
      0.4609
      0.1528
      0.0281
      0.0029
      0.0015
      0.0077
      0.0313
      0.1273
      0.4754
      1.1443
      1.5458
      0.0022
      0.0137
      0.0987
      0.3933
      0.8958
      1.3203
      1.5350
      1.4571
      0.9399
      0.3562
      0.0748
      0.0085
      0.0007
      0.0016
      0.0151
      0.1147
      0.5219
      1.3086
      1.7789
      0.0026
      0.0166
      0.1138
      0.4378
      1.0653
      2.1125
      3.7427
      4.6904
      3.4515
      1.3999
      0.3071
      0.0361
      0.0024
      0.0034
      0.0541
      0.4741
      2.2226
      5.6045
      7.6255
      0.0020
      0.0117
      0.0770
      0.3166
      1.0835
      3.5113
      8.2225
     11.2867
      8.5250
      3.4882
      0.7682
      0.0905
      0.0059
      0.0084
      0.1360
      1.1933
      5.5976
     14.1166
     19.2073
      0.0014
      0.0079
      0.0513
      0.2403
      1.1088
      4.3948
     10.9626
     15.2769
     11.5797
      4.7426
      1.0448
      0.1231
      0.0080
      0.0114
      0.1850
      1.6236
      7.6162
     19.2070
     26.1335
