      0.0000
      0.0000
      0.0000
      0.0000
      0.0000
      0.0000
      0.0000
      0.0000
      0.0000
      0.0000
      0.0000
      0.0000
      0.0000
      0.0000
      0.0000
      0.0000
      0.0000
      0.0000
      0.0000
      0.0000
      0.0000
      0.0000
      0.0000
      0.0000
      0.0000
      0.0000
      0.0000
      0.0000
      0.0000
      0.0000
      0.0000
      0.0000
      0.0000
      0.0000
      0.0000
      0.0000
      0.0000
      0.0000
      0.0000
      0.0000
      0.0000
      0.0000
      0.0000
      0.0000
      0.0000
      0.0000
      0.0000
      0.0000
      0.0000
      0.0000
      0.0000
      0.0000
      0.0000
      0.0000
      0.0000
      0.0000
      0.0000
      0.0000
      0.0000
      0.0000
      0.0000
      0.0000
      0.0000
      0.0000
      0.0000
      0.0000
      0.0000
      0.0000
      0.0000
      0.0000
      0.0000
      0.0000
      0.0000
      0.0000
      0.0000
      0.0000
      0.0000
      0.0000
      0.0000
      0.0000
      0.0000
      0.0000
      0.0000
      0.0000
      0.0000
      0.0000
      0.0000
      0.0000
      0.0000
      0.0000
      0.0000
      0.0000
      0.0000
      0.0000
      0.0000
      0.0008
      0.0004
      0.0000
      0.0000
      0.0000
      0.0000
      0.0000
      0.0000
      0.0000
      0.0000
      0.0000
      0.0001
      0.0004
      0.0005
      0.0002
      0.0000
      0.0000
      0.0000
      0.0000
      0.1065
      0.0533
      0.0066
      0.0002
      0.0000
      0.0000
      0.0000
      0.0000
      0.0000
      0.0000
      0.0000
      0.0001
      0.0009
      0.0016
      0.0007
      0.0001
      0.0000
      0.0000
      0.0000
      3.4537
      1.7268
      0.2153
      0.0066
      0.0000
      0.0000
      0.0000
      0.0000
      0.0000
      0.0000
      0.0000
      0.0001
      0.0006
      0.0012
      0.0007
      0.0001
      0.0001
      0.0005
      0.0010
     27.7027
     13.8514
      1.7268
      0.0533
      0.0004
      0.0000
      0.0000
      0.0000
      0.0000
      0.0000
      0.0000
      0.0000
      0.0001
      0.0003
      0.0004
      0.0005
      0.0085
      0.0674
      0.1348
     55.4055
     27.7027
      3.4537
      0.1065
      0.0008
      0.0000
      0.0000
      0.0000
      0.0000
      0.0000
      0.0000
      0.0000
      0.0001
      0.0016
      0.0082
      0.0186
      0.2758
      2.1860
      4.3713
     27.7027
     13.8514
      1.7268
      0.0533
      0.0004
      0.0000
      0.0001
      0.0002
      0.0001
      0.0000
      0.0000
      0.0000
      0.0006
      0.0137
      0.0800
      0.1829
      2.2279
     17.5354
     35.0627
      3.4537
      1.7268
      0.2153
      0.0066
      0.0001
      0.0011
      0.0083
      0.0157
      0.0075
      0.0009
      0.0000
      0.0000
      0.0010
      0.0285
      0.1944
      0.4617
      4.5096
     35.0772
     70.1255
      0.1065
      0.0533
      0.0066
      0.0002
      0.0009
      0.0244
      0.1633
      0.2741
      0.1150
      0.0120
      0.0003
      0.0000
      0.0005
      0.0149
      0.1180
      0.2988
      2.2996
     17.5452
     35.0632
      0.0008
      0.0004
      0.0001
      0.0006
      0.0092
      0.1412
      0.8037
      1.1877
      0.4401
      0.0406
      0.0009
      0.0000
      0.0001
      0.0019
      0.0179
      0.0493
      0.2960
      2.1890
      4.3715
      0.0000
      0.0000
      0.0004
      0.0093
      0.0655
      0.2743
      1.0145
      1.2881
      0.4208
      0.0343
      0.0007
      0.0000
      0.0000
      0.0001
      0.0007
      0.0021
      0.0097
      0.0683
      0.1362
      0.0000
      0.0000
      0.0020
      0.0426
      0.2292
      0.3643
      0.4032
      0.3640
      0.1051
      0.0078
      0.0001
      0.0000
      0.0000
      0.0000
      0.0000
      0.0004
      0.0115
      0.0921
      0.1841
      0.0000
      0.0000
      0.0027
      0.0493
      0.2254
      0.2763
      0.2223
      0.3007
      0.1525
      0.0200
      0.0007
      0.0000
      0.0000
      0.0000
      0.0001
      0.0114
      0.3701
      2.9688
      5.9375
      0.0000
      0.0000
      0.0009
      0.0143
      0.0593
      0.1724
      1.0283
      2.1845
      1.1748
      0.1576
      0.0052
      0.0000
      0.0000
      0.0000
      0.0007
      0.0916
      2.9688
     23.8130
     47.6261
      0.0000
      0.0000
      0.0002
      0.0021
      0.0136
      0.2408
      2.0302
      4.3667
      2.3494
      0.3153
      0.0105
      0.0001
      0.0000
      0.0000
      0.0014
      0.1831
      5.9375
     47.6261
     95.2522
