      0.0020
      0.0048
      0.0117
      0.0159
      0.0117
      0.0048
      0.0013
      0.0007
      0.0011
      0.0037
      0.0088
      0.0118
      0.0086
      0.0034
      0.0007
      0.0001
      0.0000
      0.0000
      0.0000
      0.0028
      0.0061
      0.0135
      0.0167
      0.0113
      0.0042
      0.0011
      0.0005
      0.0009
      0.0030
      0.0078
      0.0112
      0.0089
      0.0038
      0.0009
      0.0001
      0.0000
      0.0000
      0.0000
      0.0037
      0.0071
      0.0134
      0.0144
      0.0084
      0.0027
      0.0006
      0.0002
      0.0004
      0.0016
      0.0049
      0.0083
      0.0078
      0.0040
      0.0012
      0.0002
      0.0000
      0.0000
      0.0000
      0.0031
      0.0050
      0.0080
      0.0074
      0.0038
      0.0010
      0.0002
      0.0001
      0.0001
      0.0006
      0.0024
      0.0056
      0.0075
      0.0058
      0.0026
      0.0007
      0.0001
      0.0000
      0.0000
      0.0106
      0.0087
      0.0053
      0.0027
      0.0010
      0.0002
      0.0000
      0.0000
      0.0001
      0.0005
      0.0031
      0.0107
      0.0205
      0.0216
      0.0123
      0.0038
      0.0006
      0.0001
      0.0000
      0.1568
      0.1154
      0.0461
      0.0100
      0.0012
      0.0001
      0.0000
      0.0001
      0.0001
      0.0009
      0.0062
      0.0250
      0.0543
      0.0637
      0.0404
      0.0138
      0.0026
      0.0004
      0.0003
      1.3741
      1.0099
      0.4005
      0.0854
      0.0097
      0.0006
      0.0001
      0.0002
      0.0002
      0.0010
      0.0077
      0.0341
      0.0812
      0.1045
      0.0729
      0.0282
      0.0082
      0.0065
      0.0078
      6.4453
      4.7370
      1.8784
      0.4004
      0.0456
      0.0028
      0.0003
      0.0003
      0.0002
      0.0007
      0.0052
      0.0253
      0.0664
      0.0952
      0.0766
      0.0435
      0.0488
      0.0966
      0.1282
     16.2543
     11.9462
      4.7370
      1.0099
      0.1151
      0.0071
      0.0005
      0.0003
      0.0003
      0.0003
      0.0020
      0.0110
      0.0349
      0.0671
      0.0901
      0.1398
      0.3681
      0.8361
      1.1202
     22.1160
     16.2543
      6.4453
      1.3740
      0.1567
      0.0103
      0.0027
      0.0035
      0.0028
      0.0012
      0.0009
      0.0060
      0.0341
      0.1181
      0.2669
      0.5894
      1.7019
      3.9066
      5.2434
     16.2543
     11.9462
      4.7370
      1.0101
      0.1175
      0.0186
      0.0304
      0.0423
      0.0321
      0.0132
      0.0035
      0.0092
      0.0662
      0.2729
      0.6831
      1.5357
      4.3232
      9.8489
     13.2109
      6.4453
      4.7370
      1.8787
      0.4035
      0.0666
      0.0918
      0.2137
      0.2818
      0.2019
      0.0782
      0.0170
      0.0122
      0.0846
      0.3746
      0.9897
      2.2166
      5.9865
     13.4332
     17.9783
      1.3741
      1.0101
      0.4034
      0.1060
      0.1165
      0.3801
      0.8231
      1.0110
      0.6819
      0.2494
      0.0495
      0.0119
      0.0593
      0.2798
      0.7812
      1.7513
      4.5163
      9.9236
     13.2318
      0.1568
      0.1171
      0.0641
      0.1082
      0.3598
      0.9638
      1.7738
      1.9797
      1.2467
      0.4296
      0.0800
      0.0103
      0.0227
      0.1129
      0.3339
      0.7544
      1.8559
      3.9731
      5.2698
      0.0106
      0.0155
      0.0712
      0.3071
      0.8391
      1.6013
      2.2698
      2.1829
      1.2602
      0.4077
      0.0718
      0.0072
      0.0048
      0.0246
      0.0779
      0.1845
      0.4528
      0.9569
      1.2646
      0.0031
      0.0196
      0.1419
      0.5686
      1.3021
      1.8845
      1.9892
      1.5886
      0.8504
      0.2703
      0.0481
      0.0047
      0.0008
      0.0034
      0.0180
      0.0972
      0.4018
      0.9875
      1.3380
      0.0037
      0.0237
      0.1615
      0.5986
      1.2545
      1.6685
      1.7478
      1.5633
      0.9881
      0.3723
      0.0781
      0.0089
      0.0006
      0.0026
      0.0408
      0.3537
      1.6556
      4.1732
      5.6777
      0.0028
      0.0167
      0.1055
      0.3708
      0.7982
      1.3657
      2.2152
      2.7099
      1.9856
      0.8049
      0.1766
      0.0208
      0.0015
      0.0062
      0.1012
      0.8884
      4.1672
     10.5091
     14.2989
      0.0020
      0.0111
      0.0669
      0.2306
      0.5559
      1.2881
      2.6526
      3.5351
      2.6542
      1.0846
      0.2388
      0.0281
      0.0020
      0.0084
      0.1377
      1.2087
      5.6699
     14.2987
     19.4551
