      0.0000
      0.0000
      0.0000
      0.0000
      0.0000
      0.0000
      0.0000
      0.0000
      0.0000
      0.0000
      0.0000
      0.0000
      0.0000
      0.0000
      0.0000
      0.0000
      0.0000
      0.0000
      0.0000
      0.0000
      0.0000
      0.0000
      0.0000
      0.0000
      0.0000
      0.0000
      0.0000
      0.0000
      0.0000
      0.0000
      0.0000
      0.0000
      0.0000
      0.0000
      0.0000
      0.0000
      0.0000
      0.0000
      0.0000
      0.0000
      0.0000
      0.0000
      0.0000
      0.0000
      0.0000
      0.0000
      0.0000
      0.0000
      0.0000
      0.0000
      0.0000
      0.0000
      0.0000
      0.0000
      0.0000
      0.0000
      0.0000
      0.0000
      0.0000
      0.0000
      0.0000
      0.0000
      0.0000
      0.0000
      0.0000
      0.0000
      0.0000
      0.0000
      0.0000
      0.0000
      0.0000
      0.0000
      0.0000
      0.0000
      0.0000
      0.0000
      0.0000
      0.0000
      0.0000
      0.0000
      0.0000
      0.0000
      0.0000
      0.0000
      0.0000
      0.0000
      0.0000
      0.0001
      0.0005
      0.0006
      0.0002
      0.0000
      0.0000
      0.0000
      0.0000
      0.0013
      0.0007
      0.0001
      0.0000
      0.0000
      0.0000
      0.0000
      0.0000
      0.0000
      0.0000
      0.0000
      0.0009
      0.0052
      0.0075
      0.0027
      0.0002
      0.0000
      0.0000
      0.0000
      0.1790
      0.0895
      0.0112
      0.0003
      0.0000
      0.0000
      0.0000
      0.0000
      0.0000
      0.0000
      0.0001
      0.0018
      0.0130
      0.0229
      0.0101
      0.0011
      0.0000
      0.0000
      0.0000
      5.8060
      2.9030
      0.3619
      0.0112
      0.0001
      0.0000
      0.0000
      0.0000
      0.0000
      0.0000
      0.0000
      0.0009
      0.0081
      0.0174
      0.0094
      0.0013
      0.0001
      0.0003
      0.0005
     46.5713
     23.2856
      2.9030
      0.0895
      0.0007
      0.0000
      0.0000
      0.0000
      0.0000
      0.0000
      0.0000
      0.0001
      0.0013
      0.0033
      0.0023
      0.0006
      0.0042
      0.0336
      0.0671
     93.1426
     46.5713
      5.8060
      0.1790
      0.0013
      0.0000
      0.0000
      0.0000
      0.0000
      0.0000
      0.0000
      0.0000
      0.0001
      0.0009
      0.0038
      0.0088
      0.1372
      1.0881
      2.1758
     46.5713
     23.2856
      2.9030
      0.0895
      0.0007
      0.0000
      0.0000
      0.0001
      0.0001
      0.0000
      0.0000
      0.0000
      0.0003
      0.0062
      0.0361
      0.0856
      1.1070
      8.7281
     17.4524
      5.8060
      2.9030
      0.3619
      0.0112
      0.0001
      0.0005
      0.0037
      0.0071
      0.0034
      0.0004
      0.0000
      0.0000
      0.0005
      0.0129
      0.0877
      0.2144
      2.2382
     17.4590
     34.9050
      0.1790
      0.0895
      0.0112
      0.0004
      0.0004
      0.0110
      0.0736
      0.1235
      0.0518
      0.0054
      0.0001
      0.0000
      0.0002
      0.0067
      0.0532
      0.1379
      1.1393
      8.7325
     17.4527
      0.0013
      0.0007
      0.0001
      0.0003
      0.0044
      0.0642
      0.3625
      0.5353
      0.1983
      0.0183
      0.0004
      0.0000
      0.0000
      0.0009
      0.0081
      0.0226
      0.1462
      1.0894
      2.1759
      0.0000
      0.0000
      0.0002
      0.0050
      0.0346
      0.1314
      0.4606
      0.5817
      0.1901
      0.0155
      0.0003
      0.0000
      0.0000
      0.0000
      0.0003
      0.0009
      0.0048
      0.0345
      0.0689
      0.0000
      0.0000
      0.0011
      0.0230
      0.1235
      0.1969
      0.2436
      0.2790
      0.1089
      0.0118
      0.0003
      0.0000
      0.0000
      0.0000
      0.0000
      0.0005
      0.0147
      0.1180
      0.2359
      0.0000
      0.0000
      0.0014
      0.0266
      0.1272
      0.3466
      1.8279
      3.8404
      2.0619
      0.2765
      0.0092
      0.0001
      0.0000
      0.0000
      0.0001
      0.0147
      0.4759
      3.8172
      7.6343
      0.0000
      0.0000
      0.0005
      0.0080
      0.0775
      1.6816
     14.2710
     30.6983
     16.5166
      2.2164
      0.0736
      0.0006
      0.0000
      0.0000
      0.0009
      0.1177
      3.8172
     30.6183
     61.2365
      0.0000
      0.0000
      0.0001
      0.0018
      0.0983
      3.3072
     28.5278
     61.3954
     33.0331
      4.4328
      0.1472
      0.0012
      0.0000
      0.0000
      0.0018
      0.2354
      7.6343
     61.2365
    122.4731
