      0.0936
      0.1009
      0.1250
      0.1698
      0.2372
      0.3219
      0.4110
      0.4889
      0.5446
      0.5721
      0.5663
      0.5217
      0.4389
      0.3315
      0.2229
      0.1350
      0.0775
      0.0480
      0.0394
      0.1163
      0.1214
      0.1393
      0.1751
      0.2320
      0.3063
      0.3864
      0.4582
      0.5113
      0.5397
      0.5379
      0.4997
      0.4246
      0.3244
      0.2210
      0.1355
      0.0786
      0.0487
      0.0399
      0.2073
      0.2042
      0.1996
      0.2044
      0.2278
      0.2712
      0.3264
      0.3818
      0.4276
      0.4575
      0.4653
      0.4433
      0.3880
      0.3067
      0.2171
      0.1388
      0.0836
      0.0532
      0.0438
      0.4396
      0.4171
      0.3613
      0.2994
      0.2574
      0.2472
      0.2644
      0.2965
      0.3314
      0.3611
      0.3784
      0.3751
      0.3444
      0.2881
      0.2179
      0.1508
      0.0999
      0.0702
      0.0607
      0.9302
      0.8691
      0.7128
      0.5251
      0.3677
      0.2720
      0.2354
      0.2375
      0.2575
      0.2827
      0.3052
      0.3174
      0.3108
      0.2815
      0.2354
      0.1857
      0.1454
      0.1211
      0.1133
      1.7909
      1.6643
      1.3389
      0.9426
      0.5994
      0.3726
      0.2590
      0.2209
      0.2204
      0.2358
      0.2584
      0.2823
      0.2990
      0.3009
      0.2883
      0.2698
      0.2552
      0.2482
      0.2465
      3.0223
      2.8037
      2.2414
      1.5543
      0.9542
      0.5484
      0.3320
      0.2415
      0.2146
      0.2164
      0.2363
      0.2716
      0.3158
      0.3604
      0.4015
      0.4415
      0.4817
      0.5146
      0.5278
      4.4099
      4.0888
      3.2627
      2.2522
      1.3668
      0.7632
      0.4334
      0.2857
      0.2300
      0.2171
      0.2348
      0.2846
      0.3658
      0.4724
      0.5986
      0.7383
      0.8762
      0.9823
      1.0228
      5.5373
      5.1339
      4.0965
      2.8276
      1.7160
      0.9570
      0.5394
      0.3474
      0.2679
      0.2412
      0.2560
      0.3222
      0.4490
      0.6375
      0.8816
      1.1638
      1.4441
      1.6577
      1.7384
      5.9745
      5.5411
      4.4275
      3.0687
      1.8835
      1.0798
      0.6408
      0.4369
      0.3444
      0.3020
      0.3066
      0.3821
      0.5523
      0.8286
      1.2053
      1.6515
      2.0968
      2.4350
      2.5623
      5.5373
      5.1402
      4.1227
      2.8893
      1.8268
      1.1219
      0.7475
      0.5720
      0.4760
      0.4096
      0.3870
      0.4516
      0.6446
      0.9877
      1.4755
      2.0628
      2.6511
      3.0972
      3.2648
      4.4099
      4.1022
      3.3190
      2.3843
      1.6040
      1.1143
      0.8732
      0.7551
      0.6577
      0.5537
      0.4817
      0.5075
      0.6875
      1.0506
      1.5898
      2.2491
      2.9122
      3.4146
      3.6032
      3.0223
      2.8248
      2.3298
      1.7621
      1.3258
      1.0951
      1.0096
      0.9540
      0.8497
      0.6973
      0.5617
      0.5270
      0.6587
      0.9875
      1.5038
      2.1476
      2.7990
      3.2933
      3.4788
      1.7909
      1.6918
      1.4543
      1.2131
      1.0808
      1.0747
      1.1186
      1.1091
      0.9917
      0.7932
      0.5984
      0.5012
      0.5683
      0.8275
      1.2682
      1.8337
      2.4132
      2.8553
      3.0216
      0.9302
      0.8998
      0.8411
      0.8246
      0.8969
      1.0356
      1.1560
      1.1682
      1.0385
      0.8117
      0.5814
      0.4413
      0.4530
      0.6417
      0.9994
      1.4788
      1.9813
      2.3697
      2.5166
      0.4396
      0.4470
      0.4855
      0.5871
      0.7602
      0.9618
      1.1084
      1.1242
      0.9907
      0.7604
      0.5251
      0.3708
      0.3532
      0.4980
      0.8055
      1.2388
      1.7077
      2.0770
      2.2180
      0.2073
      0.2305
      0.3080
      0.4525
      0.6544
      0.8648
      1.0077
      1.0200
      0.8928
      0.6778
      0.4587
      0.3122
      0.2904
      0.4240
      0.7241
      1.1634
      1.6518
      2.0430
      2.1935
      0.1163
      0.1439
      0.2311
      0.3823
      0.5817
      0.7812
      0.9124
      0.9218
      0.8043
      0.6083
      0.4091
      0.2767
      0.2623
      0.4029
      0.7189
      1.1891
      1.7192
      2.1477
      2.3133
      0.0936
      0.1218
      0.2099
      0.3600
      0.5551
      0.7482
      0.8741
      0.8826
      0.7696
      0.5818
      0.3912
      0.2653
      0.2554
      0.4012
      0.7270
      1.2136
      1.7643
      2.2105
      2.3832
