      0.3187
      0.3474
      0.4059
      0.4382
      0.4127
      0.3466
      0.2806
      0.2429
      0.2391
      0.2602
      0.2856
      0.2874
      0.2481
      0.1775
      0.1035
      0.0488
      0.0187
      0.0061
      0.0030
      0.3153
      0.3406
      0.3908
      0.4145
      0.3843
      0.3182
      0.2547
      0.2199
      0.2188
      0.2439
      0.2760
      0.2871
      0.2571
      0.1916
      0.1170
      0.0581
      0.0236
      0.0082
      0.0042
      0.2992
      0.3159
      0.3454
      0.3489
      0.3096
      0.2464
      0.1915
      0.1652
      0.1722
      0.2090
      0.2612
      0.3003
      0.2974
      0.2457
      0.1669
      0.0926
      0.0421
      0.0167
      0.0094
      0.2702
      0.2756
      0.2796
      0.2613
      0.2163
      0.1625
      0.1223
      0.1090
      0.1283
      0.1839
      0.2692
      0.3551
      0.3970
      0.3662
      0.2758
      0.1691
      0.0853
      0.0384
      0.0241
      0.2626
      0.2547
      0.2298
      0.1883
      0.1392
      0.0971
      0.0733
      0.0736
      0.1060
      0.1836
      0.3109
      0.4586
      0.5618
      0.5617
      0.4563
      0.3027
      0.1687
      0.0883
      0.0629
      0.3465
      0.3196
      0.2517
      0.1714
      0.1055
      0.0661
      0.0525
      0.0619
      0.1024
      0.1962
      0.3604
      0.5694
      0.7417
      0.7867
      0.6814
      0.4913
      0.3118
      0.1998
      0.1640
      0.5831
      0.5258
      0.3864
      0.2345
      0.1240
      0.0684
      0.0533
      0.0634
      0.1023
      0.1965
      0.3738
      0.6190
      0.8486
      0.9545
      0.8930
      0.7242
      0.5541
      0.4488
      0.4160
      0.9501
      0.8520
      0.6155
      0.3619
      0.1816
      0.0926
      0.0656
      0.0690
      0.0969
      0.1732
      0.3317
      0.5724
      0.8319
      1.0119
      1.0610
      1.0208
      0.9756
      0.9652
      0.9686
      1.3044
      1.1689
      0.8426
      0.4942
      0.2485
      0.1281
      0.0899
      0.0858
      0.0981
      0.1443
      0.2600
      0.4640
      0.7290
      0.9943
      1.2223
      1.4334
      1.6589
      1.8628
      1.9487
      1.4531
      1.3030
      0.9431
      0.5627
      0.3013
      0.1820
      0.1508
      0.1460
      0.1404
      0.1478
      0.2087
      0.3621
      0.6216
      0.9761
      1.4182
      1.9550
      2.5512
      3.0580
      3.2619
      1.3044
      1.1738
      0.8643
      0.5494
      0.3549
      0.2939
      0.3014
      0.3038
      0.2696
      0.2204
      0.2126
      0.3075
      0.5511
      0.9722
      1.5936
      2.4181
      3.3535
      4.1436
      4.4591
      0.9501
      0.8665
      0.6788
      0.5176
      0.4714
      0.5282
      0.6024
      0.6069
      0.5151
      0.3747
      0.2729
      0.2926
      0.4937
      0.9204
      1.6088
      2.5594
      3.6510
      4.5736
      4.9416
      0.5831
      0.5585
      0.5265
      0.5688
      0.7223
      0.9308
      1.0743
      1.0522
      0.8586
      0.5865
      0.3642
      0.2889
      0.4130
      0.7683
      1.3824
      2.2508
      3.2552
      4.1051
      4.4440
      0.3465
      0.3798
      0.5043
      0.7586
      1.1214
      1.4773
      1.6636
      1.5747
      1.2415
      0.8140
      0.4607
      0.2831
      0.3105
      0.5453
      0.9937
      1.6452
      2.4055
      3.0505
      3.3078
      0.2626
      0.3449
      0.6050
      1.0457
      1.5913
      2.0679
      2.2747
      2.1064
      1.6310
      1.0498
      0.5676
      0.2899
      0.2229
      0.3387
      0.6228
      1.0625
      1.5896
      2.0426
      2.2242
      0.2702
      0.3875
      0.7443
      1.3202
      2.0047
      2.5884
      2.8412
      2.6415
      2.0634
      1.3413
      0.7228
      0.3371
      0.1842
      0.2163
      0.4065
      0.7446
      1.1766
      1.5601
      1.7159
      0.2992
      0.4340
      0.8400
      1.4901
      2.2722
      2.9731
      3.3370
      3.1901
      2.5663
      1.7147
      0.9424
      0.4315
      0.1976
      0.1841
      0.3588
      0.7175
      1.2041
      1.6489
      1.8319
      0.3153
      0.4541
      0.8724
      1.5499
      2.3939
      3.2064
      3.7081
      3.6570
      3.0271
      2.0717
      1.1596
      0.5338
      0.2335
      0.1994
      0.3980
      0.8303
      1.4304
      1.9851
      2.2144
      0.3187
      0.4572
      0.8753
      1.5579
      2.4241
      3.2851
      3.8510
      3.8479
      3.2207
      2.2238
      1.2529
      0.5788
      0.2516
      0.2117
      0.4254
      0.8953
      1.5509
      2.1582
      2.4095
