      0.6200
      0.6436
      0.6967
      0.7415
      0.7499
      0.7204
      0.6703
      0.6177
      0.5703
      0.5255
      0.4755
      0.4120
      0.3323
      0.2429
      0.1579
      0.0902
      0.0455
      0.0219
      0.0148
      0.6062
      0.6267
      0.6721
      0.7080
      0.7099
      0.6777
      0.6287
      0.5797
      0.5372
      0.4982
      0.4544
      0.3974
      0.3239
      0.2399
      0.1583
      0.0922
      0.0478
      0.0241
      0.0168
      0.5635
      0.5762
      0.6022
      0.6167
      0.6039
      0.5676
      0.5234
      0.4848
      0.4551
      0.4297
      0.4005
      0.3591
      0.3015
      0.2314
      0.1598
      0.0990
      0.0564
      0.0328
      0.0254
      0.4935
      0.4970
      0.5010
      0.4929
      0.4678
      0.4328
      0.4003
      0.3773
      0.3628
      0.3512
      0.3357
      0.3106
      0.2719
      0.2213
      0.1659
      0.1160
      0.0792
      0.0580
      0.0512
      0.4111
      0.4071
      0.3939
      0.3710
      0.3430
      0.3186
      0.3041
      0.2984
      0.2956
      0.2904
      0.2809
      0.2666
      0.2462
      0.2192
      0.1884
      0.1597
      0.1384
      0.1264
      0.1227
      0.3431
      0.3341
      0.3105
      0.2816
      0.2593
      0.2511
      0.2557
      0.2636
      0.2649
      0.2571
      0.2456
      0.2377
      0.2368
      0.2419
      0.2513
      0.2641
      0.2790
      0.2917
      0.2968
      0.3118
      0.2995
      0.2697
      0.2392
      0.2242
      0.2301
      0.2481
      0.2618
      0.2595
      0.2435
      0.2277
      0.2284
      0.2556
      0.3101
      0.3871
      0.4773
      0.5655
      0.6316
      0.6562
      0.3185
      0.3038
      0.2694
      0.2373
      0.2264
      0.2395
      0.2620
      0.2735
      0.2632
      0.2387
      0.2226
      0.2400
      0.3094
      0.4378
      0.6205
      0.8381
      1.0529
      1.2136
      1.2736
      0.3418
      0.3260
      0.2899
      0.2580
      0.2500
      0.2660
      0.2879
      0.2934
      0.2742
      0.2435
      0.2310
      0.2715
      0.3944
      0.6179
      0.9415
      1.3351
      1.7297
      2.0277
      2.1393
      0.3537
      0.3402
      0.3105
      0.2889
      0.2924
      0.3172
      0.3412
      0.3416
      0.3125
      0.2726
      0.2594
      0.3178
      0.4910
      0.8110
      1.2852
      1.8733
      2.4712
      2.9267
      3.0980
      0.3418
      0.3360
      0.3280
      0.3370
      0.3726
      0.4222
      0.4573
      0.4530
      0.4064
      0.3435
      0.3118
      0.3678
      0.5671
      0.9546
      1.5452
      2.2912
      3.0590
      3.6482
      3.8705
      0.3185
      0.3276
      0.3607
      0.4268
      0.5204
      0.6135
      0.6660
      0.6496
      0.5676
      0.4583
      0.3819
      0.4057
      0.5928
      0.9940
      1.6276
      2.4430
      3.2914
      3.9466
      4.1947
      0.3118
      0.3423
      0.4340
      0.5795
      0.7504
      0.8953
      0.9591
      0.9128
      0.7720
      0.5927
      0.4502
      0.4179
      0.5581
      0.9181
      1.5147
      2.2983
      3.1230
      3.7640
      4.0074
      0.3431
      0.3983
      0.5563
      0.7881
      1.0357
      1.2208
      1.2757
      1.1773
      0.9608
      0.7033
      0.4920
      0.3999
      0.4805
      0.7714
      1.2855
      1.9787
      2.7183
      3.2977
      3.5185
      0.4111
      0.4890
      0.7059
      1.0085
      1.3084
      1.5045
      1.5246
      1.3603
      1.0704
      0.7500
      0.4910
      0.3586
      0.3946
      0.6282
      1.0718
      1.6885
      2.3586
      2.8892
      3.0924
      0.4935
      0.5870
      0.8419
      1.1825
      1.4961
      1.6694
      1.6368
      1.4110
      1.0711
      0.7216
      0.4495
      0.3086
      0.3317
      0.5475
      0.9749
      1.5851
      2.2605
      2.8014
      3.0096
      0.5635
      0.6639
      0.9325
      1.2772
      1.5714
      1.7010
      1.6154
      1.3472
      0.9890
      0.6441
      0.3884
      0.2648
      0.3030
      0.5396
      1.0063
      1.6812
      2.4369
      3.0470
      3.2827
      0.6062
      0.7075
      0.9745
      1.3061
      1.5708
      1.6598
      1.5364
      1.2480
      0.8922
      0.5666
      0.3362
      0.2364
      0.2984
      0.5687
      1.0917
      1.8505
      2.7042
      3.3957
      3.6634
      0.6200
      0.7208
      0.9850
      1.3089
      1.5599
      1.6325
      1.4958
      1.2022
      0.8503
      0.5348
      0.3160
      0.2268
      0.2997
      0.5857
      1.1347
      1.9310
      2.8281
      3.5554
      3.8371
