      0.2882
      0.2874
      0.2847
      0.2800
      0.2759
      0.2782
      0.2940
      0.3283
      0.3808
      0.4410
      0.4879
      0.4967
      0.4536
      0.3660
      0.2598
      0.1637
      0.0952
      0.0574
      0.0458
      0.2979
      0.2955
      0.2884
      0.2779
      0.2681
      0.2658
      0.2786
      0.3123
      0.3671
      0.4337
      0.4907
      0.5116
      0.4790
      0.3967
      0.2890
      0.1865
      0.1101
      0.0663
      0.0524
      0.3501
      0.3412
      0.3171
      0.2850
      0.2549
      0.2373
      0.2412
      0.2732
      0.3351
      0.4199
      0.5062
      0.5623
      0.5602
      0.4931
      0.3811
      0.2592
      0.1589
      0.0966
      0.0760
      0.5152
      0.4903
      0.4250
      0.3419
      0.2662
      0.2166
      0.2032
      0.2313
      0.3035
      0.4152
      0.5456
      0.6556
      0.7014
      0.6592
      0.5411
      0.3889
      0.2501
      0.1577
      0.1258
      0.9047
      0.8471
      0.6975
      0.5114
      0.3452
      0.2337
      0.1873
      0.2049
      0.2853
      0.4251
      0.6045
      0.7776
      0.8831
      0.8761
      0.7570
      0.5726
      0.3893
      0.2607
      0.2152
      1.6243
      1.5102
      1.2153
      0.8518
      0.5303
      0.3124
      0.2076
      0.2006
      0.2790
      0.4366
      0.6554
      0.8861
      1.0538
      1.0932
      0.9894
      0.7896
      0.5744
      0.4168
      0.3600
      2.6784
      2.4842
      1.9836
      1.3683
      0.8255
      0.4551
      0.2638
      0.2146
      0.2748
      0.4301
      0.6642
      0.9309
      1.1512
      1.2464
      1.1863
      1.0093
      0.7990
      0.6382
      0.5790
      3.8794
      3.5957
      2.8648
      1.9674
      1.1765
      0.6341
      0.3437
      0.2415
      0.2690
      0.3994
      0.6182
      0.8894
      1.1426
      1.2982
      1.3136
      1.2108
      1.0594
      0.9353
      0.8885
      4.8600
      4.5045
      3.5890
      2.4665
      1.4788
      0.8012
      0.4325
      0.2843
      0.2739
      0.3624
      0.5388
      0.7836
      1.0462
      1.2588
      1.3732
      1.3895
      1.3486
      1.3014
      1.2820
      5.2411
      4.8597
      3.8791
      2.6801
      1.6305
      0.9154
      0.5262
      0.3584
      0.3152
      0.3528
      0.4684
      0.6630
      0.9127
      1.1692
      1.3851
      1.5385
      1.6340
      1.6859
      1.7026
      4.8600
      4.5117
      3.6187
      2.5347
      1.5981
      0.9729
      0.6386
      0.4860
      0.4186
      0.3998
      0.4421
      0.5697
      0.7851
      1.0611
      1.3542
      1.6247
      1.8436
      1.9878
      2.0386
      3.8794
      3.6119
      2.9313
      2.1195
      1.4411
      1.0123
      0.7957
      0.6847
      0.5962
      0.5131
      0.4708
      0.5170
      0.6764
      0.9376
      1.2617
      1.5977
      1.8926
      2.0963
      2.1693
      2.6784
      2.5120
      2.0973
      1.6271
      1.2730
      1.0907
      1.0199
      0.9585
      0.8434
      0.6848
      0.5463
      0.4981
      0.5803
      0.7907
      1.0933
      1.4326
      1.7443
      1.9650
      2.0449
      1.6243
      1.5516
      1.3848
      1.2365
      1.1928
      1.2499
      1.3207
      1.3028
      1.1513
      0.9060
      0.6605
      0.5070
      0.4962
      0.6294
      0.8718
      1.1679
      1.4521
      1.6578
      1.7331
      0.9047
      0.9031
      0.9264
      1.0308
      1.2399
      1.5002
      1.6954
      1.7131
      1.5188
      1.1784
      0.8170
      0.5501
      0.4385
      0.4849
      0.6543
      0.8927
      1.1361
      1.3182
      1.3858
      0.5152
      0.5602
      0.7111
      0.9930
      1.3917
      1.8178
      2.1234
      2.1761
      1.9401
      1.5021
      1.0192
      0.6347
      0.4230
      0.3891
      0.4968
      0.6919
      0.9094
      1.0793
      1.1436
      0.3501
      0.4227
      0.6519
      1.0505
      1.5862
      2.1450
      2.5493
      2.6396
      2.3702
      1.8421
      1.2435
      0.7479
      0.4469
      0.3497
      0.4183
      0.5955
      0.8110
      0.9863
      1.0538
      0.2979
      0.3851
      0.6568
      1.1237
      1.7467
      2.3975
      2.8759
      2.9985
      2.7080
      2.1138
      1.4280
      0.8490
      0.4840
      0.3464
      0.3966
      0.5734
      0.8002
      0.9889
      1.0623
      0.2882
      0.3798
      0.6652
      1.1550
      1.8087
      2.4933
      2.9998
      3.1355
      2.8378
      2.2191
      1.5004
      0.8900
      0.5013
      0.3498
      0.3951
      0.5742
      0.8076
      1.0030
      1.0792
