      0.0932
      0.0983
      0.1106
      0.1249
      0.1406
      0.1616
      0.1893
      0.2212
      0.2567
      0.2967
      0.3304
      0.3332
      0.2879
      0.2062
      0.1205
      0.0572
      0.0223
      0.0079
      0.0044
      0.0941
      0.0985
      0.1087
      0.1199
      0.1316
      0.1481
      0.1714
      0.2002
      0.2350
      0.2778
      0.3187
      0.3321
      0.2976
      0.2221
      0.1359
      0.0679
      0.0279
      0.0103
      0.0057
      0.1061
      0.1073
      0.1091
      0.1093
      0.1097
      0.1150
      0.1283
      0.1504
      0.1853
      0.2379
      0.3010
      0.3471
      0.3444
      0.2852
      0.1943
      0.1082
      0.0495
      0.0199
      0.0115
      0.1722
      0.1634
      0.1407
      0.1133
      0.0913
      0.0808
      0.0834
      0.1004
      0.1390
      0.2101
      0.3122
      0.4142
      0.4647
      0.4298
      0.3242
      0.1988
      0.1000
      0.0446
      0.0278
      0.4076
      0.3707
      0.2804
      0.1805
      0.1056
      0.0663
      0.0564
      0.0705
      0.1161
      0.2118
      0.3653
      0.5428
      0.6669
      0.6669
      0.5403
      0.3560
      0.1954
      0.0994
      0.0693
      1.0108
      0.9080
      0.6588
      0.3887
      0.1919
      0.0890
      0.0548
      0.0629
      0.1126
      0.2279
      0.4280
      0.6811
      0.8875
      0.9376
      0.8045
      0.5696
      0.3502
      0.2149
      0.1720
      2.1539
      1.9296
      1.3877
      0.8029
      0.3790
      0.1570
      0.0756
      0.0681
      0.1119
      0.2282
      0.4458
      0.7427
      1.0148
      1.1293
      1.0352
      0.8116
      0.5933
      0.4617
      0.4217
      3.7320
      3.3417
      2.3991
      1.3828
      0.6466
      0.2592
      0.1109
      0.0787
      0.1057
      0.2004
      0.3951
      0.6844
      0.9849
      1.1727
      1.1872
      1.0906
      1.0000
      0.9699
      0.9697
      5.1966
      4.6529
      3.3401
      1.9257
      0.9025
      0.3650
      0.1578
      0.1031
      0.1087
      0.1665
      0.3081
      0.5488
      0.8457
      1.1152
      1.3107
      1.4733
      1.6681
      1.8687
      1.9584
      5.8033
      5.1968
      3.7337
      2.1612
      1.0313
      0.4483
      0.2321
      0.1736
      0.1588
      0.1707
      0.2454
      0.4218
      0.7040
      1.0627
      1.4822
      1.9883
      2.5760
      3.0999
      3.3164
      5.1966
      4.6560
      3.3553
      1.9688
      0.9953
      0.5240
      0.3764
      0.3412
      0.3029
      0.2532
      0.2482
      0.3549
      0.6166
      1.0494
      1.6680
      2.4877
      3.4391
      4.2636
      4.5980
      3.7320
      3.3499
      2.4385
      1.4928
      0.8784
      0.6483
      0.6355
      0.6411
      0.5632
      0.4235
      0.3160
      0.3382
      0.5555
      1.0048
      1.7134
      2.6861
      3.8136
      4.7796
      5.1683
      2.1539
      1.9459
      1.4647
      1.0127
      0.8106
      0.8640
      1.0073
      1.0488
      0.9067
      0.6479
      0.4162
      0.3350
      0.4708
      0.8535
      1.5022
      2.4090
      3.4574
      4.3490
      4.7059
      1.0108
      0.9347
      0.7832
      0.7205
      0.8587
      1.1573
      1.4347
      1.4929
      1.2692
      0.8801
      0.5191
      0.3278
      0.3581
      0.6145
      1.0956
      1.7837
      2.5801
      3.2547
      3.5239
      0.4076
      0.4082
      0.4530
      0.6348
      1.0060
      1.4909
      1.8788
      1.9489
      1.6454
      1.1276
      0.6374
      0.3354
      0.2582
      0.3820
      0.6838
      1.1417
      1.6830
      2.1447
      2.3292
      0.1722
      0.2098
      0.3547
      0.6774
      1.2127
      1.8643
      2.3818
      2.4945
      2.1259
      1.4680
      0.8237
      0.3934
      0.2130
      0.2359
      0.4229
      0.7526
      1.1675
      1.5324
      1.6801
      0.1061
      0.1602
      0.3553
      0.7685
      1.4452
      2.2823
      2.9787
      3.1810
      2.7609
      1.9383
      1.0986
      0.5109
      0.2279
      0.1882
      0.3396
      0.6618
      1.0977
      1.4944
      1.6573
      0.0941
      0.1554
      0.3768
      0.8513
      1.6452
      2.6560
      3.5329
      3.8359
      3.3778
      2.4013
      1.3743
      0.6383
      0.2693
      0.1957
      0.3560
      0.7302
      1.2524
      1.7348
      1.9342
      0.0932
      0.1565
      0.3867
      0.8846
      1.7268
      2.8117
      3.7672
      4.1151
      3.6421
      2.6002
      1.4932
      0.6944
      0.2904
      0.2058
      0.3755
      0.7790
      1.3460
      1.8716
      2.0889
