      0.0000
      0.0000
      0.0000
      0.0000
      0.0000
      0.0000
      0.0000
      0.0000
      0.0000
      0.0000
      0.0000
      0.0000
      0.0000
      0.0000
      0.0000
      0.0000
      0.0000
      0.0000
      0.0000
      0.0000
      0.0000
      0.0000
      0.0000
      0.0000
      0.0000
      0.0000
      0.0000
      0.0000
      0.0000
      0.0000
      0.0000
      0.0000
      0.0000
      0.0000
      0.0000
      0.0000
      0.0000
      0.0000
      0.0000
      0.0000
      0.0000
      0.0000
      0.0000
      0.0000
      0.0000
      0.0000
      0.0000
      0.0000
      0.0000
      0.0000
      0.0000
      0.0000
      0.0000
      0.0000
      0.0000
      0.0000
      0.0000
      0.0000
      0.0000
      0.0000
      0.0000
      0.0000
      0.0000
      0.0000
      0.0000
      0.0000
      0.0000
      0.0000
      0.0000
      0.0000
      0.0000
      0.0000
      0.0000
      0.0000
      0.0000
      0.0000
      0.0000
      0.0000
      0.0000
      0.0000
      0.0000
      0.0000
      0.0000
      0.0000
      0.0000
      0.0000
      0.0000
      0.0002
      0.0007
      0.0009
      0.0003
      0.0000
      0.0000
      0.0000
      0.0000
      0.0006
      0.0003
      0.0000
      0.0000
      0.0000
      0.0000
      0.0000
      0.0000
      0.0000
      0.0000
      0.0001
      0.0013
      0.0074
      0.0106
      0.0038
      0.0003
      0.0000
      0.0000
      0.0000
      0.0797
      0.0399
      0.0050
      0.0002
      0.0000
      0.0000
      0.0000
      0.0000
      0.0000
      0.0000
      0.0001
      0.0026
      0.0183
      0.0323
      0.0142
      0.0016
      0.0000
      0.0000
      0.0000
      2.5854
      1.2927
      0.1612
      0.0050
      0.0000
      0.0000
      0.0000
      0.0000
      0.0000
      0.0000
      0.0000
      0.0013
      0.0114
      0.0246
      0.0133
      0.0018
      0.0001
      0.0003
      0.0006
     20.7383
     10.3692
      1.2927
      0.0399
      0.0003
      0.0000
      0.0000
      0.0000
      0.0000
      0.0000
      0.0000
      0.0002
      0.0018
      0.0047
      0.0032
      0.0008
      0.0054
      0.0425
      0.0850
     41.4767
     20.7383
      2.5854
      0.0797
      0.0006
      0.0000
      0.0000
      0.0000
      0.0000
      0.0000
      0.0000
      0.0000
      0.0001
      0.0014
      0.0060
      0.0125
      0.1741
      1.3784
      2.7563
     20.7383
     10.3692
      1.2927
      0.0399
      0.0003
      0.0000
      0.0001
      0.0002
      0.0001
      0.0000
      0.0000
      0.0000
      0.0004
      0.0097
      0.0567
      0.1243
      1.4079
     11.0572
     22.1089
      2.5854
      1.2927
      0.1612
      0.0050
      0.0001
      0.0008
      0.0059
      0.0111
      0.0053
      0.0006
      0.0000
      0.0000
      0.0007
      0.0202
      0.1378
      0.3168
      2.8543
     22.1191
     44.2181
      0.0797
      0.0399
      0.0050
      0.0002
      0.0006
      0.0172
      0.1158
      0.1944
      0.0816
      0.0085
      0.0002
      0.0000
      0.0003
      0.0106
      0.0837
      0.2067
      1.4590
     11.0643
     22.1093
      0.0006
      0.0003
      0.0000
      0.0002
      0.0049
      0.0973
      0.5688
      0.8423
      0.3121
      0.0288
      0.0007
      0.0000
      0.0000
      0.0014
      0.0127
      0.0343
      0.1885
      1.3805
      2.7565
      0.0000
      0.0000
      0.0001
      0.0025
      0.0210
      0.1553
      0.7050
      0.9135
      0.2991
      0.0244
      0.0005
      0.0000
      0.0000
      0.0000
      0.0005
      0.0014
      0.0062
      0.0434
      0.0865
      0.0000
      0.0000
      0.0005
      0.0111
      0.0612
      0.1324
      0.3160
      0.4150
      0.1609
      0.0171
      0.0005
      0.0000
      0.0000
      0.0000
      0.0000
      0.0004
      0.0126
      0.1013
      0.2026
      0.0000
      0.0000
      0.0007
      0.0128
      0.0668
      0.3608
      2.5432
      5.4158
      2.9085
      0.3900
      0.0129
      0.0001
      0.0000
      0.0000
      0.0001
      0.0126
      0.4082
      3.2740
      6.5479
      0.0000
      0.0000
      0.0002
      0.0042
      0.0812
      2.3444
     20.1219
     43.2982
     23.2959
      3.1261
      0.1038
      0.0008
      0.0000
      0.0000
      0.0008
      0.1010
      3.2740
     26.2610
     52.5221
      0.0000
      0.0000
      0.0000
      0.0015
      0.1352
      4.6617
     40.2365
     86.5954
     46.5917
      6.2522
      0.2076
      0.0017
      0.0000
      0.0000
      0.0015
      0.2019
      6.5479
     52.5221
    105.0442
