      0.2067
      0.2225
      0.2545
      0.2709
      0.2547
      0.2173
      0.1862
      0.1835
      0.2177
      0.2803
      0.3425
      0.3639
      0.3220
      0.2327
      0.1361
      0.0643
      0.0246
      0.0081
      0.0040
      0.2048
      0.2187
      0.2460
      0.2574
      0.2381
      0.2001
      0.1696
      0.1672
      0.2010
      0.2646
      0.3316
      0.3627
      0.3317
      0.2490
      0.1522
      0.0756
      0.0306
      0.0107
      0.0055
      0.1985
      0.2073
      0.2219
      0.2206
      0.1946
      0.1571
      0.1299
      0.1295
      0.1642
      0.2328
      0.3166
      0.3775
      0.3788
      0.3138
      0.2130
      0.1178
      0.0533
      0.0209
      0.0117
      0.1997
      0.1999
      0.1950
      0.1757
      0.1426
      0.1086
      0.0889
      0.0944
      0.1343
      0.2161
      0.3325
      0.4462
      0.5010
      0.4622
      0.3474
      0.2120
      0.1056
      0.0461
      0.0280
      0.2575
      0.2433
      0.2051
      0.1551
      0.1081
      0.0763
      0.0656
      0.0796
      0.1282
      0.2300
      0.3921
      0.5785
      0.7077
      0.7059
      0.5705
      0.3741
      0.2023
      0.0987
      0.0660
      0.4628
      0.4207
      0.3173
      0.2024
      0.1168
      0.0738
      0.0663
      0.0855
      0.1395
      0.2569
      0.4610
      0.7211
      0.9343
      0.9851
      0.8430
      0.5909
      0.3512
      0.1994
      0.1502
      0.8946
      0.8037
      0.5842
      0.3483
      0.1813
      0.1019
      0.0843
      0.1001
      0.1488
      0.2636
      0.4816
      0.7849
      1.0661
      1.1839
      1.0783
      0.8244
      0.5628
      0.3914
      0.3350
      1.5133
      1.3563
      0.9781
      0.5738
      0.2885
      0.1500
      0.1094
      0.1130
      0.1452
      0.2356
      0.4287
      0.7246
      1.0368
      1.2291
      1.2223
      1.0641
      0.8779
      0.7553
      0.7162
      2.0954
      1.8774
      1.3526
      0.7925
      0.3978
      0.2045
      0.1428
      0.1337
      0.1448
      0.1970
      0.3364
      0.5846
      0.8951
      1.1657
      1.3165
      1.3573
      1.3606
      1.3736
      1.3840
      2.3376
      2.0953
      1.5134
      0.8965
      0.4694
      0.2703
      0.2143
      0.2040
      0.1935
      0.1981
      0.2698
      0.4540
      0.7492
      1.0995
      1.4369
      1.7346
      1.9990
      2.2068
      2.2896
      2.0954
      1.8818
      1.3732
      0.8476
      0.5099
      0.3877
      0.3852
      0.3901
      0.3493
      0.2864
      0.2739
      0.3854
      0.6565
      1.0682
      1.5653
      2.0930
      2.5984
      2.9893
      3.1405
      1.5133
      1.3688
      1.0350
      0.7225
      0.5832
      0.6188
      0.7145
      0.7402
      0.6429
      0.4751
      0.3489
      0.3683
      0.5887
      1.0070
      1.5741
      2.2185
      2.8507
      3.3376
      3.5245
      0.8946
      0.8303
      0.7031
      0.6503
      0.7605
      0.9940
      1.2022
      1.2314
      1.0399
      0.7280
      0.4600
      0.3648
      0.4967
      0.8477
      1.3685
      1.9851
      2.5986
      3.0708
      3.2514
      0.4628
      0.4671
      0.5208
      0.7059
      1.0533
      1.4731
      1.7725
      1.7759
      1.4629
      0.9903
      0.5738
      0.3570
      0.3785
      0.6132
      1.0123
      1.5132
      2.0284
      2.4312
      2.5860
      0.2575
      0.3106
      0.4974
      0.8657
      1.4040
      1.9765
      2.3473
      2.3188
      1.8878
      1.2603
      0.6996
      0.3643
      0.2779
      0.3994
      0.6861
      1.0982
      1.5630
      1.9475
      2.0991
      0.1997
      0.2831
      0.5553
      1.0505
      1.7383
      2.4558
      2.9265
      2.9108
      2.3926
      1.6122
      0.8906
      0.4238
      0.2383
      0.2862
      0.5380
      0.9819
      1.5474
      2.0488
      2.2525
      0.1985
      0.2973
      0.6163
      1.1942
      2.0097
      2.8955
      3.5312
      3.5994
      3.0301
      2.0865
      1.1694
      0.5451
      0.2643
      0.2808
      0.5814
      1.1813
      1.9960
      2.7423
      3.0497
      0.2048
      0.3091
      0.6481
      1.2750
      2.1916
      3.2392
      4.0552
      4.2346
      3.6403
      2.5510
      1.4489
      0.6771
      0.3169
      0.3263
      0.7054
      1.4895
      2.5737
      3.5760
      3.9903
      0.2067
      0.3120
      0.6561
      1.2997
      2.2571
      3.3746
      4.2714
      4.5027
      3.9008
      2.7504
      1.5696
      0.7352
      0.3427
      0.3519
      0.7679
      1.6337
      2.8348
      3.9470
      4.4071
