      0.0338
      0.0443
      0.0659
      0.0772
      0.0669
      0.0455
      0.0305
      0.0302
      0.0493
      0.0919
      0.1439
      0.1674
      0.1398
      0.0829
      0.0348
      0.0103
      0.0022
      0.0003
      0.0001
      0.0358
      0.0457
      0.0652
      0.0737
      0.0618
      0.0407
      0.0264
      0.0257
      0.0424
      0.0811
      0.1309
      0.1579
      0.1377
      0.0862
      0.0386
      0.0124
      0.0028
      0.0005
      0.0001
      0.0392
      0.0466
      0.0597
      0.0616
      0.0476
      0.0288
      0.0171
      0.0159
      0.0278
      0.0585
      0.1049
      0.1429
      0.1434
      0.1052
      0.0563
      0.0219
      0.0062
      0.0013
      0.0004
      0.0559
      0.0565
      0.0548
      0.0456
      0.0302
      0.0161
      0.0085
      0.0079
      0.0167
      0.0440
      0.0979
      0.1649
      0.2040
      0.1834
      0.1190
      0.0555
      0.0185
      0.0045
      0.0015
      0.1959
      0.1696
      0.1113
      0.0571
      0.0240
      0.0090
      0.0041
      0.0048
      0.0143
      0.0486
      0.1324
      0.2638
      0.3767
      0.3834
      0.2776
      0.1428
      0.0523
      0.0143
      0.0056
      0.8662
      0.7303
      0.4378
      0.1872
      0.0577
      0.0138
      0.0045
      0.0056
      0.0170
      0.0626
      0.1871
      0.4053
      0.6240
      0.6810
      0.5272
      0.2905
      0.1163
      0.0385
      0.0201
      2.9108
      2.4486
      1.4566
      0.6119
      0.1816
      0.0396
      0.0095
      0.0077
      0.0183
      0.0660
      0.2074
      0.4761
      0.7769
      0.8997
      0.7430
      0.4455
      0.2105
      0.1041
      0.0799
      6.9341
      5.8319
      3.4673
      1.4547
      0.4303
      0.0920
      0.0188
      0.0100
      0.0161
      0.0517
      0.1678
      0.4079
      0.7097
      0.8850
      0.8054
      0.5704
      0.3825
      0.3193
      0.3157
     11.6625
      9.8086
      5.8315
      2.4466
      0.7243
      0.1562
      0.0341
      0.0182
      0.0186
      0.0349
      0.1033
      0.2678
      0.5163
      0.7377
      0.8173
      0.7920
      0.8160
      0.9361
      1.0111
     13.8667
     11.6625
      6.9341
      2.9115
      0.8698
      0.2068
      0.0771
      0.0664
      0.0579
      0.0466
      0.0673
      0.1699
      0.3919
      0.7062
      1.0231
      1.3215
      1.7065
      2.1624
      2.3855
     11.6625
      9.8091
      5.8348
      2.4618
      0.7742
      0.2738
      0.2318
      0.2547
      0.2163
      0.1363
      0.0888
      0.1488
      0.3893
      0.8404
      1.4248
      2.0678
      2.8350
      3.6508
      4.0342
      6.9341
      5.8338
      3.4808
      1.5116
      0.6049
      0.4823
      0.6486
      0.7368
      0.6067
      0.3587
      0.1731
      0.1626
      0.3975
      0.9207
      1.6600
      2.4984
      3.4523
      4.4168
      4.8616
      2.9108
      2.4548
      1.4961
      0.7639
      0.6105
      0.9377
      1.3864
      1.5320
      1.2167
      0.6903
      0.2939
      0.1678
      0.3239
      0.7658
      1.4289
      2.1905
      3.0181
      3.8150
      4.1755
      0.8662
      0.7454
      0.5264
      0.4943
      0.8434
      1.5338
      2.1987
      2.3250
      1.7775
      0.9732
      0.3870
      0.1529
      0.1970
      0.4586
      0.8817
      1.3778
      1.8988
      2.3761
      2.5871
      0.1959
      0.1973
      0.2638
      0.5401
      1.1471
      2.0135
      2.7316
      2.7734
      2.0614
      1.1053
      0.4263
      0.1339
      0.0943
      0.1980
      0.3962
      0.6507
      0.9346
      1.1967
      1.3114
      0.0559
      0.0946
      0.2576
      0.6557
      1.3762
      2.3304
      3.1092
      3.1658
      2.3912
      1.3135
      0.5187
      0.1506
      0.0506
      0.0702
      0.1618
      0.3384
      0.6135
      0.9106
      1.0459
      0.0392
      0.0865
      0.2730
      0.7136
      1.5387
      2.7394
      3.8913
      4.2200
      3.3783
      1.9560
      0.8093
      0.2385
      0.0561
      0.0405
      0.1303
      0.3954
      0.9003
      1.4869
      1.7594
      0.0358
      0.0803
      0.2588
      0.7139
      1.6836
      3.3001
      5.0697
      5.8155
      4.8433
      2.8866
      1.2211
      0.3650
      0.0820
      0.0490
      0.1803
      0.6012
      1.4268
      2.3956
      2.8470
      0.0338
      0.0754
      0.2461
      0.7058
      1.7528
      3.5907
      5.6807
      6.6334
      5.5851
      3.3523
      1.4252
      0.4275
      0.0959
      0.0565
      0.2106
      0.7085
      1.6878
      2.8380
      3.3741
