      0.4663
      0.5115
      0.6015
      0.6424
      0.5790
      0.4372
      0.2879
      0.1838
      0.1352
      0.1253
      0.1304
      0.1293
      0.1111
      0.0794
      0.0464
      0.0223
      0.0093
      0.0041
      0.0029
      0.4658
      0.5052
      0.5810
      0.6084
      0.5396
      0.4021
      0.2619
      0.1664
      0.1235
      0.1176
      0.1267
      0.1303
      0.1164
      0.0866
      0.0530
      0.0267
      0.0115
      0.0050
      0.0033
      0.4655
      0.4885
      0.5263
      0.5184
      0.4377
      0.3133
      0.1978
      0.1242
      0.0959
      0.1004
      0.1206
      0.1377
      0.1360
      0.1121
      0.0760
      0.0424
      0.0198
      0.0085
      0.0054
      0.5123
      0.5084
      0.4844
      0.4210
      0.3206
      0.2118
      0.1265
      0.0792
      0.0681
      0.0858
      0.1220
      0.1599
      0.1780
      0.1637
      0.1232
      0.0761
      0.0392
      0.0187
      0.0124
      0.7853
      0.7315
      0.5921
      0.4179
      0.2590
      0.1436
      0.0763
      0.0485
      0.0511
      0.0810
      0.1352
      0.1988
      0.2435
      0.2443
      0.2005
      0.1362
      0.0796
      0.0453
      0.0344
      1.6092
      1.4538
      1.0735
      0.6510
      0.3284
      0.1429
      0.0609
      0.0367
      0.0452
      0.0824
      0.1511
      0.2397
      0.3148
      0.3393
      0.3030
      0.2307
      0.1598
      0.1139
      0.0987
      3.2645
      2.9274
      2.1108
      1.2245
      0.5739
      0.2221
      0.0792
      0.0390
      0.0438
      0.0805
      0.1540
      0.2581
      0.3611
      0.4212
      0.4190
      0.3725
      0.3178
      0.2805
      0.2680
      5.5979
      5.0128
      3.5986
      2.0703
      0.9562
      0.3600
      0.1198
      0.0488
      0.0425
      0.0706
      0.1365
      0.2413
      0.3650
      0.4739
      0.5462
      0.5865
      0.6121
      0.6310
      0.6388
      7.7790
      6.9645
      4.9968
      2.8723
      1.3260
      0.5001
      0.1672
      0.0652
      0.0453
      0.0596
      0.1085
      0.2017
      0.3383
      0.5062
      0.6930
      0.8902
      1.0795
      1.2232
      1.2777
      8.6845
      7.7761
      5.5824
      3.2165
      1.4986
      0.5846
      0.2172
      0.1009
      0.0678
      0.0634
      0.0892
      0.1637
      0.3060
      0.5311
      0.8466
      1.2387
      1.6492
      1.9720
      2.0958
      7.7790
      6.9697
      5.0185
      2.9222
      1.4116
      0.6178
      0.3001
      0.1885
      0.1353
      0.0999
      0.0931
      0.1416
      0.2777
      0.5367
      0.9468
      1.4992
      2.1072
      2.5995
      2.7908
      5.5979
      5.0293
      3.6666
      2.2234
      1.2106
      0.6970
      0.4851
      0.3745
      0.2741
      0.1804
      0.1229
      0.1333
      0.2439
      0.4937
      0.9207
      1.5245
      2.2123
      2.7819
      3.0057
      3.2645
      2.9673
      2.2729
      1.5816
      1.1492
      0.9553
      0.8403
      0.6885
      0.4911
      0.3009
      0.1709
      0.1301
      0.1961
      0.3936
      0.7539
      1.2813
      1.8970
      2.4154
      2.6209
      1.6092
      1.5306
      1.3825
      1.3199
      1.3793
      1.4405
      1.3595
      1.1037
      0.7588
      0.4416
      0.2256
      0.1282
      0.1419
      0.2662
      0.5152
      0.8918
      1.3404
      1.7231
      1.8758
      0.7853
      0.8498
      1.0651
      1.4299
      1.8224
      2.0332
      1.9228
      1.5306
      1.0268
      0.5821
      0.2829
      0.1324
      0.0986
      0.1572
      0.3044
      0.5392
      0.8264
      1.0752
      1.1752
      0.5123
      0.6553
      1.0704
      1.6687
      2.2346
      2.5078
      2.3577
      1.8691
      1.2572
      0.7191
      0.3503
      0.1513
      0.0789
      0.0941
      0.1819
      0.3392
      0.5414
      0.7212
      0.7944
      0.4655
      0.6394
      1.1295
      1.8062
      2.4220
      2.7143
      2.5685
      2.0750
      1.4396
      0.8556
      0.4321
      0.1866
      0.0820
      0.0748
      0.1460
      0.2925
      0.4914
      0.6731
      0.7479
      0.4658
      0.6433
      1.1365
      1.8047
      2.4074
      2.7078
      2.6060
      2.1701
      1.5661
      0.9703
      0.5083
      0.2243
      0.0949
      0.0784
      0.1549
      0.3227
      0.5559
      0.7715
      0.8606
      0.4663
      0.6416
      1.1263
      1.7792
      2.3684
      2.6725
      2.5969
      2.1958
      1.6134
      1.0171
      0.5405
      0.2407
      0.1017
      0.0826
      0.1640
      0.3447
      0.5971
      0.8309
      0.9276
