      0.2805
      0.2939
      0.3276
      0.3671
      0.4022
      0.4318
      0.4617
      0.4963
      0.5340
      0.5650
      0.5719
      0.5379
      0.4579
      0.3462
      0.2299
      0.1341
      0.0705
      0.0372
      0.0272
      0.2855
      0.2968
      0.3248
      0.3572
      0.3854
      0.4099
      0.4363
      0.4688
      0.5053
      0.5358
      0.5439
      0.5134
      0.4393
      0.3345
      0.2241
      0.1322
      0.0704
      0.0377
      0.0278
      0.3074
      0.3123
      0.3238
      0.3355
      0.3453
      0.3566
      0.3751
      0.4028
      0.4356
      0.4635
      0.4726
      0.4493
      0.3892
      0.3019
      0.2077
      0.1269
      0.0711
      0.0406
      0.0313
      0.3710
      0.3650
      0.3484
      0.3268
      0.3088
      0.3031
      0.3133
      0.3362
      0.3629
      0.3832
      0.3874
      0.3680
      0.3228
      0.2576
      0.1861
      0.1232
      0.0783
      0.0531
      0.0452
      0.5227
      0.4995
      0.4397
      0.3680
      0.3108
      0.2834
      0.2852
      0.3028
      0.3199
      0.3256
      0.3168
      0.2943
      0.2603
      0.2183
      0.1744
      0.1365
      0.1098
      0.0953
      0.0909
      0.8128
      0.7641
      0.6402
      0.4941
      0.3781
      0.3175
      0.3047
      0.3126
      0.3149
      0.3005
      0.2738
      0.2455
      0.2228
      0.2078
      0.1999
      0.1988
      0.2032
      0.2092
      0.2120
      1.2511
      1.1682
      0.9583
      0.7110
      0.5123
      0.4004
      0.3603
      0.3498
      0.3325
      0.2974
      0.2566
      0.2292
      0.2276
      0.2528
      0.2988
      0.3565
      0.4143
      0.4581
      0.4745
      1.7607
      1.6406
      1.3358
      0.9755
      0.6812
      0.5056
      0.4277
      0.3920
      0.3541
      0.3038
      0.2594
      0.2474
      0.2847
      0.3727
      0.5010
      0.6507
      0.7952
      0.9019
      0.9415
      2.1819
      2.0323
      1.6526
      1.2026
      0.8315
      0.6031
      0.4923
      0.4343
      0.3801
      0.3214
      0.2829
      0.2985
      0.3908
      0.5640
      0.8044
      1.0816
      1.3483
      1.5448
      1.6175
      2.3464
      2.1877
      1.7855
      1.3106
      0.9213
      0.6828
      0.5654
      0.4994
      0.4351
      0.3688
      0.3338
      0.3744
      0.5224
      0.7872
      1.1525
      1.5750
      1.9827
      2.2834
      2.3948
      2.1819
      2.0406
      1.6853
      1.2738
      0.9488
      0.7631
      0.6788
      0.6233
      0.5498
      0.4642
      0.4137
      0.4569
      0.6381
      0.9726
      1.4421
      1.9908
      2.5230
      2.9164
      3.0623
      1.7607
      1.6594
      1.4106
      1.1388
      0.9512
      0.8738
      0.8550
      0.8197
      0.7286
      0.6027
      0.5081
      0.5205
      0.6955
      1.0532
      1.5739
      2.1929
      2.7983
      3.2476
      3.4145
      1.2511
      1.2001
      1.0849
      0.9880
      0.9695
      1.0210
      1.0740
      1.0525
      0.9295
      0.7456
      0.5867
      0.5426
      0.6753
      1.0075
      1.5197
      2.1453
      2.7665
      3.2313
      3.4045
      0.8128
      0.8087
      0.8173
      0.8796
      1.0102
      1.1670
      1.2677
      1.2413
      1.0771
      0.8354
      0.6163
      0.5149
      0.5941
      0.8780
      1.3529
      1.9575
      2.5738
      3.0424
      3.2184
      0.5227
      0.5524
      0.6487
      0.8189
      1.0407
      1.2484
      1.3562
      1.3059
      1.1057
      0.8294
      0.5801
      0.4486
      0.4943
      0.7473
      1.2073
      1.8246
      2.4774
      2.9854
      3.1784
      0.3710
      0.4188
      0.5595
      0.7762
      1.0228
      1.2241
      1.3030
      1.2212
      1.0039
      0.7288
      0.4901
      0.3671
      0.4172
      0.6838
      1.1888
      1.8956
      2.6681
      3.2823
      3.5179
      0.3074
      0.3609
      0.5118
      0.7286
      0.9535
      1.1133
      1.1476
      1.0396
      0.8263
      0.5806
      0.3815
      0.2950
      0.3805
      0.7003
      1.3029
      2.1632
      3.1209
      3.8918
      4.1893
      0.2855
      0.3384
      0.4839
      0.6829
      0.8739
      0.9903
      0.9875
      0.8646
      0.6647
      0.4535
      0.2956
      0.2481
      0.3736
      0.7525
      1.4549
      2.4634
      3.5945
      4.5094
      4.8633
      0.2805
      0.3323
      0.4738
      0.6633
      0.8390
      0.9375
      0.9206
      0.7933
      0.6002
      0.4039
      0.2634
      0.2321
      0.3749
      0.7792
      1.5236
      2.5937
      3.7957
      4.7693
      5.1461
