      0.0014
      0.0033
      0.0080
      0.0109
      0.0080
      0.0032
      0.0008
      0.0004
      0.0011
      0.0046
      0.0112
      0.0151
      0.0109
      0.0043
      0.0009
      0.0001
      0.0000
      0.0000
      0.0000
      0.0019
      0.0042
      0.0093
      0.0115
      0.0077
      0.0029
      0.0007
      0.0003
      0.0009
      0.0038
      0.0099
      0.0143
      0.0113
      0.0049
      0.0011
      0.0001
      0.0000
      0.0000
      0.0000
      0.0025
      0.0048
      0.0092
      0.0098
      0.0057
      0.0018
      0.0004
      0.0001
      0.0004
      0.0020
      0.0063
      0.0108
      0.0103
      0.0055
      0.0016
      0.0003
      0.0000
      0.0000
      0.0000
      0.0025
      0.0037
      0.0056
      0.0051
      0.0026
      0.0007
      0.0001
      0.0000
      0.0001
      0.0009
      0.0037
      0.0090
      0.0129
      0.0107
      0.0051
      0.0013
      0.0002
      0.0000
      0.0000
      0.0199
      0.0152
      0.0073
      0.0026
      0.0008
      0.0002
      0.0000
      0.0000
      0.0001
      0.0010
      0.0063
      0.0225
      0.0438
      0.0464
      0.0267
      0.0083
      0.0014
      0.0001
      0.0000
      0.3162
      0.2325
      0.0924
      0.0199
      0.0023
      0.0002
      0.0000
      0.0001
      0.0002
      0.0018
      0.0135
      0.0545
      0.1184
      0.1389
      0.0881
      0.0301
      0.0056
      0.0006
      0.0001
      2.7736
      2.0385
      0.8083
      0.1723
      0.0196
      0.0012
      0.0001
      0.0001
      0.0003
      0.0021
      0.0168
      0.0743
      0.1771
      0.2278
      0.1585
      0.0599
      0.0131
      0.0035
      0.0030
     13.0102
      9.5620
      3.7916
      0.8083
      0.0921
      0.0056
      0.0003
      0.0002
      0.0002
      0.0013
      0.0113
      0.0550
      0.1441
      0.2049
      0.1599
      0.0728
      0.0321
      0.0372
      0.0465
     32.8103
     24.1141
      9.5620
      2.0384
      0.2323
      0.0141
      0.0007
      0.0003
      0.0003
      0.0005
      0.0042
      0.0230
      0.0703
      0.1246
      0.1384
      0.1227
      0.1658
      0.3101
      0.4047
     44.6424
     32.8103
     13.0102
      2.7736
      0.3162
      0.0202
      0.0036
      0.0044
      0.0035
      0.0016
      0.0015
      0.0096
      0.0494
      0.1577
      0.3098
      0.4414
      0.7510
      1.4473
      1.8926
     32.8103
     24.1141
      9.5620
      2.0388
      0.2353
      0.0288
      0.0388
      0.0539
      0.0409
      0.0168
      0.0045
      0.0119
      0.0848
      0.3429
      0.7796
      1.1864
      1.9618
      3.6700
      4.7742
     13.0102
      9.5620
      3.7919
      0.8117
      0.1175
      0.1169
      0.2708
      0.3583
      0.2571
      0.0997
      0.0216
      0.0155
      0.1075
      0.4697
      1.1409
      1.7909
      2.8270
      5.0572
      6.5173
      2.7736
      2.0386
      0.8107
      0.1922
      0.1390
      0.4617
      1.0316
      1.2813
      0.8674
      0.3177
      0.0631
      0.0152
      0.0753
      0.3512
      0.9088
      1.4782
      2.2371
      3.7926
      4.8227
      0.3162
      0.2337
      0.1057
      0.1008
      0.3527
      1.0904
      2.1645
      2.4875
      1.5822
      0.5470
      0.1020
      0.0131
      0.0288
      0.1418
      0.3915
      0.6636
      0.9715
      1.5523
      1.9402
      0.0199
      0.0200
      0.0537
      0.2290
      0.7048
      1.6034
      2.6182
      2.7016
      1.6033
      0.5245
      0.0929
      0.0094
      0.0062
      0.0308
      0.0915
      0.1675
      0.2602
      0.4209
      0.5252
      0.0025
      0.0137
      0.0984
      0.4037
      0.9944
      1.6891
      2.2056
      2.0657
      1.2050
      0.4029
      0.0747
      0.0076
      0.0010
      0.0040
      0.0178
      0.0787
      0.3000
      0.7235
      0.9774
      0.0025
      0.0163
      0.1115
      0.4239
      0.9745
      1.6613
      2.4720
      2.7856
      1.9367
      0.7587
      0.1625
      0.0188
      0.0012
      0.0021
      0.0316
      0.2720
      1.2713
      3.2035
      4.3582
      0.0019
      0.0115
      0.0737
      0.2786
      0.7679
      1.9992
      4.2736
      5.7155
      4.2826
      1.7466
      0.3840
      0.0452
      0.0030
      0.0048
      0.0778
      0.6824
      3.2009
      8.0722
     10.9832
      0.0014
      0.0077
      0.0477
      0.1904
      0.6751
      2.3076
      5.5277
      7.6346
      5.7748
      2.3637
      0.5206
      0.0613
      0.0040
      0.0065
      0.1058
      0.9284
      4.3551
     10.9831
     14.9439
