      0.0226
      0.0300
      0.0455
      0.0547
      0.0511
      0.0430
      0.0411
      0.0467
      0.0610
      0.0911
      0.1298
      0.1467
      0.1212
      0.0715
      0.0298
      0.0088
      0.0018
      0.0003
      0.0001
      0.0242
      0.0312
      0.0452
      0.0523
      0.0470
      0.0381
      0.0352
      0.0395
      0.0520
      0.0795
      0.1164
      0.1356
      0.1160
      0.0713
      0.0312
      0.0097
      0.0021
      0.0003
      0.0001
      0.0274
      0.0326
      0.0418
      0.0438
      0.0359
      0.0263
      0.0222
      0.0240
      0.0326
      0.0535
      0.0851
      0.1083
      0.1024
      0.0703
      0.0349
      0.0125
      0.0032
      0.0006
      0.0002
      0.0443
      0.0439
      0.0411
      0.0335
      0.0229
      0.0143
      0.0107
      0.0112
      0.0165
      0.0309
      0.0572
      0.0854
      0.0956
      0.0785
      0.0470
      0.0204
      0.0064
      0.0015
      0.0006
      0.1739
      0.1497
      0.0964
      0.0480
      0.0199
      0.0083
      0.0056
      0.0065
      0.0103
      0.0220
      0.0490
      0.0893
      0.1209
      0.1184
      0.0833
      0.0422
      0.0159
      0.0054
      0.0031
      0.7841
      0.6607
      0.3955
      0.1686
      0.0521
      0.0139
      0.0072
      0.0086
      0.0120
      0.0234
      0.0564
      0.1159
      0.1755
      0.1903
      0.1478
      0.0844
      0.0405
      0.0240
      0.0211
      2.6400
      2.2207
      1.3210
      0.5551
      0.1658
      0.0389
      0.0144
      0.0136
      0.0156
      0.0251
      0.0602
      0.1319
      0.2148
      0.2521
      0.2174
      0.1527
      0.1176
      0.1219
      0.1309
      6.2902
      5.2903
      3.1454
      1.3201
      0.3922
      0.0879
      0.0247
      0.0176
      0.0167
      0.0217
      0.0499
      0.1168
      0.2086
      0.2774
      0.2953
      0.3100
      0.3972
      0.5407
      0.6150
     10.5796
      8.8979
      5.2902
      2.2201
      0.6591
      0.1462
      0.0380
      0.0240
      0.0199
      0.0188
      0.0358
      0.0913
      0.1943
      0.3282
      0.4863
      0.7472
      1.2217
      1.7970
      2.0715
     12.5792
     10.5797
      6.2904
      2.6416
      0.7903
      0.1901
      0.0732
      0.0631
      0.0533
      0.0369
      0.0372
      0.0888
      0.2325
      0.4972
      0.9187
      1.6475
      2.8682
      4.2802
      4.9432
     10.5796
      8.8983
      5.2929
      2.2328
      0.7010
      0.2454
      0.2053
      0.2250
      0.1907
      0.1188
      0.0720
      0.1132
      0.3128
      0.7429
      1.4865
      2.7726
      4.8628
      7.2394
      8.3492
      6.2902
      5.2919
      3.1564
      1.3676
      0.5399
      0.4211
      0.5651
      0.6437
      0.5314
      0.3147
      0.1510
      0.1398
      0.3499
      0.8646
      1.7890
      3.3712
      5.8776
      8.6878
      9.9941
      2.6400
      2.2255
      1.3524
      0.6794
      0.5249
      0.8025
      1.1957
      1.3287
      1.0592
      0.6025
      0.2570
      0.1472
      0.2907
      0.7284
      1.5440
      2.9249
      5.0558
      7.4079
      8.4952
      0.7841
      0.6720
      0.4633
      0.4114
      0.6909
      1.2751
      1.8506
      1.9703
      1.5111
      0.8282
      0.3295
      0.1317
      0.1769
      0.4379
      0.9517
      1.8201
      3.1305
      4.5530
      5.2061
      0.1739
      0.1697
      0.2083
      0.4100
      0.8788
      1.5624
      2.1307
      2.1585
      1.5923
      0.8443
      0.3215
      0.1021
      0.0820
      0.1921
      0.4409
      0.8903
      1.5840
      2.3367
      2.6810
      0.0443
      0.0704
      0.1817
      0.4536
      0.9331
      1.5335
      1.9693
      1.9216
      1.3886
      0.7292
      0.2755
      0.0786
      0.0357
      0.0784
      0.2318
      0.6031
      1.2691
      2.0288
      2.3801
      0.0274
      0.0589
      0.1780
      0.4350
      0.8506
      1.3539
      1.7341
      1.7284
      1.2950
      0.7110
      0.2816
      0.0811
      0.0271
      0.0661
      0.2816
      0.9158
      2.1465
      3.5865
      4.2570
      0.0242
      0.0522
      0.1548
      0.3722
      0.7388
      1.2378
      1.7018
      1.8225
      1.4558
      0.8448
      0.3509
      0.1046
      0.0346
      0.0932
      0.4328
      1.4609
      3.4775
      5.8456
      6.9492
      0.0226
      0.0479
      0.1402
      0.3385
      0.6917
      1.2125
      1.7428
      1.9323
      1.5827
      0.9354
      0.3940
      0.1187
      0.0397
      0.1090
      0.5106
      1.7293
      4.1219
      6.9325
      8.2425
