      0.0601
      0.0803
      0.1217
      0.1427
      0.1201
      0.0725
      0.0337
      0.0211
      0.0380
      0.0829
      0.1368
      0.1612
      0.1347
      0.0796
      0.0332
      0.0098
      0.0020
      0.0003
      0.0001
      0.0642
      0.0831
      0.1203
      0.1360
      0.1110
      0.0651
      0.0295
      0.0181
      0.0328
      0.0727
      0.1228
      0.1488
      0.1286
      0.0790
      0.0345
      0.0107
      0.0023
      0.0004
      0.0001
      0.0689
      0.0832
      0.1086
      0.1126
      0.0852
      0.0466
      0.0198
      0.0116
      0.0213
      0.0497
      0.0895
      0.1173
      0.1110
      0.0756
      0.0370
      0.0130
      0.0033
      0.0006
      0.0002
      0.0778
      0.0828
      0.0881
      0.0780
      0.0525
      0.0263
      0.0108
      0.0068
      0.0124
      0.0294
      0.0579
      0.0864
      0.0948
      0.0759
      0.0442
      0.0186
      0.0057
      0.0013
      0.0004
      0.1895
      0.1681
      0.1187
      0.0685
      0.0330
      0.0140
      0.0075
      0.0076
      0.0114
      0.0219
      0.0451
      0.0790
      0.1042
      0.1001
      0.0694
      0.0346
      0.0125
      0.0034
      0.0014
      0.7682
      0.6492
      0.3925
      0.1710
      0.0556
      0.0172
      0.0117
      0.0146
      0.0176
      0.0248
      0.0487
      0.0942
      0.1406
      0.1518
      0.1177
      0.0660
      0.0277
      0.0100
      0.0056
      2.5585
      2.1526
      1.2815
      0.5397
      0.1631
      0.0426
      0.0225
      0.0245
      0.0252
      0.0284
      0.0514
      0.1053
      0.1703
      0.2010
      0.1733
      0.1129
      0.0604
      0.0324
      0.0245
      6.0898
      5.1219
      3.0456
      1.2791
      0.3826
      0.0919
      0.0355
      0.0311
      0.0278
      0.0260
      0.0435
      0.0951
      0.1712
      0.2320
      0.2405
      0.2012
      0.1486
      0.1111
      0.0983
     10.2418
      8.6138
      5.1214
      2.1502
      0.6414
      0.1491
      0.0486
      0.0365
      0.0296
      0.0230
      0.0332
      0.0809
      0.1773
      0.3018
      0.3997
      0.4246
      0.3848
      0.3316
      0.3090
     12.1774
     10.2417
      6.0898
      2.5587
      0.7694
      0.1931
      0.0848
      0.0763
      0.0635
      0.0423
      0.0388
      0.0900
      0.2376
      0.4859
      0.7447
      0.8781
      0.8505
      0.7598
      0.7165
     10.2418
      8.6143
      5.1251
      2.1660
      0.6902
      0.2603
      0.2325
      0.2547
      0.2141
      0.1322
      0.0789
      0.1225
      0.3325
      0.7331
      1.1893
      1.4533
      1.4307
      1.2807
      1.2059
      6.0898
      5.1245
      3.0620
      1.3430
      0.5659
      0.4835
      0.6497
      0.7286
      0.5947
      0.3493
      0.1666
      0.1532
      0.3736
      0.8496
      1.4240
      1.7787
      1.7646
      1.5708
      1.4706
      2.5585
      2.1617
      1.3348
      0.7261
      0.6451
      0.9884
      1.4117
      1.5229
      1.1922
      0.6707
      0.2839
      0.1615
      0.3097
      0.7128
      1.2314
      1.5767
      1.5862
      1.4138
      1.3200
      0.7682
      0.6731
      0.5231
      0.5814
      1.0011
      1.6896
      2.2732
      2.3051
      1.7170
      0.9248
      0.3641
      0.1444
      0.1884
      0.4285
      0.7697
      1.0344
      1.1064
      1.0553
      1.0192
      0.1895
      0.2142
      0.3577
      0.7563
      1.4513
      2.2538
      2.7541
      2.5872
      1.8204
      0.9381
      0.3511
      0.1105
      0.0877
      0.1932
      0.3905
      0.6485
      0.9432
      1.2188
      1.3397
      0.0778
      0.1473
      0.4108
      0.9500
      1.6984
      2.3772
      2.6378
      2.3029
      1.5438
      0.7727
      0.2830
      0.0796
      0.0394
      0.0967
      0.3044
      0.8280
      1.7859
      2.8854
      3.3949
      0.0689
      0.1486
      0.4301
      0.9508
      1.5906
      2.0863
      2.2109
      1.8984
      1.2868
      0.6639
      0.2530
      0.0719
      0.0318
      0.1125
      0.5046
      1.6678
      3.9352
      6.5926
      7.8303
      0.0642
      0.1349
      0.3743
      0.7937
      1.2915
      1.6989
      1.8784
      1.7314
      1.2693
      0.7041
      0.2857
      0.0854
      0.0416
      0.1715
      0.8151
      2.7569
      6.5671
     11.0420
     13.1277
      0.0601
      0.1237
      0.3350
      0.6987
      1.1358
      1.5309
      1.7739
      1.7220
      1.3173
      0.7537
      0.3127
      0.0952
      0.0479
      0.2022
      0.9658
      3.2731
      7.8029
     13.1241
     15.6044
