      0.2539
      0.2540
      0.2545
      0.2562
      0.2611
      0.2717
      0.2886
      0.3104
      0.3339
      0.3544
      0.3638
      0.3520
      0.3127
      0.2498
      0.1774
      0.1122
      0.0651
      0.0387
      0.0304
      0.2549
      0.2541
      0.2521
      0.2504
      0.2521
      0.2607
      0.2774
      0.3014
      0.3301
      0.3585
      0.3780
      0.3764
      0.3444
      0.2835
      0.2073
      0.1347
      0.0797
      0.0475
      0.0371
      0.2719
      0.2674
      0.2560
      0.2426
      0.2342
      0.2368
      0.2536
      0.2844
      0.3273
      0.3778
      0.4254
      0.4528
      0.4423
      0.3877
      0.3010
      0.2062
      0.1271
      0.0772
      0.0605
      0.3473
      0.3342
      0.3008
      0.2612
      0.2317
      0.2235
      0.2404
      0.2811
      0.3431
      0.4230
      0.5101
      0.5806
      0.6045
      0.5623
      0.4613
      0.3329
      0.2155
      0.1368
      0.1096
      0.5476
      0.5170
      0.4391
      0.3475
      0.2768
      0.2468
      0.2593
      0.3070
      0.3847
      0.4907
      0.6172
      0.7364
      0.8043
      0.7842
      0.6739
      0.5107
      0.3499
      0.2373
      0.1976
      0.9353
      0.8745
      0.7201
      0.5385
      0.3944
      0.3208
      0.3151
      0.3581
      0.4376
      0.5546
      0.7074
      0.8690
      0.9844
      0.9990
      0.8976
      0.7179
      0.5281
      0.3904
      0.3409
      1.5148
      1.4112
      1.1477
      0.8357
      0.5819
      0.4369
      0.3917
      0.4114
      0.4733
      0.5794
      0.7360
      0.9223
      1.0797
      1.1416
      1.0792
      0.9232
      0.7436
      0.6086
      0.5594
      2.1812
      2.0293
      1.6425
      1.1812
      0.7977
      0.5627
      0.4611
      0.4418
      0.4703
      0.5467
      0.6842
      0.8715
      1.0571
      1.1739
      1.1840
      1.1047
      0.9918
      0.9022
      0.8690
      2.7276
      2.5366
      2.0494
      1.4652
      0.9724
      0.6573
      0.5014
      0.4415
      0.4327
      0.4712
      0.5739
      0.7410
      0.9372
      1.1075
      1.2138
      1.2568
      1.2643
      1.2624
      1.2615
      2.9402
      2.7348
      2.2106
      1.5806
      1.0456
      0.6970
      0.5144
      0.4293
      0.3915
      0.3935
      0.4544
      0.5865
      0.7757
      0.9882
      1.1932
      1.3761
      1.5300
      1.6388
      1.6791
      2.7276
      2.5399
      2.0617
      1.4893
      1.0063
      0.6938
      0.5284
      0.4428
      0.3876
      0.3562
      0.3717
      0.4588
      0.6249
      0.8587
      1.1399
      1.4430
      1.7289
      1.9404
      2.0192
      2.1812
      2.0379
      1.6758
      1.2503
      0.9036
      0.6920
      0.5853
      0.5198
      0.4527
      0.3847
      0.3481
      0.3812
      0.5089
      0.7374
      1.0560
      1.4328
      1.8063
      2.0880
      2.1938
      1.5148
      1.4284
      1.2157
      0.9822
      0.8183
      0.7461
      0.7228
      0.6860
      0.6022
      0.4861
      0.3856
      0.3541
      0.4300
      0.6308
      0.9519
      1.3589
      1.7768
      2.0973
      2.2184
      0.9353
      0.9034
      0.8359
      0.7935
      0.8180
      0.8956
      0.9635
      0.9546
      0.8433
      0.6622
      0.4818
      0.3743
      0.3907
      0.5566
      0.8721
      1.3017
      1.7595
      2.1174
      2.2537
      0.5476
      0.5596
      0.6114
      0.7326
      0.9281
      1.1507
      1.3119
      1.3298
      1.1810
      0.9181
      0.6401
      0.4452
      0.4016
      0.5455
      0.8840
      1.3793
      1.9270
      2.3637
      2.5313
      0.3473
      0.3910
      0.5318
      0.7829
      1.1263
      1.4865
      1.7441
      1.7926
      1.6032
      1.2471
      0.8574
      0.5666
      0.4685
      0.6165
      1.0282
      1.6616
      2.3797
      2.9602
      3.1844
      0.2719
      0.3369
      0.5399
      0.8890
      1.3544
      1.8386
      2.1908
      2.2745
      2.0493
      1.6017
      1.1002
      0.7159
      0.5731
      0.7477
      1.2701
      2.0917
      3.0343
      3.8013
      4.0985
      0.2549
      0.3324
      0.5734
      0.9861
      1.5362
      2.1118
      2.5378
      2.6522
      2.4026
      1.8860
      1.2984
      0.8430
      0.6703
      0.8753
      1.4998
      2.4888
      3.6285
      4.5582
      4.9189
      0.2539
      0.3355
      0.5895
      1.0247
      1.6056
      2.2156
      2.6700
      2.7967
      2.5385
      1.9959
      1.3757
      0.8933
      0.7099
      0.9282
      1.5942
      2.6506
      3.8691
      4.8638
      5.2498
