      0.4512
      0.4662
      0.5002
      0.5296
      0.5369
      0.5210
      0.4914
      0.4574
      0.4224
      0.3856
      0.3439
      0.2943
      0.2361
      0.1738
      0.1162
      0.0715
      0.0430
      0.0287
      0.0245
      0.4551
      0.4670
      0.4930
      0.5130
      0.5129
      0.4930
      0.4631
      0.4315
      0.4009
      0.3694
      0.3335
      0.2895
      0.2360
      0.1769
      0.1205
      0.0754
      0.0458
      0.0304
      0.0258
      0.4827
      0.4850
      0.4867
      0.4784
      0.4558
      0.4246
      0.3938
      0.3688
      0.3491
      0.3306
      0.3086
      0.2784
      0.2371
      0.1866
      0.1340
      0.0885
      0.0560
      0.0378
      0.0321
      0.5872
      0.5719
      0.5294
      0.4697
      0.4069
      0.3550
      0.3210
      0.3036
      0.2958
      0.2909
      0.2835
      0.2689
      0.2430
      0.2048
      0.1593
      0.1152
      0.0807
      0.0598
      0.0530
      0.8601
      0.8154
      0.6986
      0.5520
      0.4198
      0.3289
      0.2825
      0.2670
      0.2656
      0.2674
      0.2683
      0.2659
      0.2558
      0.2342
      0.2020
      0.1664
      0.1361
      0.1169
      0.1104
      1.3952
      1.3043
      1.0703
      0.7844
      0.5369
      0.3751
      0.2962
      0.2693
      0.2631
      0.2614
      0.2625
      0.2682
      0.2754
      0.2780
      0.2726
      0.2623
      0.2529
      0.2477
      0.2462
      2.2064
      2.0520
      1.6561
      1.1754
      0.7618
      0.4906
      0.3532
      0.2975
      0.2743
      0.2609
      0.2574
      0.2704
      0.3004
      0.3410
      0.3857
      0.4313
      0.4744
      0.5072
      0.5197
      3.1481
      2.9232
      2.3465
      1.6461
      1.0412
      0.6387
      0.4256
      0.3291
      0.2821
      0.2542
      0.2464
      0.2699
      0.3311
      0.4278
      0.5533
      0.6966
      0.8369
      0.9426
      0.9824
      3.9245
      3.6429
      2.9204
      2.0418
      1.2795
      0.7661
      0.4861
      0.3517
      0.2827
      0.2426
      0.2327
      0.2695
      0.3679
      0.5351
      0.7688
      1.0495
      1.3313
      1.5455
      1.6260
      4.2274
      3.9254
      3.1507
      2.2085
      1.3899
      0.8355
      0.5281
      0.3748
      0.2917
      0.2415
      0.2280
      0.2743
      0.4061
      0.6438
      0.9926
      1.4257
      1.8687
      2.2082
      2.3364
      3.9245
      3.6492
      2.9443
      2.0898
      1.3509
      0.8522
      0.5731
      0.4257
      0.3344
      0.2697
      0.2428
      0.2849
      0.4329
      0.7194
      1.1573
      1.7149
      2.2936
      2.7405
      2.9097
      3.1481
      2.9387
      2.4055
      1.7664
      1.2230
      0.8622
      0.6560
      0.5297
      0.4266
      0.3346
      0.2774
      0.2956
      0.4334
      0.7299
      1.2030
      1.8186
      2.4652
      2.9680
      3.1589
      2.2064
      2.0807
      1.7656
      1.4003
      1.1049
      0.9164
      0.7968
      0.6878
      0.5595
      0.4240
      0.3211
      0.2988
      0.4025
      0.6711
      1.1222
      1.7227
      2.3611
      2.8608
      3.0511
      1.3952
      1.3483
      1.2384
      1.1300
      1.0646
      1.0299
      0.9778
      0.8682
      0.7002
      0.5120
      0.3585
      0.2914
      0.3526
      0.5758
      0.9769
      1.5255
      2.1173
      2.5842
      2.7626
      0.8601
      0.8727
      0.9174
      1.0001
      1.1008
      1.1688
      1.1498
      1.0215
      0.8097
      0.5739
      0.3793
      0.2779
      0.3073
      0.4976
      0.8655
      1.3846
      1.9545
      2.4087
      2.5831
      0.5872
      0.6365
      0.7753
      0.9710
      1.1634
      1.2790
      1.2635
      1.1108
      0.8655
      0.6000
      0.3836
      0.2668
      0.2865
      0.4762
      0.8594
      1.4135
      2.0317
      2.5291
      2.7210
      0.4827
      0.5500
      0.7333
      0.9787
      1.2050
      1.3299
      1.3044
      1.1340
      0.8735
      0.5990
      0.3789
      0.2633
      0.2930
      0.5117
      0.9545
      1.6022
      2.3313
      2.9215
      3.1498
      0.4551
      0.5287
      0.7268
      0.9855
      1.2159
      1.3350
      1.2995
      1.1218
      0.8598
      0.5883
      0.3734
      0.2655
      0.3113
      0.5657
      1.0751
      1.8223
      2.6664
      3.3513
      3.6166
      0.4512
      0.5261
      0.7268
      0.9867
      1.2154
      1.3305
      1.2912
      1.1121
      0.8515
      0.5828
      0.3712
      0.2673
      0.3206
      0.5907
      1.1290
      1.9186
      2.8114
      3.5362
      3.8171
