      0.0745
      0.0800
      0.0916
      0.0992
      0.0977
      0.0921
      0.0932
      0.1111
      0.1517
      0.2101
      0.2643
      0.2827
      0.2492
      0.1785
      0.1032
      0.0484
      0.0190
      0.0072
      0.0045
      0.0794
      0.0838
      0.0925
      0.0968
      0.0928
      0.0857
      0.0856
      0.1020
      0.1402
      0.1963
      0.2503
      0.2726
      0.2457
      0.1807
      0.1079
      0.0524
      0.0213
      0.0082
      0.0049
      0.1092
      0.1087
      0.1053
      0.0965
      0.0831
      0.0715
      0.0694
      0.0830
      0.1161
      0.1668
      0.2211
      0.2538
      0.2441
      0.1938
      0.1260
      0.0671
      0.0296
      0.0118
      0.0070
      0.2365
      0.2199
      0.1780
      0.1284
      0.0874
      0.0640
      0.0596
      0.0724
      0.1014
      0.1470
      0.2032
      0.2510
      0.2651
      0.2332
      0.1687
      0.0998
      0.0487
      0.0212
      0.0130
      0.6561
      0.5926
      0.4382
      0.2696
      0.1467
      0.0860
      0.0726
      0.0851
      0.1113
      0.1524
      0.2121
      0.2786
      0.3205
      0.3088
      0.2443
      0.1582
      0.0853
      0.0423
      0.0289
      1.7039
      1.5285
      1.1047
      0.6487
      0.3232
      0.1628
      0.1169
      0.1217
      0.1415
      0.1750
      0.2359
      0.3205
      0.3923
      0.4049
      0.3445
      0.2427
      0.1475
      0.0878
      0.0686
      3.6719
      3.2891
      2.3658
      1.3741
      0.6650
      0.3072
      0.1867
      0.1667
      0.1712
      0.1904
      0.2454
      0.3412
      0.4406
      0.4852
      0.4464
      0.3504
      0.2511
      0.1865
      0.1655
      6.3798
      5.7132
      4.1049
      2.3765
      1.1352
      0.4965
      0.2620
      0.1999
      0.1819
      0.1825
      0.2250
      0.3221
      0.4439
      0.5316
      0.5451
      0.4969
      0.4339
      0.3926
      0.3798
      8.8896
      7.9603
      5.7182
      3.3071
      1.5707
      0.6676
      0.3229
      0.2190
      0.1798
      0.1629
      0.1898
      0.2818
      0.4245
      0.5698
      0.6713
      0.7206
      0.7439
      0.7620
      0.7707
      9.9287
      8.8913
      6.3889
      3.6992
      1.7644
      0.7598
      0.3762
      0.2571
      0.2041
      0.1681
      0.1739
      0.2557
      0.4199
      0.6345
      0.8488
      1.0302
      1.1747
      1.2781
      1.3176
      8.8896
      7.9629
      5.7304
      3.3399
      1.6376
      0.7771
      0.4679
      0.3738
      0.3086
      0.2370
      0.2021
      0.2589
      0.4342
      0.7092
      1.0291
      1.3375
      1.5994
      1.7848
      1.8538
      6.3798
      5.7204
      4.1386
      2.4672
      1.3196
      0.7954
      0.6527
      0.6099
      0.5189
      0.3802
      0.2725
      0.2765
      0.4322
      0.7267
      1.1017
      1.4852
      1.8191
      2.0542
      2.1406
      3.6719
      3.3038
      2.4336
      1.5549
      1.0276
      0.8859
      0.9302
      0.9336
      0.7940
      0.5607
      0.3564
      0.2833
      0.3832
      0.6411
      1.0019
      1.3933
      1.7478
      2.0018
      2.0956
      1.7039
      1.5522
      1.2135
      0.9334
      0.8826
      1.0379
      1.2207
      1.2418
      1.0407
      0.7135
      0.4189
      0.2691
      0.2978
      0.4879
      0.8001
      1.1833
      1.5706
      1.8702
      1.9849
      0.6561
      0.6245
      0.5823
      0.6396
      0.8593
      1.1801
      1.4313
      1.4467
      1.1957
      0.8045
      0.4506
      0.2467
      0.2195
      0.3608
      0.6682
      1.1341
      1.6902
      2.1678
      2.3594
      0.2365
      0.2563
      0.3412
      0.5429
      0.8776
      1.2680
      1.5483
      1.5631
      1.2909
      0.8678
      0.4791
      0.2411
      0.1870
      0.3363
      0.7495
      1.4832
      2.4513
      3.3288
      3.6888
      0.1092
      0.1455
      0.2709
      0.5184
      0.8929
      1.3180
      1.6314
      1.6706
      1.4021
      0.9583
      0.5352
      0.2660
      0.2055
      0.4170
      1.0407
      2.2093
      3.8004
      5.2659
      5.8711
      0.0794
      0.1190
      0.2523
      0.5101
      0.9007
      1.3557
      1.7117
      1.7889
      1.5318
      1.0670
      0.6059
      0.3055
      0.2454
      0.5306
      1.3722
      2.9678
      5.1565
      7.1804
      8.0175
      0.0745
      0.1143
      0.2480
      0.5072
      0.9036
      1.3727
      1.7497
      1.8454
      1.5936
      1.1185
      0.6394
      0.3247
      0.2652
      0.5828
      1.5177
      3.2935
      5.7325
      7.9894
      8.9232
