      0.1226
      0.1291
      0.1427
      0.1518
      0.1515
      0.1480
      0.1514
      0.1691
      0.2047
      0.2554
      0.3032
      0.3177
      0.2804
      0.2033
      0.1199
      0.0575
      0.0228
      0.0084
      0.0048
      0.1238
      0.1292
      0.1400
      0.1457
      0.1422
      0.1362
      0.1375
      0.1536
      0.1889
      0.2421
      0.2966
      0.3220
      0.2954
      0.2239
      0.1387
      0.0702
      0.0294
      0.0111
      0.0063
      0.1390
      0.1400
      0.1400
      0.1332
      0.1199
      0.1073
      0.1042
      0.1175
      0.1538
      0.2166
      0.2941
      0.3539
      0.3604
      0.3037
      0.2098
      0.1182
      0.0547
      0.0222
      0.0129
      0.2249
      0.2128
      0.1811
      0.1406
      0.1033
      0.0782
      0.0697
      0.0820
      0.1240
      0.2072
      0.3281
      0.4505
      0.5151
      0.4821
      0.3666
      0.2259
      0.1136
      0.0500
      0.0306
      0.5337
      0.4849
      0.3650
      0.2310
      0.1282
      0.0704
      0.0505
      0.0621
      0.1135
      0.2257
      0.4068
      0.6168
      0.7652
      0.7691
      0.6243
      0.4102
      0.2216
      0.1077
      0.0717
      1.3272
      1.1918
      0.8634
      0.5066
      0.2447
      0.1049
      0.0543
      0.0589
      0.1160
      0.2524
      0.4895
      0.7887
      1.0323
      1.0912
      0.9326
      0.6506
      0.3833
      0.2148
      0.1604
      2.8320
      2.5368
      1.8232
      1.0522
      0.4912
      0.1939
      0.0807
      0.0651
      0.1158
      0.2550
      0.5138
      0.8642
      1.1821
      1.3100
      1.1842
      0.8944
      0.6009
      0.4118
      0.3505
      4.9095
      4.3958
      3.1546
      1.8151
      0.8419
      0.3255
      0.1236
      0.0762
      0.1074
      0.2220
      0.4536
      0.7923
      1.1365
      1.3351
      1.3071
      1.1167
      0.9078
      0.7781
      0.7388
      6.8375
      6.1216
      4.3928
      2.5282
      1.1753
      0.4591
      0.1779
      0.1011
      0.1071
      0.1788
      0.3469
      0.6231
      0.9494
      1.2148
      1.3434
      1.3646
      1.3691
      1.3995
      1.4201
      7.6360
      6.8373
      4.9096
      2.8343
      1.3364
      0.5539
      0.2547
      0.1704
      0.1528
      0.1726
      0.2627
      0.4580
      0.7492
      1.0785
      1.3911
      1.6860
      1.9841
      2.2423
      2.3494
      6.8375
      6.1249
      4.4085
      2.5722
      1.2688
      0.6174
      0.3932
      0.3325
      0.2896
      0.2445
      0.2479
      0.3613
      0.6139
      0.9918
      1.4621
      2.0017
      2.5694
      3.0395
      3.2273
      4.9095
      4.4046
      3.1962
      1.9287
      1.0771
      0.7145
      0.6414
      0.6237
      0.5405
      0.4046
      0.3036
      0.3273
      0.5262
      0.9071
      1.4476
      2.1106
      2.8160
      3.3922
      3.6196
      2.8320
      2.5547
      1.9063
      1.2735
      0.9365
      0.9100
      1.0104
      1.0300
      0.8806
      0.6247
      0.3992
      0.3187
      0.4359
      0.7539
      1.2489
      1.8764
      2.5460
      3.0885
      3.3012
      1.3272
      1.2221
      1.0018
      0.8667
      0.9511
      1.2138
      1.4642
      1.5011
      1.2645
      0.8712
      0.5105
      0.3168
      0.3312
      0.5383
      0.9046
      1.3857
      1.9028
      2.3204
      2.4835
      0.5337
      0.5288
      0.5634
      0.7410
      1.1160
      1.6044
      1.9863
      2.0390
      1.7114
      1.1691
      0.6586
      0.3408
      0.2457
      0.3342
      0.5606
      0.8843
      1.2449
      1.5406
      1.6567
      0.2249
      0.2687
      0.4343
      0.7947
      1.3801
      2.0806
      2.6276
      2.7353
      2.3257
      1.6061
      0.9015
      0.4268
      0.2160
      0.2075
      0.3402
      0.5759
      0.8646
      1.1134
      1.2132
      0.1390
      0.2047
      0.4368
      0.9161
      1.6855
      2.6253
      3.4002
      3.6189
      3.1390
      2.2058
      1.2518
      0.5797
      0.2455
      0.1672
      0.2644
      0.4963
      0.8107
      1.0955
      1.2121
      0.1238
      0.1990
      0.4659
      1.0251
      1.9456
      3.1065
      4.1082
      4.4496
      3.9163
      2.7856
      1.5953
      0.7385
      0.2977
      0.1748
      0.2715
      0.5410
      0.9225
      1.2752
      1.4208
      0.1226
      0.2006
      0.4789
      1.0683
      2.0504
      3.3049
      4.4044
      4.8001
      4.2459
      3.0322
      1.7419
      0.8073
      0.3229
      0.1841
      0.2848
      0.5755
      0.9907
      1.3762
      1.5356
