      0.5330
      0.5434
      0.5608
      0.5562
      0.5125
      0.4423
      0.3817
      0.3677
      0.4145
      0.5021
      0.5843
      0.6124
      0.5628
      0.4490
      0.3103
      0.1870
      0.1012
      0.0547
      0.0406
      0.5337
      0.5413
      0.5518
      0.5397
      0.4914
      0.4202
      0.3609
      0.3480
      0.3946
      0.4819
      0.5662
      0.6001
      0.5588
      0.4526
      0.3183
      0.1955
      0.1077
      0.0590
      0.0440
      0.5471
      0.5463
      0.5360
      0.5016
      0.4392
      0.3648
      0.3089
      0.2992
      0.3456
      0.4324
      0.5222
      0.5716
      0.5526
      0.4672
      0.3445
      0.2226
      0.1290
      0.0737
      0.0560
      0.6136
      0.5978
      0.5508
      0.4765
      0.3873
      0.3044
      0.2514
      0.2457
      0.2918
      0.3778
      0.4749
      0.5453
      0.5570
      0.5006
      0.3943
      0.2733
      0.1704
      0.1048
      0.0828
      0.8059
      0.7660
      0.6591
      0.5175
      0.3788
      0.2729
      0.2154
      0.2103
      0.2542
      0.3377
      0.4415
      0.5341
      0.5800
      0.5576
      0.4722
      0.3540
      0.2414
      0.1639
      0.1367
      1.2021
      1.1253
      0.9254
      0.6757
      0.4508
      0.2951
      0.2165
      0.2024
      0.2387
      0.3160
      0.4232
      0.5361
      0.6176
      0.6348
      0.5790
      0.4726
      0.3566
      0.2703
      0.2389
      1.8190
      1.6921
      1.3649
      0.9636
      0.6119
      0.3752
      0.2546
      0.2188
      0.2395
      0.3048
      0.4102
      0.5398
      0.6582
      0.7240
      0.7140
      0.6384
      0.5353
      0.4505
      0.4181
      2.5459
      2.3637
      1.8954
      1.3244
      0.8277
      0.4945
      0.3203
      0.2545
      0.2532
      0.3004
      0.3975
      0.5387
      0.6950
      0.8206
      0.8778
      0.8597
      0.7942
      0.7276
      0.7002
      3.1499
      2.9242
      2.3451
      1.6412
      1.0321
      0.6251
      0.4092
      0.3173
      0.2920
      0.3147
      0.3946
      0.5392
      0.7303
      0.9226
      1.0652
      1.1302
      1.1279
      1.0978
      1.0820
      3.3864
      3.1474
      2.5361
      1.7983
      1.1675
      0.7529
      0.5346
      0.4331
      0.3841
      0.3725
      0.4201
      0.5520
      0.7651
      1.0183
      1.2494
      1.4088
      1.4848
      1.5040
      1.5046
      3.1499
      2.9372
      2.3972
      1.7566
      1.2259
      0.8940
      0.7256
      0.6339
      0.5573
      0.4936
      0.4852
      0.5785
      0.7871
      1.0760
      1.3755
      1.6172
      1.7678
      1.8373
      1.8553
      2.5459
      2.3930
      2.0125
      1.5816
      1.2560
      1.0827
      1.0045
      0.9312
      0.8140
      0.6744
      0.5815
      0.6050
      0.7732
      1.0572
      1.3844
      1.6749
      1.8785
      1.9878
      2.0206
      1.8190
      1.7419
      1.5627
      1.3946
      1.3216
      1.3368
      1.3571
      1.2931
      1.1169
      0.8809
      0.6833
      0.6132
      0.7091
      0.9471
      1.2571
      1.5569
      1.7862
      1.9216
      1.9651
      1.2021
      1.1971
      1.2089
      1.2882
      1.4482
      1.6288
      1.7238
      1.6490
      1.4018
      1.0655
      0.7630
      0.5956
      0.6061
      0.7747
      1.0397
      1.3248
      1.5652
      1.7207
      1.7739
      0.8059
      0.8559
      1.0129
      1.2772
      1.6050
      1.8954
      2.0274
      1.9265
      1.6131
      1.1947
      0.8090
      0.5620
      0.4969
      0.5998
      0.8214
      1.0965
      1.3571
      1.5424
      1.6094
      0.6136
      0.6977
      0.9430
      1.3159
      1.7358
      2.0783
      2.2183
      2.0919
      1.7349
      1.2668
      0.8303
      0.5314
      0.4151
      0.4758
      0.6794
      0.9720
      1.2797
      1.5154
      1.6040
      0.5471
      0.6476
      0.9337
      1.3530
      1.8069
      2.1633
      2.3003
      2.1617
      1.7888
      1.3021
      0.8429
      0.5172
      0.3742
      0.4194
      0.6334
      0.9710
      1.3486
      1.6497
      1.7651
      0.5337
      0.6395
      0.9381
      1.3688
      1.8274
      2.1825
      2.3171
      2.1786
      1.8074
      1.3196
      0.8539
      0.5170
      0.3637
      0.4093
      0.6452
      1.0309
      1.4736
      1.8323
      1.9710
      0.5330
      0.6398
      0.9401
      1.3715
      1.8288
      2.1820
      2.3162
      2.1797
      1.8115
      1.3256
      0.8589
      0.5191
      0.3635
      0.4113
      0.6578
      1.0641
      1.5335
      1.9155
      2.0634
