      0.0000
      0.0000
      0.0000
      0.0000
      0.0000
      0.0000
      0.0000
      0.0000
      0.0000
      0.0000
      0.0000
      0.0000
      0.0000
      0.0000
      0.0000
      0.0000
      0.0000
      0.0000
      0.0000
      0.0000
      0.0000
      0.0000
      0.0000
      0.0000
      0.0000
      0.0000
      0.0000
      0.0000
      0.0000
      0.0000
      0.0000
      0.0000
      0.0000
      0.0000
      0.0000
      0.0000
      0.0000
      0.0000
      0.0000
      0.0000
      0.0000
      0.0000
      0.0000
      0.0000
      0.0000
      0.0000
      0.0000
      0.0000
      0.0000
      0.0000
      0.0000
      0.0000
      0.0000
      0.0000
      0.0000
      0.0000
      0.0000
      0.0000
      0.0000
      0.0000
      0.0000
      0.0000
      0.0000
      0.0000
      0.0000
      0.0000
      0.0000
      0.0000
      0.0000
      0.0000
      0.0000
      0.0000
      0.0000
      0.0000
      0.0000
      0.0000
      0.0000
      0.0000
      0.0000
      0.0000
      0.0000
      0.0000
      0.0000
      0.0000
      0.0000
      0.0000
      0.0000
      0.0001
      0.0005
      0.0006
      0.0002
      0.0000
      0.0000
      0.0000
      0.0000
      0.0004
      0.0002
      0.0000
      0.0000
      0.0000
      0.0000
      0.0000
      0.0000
      0.0000
      0.0000
      0.0000
      0.0009
      0.0050
      0.0072
      0.0026
      0.0002
      0.0000
      0.0000
      0.0000
      0.0563
      0.0281
      0.0035
      0.0001
      0.0000
      0.0000
      0.0000
      0.0000
      0.0000
      0.0000
      0.0001
      0.0018
      0.0124
      0.0219
      0.0097
      0.0011
      0.0000
      0.0000
      0.0000
      1.8253
      0.9126
      0.1138
      0.0035
      0.0000
      0.0000
      0.0000
      0.0000
      0.0000
      0.0000
      0.0000
      0.0009
      0.0077
      0.0167
      0.0090
      0.0012
      0.0001
      0.0004
      0.0009
     14.6411
      7.3205
      0.9126
      0.0281
      0.0002
      0.0000
      0.0000
      0.0000
      0.0000
      0.0000
      0.0000
      0.0001
      0.0012
      0.0032
      0.0022
      0.0007
      0.0072
      0.0569
      0.1137
     29.2821
     14.6411
      1.8253
      0.0563
      0.0004
      0.0000
      0.0000
      0.0000
      0.0000
      0.0000
      0.0000
      0.0000
      0.0001
      0.0012
      0.0053
      0.0136
      0.2321
      1.8443
      3.6880
     14.6411
      7.3205
      0.9126
      0.0281
      0.0002
      0.0000
      0.0001
      0.0001
      0.0001
      0.0000
      0.0000
      0.0000
      0.0004
      0.0086
      0.0506
      0.1298
      1.8709
     14.7937
     29.5819
      1.8253
      0.9126
      0.1138
      0.0035
      0.0000
      0.0007
      0.0052
      0.0099
      0.0047
      0.0006
      0.0000
      0.0000
      0.0007
      0.0180
      0.1229
      0.3201
      3.7754
     29.5912
     59.1638
      0.0563
      0.0281
      0.0035
      0.0001
      0.0006
      0.0154
      0.1031
      0.1730
      0.0726
      0.0076
      0.0002
      0.0000
      0.0003
      0.0094
      0.0746
      0.2030
      1.9160
     14.7997
     29.5821
      0.0004
      0.0002
      0.0000
      0.0006
      0.0073
      0.0918
      0.5086
      0.7499
      0.2778
      0.0256
      0.0006
      0.0000
      0.0000
      0.0012
      0.0113
      0.0329
      0.2447
      1.8461
      3.6881
      0.0000
      0.0000
      0.0004
      0.0098
      0.0655
      0.2104
      0.6552
      0.8154
      0.2661
      0.0217
      0.0004
      0.0000
      0.0000
      0.0000
      0.0004
      0.0014
      0.0079
      0.0575
      0.1147
      0.0000
      0.0000
      0.0021
      0.0450
      0.2411
      0.3633
      0.3468
      0.3410
      0.1244
      0.0127
      0.0004
      0.0000
      0.0000
      0.0000
      0.0000
      0.0003
      0.0084
      0.0672
      0.1343
      0.0000
      0.0000
      0.0028
      0.0521
      0.2435
      0.4716
      1.7947
      3.6857
      1.9761
      0.2649
      0.0088
      0.0001
      0.0000
      0.0000
      0.0001
      0.0083
      0.2698
      2.1640
      4.3280
      0.0000
      0.0000
      0.0010
      0.0154
      0.1044
      1.6403
     13.6759
     29.4030
     15.8194
      2.1228
      0.0705
      0.0006
      0.0000
      0.0000
      0.0005
      0.0667
      2.1640
     17.3579
     34.7158
      0.0000
      0.0000
      0.0002
      0.0028
      0.0979
      3.1707
     27.3242
     58.8038
     31.6387
      4.2456
      0.1410
      0.0011
      0.0000
      0.0000
      0.0010
      0.1335
      4.3280
     34.7158
     69.4315
