      0.3612
      0.3611
      0.3564
      0.3389
      0.3069
      0.2718
      0.2552
      0.2777
      0.3449
      0.4395
      0.5245
      0.5594
      0.5230
      0.4248
      0.2988
      0.1820
      0.0971
      0.0493
      0.0343
      0.3524
      0.3517
      0.3456
      0.3270
      0.2949
      0.2613
      0.2473
      0.2725
      0.3426
      0.4416
      0.5337
      0.5781
      0.5506
      0.4571
      0.3296
      0.2064
      0.1136
      0.0597
      0.0425
      0.3294
      0.3270
      0.3172
      0.2957
      0.2647
      0.2367
      0.2311
      0.2649
      0.3440
      0.4558
      0.5686
      0.6404
      0.6388
      0.5588
      0.4264
      0.2836
      0.1665
      0.0938
      0.0696
      0.3035
      0.2985
      0.2831
      0.2584
      0.2312
      0.2146
      0.2241
      0.2725
      0.3653
      0.4959
      0.6391
      0.7526
      0.7915
      0.7333
      0.5939
      0.4196
      0.2625
      0.1583
      0.1224
      0.2943
      0.2857
      0.2629
      0.2346
      0.2135
      0.2127
      0.2416
      0.3063
      0.4120
      0.5599
      0.7354
      0.8972
      0.9871
      0.9604
      0.8179
      0.6088
      0.4033
      0.2594
      0.2084
      0.3235
      0.3099
      0.2766
      0.2418
      0.2253
      0.2391
      0.2846
      0.3595
      0.4683
      0.6219
      0.8192
      1.0246
      1.1690
      1.1855
      1.0554
      0.8250
      0.5791
      0.3986
      0.3332
      0.4004
      0.3803
      0.3324
      0.2855
      0.2669
      0.2873
      0.3388
      0.4106
      0.5061
      0.6461
      0.8447
      1.0767
      1.2700
      1.3405
      1.2489
      1.0297
      0.7726
      0.5742
      0.5007
      0.5081
      0.4809
      0.4162
      0.3528
      0.3247
      0.3410
      0.3860
      0.4409
      0.5083
      0.6163
      0.7930
      1.0276
      1.2548
      1.3847
      1.3597
      1.1949
      0.9698
      0.7843
      0.7134
      0.6044
      0.5719
      0.4947
      0.4183
      0.3810
      0.3899
      0.4229
      0.4554
      0.4881
      0.5532
      0.6894
      0.9026
      1.1440
      1.3293
      1.3895
      1.3155
      1.1636
      1.0223
      0.9657
      0.6431
      0.6107
      0.5346
      0.4620
      0.4306
      0.4436
      0.4730
      0.4885
      0.4880
      0.5052
      0.5878
      0.7592
      0.9930
      1.2194
      1.3650
      1.3969
      1.3413
      1.2642
      1.2297
      0.6044
      0.5799
      0.5260
      0.4856
      0.4898
      0.5331
      0.5785
      0.5882
      0.5565
      0.5196
      0.5355
      0.6467
      0.8500
      1.0937
      1.3052
      1.4330
      1.4732
      1.4644
      1.4545
      0.5081
      0.4996
      0.4905
      0.5143
      0.5890
      0.6938
      0.7767
      0.7886
      0.7209
      0.6169
      0.5499
      0.5822
      0.7318
      0.9637
      1.2106
      1.4092
      1.5310
      1.5856
      1.5994
      0.4004
      0.4138
      0.4662
      0.5790
      0.7523
      0.9434
      1.0781
      1.0928
      0.9779
      0.7899
      0.6227
      0.5594
      0.6359
      0.8320
      1.0892
      1.3404
      1.5364
      1.6554
      1.6946
      0.3235
      0.3612
      0.4823
      0.6961
      0.9827
      1.2732
      1.4666
      1.4817
      1.3090
      1.0228
      0.7421
      0.5724
      0.5667
      0.7199
      0.9866
      1.3011
      1.5935
      1.7999
      1.8744
      0.2943
      0.3553
      0.5431
      0.8575
      1.2604
      1.6565
      1.9153
      1.9341
      1.7015
      1.3102
      0.9082
      0.6280
      0.5433
      0.6684
      0.9754
      1.4019
      1.8491
      2.1925
      2.3220
      0.3035
      0.3844
      0.6306
      1.0366
      1.5516
      2.0573
      2.3922
      2.4271
      2.1427
      1.6477
      1.1224
      0.7329
      0.5812
      0.7068
      1.1027
      1.7076
      2.3824
      2.9212
      3.1281
      0.3294
      0.4254
      0.7174
      1.1993
      1.8140
      2.4254
      2.8429
      2.9075
      2.5858
      1.9990
      1.3594
      0.8704
      0.6674
      0.8180
      1.3364
      2.1586
      3.0989
      3.8613
      4.1561
      0.3524
      0.4579
      0.7795
      1.3132
      2.0000
      2.6927
      3.1786
      3.2737
      2.9309
      2.2785
      1.5539
      0.9919
      0.7559
      0.9368
      1.5642
      2.5709
      3.7318
      4.6780
      5.0449
      0.3612
      0.4699
      0.8019
      1.3542
      2.0678
      2.7915
      3.3045
      3.4127
      3.0632
      2.3865
      1.6301
      1.0409
      0.7933
      0.9874
      1.6588
      2.7383
      3.9856
      5.0036
      5.3986
