      0.2834
      0.3135
      0.3769
      0.4188
      0.4088
      0.3626
      0.3171
      0.2963
      0.3045
      0.3336
      0.3618
      0.3572
      0.3018
      0.2106
      0.1193
      0.0544
      0.0200
      0.0064
      0.0031
      0.2836
      0.3102
      0.3647
      0.3971
      0.3809
      0.3326
      0.2873
      0.2668
      0.2748
      0.3037
      0.3333
      0.3335
      0.2861
      0.2030
      0.1172
      0.0546
      0.0206
      0.0067
      0.0034
      0.2794
      0.2965
      0.3282
      0.3373
      0.3078
      0.2572
      0.2145
      0.1960
      0.2035
      0.2304
      0.2612
      0.2712
      0.2422
      0.1798
      0.1091
      0.0538
      0.0217
      0.0079
      0.0043
      0.2777
      0.2813
      0.2818
      0.2617
      0.2189
      0.1704
      0.1353
      0.1216
      0.1280
      0.1495
      0.1767
      0.1927
      0.1822
      0.1442
      0.0944
      0.0514
      0.0245
      0.0121
      0.0088
      0.3352
      0.3193
      0.2753
      0.2144
      0.1529
      0.1060
      0.0802
      0.0725
      0.0773
      0.0904
      0.1083
      0.1232
      0.1248
      0.1087
      0.0817
      0.0560
      0.0395
      0.0325
      0.0309
      0.5644
      0.5146
      0.3913
      0.2521
      0.1441
      0.0832
      0.0595
      0.0551
      0.0568
      0.0606
      0.0680
      0.0791
      0.0893
      0.0943
      0.0951
      0.0974
      0.1052
      0.1153
      0.1200
      1.0639
      0.9562
      0.6953
      0.4127
      0.2079
      0.1027
      0.0662
      0.0585
      0.0555
      0.0516
      0.0524
      0.0648
      0.0908
      0.1288
      0.1789
      0.2423
      0.3140
      0.3752
      0.3998
      1.7886
      1.6028
      1.1544
      0.6725
      0.3272
      0.1513
      0.0885
      0.0720
      0.0631
      0.0542
      0.0552
      0.0806
      0.1416
      0.2452
      0.3961
      0.5942
      0.8169
      1.0037
      1.0781
      2.4735
      2.2157
      1.5941
      0.9279
      0.4526
      0.2121
      0.1264
      0.1023
      0.0875
      0.0736
      0.0777
      0.1269
      0.2480
      0.4639
      0.7924
      1.2348
      1.7379
      2.1618
      2.3307
      2.7589
      2.4724
      1.7834
      1.0497
      0.5355
      0.2871
      0.2087
      0.1880
      0.1640
      0.1332
      0.1288
      0.1988
      0.3924
      0.7540
      1.3201
      2.0959
      2.9860
      3.7392
      4.0400
      2.4735
      2.2211
      1.6190
      0.9928
      0.5815
      0.4188
      0.3978
      0.3940
      0.3449
      0.2646
      0.2167
      0.2788
      0.5224
      1.0102
      1.7942
      2.8813
      4.1350
      5.1981
      5.6229
      1.7886
      1.6186
      1.2245
      0.8497
      0.6669
      0.6772
      0.7561
      0.7674
      0.6573
      0.4767
      0.3349
      0.3400
      0.5744
      1.1026
      1.9775
      3.2019
      4.6171
      5.8170
      6.2963
      1.0639
      0.9905
      0.8443
      0.7765
      0.8765
      1.0932
      1.2709
      1.2645
      1.0461
      0.7215
      0.4505
      0.3597
      0.5207
      0.9775
      1.7666
      2.8818
      4.1719
      5.2644
      5.7003
      0.5644
      0.5750
      0.6478
      0.8565
      1.2073
      1.5845
      1.8004
      1.7200
      1.3643
      0.8976
      0.5130
      0.3310
      0.3924
      0.7081
      1.2912
      2.1299
      3.1044
      3.9298
      4.2590
      0.3352
      0.4057
      0.6345
      1.0339
      1.5342
      1.9630
      2.1247
      1.9287
      1.4584
      0.9154
      0.4880
      0.2652
      0.2520
      0.4334
      0.8105
      1.3769
      2.0499
      2.6262
      2.8569
      0.2777
      0.3815
      0.6921
      1.1717
      1.6928
      2.0568
      2.0994
      1.7991
      1.2901
      0.7708
      0.3875
      0.1861
      0.1480
      0.2547
      0.5178
      0.9507
      1.4954
      1.9767
      2.1721
      0.2794
      0.3930
      0.7179
      1.1805
      1.6238
      1.8600
      1.7830
      1.4359
      0.9718
      0.5511
      0.2632
      0.1182
      0.0933
      0.1871
      0.4405
      0.8954
      1.5011
      2.0526
      2.2793
      0.2836
      0.3932
      0.6965
      1.1006
      1.4433
      1.5656
      1.4147
      1.0725
      0.6851
      0.3691
      0.1690
      0.0759
      0.0739
      0.1844
      0.4785
      1.0242
      1.7671
      2.4518
      2.7346
      0.2834
      0.3894
      0.6785
      1.0524
      1.3506
      1.4287
      1.2551
      0.9234
      0.5727
      0.3004
      0.1349
      0.0620
      0.0703
      0.1913
      0.5089
      1.1017
      1.9123
      2.6611
      2.9708
