      0.0027
      0.0064
      0.0158
      0.0214
      0.0157
      0.0063
      0.0015
      0.0005
      0.0008
      0.0030
      0.0072
      0.0097
      0.0070
      0.0027
      0.0006
      0.0001
      0.0000
      0.0000
      0.0000
      0.0038
      0.0082
      0.0182
      0.0225
      0.0152
      0.0056
      0.0012
      0.0004
      0.0006
      0.0024
      0.0063
      0.0092
      0.0073
      0.0031
      0.0007
      0.0001
      0.0000
      0.0000
      0.0000
      0.0050
      0.0095
      0.0181
      0.0193
      0.0113
      0.0036
      0.0007
      0.0002
      0.0003
      0.0013
      0.0040
      0.0067
      0.0063
      0.0032
      0.0009
      0.0001
      0.0000
      0.0000
      0.0000
      0.0039
      0.0065
      0.0106
      0.0099
      0.0051
      0.0014
      0.0002
      0.0000
      0.0001
      0.0005
      0.0019
      0.0042
      0.0055
      0.0041
      0.0018
      0.0004
      0.0001
      0.0000
      0.0000
      0.0046
      0.0046
      0.0043
      0.0030
      0.0013
      0.0003
      0.0001
      0.0000
      0.0001
      0.0004
      0.0020
      0.0070
      0.0134
      0.0140
      0.0080
      0.0025
      0.0004
      0.0000
      0.0000
      0.0499
      0.0369
      0.0150
      0.0035
      0.0005
      0.0001
      0.0001
      0.0002
      0.0002
      0.0006
      0.0040
      0.0162
      0.0351
      0.0411
      0.0261
      0.0089
      0.0017
      0.0003
      0.0002
      0.4353
      0.3200
      0.1269
      0.0271
      0.0031
      0.0003
      0.0003
      0.0004
      0.0004
      0.0008
      0.0050
      0.0220
      0.0524
      0.0675
      0.0472
      0.0183
      0.0052
      0.0036
      0.0042
      2.0418
      1.5006
      0.5951
      0.1269
      0.0145
      0.0010
      0.0005
      0.0006
      0.0005
      0.0006
      0.0034
      0.0163
      0.0430
      0.0619
      0.0508
      0.0296
      0.0296
      0.0524
      0.0678
      5.1492
      3.7844
      1.5006
      0.3199
      0.0365
      0.0024
      0.0005
      0.0006
      0.0004
      0.0003
      0.0013
      0.0072
      0.0236
      0.0475
      0.0673
      0.0972
      0.2128
      0.4466
      0.5887
      7.0061
      5.1492
      2.0418
      0.4353
      0.0498
      0.0038
      0.0022
      0.0030
      0.0023
      0.0010
      0.0007
      0.0046
      0.0267
      0.0948
      0.2105
      0.4000
      0.9622
      2.0699
      2.7438
      5.1492
      3.7844
      1.5007
      0.3202
      0.0385
      0.0118
      0.0248
      0.0346
      0.0263
      0.0108
      0.0029
      0.0074
      0.0539
      0.2220
      0.5363
      1.0317
      2.4248
      5.1956
      6.8940
      2.0418
      1.5007
      0.5954
      0.1298
      0.0328
      0.0754
      0.1760
      0.2307
      0.1650
      0.0639
      0.0139
      0.0099
      0.0690
      0.3042
      0.7746
      1.4937
      3.3619
      7.0758
      9.3675
      0.4353
      0.3203
      0.1305
      0.0497
      0.1052
      0.3308
      0.6877
      0.8318
      0.5582
      0.2039
      0.0404
      0.0097
      0.0484
      0.2270
      0.6116
      1.1921
      2.5561
      5.2323
      6.8919
      0.0499
      0.0392
      0.0384
      0.1233
      0.3887
      0.9107
      1.5349
      1.6491
      1.0245
      0.3515
      0.0654
      0.0084
      0.0185
      0.0916
      0.2621
      0.5213
      1.0682
      2.1129
      2.7623
      0.0046
      0.0137
      0.0917
      0.3963
      1.0124
      1.7032
      2.1101
      1.8700
      1.0432
      0.3334
      0.0584
      0.0059
      0.0040
      0.0200
      0.0628
      0.1438
      0.3375
      0.6997
      0.9214
      0.0039
      0.0261
      0.1898
      0.7524
      1.6664
      2.2144
      2.0176
      1.3985
      0.6907
      0.2115
      0.0369
      0.0036
      0.0006
      0.0036
      0.0282
      0.1973
      0.8811
      2.2007
      2.9898
      0.0050
      0.0319
      0.2165
      0.7962
      1.6196
      1.9557
      1.6699
      1.2153
      0.6933
      0.2514
      0.0519
      0.0059
      0.0006
      0.0060
      0.0975
      0.8527
      3.9966
     10.0773
     13.7111
      0.0038
      0.0224
      0.1412
      0.4865
      0.9671
      1.3304
      1.6747
      1.8245
      1.2955
      0.5212
      0.1141
      0.0134
      0.0013
      0.0148
      0.2447
      2.1476
     10.0741
     25.4055
     34.5674
      0.0027
      0.0150
      0.0890
      0.2947
      0.6092
      1.0636
      1.8282
      2.3123
      1.7167
      0.6999
      0.1540
      0.0181
      0.0018
      0.0201
      0.3329
      2.9221
     13.7069
     34.5672
     47.0330
