      0.0823
      0.1095
      0.1654
      0.1942
      0.1654
      0.1047
      0.0558
      0.0350
      0.0369
      0.0558
      0.0817
      0.0933
      0.0776
      0.0461
      0.0194
      0.0058
      0.0012
      0.0002
      0.0000
      0.0874
      0.1129
      0.1632
      0.1847
      0.1525
      0.0937
      0.0485
      0.0298
      0.0317
      0.0494
      0.0747
      0.0889
      0.0775
      0.0487
      0.0220
      0.0071
      0.0017
      0.0003
      0.0001
      0.0916
      0.1111
      0.1458
      0.1519
      0.1162
      0.0664
      0.0319
      0.0186
      0.0208
      0.0361
      0.0619
      0.0841
      0.0854
      0.0636
      0.0347
      0.0137
      0.0040
      0.0008
      0.0002
      0.0877
      0.0970
      0.1097
      0.1012
      0.0700
      0.0364
      0.0161
      0.0095
      0.0129
      0.0289
      0.0625
      0.1058
      0.1326
      0.1206
      0.0791
      0.0372
      0.0125
      0.0031
      0.0011
      0.1373
      0.1270
      0.1004
      0.0669
      0.0366
      0.0166
      0.0078
      0.0067
      0.0126
      0.0348
      0.0903
      0.1788
      0.2559
      0.2613
      0.1899
      0.0981
      0.0363
      0.0103
      0.0044
      0.4665
      0.3964
      0.2441
      0.1105
      0.0383
      0.0125
      0.0076
      0.0096
      0.0175
      0.0471
      0.1303
      0.2786
      0.4283
      0.4680
      0.3636
      0.2024
      0.0840
      0.0314
      0.0191
      1.5215
      1.2807
      0.7634
      0.3224
      0.0979
      0.0254
      0.0130
      0.0148
      0.0216
      0.0513
      0.1452
      0.3279
      0.5342
      0.6203
      0.5173
      0.3208
      0.1687
      0.1033
      0.0897
      3.6147
      3.0403
      1.8080
      0.7594
      0.2270
      0.0541
      0.0203
      0.0181
      0.0209
      0.0415
      0.1176
      0.2803
      0.4873
      0.6124
      0.5742
      0.4460
      0.3629
      0.3617
      0.3767
      6.0781
      5.1120
      3.0394
      1.2760
      0.3804
      0.0879
      0.0279
      0.0208
      0.0193
      0.0274
      0.0715
      0.1815
      0.3496
      0.5088
      0.6040
      0.6861
      0.8578
      1.0941
      1.2115
      7.2267
      6.0780
      3.6141
      1.5186
      0.4566
      0.1142
      0.0491
      0.0436
      0.0370
      0.0294
      0.0431
      0.1090
      0.2520
      0.4709
      0.7587
      1.1750
      1.8037
      2.4988
      2.8197
      6.0781
      5.1125
      3.0424
      1.2875
      0.4127
      0.1569
      0.1374
      0.1476
      0.1230
      0.0769
      0.0509
      0.0876
      0.2338
      0.5331
      1.0198
      1.7807
      2.9075
      4.1249
      4.6821
      3.6147
      3.0429
      1.8230
      0.8111
      0.3586
      0.3104
      0.3985
      0.4315
      0.3454
      0.2012
      0.0965
      0.0916
      0.2301
      0.5644
      1.1441
      2.0640
      3.4153
      4.8681
      5.5325
      1.5215
      1.2908
      0.8185
      0.4929
      0.4842
      0.6992
      0.9193
      0.9372
      0.7099
      0.3924
      0.1647
      0.0936
      0.1846
      0.4602
      0.9574
      1.7456
      2.8874
      4.1056
      4.6617
      0.4665
      0.4251
      0.3923
      0.5338
      0.9003
      1.3521
      1.6297
      1.5273
      1.0840
      0.5690
      0.2212
      0.0860
      0.1117
      0.2733
      0.5830
      1.0787
      1.7897
      2.5413
      2.8830
      0.1373
      0.1854
      0.3919
      0.8535
      1.5142
      2.1050
      2.3119
      2.0050
      1.3471
      0.6822
      0.2555
      0.0787
      0.0545
      0.1219
      0.2804
      0.5680
      1.0112
      1.4904
      1.7091
      0.0877
      0.1815
      0.5252
      1.1888
      2.0321
      2.6973
      2.8672
      2.4630
      1.6753
      0.8713
      0.3359
      0.0966
      0.0334
      0.0593
      0.1875
      0.5203
      1.1340
      1.8402
      2.1676
      0.0916
      0.1995
      0.5801
      1.2903
      2.2016
      3.0220
      3.4503
      3.2455
      2.4084
      1.3468
      0.5497
      0.1617
      0.0433
      0.0670
      0.2843
      0.9382
      2.2137
      3.7085
      4.4048
      0.0874
      0.1853
      0.5254
      1.1701
      2.0937
      3.1741
      4.0936
      4.2754
      3.4105
      1.9964
      0.8388
      0.2511
      0.0659
      0.1016
      0.4536
      1.5322
      3.6496
      6.1365
      7.2956
      0.0823
      0.1715
      0.4805
      1.0791
      2.0048
      3.2259
      4.4064
      4.7881
      3.9080
      2.3166
      0.9803
      0.2947
      0.0774
      0.1197
      0.5370
      1.8173
      4.3322
      7.2866
      8.6637
