      0.3990
      0.4089
      0.4279
      0.4330
      0.4114
      0.3739
      0.3511
      0.3737
      0.4513
      0.5610
      0.6545
      0.6821
      0.6215
      0.4906
      0.3343
      0.1966
      0.1011
      0.0495
      0.0337
      0.3963
      0.4045
      0.4189
      0.4193
      0.3949
      0.3572
      0.3352
      0.3576
      0.4328
      0.5391
      0.6311
      0.6614
      0.6077
      0.4850
      0.3349
      0.2002
      0.1049
      0.0525
      0.0364
      0.3895
      0.3927
      0.3952
      0.3834
      0.3528
      0.3162
      0.2984
      0.3213
      0.3903
      0.4868
      0.5736
      0.6101
      0.5736
      0.4721
      0.3387
      0.2118
      0.1173
      0.0627
      0.0453
      0.3864
      0.3826
      0.3685
      0.3411
      0.3048
      0.2737
      0.2654
      0.2919
      0.3529
      0.4344
      0.5109
      0.5521
      0.5364
      0.4625
      0.3517
      0.2358
      0.1421
      0.0842
      0.0651
      0.4082
      0.3958
      0.3619
      0.3170
      0.2763
      0.2546
      0.2601
      0.2919
      0.3434
      0.4055
      0.4663
      0.5085
      0.5127
      0.4686
      0.3836
      0.2814
      0.1895
      0.1282
      0.1070
      0.4836
      0.4607
      0.4026
      0.3355
      0.2871
      0.2727
      0.2899
      0.3242
      0.3626
      0.4019
      0.4444
      0.4862
      0.5114
      0.5006
      0.4473
      0.3645
      0.2786
      0.2159
      0.1931
      0.6264
      0.5908
      0.5027
      0.4055
      0.3406
      0.3243
      0.3437
      0.3723
      0.3927
      0.4081
      0.4347
      0.4808
      0.5339
      0.5667
      0.5577
      0.5072
      0.4374
      0.3791
      0.3566
      0.8111
      0.7623
      0.6419
      0.5100
      0.4211
      0.3930
      0.4042
      0.4193
      0.4187
      0.4126
      0.4294
      0.4884
      0.5810
      0.6732
      0.7282
      0.7301
      0.6927
      0.6489
      0.6300
      0.9718
      0.9133
      0.7695
      0.6126
      0.5062
      0.4680
      0.4702
      0.4709
      0.4504
      0.4256
      0.4362
      0.5129
      0.6531
      0.8184
      0.9565
      1.0321
      1.0459
      1.0289
      1.0179
      1.0360
      0.9770
      0.8337
      0.6822
      0.5868
      0.5609
      0.5692
      0.5636
      0.5246
      0.4768
      0.4730
      0.5583
      0.7398
      0.9779
      1.2061
      1.3678
      1.4465
      1.4668
      1.4676
      0.9718
      0.9253
      0.8171
      0.7169
      0.6792
      0.7046
      0.7449
      0.7435
      0.6812
      0.5933
      0.5504
      0.6168
      0.8129
      1.1014
      1.4049
      1.6475
      1.7936
      1.8566
      1.8716
      0.8111
      0.7893
      0.7496
      0.7461
      0.8125
      0.9270
      1.0211
      1.0266
      0.9264
      0.7718
      0.6564
      0.6664
      0.8368
      1.1353
      1.4802
      1.7827
      1.9896
      2.0969
      2.1281
      0.6264
      0.6365
      0.6845
      0.8034
      0.9980
      1.2167
      1.3666
      1.3687
      1.2123
      0.9693
      0.7579
      0.6834
      0.7928
      1.0620
      1.4140
      1.7572
      2.0230
      2.1823
      2.2341
      0.4836
      0.5252
      0.6593
      0.8952
      1.2067
      1.5114
      1.6959
      1.6765
      1.4546
      1.1229
      0.8185
      0.6582
      0.6970
      0.9225
      1.2731
      1.6646
      2.0130
      2.2507
      2.3348
      0.4082
      0.4744
      0.6737
      0.9937
      1.3803
      1.7286
      1.9151
      1.8612
      1.5831
      1.1884
      0.8221
      0.6033
      0.5926
      0.7952
      1.1755
      1.6631
      2.1532
      2.5204
      2.6571
      0.3864
      0.4668
      0.7014
      1.0604
      1.4709
      1.8178
      1.9808
      1.8936
      1.5848
      1.1669
      0.7814
      0.5436
      0.5215
      0.7449
      1.2111
      1.8651
      2.5718
      3.1281
      3.3404
      0.3895
      0.4746
      0.7183
      1.0793
      1.4762
      1.7950
      1.9268
      1.8191
      1.5072
      1.0990
      0.7265
      0.5001
      0.4984
      0.7790
      1.3733
      2.2387
      3.2037
      3.9791
      4.2780
      0.3963
      0.4809
      0.7205
      1.0683
      1.4407
      1.7297
      1.8383
      1.7237
      1.4225
      1.0353
      0.6847
      0.4785
      0.5054
      0.8463
      1.5584
      2.6070
      3.7891
      4.7460
      5.1162
      0.3990
      0.4827
      0.7190
      1.0593
      1.4205
      1.6974
      1.7977
      1.6824
      1.3875
      1.0103
      0.6696
      0.4727
      0.5125
      0.8789
      1.6391
      2.7607
      4.0283
      5.0561
      5.4541
