      0.0000
      0.0000
      0.0000
      0.0000
      0.0000
      0.0000
      0.0000
      0.0000
      0.0000
      0.0000
      0.0000
      0.0000
      0.0000
      0.0000
      0.0000
      0.0000
      0.0000
      0.0000
      0.0000
      0.0000
      0.0000
      0.0000
      0.0000
      0.0000
      0.0000
      0.0000
      0.0000
      0.0000
      0.0000
      0.0000
      0.0000
      0.0000
      0.0000
      0.0000
      0.0000
      0.0000
      0.0000
      0.0000
      0.0000
      0.0000
      0.0000
      0.0000
      0.0000
      0.0000
      0.0000
      0.0000
      0.0000
      0.0000
      0.0000
      0.0000
      0.0000
      0.0000
      0.0000
      0.0000
      0.0000
      0.0000
      0.0000
      0.0000
      0.0000
      0.0000
      0.0000
      0.0000
      0.0000
      0.0000
      0.0000
      0.0000
      0.0000
      0.0000
      0.0000
      0.0000
      0.0000
      0.0000
      0.0000
      0.0000
      0.0000
      0.0000
      0.0000
      0.0000
      0.0000
      0.0000
      0.0000
      0.0000
      0.0000
      0.0000
      0.0000
      0.0000
      0.0000
      0.0002
      0.0007
      0.0008
      0.0002
      0.0000
      0.0000
      0.0000
      0.0000
      0.0003
      0.0002
      0.0000
      0.0000
      0.0000
      0.0000
      0.0000
      0.0000
      0.0000
      0.0000
      0.0001
      0.0012
      0.0070
      0.0101
      0.0036
      0.0003
      0.0000
      0.0000
      0.0000
      0.0440
      0.0220
      0.0027
      0.0001
      0.0000
      0.0000
      0.0000
      0.0000
      0.0000
      0.0000
      0.0001
      0.0025
      0.0174
      0.0307
      0.0135
      0.0015
      0.0000
      0.0000
      0.0000
      1.4253
      0.7127
      0.0888
      0.0027
      0.0000
      0.0000
      0.0000
      0.0000
      0.0000
      0.0000
      0.0000
      0.0012
      0.0108
      0.0234
      0.0126
      0.0017
      0.0001
      0.0004
      0.0007
     11.4329
      5.7164
      0.7127
      0.0220
      0.0002
      0.0000
      0.0000
      0.0000
      0.0000
      0.0000
      0.0000
      0.0002
      0.0017
      0.0045
      0.0030
      0.0008
      0.0061
      0.0484
      0.0967
     22.8658
     11.4329
      1.4253
      0.0440
      0.0003
      0.0000
      0.0000
      0.0000
      0.0000
      0.0000
      0.0000
      0.0000
      0.0001
      0.0008
      0.0034
      0.0101
      0.1970
      1.5683
      3.1359
     11.4329
      5.7164
      0.7127
      0.0220
      0.0002
      0.0000
      0.0000
      0.0001
      0.0000
      0.0000
      0.0000
      0.0000
      0.0002
      0.0053
      0.0309
      0.0929
      1.5848
     12.5787
     25.1532
      1.4253
      0.7127
      0.0888
      0.0027
      0.0000
      0.0004
      0.0032
      0.0060
      0.0029
      0.0003
      0.0000
      0.0000
      0.0004
      0.0110
      0.0750
      0.2224
      3.1894
     25.1590
     50.3061
      0.0440
      0.0220
      0.0027
      0.0001
      0.0004
      0.0095
      0.0629
      0.1053
      0.0442
      0.0046
      0.0001
      0.0000
      0.0002
      0.0057
      0.0455
      0.1373
      1.6118
     12.5819
     25.1531
      0.0003
      0.0002
      0.0000
      0.0009
      0.0081
      0.0625
      0.3126
      0.4568
      0.1691
      0.0156
      0.0004
      0.0000
      0.0000
      0.0007
      0.0069
      0.0218
      0.2045
      1.5692
      3.1359
      0.0000
      0.0000
      0.0006
      0.0156
      0.0994
      0.2198
      0.4344
      0.5004
      0.1624
      0.0133
      0.0003
      0.0000
      0.0000
      0.0000
      0.0003
      0.0009
      0.0065
      0.0485
      0.0968
      0.0000
      0.0000
      0.0034
      0.0721
      0.3839
      0.5399
      0.3566
      0.3055
      0.1240
      0.0142
      0.0004
      0.0000
      0.0000
      0.0000
      0.0000
      0.0000
      0.0011
      0.0085
      0.0170
      0.0000
      0.0001
      0.0045
      0.0835
      0.3885
      0.7118
      2.5159
      5.1476
      2.7625
      0.3705
      0.0123
      0.0001
      0.0000
      0.0000
      0.0000
      0.0010
      0.0330
      0.2646
      0.5293
      0.0000
      0.0000
      0.0015
      0.0246
      0.1581
      2.3072
     19.1422
     41.1496
     22.1393
      2.9709
      0.0987
      0.0008
      0.0000
      0.0000
      0.0001
      0.0082
      0.2646
      2.1227
      4.2453
      0.0000
      0.0000
      0.0003
      0.0044
      0.1385
      4.4387
     38.2407
     82.2963
     44.2786
      5.9418
      0.1973
      0.0016
      0.0000
      0.0000
      0.0001
      0.0163
      0.5293
      4.2453
      8.4906
