      0.0122
      0.0149
      0.0205
      0.0238
      0.0225
      0.0204
      0.0214
      0.0256
      0.0339
      0.0510
      0.0731
      0.0833
      0.0696
      0.0417
      0.0178
      0.0054
      0.0012
      0.0002
      0.0001
      0.0126
      0.0152
      0.0203
      0.0228
      0.0208
      0.0180
      0.0183
      0.0217
      0.0293
      0.0458
      0.0689
      0.0829
      0.0742
      0.0483
      0.0228
      0.0078
      0.0020
      0.0004
      0.0001
      0.0148
      0.0165
      0.0194
      0.0194
      0.0160
      0.0124
      0.0116
      0.0136
      0.0202
      0.0375
      0.0677
      0.0984
      0.1076
      0.0866
      0.0509
      0.0217
      0.0067
      0.0015
      0.0005
      0.0377
      0.0346
      0.0270
      0.0184
      0.0113
      0.0070
      0.0059
      0.0076
      0.0156
      0.0412
      0.0982
      0.1783
      0.2358
      0.2240
      0.1520
      0.0734
      0.0251
      0.0062
      0.0021
      0.2017
      0.1712
      0.1050
      0.0474
      0.0167
      0.0059
      0.0043
      0.0071
      0.0195
      0.0645
      0.1784
      0.3631
      0.5277
      0.5445
      0.3983
      0.2063
      0.0758
      0.0206
      0.0079
      0.9515
      0.8008
      0.4773
      0.2015
      0.0610
      0.0154
      0.0077
      0.0113
      0.0279
      0.0931
      0.2737
      0.5932
      0.9154
      1.0008
      0.7749
      0.4258
      0.1687
      0.0538
      0.0267
      3.2182
      2.7068
      1.6096
      0.6758
      0.2013
      0.0465
      0.0162
      0.0168
      0.0324
      0.1011
      0.3081
      0.7038
      1.1458
      1.3222
      1.0837
      0.6390
      0.2902
      0.1334
      0.0981
      7.6713
      6.4519
      3.8359
      1.6097
      0.4777
      0.1058
      0.0279
      0.0201
      0.0287
      0.0793
      0.2480
      0.5966
      1.0269
      1.2581
      1.1099
      0.7444
      0.4644
      0.3750
      0.3715
     12.9032
     10.8521
      6.4519
      2.7072
      0.8023
      0.1747
      0.0400
      0.0221
      0.0228
      0.0473
      0.1446
      0.3676
      0.6793
      0.9106
      0.9257
      0.8308
      0.8633
      1.0566
      1.1745
     15.3420
     12.9033
      7.6716
      3.2198
      0.9569
      0.2149
      0.0598
      0.0408
      0.0348
      0.0347
      0.0705
      0.1824
      0.3816
      0.6140
      0.8286
      1.1247
      1.6884
      2.4073
      2.7574
     12.9032
     10.8523
      6.4533
      2.7138
      0.8243
      0.2268
      0.1280
      0.1273
      0.1072
      0.0696
      0.0538
      0.1019
      0.2515
      0.5212
      0.9311
      1.6099
      2.7313
      4.0294
      4.6402
      7.6713
      6.4527
      3.8416
      1.6347
      0.5566
      0.2853
      0.3199
      0.3574
      0.2949
      0.1753
      0.0865
      0.0855
      0.2104
      0.5029
      1.0149
      1.8847
      3.2681
      4.8263
      5.5520
      3.2182
      2.7092
      1.6256
      0.7412
      0.3949
      0.4650
      0.6697
      0.7459
      0.5969
      0.3406
      0.1457
      0.0835
      0.1634
      0.4066
      0.8586
      1.6245
      2.8098
      4.1208
      4.7272
      0.9515
      0.8063
      0.5114
      0.3300
      0.4152
      0.7402
      1.0940
      1.1863
      0.9235
      0.5127
      0.2059
      0.0801
      0.0997
      0.2434
      0.5303
      1.0202
      1.7644
      2.5747
      2.9470
      0.2017
      0.1809
      0.1632
      0.2535
      0.5560
      1.0730
      1.5761
      1.6986
      1.3223
      0.7370
      0.2938
      0.0914
      0.0532
      0.1107
      0.2604
      0.5485
      1.0102
      1.5184
      1.7517
      0.0377
      0.0487
      0.1111
      0.3183
      0.8128
      1.6450
      2.5132
      2.8190
      2.2844
      1.3248
      0.5467
      0.1622
      0.0463
      0.0584
      0.1838
      0.5209
      1.1486
      1.8734
      2.2098
      0.0148
      0.0338
      0.1288
      0.4442
      1.2544
      2.7356
      4.4229
      5.1815
      4.3470
      2.5947
      1.0969
      0.3281
      0.0784
      0.0724
      0.2881
      0.9524
      2.2503
      3.7718
      4.4806
      0.0126
      0.0342
      0.1513
      0.5820
      1.7791
      4.0821
      6.8098
      8.1382
      6.9210
      4.1726
      1.7776
      0.5343
      0.1258
      0.1118
      0.4620
      1.5579
      3.7112
      6.2404
      7.4193
      0.0122
      0.0345
      0.1608
      0.6454
      2.0283
      4.7273
      7.9543
      9.5532
      8.1496
      4.9237
      2.1008
      0.6322
      0.1487
      0.1320
      0.5471
      1.8481
      4.4055
      7.4099
      8.8103
