      0.4564
      0.4685
      0.4960
      0.5198
      0.5266
      0.5168
      0.5001
      0.4851
      0.4743
      0.4638
      0.4449
      0.4072
      0.3453
      0.2647
      0.1805
      0.1090
      0.0595
      0.0325
      0.0242
      0.4495
      0.4596
      0.4818
      0.4991
      0.5007
      0.4882
      0.4715
      0.4590
      0.4533
      0.4501
      0.4401
      0.4118
      0.3575
      0.2811
      0.1969
      0.1224
      0.0687
      0.0384
      0.0289
      0.4354
      0.4395
      0.4467
      0.4467
      0.4347
      0.4159
      0.4003
      0.3957
      0.4035
      0.4195
      0.4334
      0.4302
      0.3973
      0.3326
      0.2485
      0.1649
      0.0991
      0.0593
      0.0462
      0.4365
      0.4314
      0.4157
      0.3898
      0.3592
      0.3335
      0.3219
      0.3288
      0.3541
      0.3940
      0.4385
      0.4698
      0.4677
      0.4214
      0.3388
      0.2429
      0.1593
      0.1049
      0.0864
      0.4946
      0.4765
      0.4286
      0.3672
      0.3119
      0.2777
      0.2702
      0.2880
      0.3279
      0.3873
      0.4596
      0.5265
      0.5606
      0.5403
      0.4662
      0.3626
      0.2633
      0.1952
      0.1714
      0.6554
      0.6191
      0.5259
      0.4137
      0.3211
      0.2698
      0.2602
      0.2815
      0.3258
      0.3930
      0.4826
      0.5795
      0.6521
      0.6688
      0.6208
      0.5297
      0.4332
      0.3639
      0.3392
      0.9329
      0.8727
      0.7196
      0.5382
      0.3909
      0.3078
      0.2833
      0.2958
      0.3313
      0.3919
      0.4848
      0.6021
      0.7135
      0.7821
      0.7905
      0.7520
      0.6985
      0.6578
      0.6433
      1.2744
      1.1881
      0.9689
      0.7092
      0.4964
      0.3702
      0.3195
      0.3124
      0.3286
      0.3714
      0.4552
      0.5822
      0.7306
      0.8668
      0.9688
      1.0373
      1.0849
      1.1173
      1.1296
      1.5638
      1.4569
      1.1853
      0.8630
      0.5964
      0.4323
      0.3557
      0.3271
      0.3207
      0.3401
      0.4057
      0.5317
      0.7118
      0.9251
      1.1515
      1.3768
      1.5819
      1.7324
      1.7885
      1.6779
      1.5649
      1.2784
      0.9393
      0.6597
      0.4865
      0.4010
      0.3590
      0.3323
      0.3251
      0.3642
      0.4769
      0.6766
      0.9613
      1.3181
      1.7192
      2.1080
      2.3992
      2.5082
      1.5638
      1.4642
      1.2137
      0.9224
      0.6898
      0.5524
      0.4853
      0.4420
      0.3955
      0.3548
      0.3551
      0.4381
      0.6359
      0.9653
      1.4225
      1.9690
      2.5158
      2.9304
      3.0862
      1.2744
      1.2058
      1.0375
      0.8538
      0.7253
      0.6665
      0.6416
      0.6028
      0.5293
      0.4407
      0.3854
      0.4187
      0.5865
      0.9177
      1.4147
      2.0337
      2.6658
      3.1495
      3.3320
      0.9329
      0.9049
      0.8451
      0.8038
      0.8126
      0.8560
      0.8821
      0.8425
      0.7271
      0.5729
      0.4452
      0.4112
      0.5234
      0.8139
      1.2866
      1.8968
      2.5311
      3.0207
      3.2060
      0.6554
      0.6686
      0.7190
      0.8228
      0.9714
      1.1157
      1.1862
      1.1337
      0.9623
      0.7301
      0.5209
      0.4116
      0.4557
      0.6831
      1.0966
      1.6534
      2.2443
      2.7053
      2.8806
      0.4946
      0.5425
      0.6858
      0.9126
      1.1792
      1.4069
      1.5093
      1.4366
      1.2060
      0.8954
      0.6064
      0.4252
      0.4064
      0.5781
      0.9435
      1.4627
      2.0288
      2.4769
      2.6484
      0.4365
      0.5092
      0.7191
      1.0346
      1.3874
      1.6774
      1.8047
      1.7164
      1.4374
      1.0602
      0.7020
      0.4601
      0.3952
      0.5400
      0.9024
      1.4446
      2.0516
      2.5392
      2.7270
      0.4354
      0.5229
      0.7730
      1.1431
      1.5516
      1.8862
      2.0374
      1.9465
      1.6384
      1.2132
      0.8010
      0.5127
      0.4208
      0.5684
      0.9726
      1.5955
      2.3046
      2.8794
      3.1018
      0.4495
      0.5442
      0.8139
      1.2115
      1.6506
      2.0139
      2.1859
      2.1012
      1.7810
      1.3279
      0.8808
      0.5626
      0.4579
      0.6215
      1.0789
      1.7916
      2.6082
      3.2731
      3.5307
      0.4564
      0.5530
      0.8282
      1.2340
      1.6829
      2.0564
      2.2369
      2.1563
      1.8335
      1.3713
      0.9119
      0.5832
      0.4751
      0.6469
      1.1282
      1.8796
      2.7422
      3.4450
      3.7176
