      0.0305
      0.0399
      0.0594
      0.0706
      0.0647
      0.0522
      0.0461
      0.0449
      0.0424
      0.0409
      0.0436
      0.0444
      0.0361
      0.0216
      0.0093
      0.0028
      0.0006
      0.0001
      0.0000
      0.0322
      0.0410
      0.0586
      0.0671
      0.0594
      0.0462
      0.0395
      0.0379
      0.0362
      0.0363
      0.0413
      0.0452
      0.0398
      0.0261
      0.0126
      0.0044
      0.0011
      0.0002
      0.0001
      0.0340
      0.0406
      0.0526
      0.0552
      0.0449
      0.0318
      0.0249
      0.0232
      0.0236
      0.0285
      0.0419
      0.0582
      0.0642
      0.0527
      0.0316
      0.0137
      0.0043
      0.0010
      0.0003
      0.0402
      0.0421
      0.0436
      0.0384
      0.0273
      0.0171
      0.0122
      0.0117
      0.0154
      0.0296
      0.0641
      0.1149
      0.1527
      0.1460
      0.0997
      0.0484
      0.0167
      0.0042
      0.0015
      0.1108
      0.0973
      0.0667
      0.0371
      0.0178
      0.0089
      0.0068
      0.0088
      0.0168
      0.0455
      0.1194
      0.2409
      0.3500
      0.3616
      0.2649
      0.1376
      0.0512
      0.0148
      0.0066
      0.4658
      0.3932
      0.2369
      0.1025
      0.0333
      0.0112
      0.0092
      0.0134
      0.0246
      0.0664
      0.1845
      0.3958
      0.6100
      0.6671
      0.5176
      0.2872
      0.1196
      0.0473
      0.0311
      1.5582
      1.3109
      0.7802
      0.3285
      0.0998
      0.0275
      0.0170
      0.0207
      0.0306
      0.0734
      0.2082
      0.4700
      0.7641
      0.8830
      0.7296
      0.4479
      0.2420
      0.1675
      0.1577
      3.7106
      3.1208
      1.8557
      0.7795
      0.2340
      0.0582
      0.0255
      0.0247
      0.0290
      0.0588
      0.1677
      0.3981
      0.6846
      0.8439
      0.7697
      0.5955
      0.5382
      0.6261
      0.6917
      6.2407
      5.2487
      3.1207
      1.3104
      0.3913
      0.0918
      0.0308
      0.0235
      0.0223
      0.0353
      0.0974
      0.2439
      0.4511
      0.6198
      0.7071
      0.8739
      1.3341
      1.9674
      2.2787
      7.4201
      6.2407
      3.7106
      1.5583
      0.4658
      0.1099
      0.0374
      0.0283
      0.0236
      0.0227
      0.0456
      0.1176
      0.2483
      0.4325
      0.7489
      1.4844
      2.9034
      4.5915
      5.3841
      6.2407
      5.2489
      3.1218
      1.3146
      0.4031
      0.1168
      0.0707
      0.0697
      0.0578
      0.0377
      0.0306
      0.0604
      0.1559
      0.3785
      0.9299
      2.2724
      4.7697
      7.6744
      9.0274
      3.7106
      3.1218
      1.8614
      0.7995
      0.2859
      0.1611
      0.1791
      0.1930
      0.1562
      0.0923
      0.0459
      0.0468
      0.1253
      0.3661
      1.0255
      2.6484
      5.6442
      9.1122
     10.7247
      1.5582
      1.3146
      0.8007
      0.3941
      0.2539
      0.3059
      0.4021
      0.4193
      0.3239
      0.1820
      0.0775
      0.0448
      0.0958
      0.2936
      0.8543
      2.2323
      4.7631
      7.6852
      9.0428
      0.4658
      0.4037
      0.2917
      0.2640
      0.3773
      0.5754
      0.7294
      0.7164
      0.5278
      0.2852
      0.1133
      0.0437
      0.0583
      0.1751
      0.5199
      1.3668
      2.9152
      4.6984
      5.5261
      0.1108
      0.1185
      0.1751
      0.3417
      0.6296
      0.9577
      1.1703
      1.1231
      0.8210
      0.4444
      0.1752
      0.0541
      0.0322
      0.0832
      0.2634
      0.7242
      1.5756
      2.5578
      3.0136
      0.0402
      0.0735
      0.2033
      0.4874
      0.9424
      1.4898
      1.9206
      1.9560
      1.5120
      0.8597
      0.3525
      0.1045
      0.0319
      0.0571
      0.2236
      0.7065
      1.6375
      2.7247
      3.2307
      0.0340
      0.0752
      0.2339
      0.5973
      1.2644
      2.2447
      3.2274
      3.5700
      2.9201
      1.7254
      0.7269
      0.2178
      0.0576
      0.0890
      0.3921
      1.3167
      3.1290
      5.2566
      6.2481
      0.0322
      0.0721
      0.2324
      0.6449
      1.5392
      3.0612
      4.7659
      5.5262
      4.6417
      2.7849
      1.1844
      0.3568
      0.0935
      0.1427
      0.6386
      2.1603
      5.1491
      8.6601
     10.2966
      0.0305
      0.0684
      0.2251
      0.6551
      1.6548
      3.4376
      5.4914
      6.4539
      5.4582
      3.2867
      1.4007
      0.4225
      0.1107
      0.1690
      0.7573
      2.5634
      6.1116
     10.2799
     12.2228
