      0.0000
      0.0000
      0.0000
      0.0000
      0.0000
      0.0000
      0.0000
      0.0000
      0.0000
      0.0000
      0.0000
      0.0000
      0.0000
      0.0000
      0.0000
      0.0000
      0.0000
      0.0000
      0.0000
      0.0000
      0.0000
      0.0000
      0.0000
      0.0000
      0.0000
      0.0000
      0.0000
      0.0000
      0.0000
      0.0000
      0.0000
      0.0000
      0.0000
      0.0000
      0.0000
      0.0000
      0.0000
      0.0000
      0.0000
      0.0000
      0.0000
      0.0000
      0.0000
      0.0000
      0.0000
      0.0000
      0.0000
      0.0000
      0.0000
      0.0000
      0.0000
      0.0000
      0.0000
      0.0000
      0.0000
      0.0000
      0.0000
      0.0000
      0.0000
      0.0000
      0.0000
      0.0000
      0.0000
      0.0000
      0.0000
      0.0000
      0.0000
      0.0000
      0.0000
      0.0000
      0.0000
      0.0000
      0.0000
      0.0000
      0.0000
      0.0000
      0.0000
      0.0000
      0.0000
      0.0000
      0.0000
      0.0000
      0.0000
      0.0000
      0.0000
      0.0000
      0.0000
      0.0001
      0.0004
      0.0004
      0.0001
      0.0000
      0.0000
      0.0000
      0.0000
      0.0026
      0.0013
      0.0002
      0.0000
      0.0000
      0.0000
      0.0000
      0.0000
      0.0000
      0.0000
      0.0000
      0.0007
      0.0038
      0.0054
      0.0020
      0.0002
      0.0000
      0.0000
      0.0000
      0.3493
      0.1746
      0.0218
      0.0007
      0.0000
      0.0000
      0.0000
      0.0000
      0.0000
      0.0000
      0.0000
      0.0013
      0.0094
      0.0166
      0.0073
      0.0008
      0.0000
      0.0000
      0.0000
     11.3265
      5.6632
      0.7060
      0.0218
      0.0002
      0.0000
      0.0000
      0.0000
      0.0000
      0.0000
      0.0000
      0.0007
      0.0058
      0.0126
      0.0068
      0.0009
      0.0000
      0.0001
      0.0001
     90.8517
     45.4258
      5.6632
      0.1746
      0.0013
      0.0000
      0.0000
      0.0000
      0.0000
      0.0000
      0.0000
      0.0001
      0.0009
      0.0024
      0.0017
      0.0004
      0.0010
      0.0078
      0.0156
    181.7033
     90.8517
     11.3265
      0.3493
      0.0026
      0.0000
      0.0000
      0.0000
      0.0000
      0.0000
      0.0000
      0.0000
      0.0001
      0.0008
      0.0033
      0.0050
      0.0329
      0.2533
      0.5062
     90.8517
     45.4258
      5.6632
      0.1746
      0.0013
      0.0000
      0.0000
      0.0001
      0.0000
      0.0000
      0.0000
      0.0000
      0.0002
      0.0053
      0.0310
      0.0528
      0.2696
      2.0319
      4.0606
     11.3265
      5.6632
      0.7060
      0.0218
      0.0002
      0.0004
      0.0032
      0.0061
      0.0029
      0.0003
      0.0000
      0.0000
      0.0004
      0.0111
      0.0754
      0.1429
      0.5601
      4.0663
      8.1213
      0.3493
      0.1746
      0.0218
      0.0007
      0.0004
      0.0095
      0.0636
      0.1067
      0.0448
      0.0047
      0.0001
      0.0000
      0.0002
      0.0058
      0.0458
      0.0979
      0.2975
      2.0357
      4.0608
      0.0026
      0.0013
      0.0002
      0.0003
      0.0038
      0.0554
      0.3131
      0.4625
      0.1713
      0.0158
      0.0004
      0.0000
      0.0000
      0.0008
      0.0069
      0.0169
      0.0407
      0.2544
      0.5063
      0.0000
      0.0000
      0.0002
      0.0043
      0.0295
      0.1129
      0.3976
      0.5024
      0.1642
      0.0134
      0.0003
      0.0000
      0.0000
      0.0000
      0.0003
      0.0007
      0.0016
      0.0089
      0.0176
      0.0000
      0.0000
      0.0009
      0.0196
      0.1052
      0.1672
      0.2021
      0.2246
      0.0852
      0.0090
      0.0003
      0.0000
      0.0000
      0.0000
      0.0000
      0.0005
      0.0164
      0.1312
      0.2624
      0.0000
      0.0000
      0.0012
      0.0227
      0.1076
      0.2691
      1.3315
      2.7858
      1.4950
      0.2005
      0.0067
      0.0001
      0.0000
      0.0000
      0.0001
      0.0163
      0.5301
      4.2523
      8.5045
      0.0000
      0.0000
      0.0004
      0.0068
      0.0600
      1.2228
     10.3461
     22.2536
     11.9731
      1.6067
      0.0534
      0.0004
      0.0000
      0.0000
      0.0010
      0.1311
      4.2523
     34.1082
     68.2163
      0.0000
      0.0000
      0.0001
      0.0014
      0.0718
      2.3978
     20.6802
     44.5062
     23.9461
      3.2134
      0.1067
      0.0009
      0.0000
      0.0000
      0.0020
      0.2623
      8.5045
     68.2163
    136.4327
