      0.0000
      0.0000
      0.0000
      0.0000
      0.0000
      0.0000
      0.0000
      0.0000
      0.0000
      0.0000
      0.0000
      0.0000
      0.0000
      0.0000
      0.0000
      0.0000
      0.0000
      0.0000
      0.0000
      0.0000
      0.0000
      0.0000
      0.0000
      0.0000
      0.0000
      0.0000
      0.0000
      0.0000
      0.0000
      0.0000
      0.0000
      0.0000
      0.0000
      0.0000
      0.0000
      0.0000
      0.0000
      0.0000
      0.0000
      0.0000
      0.0000
      0.0000
      0.0000
      0.0000
      0.0000
      0.0000
      0.0000
      0.0000
      0.0000
      0.0000
      0.0000
      0.0000
      0.0000
      0.0000
      0.0000
      0.0000
      0.0000
      0.0000
      0.0000
      0.0000
      0.0000
      0.0000
      0.0000
      0.0000
      0.0000
      0.0000
      0.0000
      0.0000
      0.0000
      0.0000
      0.0000
      0.0000
      0.0000
      0.0000
      0.0000
      0.0000
      0.0000
      0.0000
      0.0000
      0.0000
      0.0000
      0.0000
      0.0000
      0.0000
      0.0000
      0.0000
      0.0000
      0.0002
      0.0007
      0.0009
      0.0002
      0.0000
      0.0000
      0.0000
      0.0000
      0.0000
      0.0000
      0.0000
      0.0000
      0.0000
      0.0000
      0.0000
      0.0000
      0.0000
      0.0000
      0.0001
      0.0013
      0.0073
      0.0104
      0.0037
      0.0003
      0.0000
      0.0000
      0.0000
      0.0022
      0.0011
      0.0001
      0.0000
      0.0000
      0.0000
      0.0000
      0.0000
      0.0000
      0.0000
      0.0001
      0.0026
      0.0181
      0.0318
      0.0140
      0.0015
      0.0000
      0.0000
      0.0000
      0.0709
      0.0354
      0.0044
      0.0001
      0.0000
      0.0000
      0.0000
      0.0000
      0.0000
      0.0000
      0.0000
      0.0013
      0.0112
      0.0242
      0.0131
      0.0018
      0.0001
      0.0001
      0.0003
      0.5685
      0.2843
      0.0354
      0.0011
      0.0000
      0.0000
      0.0000
      0.0000
      0.0000
      0.0000
      0.0000
      0.0002
      0.0017
      0.0046
      0.0032
      0.0008
      0.0024
      0.0189
      0.0378
      1.1370
      0.5685
      0.0709
      0.0022
      0.0000
      0.0000
      0.0000
      0.0000
      0.0000
      0.0000
      0.0000
      0.0000
      0.0001
      0.0016
      0.0071
      0.0110
      0.0792
      0.6125
      1.2244
      0.5685
      0.2843
      0.0354
      0.0011
      0.0000
      0.0000
      0.0001
      0.0002
      0.0001
      0.0000
      0.0000
      0.0000
      0.0005
      0.0116
      0.0674
      0.1165
      0.6480
      4.9140
      9.8209
      0.0709
      0.0354
      0.0044
      0.0001
      0.0000
      0.0009
      0.0070
      0.0133
      0.0063
      0.0007
      0.0000
      0.0000
      0.0009
      0.0241
      0.1638
      0.3141
      1.3414
      9.8332
     19.6419
      0.0022
      0.0011
      0.0001
      0.0000
      0.0008
      0.0206
      0.1381
      0.2318
      0.0972
      0.0102
      0.0003
      0.0000
      0.0004
      0.0126
      0.0995
      0.2146
      0.7086
      4.9222
      9.8213
      0.0000
      0.0000
      0.0000
      0.0005
      0.0084
      0.1204
      0.6800
      1.0042
      0.3721
      0.0343
      0.0008
      0.0000
      0.0000
      0.0016
      0.0151
      0.0369
      0.0962
      0.6150
      1.2245
      0.0000
      0.0000
      0.0004
      0.0094
      0.0651
      0.2469
      0.8641
      1.0908
      0.3564
      0.0291
      0.0006
      0.0000
      0.0000
      0.0001
      0.0006
      0.0016
      0.0035
      0.0198
      0.0393
      0.0000
      0.0000
      0.0020
      0.0433
      0.2328
      0.3679
      0.4308
      0.4661
      0.1734
      0.0180
      0.0005
      0.0000
      0.0000
      0.0000
      0.0000
      0.0004
      0.0125
      0.0998
      0.1996
      0.0000
      0.0000
      0.0027
      0.0502
      0.2370
      0.5515
      2.5657
      5.3455
      2.8678
      0.3845
      0.0128
      0.0001
      0.0000
      0.0000
      0.0001
      0.0124
      0.4028
      3.2310
      6.4619
      0.0000
      0.0000
      0.0009
      0.0150
      0.1227
      2.3525
     19.8436
     42.6780
     22.9619
      3.0813
      0.1023
      0.0008
      0.0000
      0.0000
      0.0007
      0.0996
      3.2310
     25.9161
     51.8322
      0.0000
      0.0000
      0.0002
      0.0030
      0.1385
      4.5993
     39.6605
     85.3537
     45.9236
      6.1625
      0.2047
      0.0017
      0.0000
      0.0000
      0.0015
      0.1993
      6.4619
     51.8322
    103.6643
