      0.4023
      0.4123
      0.4358
      0.4595
      0.4744
      0.4816
      0.4881
      0.4996
      0.5163
      0.5317
      0.5323
      0.5026
      0.4349
      0.3370
      0.2306
      0.1385
      0.0740
      0.0385
      0.0275
      0.3953
      0.4036
      0.4229
      0.4412
      0.4511
      0.4549
      0.4599
      0.4724
      0.4929
      0.5150
      0.5250
      0.5060
      0.4476
      0.3552
      0.2494
      0.1540
      0.0849
      0.0456
      0.0332
      0.3783
      0.3822
      0.3897
      0.3936
      0.3910
      0.3868
      0.3895
      0.4057
      0.4367
      0.4769
      0.5123
      0.5225
      0.4901
      0.4132
      0.3088
      0.2037
      0.1206
      0.0701
      0.0535
      0.3673
      0.3642
      0.3544
      0.3381
      0.3196
      0.3075
      0.3103
      0.3334
      0.3786
      0.4424
      0.5118
      0.5628
      0.5684
      0.5151
      0.4138
      0.2946
      0.1902
      0.1222
      0.0990
      0.3914
      0.3791
      0.3463
      0.3045
      0.2682
      0.2493
      0.2544
      0.2853
      0.3431
      0.4276
      0.5298
      0.6243
      0.6746
      0.6533
      0.5620
      0.4321
      0.3072
      0.2213
      0.1912
      0.4839
      0.4591
      0.3957
      0.3201
      0.2599
      0.2313
      0.2363
      0.2704
      0.3325
      0.4268
      0.5513
      0.6835
      0.7807
      0.8026
      0.7390
      0.6189
      0.4916
      0.4000
      0.3673
      0.6566
      0.6160
      0.5133
      0.3933
      0.2994
      0.2526
      0.2495
      0.2773
      0.3315
      0.4206
      0.5515
      0.7092
      0.8517
      0.9312
      0.9268
      0.8583
      0.7704
      0.7036
      0.6795
      0.8759
      0.8184
      0.6731
      0.5036
      0.3697
      0.2976
      0.2786
      0.2914
      0.3274
      0.3977
      0.5185
      0.6867
      0.8696
      1.0219
      1.1158
      1.1562
      1.1684
      1.1726
      1.1743
      1.0644
      0.9939
      0.8160
      0.6086
      0.4439
      0.3512
      0.3173
      0.3135
      0.3268
      0.3698
      0.4669
      0.6303
      0.8452
      1.0792
      1.3038
      1.5060
      1.6776
      1.7996
      1.8447
      1.1392
      1.0658
      0.8816
      0.6695
      0.5045
      0.4143
      0.3800
      0.3668
      0.3577
      0.3670
      0.4282
      0.5708
      0.8031
      1.1122
      1.4747
      1.8597
      2.2193
      2.4832
      2.5812
      1.0644
      1.0020
      0.8482
      0.6788
      0.5597
      0.5088
      0.4977
      0.4853
      0.4527
      0.4187
      0.4289
      0.5312
      0.7568
      1.1127
      1.5825
      2.1210
      2.6440
      3.0339
      3.1793
      0.8759
      0.8373
      0.7483
      0.6676
      0.6402
      0.6646
      0.6979
      0.6911
      0.6267
      0.5337
      0.4738
      0.5134
      0.7011
      1.0575
      1.5712
      2.1887
      2.8027
      3.2649
      3.4379
      0.6566
      0.6495
      0.6462
      0.6829
      0.7758
      0.8967
      0.9828
      0.9766
      0.8660
      0.6964
      0.5491
      0.5066
      0.6271
      0.9364
      1.4244
      2.0351
      2.6545
      3.1250
      3.3017
      0.4839
      0.5094
      0.5952
      0.7539
      0.9714
      1.1894
      1.3232
      1.3073
      1.1381
      0.8810
      0.6381
      0.5048
      0.5428
      0.7769
      1.1969
      1.7486
      2.3216
      2.7622
      2.9285
      0.3914
      0.4452
      0.6084
      0.8739
      1.2004
      1.5023
      1.6742
      1.6433
      1.4141
      1.0709
      0.7357
      0.5154
      0.4741
      0.6358
      0.9913
      1.4905
      2.0265
      2.4462
      2.6059
      0.3673
      0.4420
      0.6631
      1.0093
      1.4203
      1.7899
      1.9955
      1.9557
      1.6783
      1.2617
      0.8455
      0.5498
      0.4457
      0.5611
      0.8919
      1.3910
      1.9467
      2.3904
      2.5609
      0.3783
      0.4664
      0.7244
      1.1241
      1.5946
      2.0175
      2.2569
      2.2207
      1.9140
      1.4429
      0.9616
      0.6060
      0.4593
      0.5591
      0.9090
      1.4629
      2.0951
      2.6069
      2.8046
      0.3953
      0.4901
      0.7675
      1.1967
      1.7033
      2.1629
      2.4310
      2.4058
      2.0864
      1.5817
      1.0568
      0.6611
      0.4904
      0.5923
      0.9781
      1.6010
      2.3196
      2.9051
      3.1320
      0.4023
      0.4992
      0.7825
      1.2211
      1.7398
      2.2129
      2.4928
      2.4733
      2.1509
      1.6349
      1.0943
      0.6843
      0.5057
      0.6109
      1.0139
      1.6676
      2.4238
      3.0410
      3.2803
