      0.1502
      0.1610
      0.1841
      0.2008
      0.2023
      0.1973
      0.2022
      0.2305
      0.2891
      0.3725
      0.4496
      0.4728
      0.4152
      0.2980
      0.1730
      0.0809
      0.0304
      0.0095
      0.0044
      0.1482
      0.1579
      0.1781
      0.1911
      0.1893
      0.1814
      0.1837
      0.2090
      0.2650
      0.3477
      0.4292
      0.4630
      0.4186
      0.3107
      0.1877
      0.0918
      0.0364
      0.0122
      0.0059
      0.1392
      0.1461
      0.1591
      0.1635
      0.1546
      0.1415
      0.1389
      0.1587
      0.2098
      0.2934
      0.3899
      0.4554
      0.4485
      0.3652
      0.2436
      0.1325
      0.0588
      0.0225
      0.0123
      0.1191
      0.1225
      0.1271
      0.1234
      0.1098
      0.0954
      0.0918
      0.1092
      0.1589
      0.2507
      0.3767
      0.4956
      0.5475
      0.4980
      0.3697
      0.2233
      0.1104
      0.0480
      0.0292
      0.0901
      0.0906
      0.0891
      0.0814
      0.0694
      0.0602
      0.0617
      0.0819
      0.1353
      0.2430
      0.4116
      0.6026
      0.7319
      0.7255
      0.5835
      0.3817
      0.2071
      0.1029
      0.0702
      0.0614
      0.0601
      0.0558
      0.0490
      0.0432
      0.0434
      0.0534
      0.0782
      0.1351
      0.2562
      0.4648
      0.7288
      0.9436
      0.9940
      0.8511
      0.5998
      0.3633
      0.2155
      0.1680
      0.0419
      0.0400
      0.0353
      0.0314
      0.0330
      0.0427
      0.0598
      0.0859
      0.1384
      0.2569
      0.4794
      0.7871
      1.0724
      1.1947
      1.0956
      0.8524
      0.6060
      0.4494
      0.3994
      0.0346
      0.0323
      0.0280
      0.0271
      0.0350
      0.0522
      0.0739
      0.0968
      0.1354
      0.2304
      0.4290
      0.7326
      1.0559
      1.2636
      1.2787
      1.1523
      1.0075
      0.9237
      0.9009
      0.0349
      0.0328
      0.0295
      0.0328
      0.0489
      0.0765
      0.1058
      0.1265
      0.1464
      0.2024
      0.3479
      0.6096
      0.9450
      1.2537
      1.4579
      1.5715
      1.6646
      1.7594
      1.8039
      0.0361
      0.0351
      0.0367
      0.0516
      0.0890
      0.1451
      0.1997
      0.2278
      0.2254
      0.2283
      0.3021
      0.5049
      0.8441
      1.2669
      1.7064
      2.1385
      2.5611
      2.9091
      3.0495
      0.0349
      0.0377
      0.0531
      0.0988
      0.1891
      0.3141
      0.4297
      0.4790
      0.4409
      0.3617
      0.3375
      0.4651
      0.7955
      1.3145
      1.9656
      2.6921
      3.4233
      4.0086
      4.2388
      0.0346
      0.0454
      0.0898
      0.1967
      0.3872
      0.6357
      0.8525
      0.9285
      0.8236
      0.6145
      0.4504
      0.4703
      0.7503
      1.2927
      2.0437
      2.9230
      3.8146
      4.5194
      4.7935
      0.0419
      0.0661
      0.1570
      0.3568
      0.6897
      1.1011
      1.4368
      1.5246
      1.3142
      0.9324
      0.5946
      0.4743
      0.6482
      1.1109
      1.8049
      2.6419
      3.4931
      4.1605
      4.4182
      0.0614
      0.1031
      0.2523
      0.5610
      1.0480
      1.6194
      2.0539
      2.1261
      1.7897
      1.2295
      0.7211
      0.4566
      0.4937
      0.8052
      1.3307
      1.9911
      2.6736
      3.2099
      3.4167
      0.0901
      0.1500
      0.3569
      0.7662
      1.3856
      2.0847
      2.5898
      2.6383
      2.1918
      1.4820
      0.8307
      0.4405
      0.3485
      0.5066
      0.8577
      1.3460
      1.8830
      2.3203
      2.4914
      0.1191
      0.1934
      0.4453
      0.9321
      1.6573
      2.4708
      3.0610
      3.1246
      2.6087
      1.7723
      0.9832
      0.4716
      0.2710
      0.3232
      0.5813
      1.0173
      1.5565
      2.0261
      2.2155
      0.1392
      0.2220
      0.5016
      1.0443
      1.8656
      2.8153
      3.5463
      3.6888
      3.1402
      2.1731
      1.2195
      0.5679
      0.2714
      0.2708
      0.5316
      1.0508
      1.7487
      2.3840
      2.6449
      0.1482
      0.2343
      0.5276
      1.1078
      2.0122
      3.0998
      3.9893
      4.2349
      3.6726
      2.5836
      1.4687
      0.6840
      0.3099
      0.2899
      0.5985
      1.2495
      2.1493
      2.9799
      3.3231
      0.1502
      0.2370
      0.5343
      1.1286
      2.0681
      3.2170
      4.1785
      4.4722
      3.9057
      2.7639
      1.5787
      0.7367
      0.3313
      0.3069
      0.6414
      1.3545
      2.3454
      3.2626
      3.6420
