      0.0000
      0.0000
      0.0000
      0.0000
      0.0000
      0.0000
      0.0000
      0.0000
      0.0000
      0.0000
      0.0000
      0.0000
      0.0000
      0.0000
      0.0000
      0.0000
      0.0000
      0.0000
      0.0000
      0.0000
      0.0000
      0.0000
      0.0000
      0.0000
      0.0000
      0.0000
      0.0000
      0.0000
      0.0000
      0.0000
      0.0000
      0.0000
      0.0000
      0.0000
      0.0000
      0.0000
      0.0000
      0.0000
      0.0000
      0.0000
      0.0000
      0.0000
      0.0000
      0.0000
      0.0000
      0.0000
      0.0000
      0.0000
      0.0000
      0.0000
      0.0000
      0.0000
      0.0000
      0.0000
      0.0000
      0.0000
      0.0000
      0.0000
      0.0000
      0.0000
      0.0000
      0.0000
      0.0000
      0.0000
      0.0000
      0.0000
      0.0000
      0.0000
      0.0000
      0.0000
      0.0000
      0.0000
      0.0000
      0.0000
      0.0000
      0.0000
      0.0000
      0.0000
      0.0000
      0.0000
      0.0000
      0.0000
      0.0000
      0.0000
      0.0000
      0.0000
      0.0000
      0.0001
      0.0005
      0.0006
      0.0002
      0.0000
      0.0000
      0.0000
      0.0000
      0.0018
      0.0009
      0.0001
      0.0000
      0.0000
      0.0000
      0.0000
      0.0000
      0.0000
      0.0000
      0.0000
      0.0009
      0.0053
      0.0076
      0.0027
      0.0002
      0.0000
      0.0000
      0.0000
      0.2380
      0.1190
      0.0148
      0.0005
      0.0000
      0.0000
      0.0000
      0.0000
      0.0000
      0.0000
      0.0001
      0.0019
      0.0131
      0.0231
      0.0102
      0.0011
      0.0000
      0.0000
      0.0000
      7.7161
      3.8580
      0.4810
      0.0148
      0.0001
      0.0000
      0.0000
      0.0000
      0.0000
      0.0000
      0.0000
      0.0009
      0.0081
      0.0176
      0.0095
      0.0013
      0.0000
      0.0000
      0.0000
     61.8922
     30.9461
      3.8580
      0.1190
      0.0009
      0.0000
      0.0000
      0.0000
      0.0000
      0.0000
      0.0000
      0.0001
      0.0013
      0.0034
      0.0025
      0.0007
      0.0002
      0.0003
      0.0006
    123.7845
     61.8922
      7.7161
      0.2380
      0.0018
      0.0000
      0.0000
      0.0000
      0.0000
      0.0000
      0.0000
      0.0000
      0.0002
      0.0027
      0.0130
      0.0161
      0.0062
      0.0094
      0.0178
     61.8922
     30.9461
      3.8580
      0.1190
      0.0009
      0.0000
      0.0002
      0.0003
      0.0002
      0.0000
      0.0000
      0.0000
      0.0009
      0.0215
      0.1252
      0.1819
      0.0751
      0.0776
      0.1431
      7.7161
      3.8580
      0.4810
      0.0148
      0.0002
      0.0017
      0.0130
      0.0247
      0.0118
      0.0014
      0.0000
      0.0000
      0.0016
      0.0449
      0.3044
      0.5151
      0.2354
      0.1658
      0.2867
      0.2380
      0.1190
      0.0148
      0.0005
      0.0014
      0.0383
      0.2571
      0.4315
      0.1811
      0.0189
      0.0005
      0.0000
      0.0007
      0.0234
      0.1850
      0.3646
      0.1883
      0.0934
      0.1440
      0.0018
      0.0009
      0.0001
      0.0004
      0.0113
      0.2166
      1.2627
      1.8695
      0.6928
      0.0639
      0.0015
      0.0000
      0.0001
      0.0030
      0.0281
      0.0644
      0.0381
      0.0142
      0.0182
      0.0000
      0.0000
      0.0003
      0.0065
      0.0530
      0.3546
      1.5677
      2.0258
      0.6628
      0.0540
      0.0011
      0.0000
      0.0000
      0.0001
      0.0011
      0.0028
      0.0019
      0.0007
      0.0009
      0.0000
      0.0000
      0.0014
      0.0294
      0.1613
      0.3147
      0.5962
      0.6714
      0.2222
      0.0200
      0.0005
      0.0000
      0.0000
      0.0000
      0.0000
      0.0001
      0.0023
      0.0185
      0.0370
      0.0000
      0.0000
      0.0018
      0.0340
      0.1614
      0.3929
      1.8777
      3.8958
      2.0839
      0.2790
      0.0093
      0.0001
      0.0000
      0.0000
      0.0000
      0.0023
      0.0749
      0.6005
      1.2010
      0.0000
      0.0000
      0.0006
      0.0102
      0.0862
      1.7023
     14.3795
     30.9270
     16.6395
      2.2329
      0.0742
      0.0006
      0.0000
      0.0000
      0.0001
      0.0185
      0.6005
      4.8169
      9.6338
      0.0000
      0.0000
      0.0001
      0.0021
      0.1001
      3.3326
     28.7400
     61.8518
     33.2787
      4.4657
      0.1483
      0.0012
      0.0000
      0.0000
      0.0003
      0.0370
      1.2010
      9.6338
     19.2675
