      0.0000
      0.0000
      0.0000
      0.0000
      0.0000
      0.0000
      0.0000
      0.0000
      0.0000
      0.0000
      0.0000
      0.0000
      0.0000
      0.0000
      0.0000
      0.0000
      0.0000
      0.0000
      0.0000
      0.0000
      0.0000
      0.0000
      0.0000
      0.0000
      0.0000
      0.0000
      0.0000
      0.0000
      0.0000
      0.0000
      0.0000
      0.0000
      0.0000
      0.0000
      0.0000
      0.0000
      0.0000
      0.0000
      0.0000
      0.0000
      0.0000
      0.0000
      0.0000
      0.0000
      0.0000
      0.0000
      0.0000
      0.0000
      0.0000
      0.0000
      0.0000
      0.0000
      0.0000
      0.0000
      0.0000
      0.0000
      0.0000
      0.0000
      0.0000
      0.0000
      0.0000
      0.0000
      0.0000
      0.0000
      0.0000
      0.0000
      0.0000
      0.0000
      0.0000
      0.0000
      0.0000
      0.0000
      0.0000
      0.0000
      0.0000
      0.0000
      0.0000
      0.0000
      0.0000
      0.0000
      0.0000
      0.0000
      0.0000
      0.0000
      0.0000
      0.0000
      0.0000
      0.0000
      0.0002
      0.0002
      0.0001
      0.0000
      0.0000
      0.0000
      0.0000
      0.0000
      0.0000
      0.0000
      0.0000
      0.0000
      0.0000
      0.0000
      0.0000
      0.0000
      0.0000
      0.0000
      0.0003
      0.0015
      0.0022
      0.0008
      0.0001
      0.0000
      0.0000
      0.0000
      0.0022
      0.0011
      0.0001
      0.0000
      0.0000
      0.0000
      0.0000
      0.0000
      0.0000
      0.0000
      0.0000
      0.0005
      0.0038
      0.0066
      0.0029
      0.0003
      0.0000
      0.0000
      0.0000
      0.0720
      0.0360
      0.0045
      0.0001
      0.0000
      0.0000
      0.0000
      0.0000
      0.0000
      0.0000
      0.0000
      0.0003
      0.0023
      0.0050
      0.0027
      0.0004
      0.0001
      0.0004
      0.0009
      0.5772
      0.2886
      0.0360
      0.0011
      0.0000
      0.0000
      0.0000
      0.0000
      0.0000
      0.0000
      0.0000
      0.0000
      0.0004
      0.0010
      0.0010
      0.0007
      0.0075
      0.0589
      0.1178
      1.1543
      0.5772
      0.0720
      0.0022
      0.0000
      0.0000
      0.0000
      0.0000
      0.0000
      0.0000
      0.0000
      0.0000
      0.0002
      0.0029
      0.0141
      0.0249
      0.2439
      1.9109
      3.8205
      0.5772
      0.2886
      0.0360
      0.0011
      0.0000
      0.0000
      0.0002
      0.0004
      0.0002
      0.0000
      0.0000
      0.0000
      0.0010
      0.0235
      0.1372
      0.2574
      1.9829
     15.3295
     30.6450
      0.0720
      0.0360
      0.0045
      0.0001
      0.0001
      0.0019
      0.0142
      0.0270
      0.0128
      0.0015
      0.0000
      0.0000
      0.0018
      0.0491
      0.3333
      0.6797
      4.0583
     30.6700
     61.2904
      0.0022
      0.0011
      0.0001
      0.0000
      0.0016
      0.0419
      0.2808
      0.4712
      0.1977
      0.0207
      0.0005
      0.0000
      0.0008
      0.0256
      0.2025
      0.4568
      2.1062
     15.3463
     30.6459
      0.0000
      0.0000
      0.0000
      0.0009
      0.0152
      0.2416
      1.3811
      2.0416
      0.7565
      0.0698
      0.0016
      0.0000
      0.0001
      0.0033
      0.0307
      0.0777
      0.2785
      1.9160
      3.8208
      0.0000
      0.0000
      0.0006
      0.0144
      0.1033
      0.4571
      1.7385
      2.2139
      0.7234
      0.0589
      0.0012
      0.0000
      0.0000
      0.0001
      0.0012
      0.0033
      0.0094
      0.0593
      0.1179
      0.0000
      0.0000
      0.0031
      0.0662
      0.3570
      0.5782
      0.6859
      0.6440
      0.1913
      0.0149
      0.0003
      0.0000
      0.0000
      0.0000
      0.0000
      0.0000
      0.0004
      0.0032
      0.0065
      0.0000
      0.0001
      0.0042
      0.0766
      0.3516
      0.4672
      0.6670
      1.1552
      0.6060
      0.0806
      0.0027
      0.0000
      0.0000
      0.0000
      0.0000
      0.0003
      0.0113
      0.0906
      0.1811
      0.0000
      0.0000
      0.0014
      0.0223
      0.1006
      0.5632
      4.1474
      8.8814
      4.7777
      0.6411
      0.0213
      0.0002
      0.0000
      0.0000
      0.0000
      0.0028
      0.0906
      0.7265
      1.4529
      0.0000
      0.0000
      0.0002
      0.0034
      0.0381
      0.9648
      8.2536
     17.7591
      9.5550
      1.2822
      0.0426
      0.0003
      0.0000
      0.0000
      0.0000
      0.0056
      0.1811
      1.4529
      2.9058
