      0.0000
      0.0000
      0.0000
      0.0000
      0.0000
      0.0000
      0.0000
      0.0000
      0.0000
      0.0000
      0.0000
      0.0000
      0.0000
      0.0000
      0.0000
      0.0000
      0.0000
      0.0000
      0.0000
      0.0000
      0.0000
      0.0000
      0.0000
      0.0000
      0.0000
      0.0000
      0.0000
      0.0000
      0.0000
      0.0000
      0.0000
      0.0000
      0.0000
      0.0000
      0.0000
      0.0000
      0.0000
      0.0000
      0.0000
      0.0000
      0.0000
      0.0000
      0.0000
      0.0000
      0.0000
      0.0000
      0.0000
      0.0000
      0.0000
      0.0000
      0.0000
      0.0000
      0.0000
      0.0000
      0.0000
      0.0000
      0.0000
      0.0000
      0.0000
      0.0000
      0.0000
      0.0000
      0.0000
      0.0000
      0.0000
      0.0000
      0.0000
      0.0000
      0.0000
      0.0000
      0.0000
      0.0000
      0.0000
      0.0000
      0.0000
      0.0000
      0.0000
      0.0000
      0.0000
      0.0000
      0.0000
      0.0000
      0.0000
      0.0000
      0.0000
      0.0000
      0.0000
      0.0000
      0.0001
      0.0001
      0.0000
      0.0000
      0.0000
      0.0000
      0.0000
      0.0009
      0.0004
      0.0001
      0.0000
      0.0000
      0.0000
      0.0000
      0.0000
      0.0000
      0.0000
      0.0000
      0.0002
      0.0011
      0.0015
      0.0005
      0.0000
      0.0000
      0.0000
      0.0000
      0.1181
      0.0590
      0.0074
      0.0002
      0.0000
      0.0000
      0.0000
      0.0000
      0.0000
      0.0000
      0.0000
      0.0004
      0.0026
      0.0046
      0.0020
      0.0002
      0.0000
      0.0000
      0.0000
      3.8285
      1.9143
      0.2387
      0.0074
      0.0001
      0.0000
      0.0000
      0.0000
      0.0000
      0.0000
      0.0000
      0.0002
      0.0016
      0.0035
      0.0019
      0.0003
      0.0001
      0.0004
      0.0009
     30.7095
     15.3547
      1.9143
      0.0590
      0.0004
      0.0000
      0.0000
      0.0000
      0.0000
      0.0000
      0.0000
      0.0000
      0.0003
      0.0007
      0.0005
      0.0003
      0.0075
      0.0595
      0.1189
     61.4190
     30.7095
      3.8285
      0.1181
      0.0009
      0.0000
      0.0000
      0.0000
      0.0000
      0.0000
      0.0000
      0.0000
      0.0000
      0.0002
      0.0011
      0.0088
      0.2411
      1.9279
      3.8553
     30.7095
     15.3547
      1.9143
      0.0590
      0.0004
      0.0000
      0.0000
      0.0000
      0.0000
      0.0000
      0.0000
      0.0000
      0.0001
      0.0018
      0.0106
      0.0744
      1.9339
     15.4631
     30.9237
      3.8285
      1.9143
      0.2387
      0.0074
      0.0001
      0.0001
      0.0011
      0.0020
      0.0010
      0.0001
      0.0000
      0.0000
      0.0001
      0.0037
      0.0256
      0.1608
      3.8734
     30.9259
     61.8471
      0.1181
      0.0590
      0.0074
      0.0002
      0.0002
      0.0033
      0.0210
      0.0351
      0.0147
      0.0015
      0.0000
      0.0000
      0.0001
      0.0019
      0.0155
      0.0890
      1.9423
     15.4636
     30.9235
      0.0009
      0.0004
      0.0001
      0.0009
      0.0071
      0.0286
      0.1075
      0.1523
      0.0563
      0.0052
      0.0001
      0.0000
      0.0000
      0.0002
      0.0023
      0.0126
      0.2433
      1.9280
      3.8552
      0.0000
      0.0000
      0.0007
      0.0165
      0.1030
      0.1809
      0.1859
      0.1702
      0.0540
      0.0044
      0.0001
      0.0000
      0.0000
      0.0000
      0.0001
      0.0005
      0.0077
      0.0602
      0.1204
      0.0000
      0.0000
      0.0036
      0.0765
      0.4063
      0.5472
      0.2274
      0.0828
      0.0259
      0.0026
      0.0001
      0.0000
      0.0000
      0.0000
      0.0000
      0.0004
      0.0126
      0.1013
      0.2026
      0.0000
      0.0001
      0.0048
      0.0885
      0.4052
      0.5024
      0.4915
      0.7817
      0.4149
      0.0556
      0.0018
      0.0000
      0.0000
      0.0000
      0.0001
      0.0126
      0.4076
      3.2696
      6.5392
      0.0000
      0.0000
      0.0016
      0.0257
      0.1100
      0.4306
      2.8917
      6.1729
      3.3205
      0.4456
      0.0148
      0.0001
      0.0000
      0.0000
      0.0008
      0.1008
      3.2696
     26.2260
     52.4521
      0.0000
      0.0000
      0.0003
      0.0038
      0.0314
      0.6747
      5.7372
     12.3429
      6.6409
      0.8912
      0.0296
      0.0002
      0.0000
      0.0000
      0.0015
      0.2017
      6.5392
     52.4521
    104.9042
