      0.0000
      0.0000
      0.0000
      0.0000
      0.0000
      0.0000
      0.0000
      0.0000
      0.0000
      0.0000
      0.0000
      0.0000
      0.0000
      0.0000
      0.0000
      0.0000
      0.0000
      0.0000
      0.0000
      0.0000
      0.0000
      0.0000
      0.0000
      0.0000
      0.0000
      0.0000
      0.0000
      0.0000
      0.0000
      0.0000
      0.0000
      0.0000
      0.0000
      0.0000
      0.0000
      0.0000
      0.0000
      0.0000
      0.0000
      0.0000
      0.0000
      0.0000
      0.0000
      0.0000
      0.0000
      0.0000
      0.0000
      0.0000
      0.0000
      0.0000
      0.0000
      0.0000
      0.0000
      0.0000
      0.0000
      0.0000
      0.0000
      0.0000
      0.0000
      0.0000
      0.0000
      0.0000
      0.0000
      0.0000
      0.0000
      0.0000
      0.0000
      0.0000
      0.0000
      0.0000
      0.0000
      0.0000
      0.0000
      0.0000
      0.0000
      0.0000
      0.0000
      0.0000
      0.0000
      0.0000
      0.0000
      0.0000
      0.0000
      0.0000
      0.0000
      0.0000
      0.0000
      0.0001
      0.0002
      0.0003
      0.0001
      0.0000
      0.0000
      0.0000
      0.0000
      0.0016
      0.0008
      0.0001
      0.0000
      0.0000
      0.0000
      0.0000
      0.0000
      0.0000
      0.0000
      0.0000
      0.0004
      0.0024
      0.0035
      0.0012
      0.0001
      0.0000
      0.0000
      0.0000
      0.2083
      0.1041
      0.0130
      0.0004
      0.0000
      0.0000
      0.0000
      0.0000
      0.0000
      0.0000
      0.0000
      0.0008
      0.0060
      0.0106
      0.0047
      0.0005
      0.0000
      0.0000
      0.0000
      6.7531
      3.3765
      0.4210
      0.0130
      0.0001
      0.0000
      0.0000
      0.0000
      0.0000
      0.0000
      0.0000
      0.0004
      0.0037
      0.0080
      0.0044
      0.0006
      0.0001
      0.0004
      0.0008
     54.1677
     27.0839
      3.3765
      0.1041
      0.0008
      0.0000
      0.0000
      0.0000
      0.0000
      0.0000
      0.0000
      0.0001
      0.0006
      0.0016
      0.0012
      0.0006
      0.0071
      0.0562
      0.1124
    108.3355
     54.1677
      6.7531
      0.2083
      0.0016
      0.0000
      0.0000
      0.0000
      0.0000
      0.0000
      0.0000
      0.0000
      0.0001
      0.0015
      0.0073
      0.0161
      0.2303
      1.8233
      3.6460
     54.1677
     27.0839
      3.3765
      0.1041
      0.0008
      0.0000
      0.0001
      0.0002
      0.0001
      0.0000
      0.0000
      0.0000
      0.0005
      0.0121
      0.0709
      0.1586
      1.8606
     14.6262
     29.2450
      6.7531
      3.3765
      0.4210
      0.0130
      0.0001
      0.0010
      0.0073
      0.0139
      0.0066
      0.0008
      0.0000
      0.0000
      0.0009
      0.0253
      0.1722
      0.4022
      3.7687
     29.2579
     58.4901
      0.2083
      0.1041
      0.0130
      0.0004
      0.0009
      0.0216
      0.1448
      0.2430
      0.1020
      0.0107
      0.0003
      0.0000
      0.0004
      0.0132
      0.1046
      0.2614
      1.9240
     14.6348
     29.2454
      0.0016
      0.0008
      0.0001
      0.0006
      0.0088
      0.1263
      0.7129
      1.0528
      0.3901
      0.0360
      0.0008
      0.0000
      0.0000
      0.0017
      0.0159
      0.0433
      0.2481
      1.8259
      3.6461
      0.0000
      0.0000
      0.0004
      0.0100
      0.0688
      0.2597
      0.9058
      1.1428
      0.3732
      0.0304
      0.0006
      0.0000
      0.0000
      0.0001
      0.0006
      0.0018
      0.0081
      0.0566
      0.1128
      0.0000
      0.0000
      0.0021
      0.0458
      0.2462
      0.3823
      0.3981
      0.3712
      0.1185
      0.0103
      0.0002
      0.0000
      0.0000
      0.0000
      0.0000
      0.0001
      0.0027
      0.0219
      0.0438
      0.0000
      0.0000
      0.0029
      0.0530
      0.2449
      0.3757
      0.9199
      1.7935
      0.9562
      0.1279
      0.0042
      0.0000
      0.0000
      0.0000
      0.0000
      0.0027
      0.0867
      0.6957
      1.3914
      0.0000
      0.0000
      0.0010
      0.0155
      0.0820
      0.8219
      6.6013
     14.1765
      7.6269
      1.0235
      0.0340
      0.0003
      0.0000
      0.0000
      0.0002
      0.0215
      0.6957
      5.5805
     11.1610
      0.0000
      0.0000
      0.0002
      0.0025
      0.0511
      1.5320
     13.1743
     28.3506
     15.2537
      2.0469
      0.0680
      0.0006
      0.0000
      0.0000
      0.0003
      0.0429
      1.3914
     11.1610
     22.3220
