      0.0011
      0.0027
      0.0067
      0.0091
      0.0067
      0.0028
      0.0009
      0.0006
      0.0008
      0.0022
      0.0051
      0.0068
      0.0049
      0.0019
      0.0004
      0.0000
      0.0000
      0.0000
      0.0000
      0.0016
      0.0035
      0.0077
      0.0095
      0.0064
      0.0025
      0.0007
      0.0004
      0.0006
      0.0018
      0.0045
      0.0065
      0.0051
      0.0022
      0.0005
      0.0001
      0.0000
      0.0000
      0.0000
      0.0021
      0.0040
      0.0076
      0.0082
      0.0048
      0.0016
      0.0004
      0.0002
      0.0003
      0.0010
      0.0031
      0.0056
      0.0058
      0.0035
      0.0012
      0.0003
      0.0000
      0.0000
      0.0000
      0.0021
      0.0031
      0.0046
      0.0042
      0.0021
      0.0006
      0.0001
      0.0000
      0.0001
      0.0007
      0.0035
      0.0104
      0.0173
      0.0161
      0.0082
      0.0023
      0.0003
      0.0000
      0.0000
      0.0165
      0.0126
      0.0061
      0.0022
      0.0006
      0.0001
      0.0000
      0.0000
      0.0001
      0.0016
      0.0110
      0.0402
      0.0793
      0.0848
      0.0490
      0.0153
      0.0026
      0.0002
      0.0000
      0.2621
      0.1927
      0.0766
      0.0165
      0.0019
      0.0001
      0.0000
      0.0001
      0.0003
      0.0033
      0.0249
      0.1006
      0.2188
      0.2569
      0.1629
      0.0557
      0.0103
      0.0012
      0.0003
      2.2992
      1.6898
      0.6701
      0.1429
      0.0163
      0.0010
      0.0001
      0.0002
      0.0004
      0.0038
      0.0310
      0.1375
      0.3276
      0.4214
      0.2929
      0.1104
      0.0244
      0.0078
      0.0075
     10.7852
      7.9267
      3.1432
      0.6701
      0.0764
      0.0047
      0.0003
      0.0002
      0.0003
      0.0024
      0.0209
      0.1016
      0.2655
      0.3748
      0.2878
      0.1277
      0.0634
      0.0917
      0.1196
     27.1990
     19.9901
      7.9267
      1.6898
      0.1925
      0.0117
      0.0006
      0.0002
      0.0002
      0.0008
      0.0077
      0.0410
      0.1193
      0.1917
      0.1820
      0.1624
      0.3421
      0.7768
      1.0449
     37.0075
     27.1990
     10.7852
      2.2992
      0.2620
      0.0163
      0.0019
      0.0020
      0.0016
      0.0008
      0.0018
      0.0109
      0.0428
      0.1077
      0.2018
      0.4722
      1.5300
      3.6275
      4.8938
     27.1990
     19.9901
      7.9267
      1.6900
      0.1939
      0.0183
      0.0176
      0.0242
      0.0183
      0.0075
      0.0022
      0.0061
      0.0408
      0.1632
      0.4291
      1.1771
      3.8653
      9.1448
     12.3342
     10.7852
      7.9267
      3.1433
      0.6718
      0.0883
      0.0554
      0.1221
      0.1608
      0.1152
      0.0447
      0.0097
      0.0070
      0.0485
      0.2169
      0.6113
      1.6704
      5.3177
     12.4610
     16.7841
      2.2992
      1.6900
      0.6717
      0.1546
      0.0772
      0.2175
      0.4697
      0.5770
      0.3892
      0.1424
      0.0283
      0.0068
      0.0339
      0.1617
      0.4797
      1.2973
      3.9747
      9.1874
     12.3462
      0.2621
      0.1937
      0.0869
      0.0724
      0.2066
      0.5511
      1.0156
      1.1347
      0.7153
      0.2468
      0.0460
      0.0059
      0.0130
      0.0652
      0.2040
      0.5487
      1.6137
      3.6661
      4.9105
      0.0165
      0.0165
      0.0436
      0.1760
      0.4828
      0.9360
      1.3552
      1.3308
      0.7839
      0.2592
      0.0468
      0.0048
      0.0028
      0.0142
      0.0475
      0.1323
      0.3850
      0.8654
      1.1562
      0.0021
      0.0114
      0.0811
      0.3283
      0.7837
      1.2782
      1.6673
      1.6558
      1.0544
      0.3875
      0.0789
      0.0088
      0.0008
      0.0021
      0.0124
      0.0742
      0.3173
      0.7854
      1.0655
      0.0021
      0.0136
      0.0932
      0.3626
      0.9123
      1.9104
      3.4979
      4.4081
      3.2337
      1.3063
      0.2856
      0.0335
      0.0022
      0.0021
      0.0318
      0.2766
      1.2952
      3.2653
      4.4426
      0.0016
      0.0096
      0.0633
      0.2661
      0.9540
      3.1994
      7.5721
     10.4139
      7.8662
      3.2179
      0.7085
      0.0834
      0.0054
      0.0050
      0.0792
      0.6950
      3.2599
      8.2209
     11.1856
      0.0011
      0.0065
      0.0424
      0.2062
      0.9962
      4.0287
     10.0969
     14.0828
     10.6759
      4.3724
      0.9632
      0.1135
      0.0073
      0.0067
      0.1077
      0.9455
      4.4353
     11.1853
     15.2190
