      0.2815
      0.3065
      0.3559
      0.3762
      0.3364
      0.2531
      0.1713
      0.1288
      0.1370
      0.1825
      0.2337
      0.2547
      0.2275
      0.1646
      0.0961
      0.0453
      0.0175
      0.0061
      0.0033
      0.2805
      0.3024
      0.3441
      0.3570
      0.3144
      0.2337
      0.1571
      0.1185
      0.1279
      0.1735
      0.2265
      0.2527
      0.2324
      0.1741
      0.1058
      0.0522
      0.0212
      0.0076
      0.0042
      0.2772
      0.2904
      0.3115
      0.3056
      0.2573
      0.1853
      0.1235
      0.0962
      0.1098
      0.1568
      0.2164
      0.2584
      0.2575
      0.2112
      0.1417
      0.0776
      0.0349
      0.0137
      0.0078
      0.2938
      0.2927
      0.2814
      0.2473
      0.1915
      0.1326
      0.0919
      0.0809
      0.1020
      0.1536
      0.2264
      0.2953
      0.3252
      0.2960
      0.2203
      0.1335
      0.0662
      0.0288
      0.0175
      0.4196
      0.3931
      0.3236
      0.2358
      0.1566
      0.1040
      0.0827
      0.0880
      0.1170
      0.1748
      0.2657
      0.3706
      0.4421
      0.4361
      0.3510
      0.2301
      0.1246
      0.0607
      0.0404
      0.8180
      0.7410
      0.5526
      0.3455
      0.1939
      0.1194
      0.1035
      0.1176
      0.1485
      0.2073
      0.3127
      0.4535
      0.5723
      0.5995
      0.5142
      0.3627
      0.2166
      0.1222
      0.0911
      1.6309
      1.4640
      1.0613
      0.6296
      0.3254
      0.1813
      0.1455
      0.1537
      0.1755
      0.2237
      0.3289
      0.4910
      0.6507
      0.7224
      0.6642
      0.5137
      0.3510
      0.2386
      0.2000
      2.7833
      2.4941
      1.7974
      1.0527
      0.5268
      0.2697
      0.1891
      0.1771
      0.1806
      0.2082
      0.2961
      0.4557
      0.6400
      0.7648
      0.7729
      0.6794
      0.5510
      0.4526
      0.4172
      3.8630
      3.4606
      2.4914
      1.4548
      0.7192
      0.3510
      0.2224
      0.1873
      0.1714
      0.1756
      0.2357
      0.3745
      0.5682
      0.7516
      0.8615
      0.8817
      0.8455
      0.8018
      0.7837
      4.3116
      3.8632
      2.7839
      1.6313
      0.8155
      0.4082
      0.2642
      0.2186
      0.1869
      0.1652
      0.1912
      0.3004
      0.4954
      0.7368
      0.9621
      1.1241
      1.2143
      1.2530
      1.2629
      3.8630
      3.4648
      2.5098
      1.4997
      0.8018
      0.4734
      0.3710
      0.3335
      0.2806
      0.2176
      0.1946
      0.2637
      0.4491
      0.7310
      1.0492
      1.3333
      1.5395
      1.6583
      1.6966
      2.7833
      2.5070
      1.8529
      1.1868
      0.7699
      0.6238
      0.6108
      0.5847
      0.4858
      0.3473
      0.2474
      0.2564
      0.4082
      0.6902
      1.0438
      1.3889
      1.6617
      1.8312
      1.8883
      1.6309
      1.4935
      1.1865
      0.9261
      0.8496
      0.9243
      1.0066
      0.9675
      0.7819
      0.5297
      0.3263
      0.2550
      0.3451
      0.5799
      0.9053
      1.2477
      1.5394
      1.7337
      1.8019
      0.8180
      0.7949
      0.7791
      0.8699
      1.0957
      1.3604
      1.5018
      1.4090
      1.1035
      0.7188
      0.4049
      0.2486
      0.2652
      0.4307
      0.7048
      1.0371
      1.3649
      1.6122
      1.7054
      0.4196
      0.4736
      0.6581
      0.9977
      1.4401
      1.8323
      1.9927
      1.8287
      1.4037
      0.8961
      0.4821
      0.2497
      0.2031
      0.3201
      0.5912
      1.0059
      1.5013
      1.9262
      2.0964
      0.2938
      0.3917
      0.6913
      1.1766
      1.7492
      2.2242
      2.4075
      2.2084
      1.7037
      1.0956
      0.5870
      0.2816
      0.1900
      0.3094
      0.6820
      1.3537
      2.2431
      3.0503
      3.3816
      0.2772
      0.3936
      0.7415
      1.2900
      1.9316
      2.4803
      2.7325
      2.5686
      2.0376
      1.3469
      0.7371
      0.3514
      0.2269
      0.3952
      0.9646
      2.0466
      3.5232
      4.8841
      5.4462
      0.2805
      0.4001
      0.7563
      1.3192
      1.9946
      2.6121
      2.9586
      2.8684
      2.3442
      1.5905
      0.8887
      0.4291
      0.2804
      0.5081
      1.2793
      2.7612
      4.7977
      6.6814
      7.4606
      0.2815
      0.4005
      0.7548
      1.3175
      2.0034
      2.6515
      3.0433
      2.9909
      2.4741
      1.6954
      0.9546
      0.4637
      0.3053
      0.5593
      1.4165
      3.0667
      5.3372
      7.4388
      8.3083
