      0.0887
      0.0983
      0.1200
      0.1393
      0.1494
      0.1565
      0.1730
      0.2098
      0.2738
      0.3592
      0.4350
      0.4548
      0.3949
      0.2792
      0.1591
      0.0729
      0.0270
      0.0088
      0.0044
      0.0922
      0.1007
      0.1191
      0.1344
      0.1406
      0.1443
      0.1574
      0.1900
      0.2487
      0.3287
      0.4019
      0.4253
      0.3746
      0.2693
      0.1565
      0.0733
      0.0279
      0.0092
      0.0047
      0.1075
      0.1118
      0.1199
      0.1230
      0.1189
      0.1148
      0.1207
      0.1443
      0.1902
      0.2556
      0.3202
      0.3500
      0.3207
      0.2416
      0.1481
      0.0736
      0.0299
      0.0107
      0.0057
      0.1637
      0.1583
      0.1429
      0.1209
      0.0990
      0.0857
      0.0863
      0.1025
      0.1344
      0.1803
      0.2299
      0.2613
      0.2534
      0.2045
      0.1358
      0.0740
      0.0339
      0.0146
      0.0093
      0.3505
      0.3213
      0.2493
      0.1683
      0.1075
      0.0780
      0.0752
      0.0882
      0.1085
      0.1344
      0.1649
      0.1915
      0.1982
      0.1751
      0.1301
      0.0823
      0.0475
      0.0295
      0.0243
      0.8285
      0.7459
      0.5461
      0.3309
      0.1786
      0.1081
      0.0950
      0.1046
      0.1145
      0.1215
      0.1337
      0.1539
      0.1714
      0.1710
      0.1496
      0.1194
      0.0957
      0.0843
      0.0816
      1.7391
      1.5593
      1.1260
      0.6624
      0.3360
      0.1801
      0.1374
      0.1361
      0.1336
      0.1242
      0.1235
      0.1436
      0.1783
      0.2092
      0.2249
      0.2309
      0.2398
      0.2531
      0.2599
      3.0007
      2.6882
      1.9354
      1.1301
      0.5599
      0.2785
      0.1865
      0.1654
      0.1488
      0.1275
      0.1229
      0.1555
      0.2259
      0.3158
      0.4069
      0.4962
      0.5870
      0.6651
      0.6973
      4.1734
      3.7384
      2.6906
      1.5696
      0.7741
      0.3766
      0.2388
      0.1997
      0.1708
      0.1404
      0.1375
      0.1954
      0.3273
      0.5199
      0.7476
      0.9932
      1.2407
      1.4424
      1.5227
      4.6595
      4.1748
      3.0087
      1.7657
      0.8921
      0.4668
      0.3290
      0.2908
      0.2507
      0.2007
      0.1875
      0.2678
      0.4760
      0.8074
      1.2265
      1.6940
      2.1625
      2.5361
      2.6828
      4.1734
      3.7428
      2.7119
      1.6292
      0.9005
      0.5905
      0.5310
      0.5223
      0.4593
      0.3537
      0.2888
      0.3580
      0.6206
      1.0795
      1.6870
      2.3759
      3.0611
      3.5990
      3.8080
      3.0007
      2.6999
      1.9911
      1.2843
      0.8819
      0.8140
      0.9039
      0.9411
      0.8253
      0.6086
      0.4320
      0.4319
      0.6846
      1.1931
      1.8980
      2.7086
      3.5096
      4.1299
      4.3688
      1.7391
      1.5821
      1.2331
      0.9530
      0.9296
      1.1448
      1.4002
      1.4690
      1.2654
      0.8977
      0.5717
      0.4566
      0.6276
      1.0770
      1.7404
      2.5210
      3.2946
      3.8897
      4.1174
      0.8285
      0.7814
      0.7101
      0.7649
      1.0413
      1.4724
      1.8344
      1.8941
      1.5925
      1.0924
      0.6434
      0.4212
      0.4816
      0.8040
      1.3335
      1.9935
      2.6724
      3.2045
      3.4094
      0.3505
      0.3663
      0.4532
      0.6932
      1.1188
      1.6285
      1.9949
      2.0074
      1.6440
      1.0949
      0.6099
      0.3419
      0.3232
      0.5335
      0.9528
      1.5513
      2.2348
      2.8066
      3.0333
      0.1637
      0.2052
      0.3519
      0.6438
      1.0743
      1.5322
      1.8207
      1.7805
      1.4221
      0.9244
      0.4963
      0.2528
      0.2150
      0.3896
      0.8206
      1.5468
      2.4772
      3.3078
      3.6463
      0.1075
      0.1534
      0.3017
      0.5660
      0.9198
      1.2649
      1.4554
      1.3883
      1.0889
      0.6983
      0.3694
      0.1848
      0.1727
      0.3881
      0.9587
      2.0013
      3.4069
      4.6957
      5.2270
      0.0922
      0.1345
      0.2651
      0.4826
      0.7548
      1.0033
      1.1264
      1.0593
      0.8266
      0.5311
      0.2835
      0.1491
      0.1719
      0.4538
      1.1966
      2.5825
      4.4765
      6.2255
      6.9486
      0.0887
      0.1286
      0.2498
      0.4463
      0.6853
      0.8977
      0.9988
      0.9362
      0.7318
      0.4729
      0.2550
      0.1392
      0.1770
      0.4900
      1.3100
      2.8450
      4.9478
      6.8922
      7.6965
