      0.4726
      0.4760
      0.4780
      0.4615
      0.4186
      0.3610
      0.3156
      0.3086
      0.3495
      0.4227
      0.4926
      0.5204
      0.4847
      0.3933
      0.2766
      0.1684
      0.0896
      0.0450
      0.0311
      0.4591
      0.4616
      0.4611
      0.4426
      0.3996
      0.3444
      0.3029
      0.3003
      0.3458
      0.4246
      0.5025
      0.5400
      0.5131
      0.4260
      0.3075
      0.1927
      0.1060
      0.0554
      0.0392
      0.4204
      0.4202
      0.4140
      0.3912
      0.3498
      0.3028
      0.2738
      0.2844
      0.3429
      0.4379
      0.5386
      0.6042
      0.6027
      0.5282
      0.4040
      0.2694
      0.1585
      0.0895
      0.0665
      0.3635
      0.3603
      0.3480
      0.3227
      0.2879
      0.2570
      0.2490
      0.2799
      0.3573
      0.4751
      0.6089
      0.7170
      0.7556
      0.7019
      0.5702
      0.4045
      0.2544
      0.1545
      0.1202
      0.3034
      0.2978
      0.2816
      0.2583
      0.2365
      0.2288
      0.2470
      0.3002
      0.3955
      0.5345
      0.7028
      0.8601
      0.9492
      0.9266
      0.7923
      0.5931
      0.3965
      0.2585
      0.2096
      0.2596
      0.2525
      0.2348
      0.2171
      0.2120
      0.2291
      0.2715
      0.3406
      0.4432
      0.5912
      0.7834
      0.9848
      1.1285
      1.1494
      1.0292
      0.8117
      0.5784
      0.4066
      0.3443
      0.2457
      0.2374
      0.2193
      0.2074
      0.2168
      0.2529
      0.3098
      0.3811
      0.4745
      0.6118
      0.8070
      1.0357
      1.2284
      1.3047
      1.2262
      1.0253
      0.7867
      0.6018
      0.5331
      0.2594
      0.2503
      0.2315
      0.2230
      0.2410
      0.2862
      0.3447
      0.4044
      0.4731
      0.5810
      0.7559
      0.9878
      1.2152
      1.3528
      1.3457
      1.2070
      1.0094
      0.8446
      0.7814
      0.2828
      0.2735
      0.2553
      0.2500
      0.2731
      0.3211
      0.3739
      0.4149
      0.4516
      0.5185
      0.6542
      0.8655
      1.1076
      1.3028
      1.3866
      1.3482
      1.2355
      1.1246
      1.0795
      0.2939
      0.2867
      0.2751
      0.2802
      0.3149
      0.3705
      0.4212
      0.4459
      0.4501
      0.4702
      0.5535
      0.7238
      0.9586
      1.1964
      1.3701
      1.4465
      1.4420
      1.4057
      1.3869
      0.2828
      0.2822
      0.2892
      0.3217
      0.3867
      0.4675
      0.5295
      0.5447
      0.5157
      0.4818
      0.4996
      0.6106
      0.8151
      1.0697
      1.3106
      1.4876
      1.5865
      1.6261
      1.6350
      0.2594
      0.2710
      0.3128
      0.3965
      0.5189
      0.6491
      0.7379
      0.7469
      0.6771
      0.5748
      0.5108
      0.5443
      0.6950
      0.9356
      1.2084
      1.4535
      1.6329
      1.7362
      1.7692
      0.2457
      0.2751
      0.3676
      0.5263
      0.7322
      0.9333
      1.0595
      1.0592
      0.9341
      0.7447
      0.5810
      0.5206
      0.5983
      0.7994
      1.0743
      1.3604
      1.6022
      1.7610
      1.8160
      0.2596
      0.3107
      0.4650
      0.7149
      1.0221
      1.3085
      1.4780
      1.4637
      1.2706
      0.9778
      0.7000
      0.5347
      0.5301
      0.6836
      0.9559
      1.2864
      1.6025
      1.8309
      1.9143
      0.3034
      0.3771
      0.5960
      0.9423
      1.3585
      1.7393
      1.9598
      1.9350
      1.6712
      1.2676
      0.8672
      0.5921
      0.5081
      0.6276
      0.9255
      1.3434
      1.7852
      2.1264
      2.2553
      0.3635
      0.4575
      0.7354
      1.1723
      1.6960
      2.1772
      2.4619
      2.4417
      2.1174
      1.6060
      1.0815
      0.6977
      0.5455
      0.6586
      1.0288
      1.5981
      2.2349
      2.7443
      2.9400
      0.4204
      0.5300
      0.8544
      1.3663
      1.9855
      2.5650
      2.9234
      2.9252
      2.5590
      1.9542
      1.3160
      0.8336
      0.6287
      0.7596
      1.2360
      1.9966
      2.8681
      3.5753
      3.8488
      0.4591
      0.5784
      0.9323
      1.4943
      2.1819
      2.8372
      3.2588
      3.2872
      2.8985
      2.2285
      1.5069
      0.9526
      0.7135
      0.8690
      1.4421
      2.3678
      3.4371
      4.3092
      4.6474
      0.4726
      0.5951
      0.9590
      1.5388
      2.2516
      2.9360
      3.3828
      3.4233
      3.0277
      2.3341
      1.5814
      1.0003
      0.7492
      0.9157
      1.5281
      2.5195
      3.6668
      4.6036
      4.9671
