      0.2261
      0.2454
      0.2860
      0.3136
      0.3104
      0.2867
      0.2621
      0.2441
      0.2302
      0.2194
      0.2103
      0.1942
      0.1617
      0.1150
      0.0678
      0.0328
      0.0134
      0.0052
      0.0032
      0.2255
      0.2422
      0.2765
      0.2972
      0.2888
      0.2626
      0.2373
      0.2204
      0.2103
      0.2064
      0.2067
      0.2008
      0.1762
      0.1323
      0.0827
      0.0425
      0.0183
      0.0072
      0.0043
      0.2286
      0.2379
      0.2539
      0.2552
      0.2340
      0.2024
      0.1768
      0.1640
      0.1644
      0.1797
      0.2076
      0.2328
      0.2328
      0.1972
      0.1381
      0.0791
      0.0374
      0.0157
      0.0094
      0.2745
      0.2690
      0.2504
      0.2166
      0.1741
      0.1356
      0.1113
      0.1052
      0.1205
      0.1640
      0.2357
      0.3136
      0.3573
      0.3364
      0.2582
      0.1611
      0.0828
      0.0382
      0.0246
      0.4849
      0.4477
      0.3540
      0.2436
      0.1517
      0.0932
      0.0664
      0.0662
      0.0964
      0.1707
      0.2954
      0.4433
      0.5500
      0.5551
      0.4542
      0.3034
      0.1708
      0.0912
      0.0663
      1.0747
      0.9685
      0.7100
      0.4262
      0.2142
      0.0974
      0.0518
      0.0504
      0.0891
      0.1861
      0.3566
      0.5733
      0.7518
      0.7993
      0.6927
      0.5006
      0.3214
      0.2118
      0.1773
      2.2290
      1.9979
      1.4388
      0.8336
      0.3915
      0.1555
      0.0640
      0.0491
      0.0848
      0.1856
      0.3740
      0.6299
      0.8655
      0.9707
      0.9051
      0.7368
      0.5766
      0.4855
      0.4595
      3.8409
      3.4393
      2.4688
      1.4210
      0.6587
      0.2530
      0.0932
      0.0543
      0.0760
      0.1595
      0.3283
      0.5761
      0.8347
      1.0070
      1.0523
      1.0284
      1.0244
      1.0613
      1.0859
      5.3427
      4.7833
      3.4323
      1.9746
      0.9156
      0.3531
      0.1301
      0.0678
      0.0712
      0.1239
      0.2464
      0.4481
      0.6980
      0.9431
      1.1705
      1.4305
      1.7581
      2.0719
      2.2057
      5.9655
      5.3416
      3.8353
      2.2126
      1.0381
      0.4196
      0.1779
      0.1071
      0.0934
      0.1104
      0.1773
      0.3196
      0.5473
      0.8661
      1.3128
      1.9434
      2.7240
      3.4252
      3.7134
      5.3427
      4.7865
      3.4463
      2.0099
      0.9834
      0.4584
      0.2643
      0.2050
      0.1725
      0.1467
      0.1550
      0.2389
      0.4402
      0.8137
      1.4447
      2.4031
      3.5973
      4.6582
      5.0909
      3.8409
      3.4487
      2.5099
      1.5216
      0.8451
      0.5324
      0.4369
      0.3963
      0.3302
      0.2428
      0.1827
      0.2057
      0.3678
      0.7450
      1.4447
      2.5436
      3.9217
      5.1443
      5.6420
      2.2290
      2.0195
      1.5312
      1.0532
      0.7835
      0.7199
      0.7321
      0.6941
      0.5648
      0.3883
      0.2432
      0.1963
      0.2979
      0.6124
      1.2343
      2.2292
      3.4821
      4.5938
      5.0462
      1.0747
      1.0089
      0.8799
      0.8214
      0.8995
      1.0534
      1.1496
      1.0860
      0.8625
      0.5710
      0.3250
      0.1984
      0.2231
      0.4302
      0.8765
      1.6027
      2.5204
      3.3350
      3.6664
      0.4849
      0.5097
      0.6129
      0.8398
      1.1728
      1.4997
      1.6653
      1.5693
      1.2387
      0.8120
      0.4446
      0.2244
      0.1657
      0.2614
      0.5246
      0.9692
      1.5357
      2.0396
      2.2447
      0.2745
      0.3482
      0.5824
      0.9859
      1.5039
      1.9919
      2.2587
      2.1698
      1.7458
      1.1636
      0.6387
      0.2971
      0.1494
      0.1569
      0.2952
      0.5566
      0.8990
      1.2066
      1.3322
      0.2286
      0.3248
      0.6235
      1.1306
      1.7927
      2.4558
      2.8830
      2.8654
      2.3778
      1.6265
      0.9086
      0.4164
      0.1747
      0.1214
      0.2037
      0.3984
      0.6663
      0.9114
      1.0122
      0.2255
      0.3292
      0.6531
      1.2147
      1.9806
      2.8017
      3.3983
      3.4782
      2.9570
      2.0612
      1.1672
      0.5367
      0.2148
      0.1245
      0.1936
      0.3888
      0.6663
      0.9235
      1.0297
      0.2261
      0.3312
      0.6609
      1.2395
      2.0450
      2.9324
      3.6036
      3.7295
      3.1981
      2.2437
      1.2764
      0.5882
      0.2336
      0.1305
      0.1992
      0.4030
      0.6951
      0.9665
      1.0788
