      0.0000
      0.0000
      0.0000
      0.0000
      0.0000
      0.0000
      0.0000
      0.0000
      0.0000
      0.0000
      0.0000
      0.0000
      0.0000
      0.0000
      0.0000
      0.0000
      0.0000
      0.0000
      0.0000
      0.0000
      0.0000
      0.0000
      0.0000
      0.0000
      0.0000
      0.0000
      0.0000
      0.0000
      0.0000
      0.0000
      0.0000
      0.0000
      0.0000
      0.0000
      0.0000
      0.0000
      0.0000
      0.0000
      0.0000
      0.0000
      0.0000
      0.0000
      0.0000
      0.0000
      0.0000
      0.0000
      0.0000
      0.0000
      0.0000
      0.0000
      0.0000
      0.0000
      0.0000
      0.0000
      0.0000
      0.0000
      0.0000
      0.0000
      0.0000
      0.0000
      0.0000
      0.0000
      0.0000
      0.0000
      0.0000
      0.0000
      0.0000
      0.0000
      0.0000
      0.0000
      0.0000
      0.0000
      0.0000
      0.0000
      0.0000
      0.0000
      0.0000
      0.0000
      0.0000
      0.0000
      0.0000
      0.0000
      0.0000
      0.0000
      0.0000
      0.0000
      0.0000
      0.0001
      0.0003
      0.0004
      0.0001
      0.0000
      0.0000
      0.0000
      0.0000
      0.0002
      0.0001
      0.0000
      0.0000
      0.0000
      0.0000
      0.0000
      0.0000
      0.0000
      0.0000
      0.0000
      0.0005
      0.0031
      0.0045
      0.0016
      0.0001
      0.0000
      0.0000
      0.0000
      0.0244
      0.0122
      0.0015
      0.0000
      0.0000
      0.0000
      0.0000
      0.0000
      0.0000
      0.0000
      0.0000
      0.0011
      0.0077
      0.0136
      0.0060
      0.0007
      0.0000
      0.0000
      0.0000
      0.7900
      0.3950
      0.0492
      0.0015
      0.0000
      0.0000
      0.0000
      0.0000
      0.0000
      0.0000
      0.0000
      0.0006
      0.0048
      0.0103
      0.0056
      0.0008
      0.0000
      0.0001
      0.0001
      6.3370
      3.1685
      0.3950
      0.0122
      0.0001
      0.0000
      0.0000
      0.0000
      0.0000
      0.0000
      0.0000
      0.0001
      0.0007
      0.0020
      0.0017
      0.0006
      0.0013
      0.0091
      0.0182
     12.6741
      6.3370
      0.7900
      0.0244
      0.0002
      0.0000
      0.0000
      0.0000
      0.0000
      0.0000
      0.0000
      0.0000
      0.0002
      0.0029
      0.0141
      0.0187
      0.0425
      0.2953
      0.5892
      6.3370
      3.1685
      0.3950
      0.0122
      0.0001
      0.0000
      0.0002
      0.0004
      0.0002
      0.0000
      0.0000
      0.0000
      0.0010
      0.0236
      0.1372
      0.2082
      0.3676
      2.3702
      4.7262
      0.7900
      0.3950
      0.0492
      0.0015
      0.0001
      0.0019
      0.0142
      0.0271
      0.0129
      0.0015
      0.0000
      0.0000
      0.0018
      0.0492
      0.3334
      0.5816
      0.8277
      4.7513
      9.4526
      0.0244
      0.0122
      0.0015
      0.0001
      0.0016
      0.0420
      0.2816
      0.4725
      0.1983
      0.0207
      0.0005
      0.0000
      0.0008
      0.0256
      0.2026
      0.4081
      0.4911
      2.3870
      4.7270
      0.0002
      0.0001
      0.0000
      0.0010
      0.0163
      0.2442
      1.3858
      2.0474
      0.7586
      0.0700
      0.0016
      0.0000
      0.0001
      0.0033
      0.0307
      0.0717
      0.0772
      0.3004
      0.5895
      0.0000
      0.0000
      0.0007
      0.0173
      0.1209
      0.4852
      1.7538
      2.2214
      0.7256
      0.0591
      0.0012
      0.0000
      0.0000
      0.0001
      0.0012
      0.0031
      0.0032
      0.0096
      0.0186
      0.0000
      0.0000
      0.0037
      0.0794
      0.4272
      0.6733
      0.7348
      0.6840
      0.2111
      0.0175
      0.0004
      0.0000
      0.0000
      0.0000
      0.0000
      0.0001
      0.0031
      0.0243
      0.0486
      0.0000
      0.0001
      0.0050
      0.0919
      0.4232
      0.6092
      1.2291
      2.3176
      1.2305
      0.1644
      0.0054
      0.0000
      0.0000
      0.0000
      0.0000
      0.0030
      0.0979
      0.7850
      1.5699
      0.0000
      0.0000
      0.0017
      0.0268
      0.1323
      1.0813
      8.4774
     18.1916
      9.7868
      1.3133
      0.0436
      0.0004
      0.0000
      0.0000
      0.0002
      0.0242
      0.7850
      6.2962
     12.5925
      0.0000
      0.0000
      0.0003
      0.0042
      0.0689
      1.9686
     16.9056
     36.3789
     19.5732
      2.6266
      0.0872
      0.0007
      0.0000
      0.0000
      0.0004
      0.0484
      1.5699
     12.5925
     25.1850
