      0.0000
      0.0000
      0.0000
      0.0000
      0.0000
      0.0000
      0.0000
      0.0000
      0.0000
      0.0000
      0.0000
      0.0000
      0.0000
      0.0000
      0.0000
      0.0000
      0.0000
      0.0000
      0.0000
      0.0000
      0.0000
      0.0000
      0.0000
      0.0000
      0.0000
      0.0000
      0.0000
      0.0000
      0.0000
      0.0000
      0.0000
      0.0000
      0.0000
      0.0000
      0.0000
      0.0000
      0.0000
      0.0000
      0.0000
      0.0000
      0.0000
      0.0000
      0.0000
      0.0000
      0.0000
      0.0000
      0.0000
      0.0000
      0.0000
      0.0000
      0.0000
      0.0000
      0.0000
      0.0000
      0.0000
      0.0000
      0.0000
      0.0000
      0.0000
      0.0000
      0.0000
      0.0000
      0.0000
      0.0000
      0.0000
      0.0000
      0.0000
      0.0000
      0.0000
      0.0000
      0.0000
      0.0000
      0.0000
      0.0000
      0.0000
      0.0000
      0.0000
      0.0000
      0.0000
      0.0000
      0.0000
      0.0000
      0.0000
      0.0000
      0.0000
      0.0000
      0.0000
      0.0001
      0.0005
      0.0006
      0.0002
      0.0000
      0.0000
      0.0000
      0.0000
      0.0013
      0.0007
      0.0001
      0.0000
      0.0000
      0.0000
      0.0000
      0.0000
      0.0000
      0.0000
      0.0000
      0.0008
      0.0047
      0.0067
      0.0024
      0.0002
      0.0000
      0.0000
      0.0000
      0.1735
      0.0868
      0.0108
      0.0003
      0.0000
      0.0000
      0.0000
      0.0000
      0.0000
      0.0000
      0.0001
      0.0017
      0.0117
      0.0206
      0.0091
      0.0010
      0.0000
      0.0000
      0.0000
      5.6265
      2.8133
      0.3507
      0.0108
      0.0001
      0.0000
      0.0000
      0.0000
      0.0000
      0.0000
      0.0000
      0.0008
      0.0072
      0.0157
      0.0085
      0.0011
      0.0001
      0.0002
      0.0004
     45.1313
     22.5656
      2.8133
      0.0868
      0.0007
      0.0000
      0.0000
      0.0000
      0.0000
      0.0000
      0.0000
      0.0001
      0.0011
      0.0030
      0.0022
      0.0006
      0.0031
      0.0238
      0.0476
     90.2626
     45.1313
      5.6265
      0.1735
      0.0013
      0.0000
      0.0000
      0.0000
      0.0000
      0.0000
      0.0000
      0.0000
      0.0001
      0.0016
      0.0076
      0.0123
      0.0994
      0.7727
      1.5446
     45.1313
     22.5656
      2.8133
      0.0868
      0.0007
      0.0000
      0.0001
      0.0002
      0.0001
      0.0000
      0.0000
      0.0000
      0.0005
      0.0125
      0.0730
      0.1296
      0.8111
      6.1986
     12.3897
      5.6265
      2.8133
      0.3507
      0.0108
      0.0001
      0.0010
      0.0076
      0.0144
      0.0068
      0.0008
      0.0000
      0.0000
      0.0010
      0.0261
      0.1775
      0.3470
      1.6714
     12.4031
     24.7796
      0.1735
      0.0868
      0.0108
      0.0003
      0.0009
      0.0223
      0.1496
      0.2511
      0.1053
      0.0110
      0.0003
      0.0000
      0.0004
      0.0136
      0.1078
      0.2358
      0.8767
      6.2076
     12.3902
      0.0013
      0.0007
      0.0001
      0.0005
      0.0087
      0.1298
      0.7363
      1.0878
      0.4031
      0.0372
      0.0008
      0.0000
      0.0000
      0.0018
      0.0163
      0.0404
      0.1178
      0.7754
      1.5448
      0.0000
      0.0000
      0.0004
      0.0092
      0.0643
      0.2579
      0.9321
      1.1808
      0.3858
      0.0315
      0.0006
      0.0000
      0.0000
      0.0001
      0.0006
      0.0017
      0.0041
      0.0244
      0.0485
      0.0000
      0.0000
      0.0020
      0.0423
      0.2274
      0.3619
      0.4225
      0.4323
      0.1492
      0.0143
      0.0004
      0.0000
      0.0000
      0.0000
      0.0000
      0.0002
      0.0072
      0.0574
      0.1147
      0.0000
      0.0000
      0.0027
      0.0489
      0.2286
      0.4442
      1.6904
      3.4636
      1.8549
      0.2485
      0.0082
      0.0001
      0.0000
      0.0000
      0.0001
      0.0071
      0.2312
      1.8543
      3.7086
      0.0000
      0.0000
      0.0009
      0.0145
      0.0980
      1.5382
     12.8239
     27.5710
     14.8337
      1.9905
      0.0661
      0.0005
      0.0000
      0.0000
      0.0004
      0.0572
      1.8543
     14.8739
     29.7477
      0.0000
      0.0000
      0.0002
      0.0026
      0.0918
      2.9732
     25.6216
     55.1397
     29.6673
      3.9811
      0.1322
      0.0011
      0.0000
      0.0000
      0.0009
      0.1144
      3.7086
     29.7477
     59.4954
