      0.0000
      0.0000
      0.0000
      0.0000
      0.0000
      0.0000
      0.0000
      0.0000
      0.0000
      0.0000
      0.0000
      0.0000
      0.0000
      0.0000
      0.0000
      0.0000
      0.0000
      0.0000
      0.0000
      0.0000
      0.0000
      0.0000
      0.0000
      0.0000
      0.0000
      0.0000
      0.0000
      0.0000
      0.0000
      0.0000
      0.0000
      0.0000
      0.0000
      0.0000
      0.0000
      0.0000
      0.0000
      0.0000
      0.0000
      0.0000
      0.0000
      0.0000
      0.0000
      0.0000
      0.0000
      0.0000
      0.0000
      0.0000
      0.0000
      0.0000
      0.0000
      0.0000
      0.0000
      0.0000
      0.0000
      0.0000
      0.0000
      0.0000
      0.0000
      0.0000
      0.0000
      0.0000
      0.0000
      0.0000
      0.0000
      0.0000
      0.0000
      0.0000
      0.0000
      0.0000
      0.0000
      0.0000
      0.0000
      0.0000
      0.0000
      0.0000
      0.0000
      0.0000
      0.0000
      0.0000
      0.0000
      0.0000
      0.0000
      0.0000
      0.0000
      0.0000
      0.0000
      0.0001
      0.0004
      0.0005
      0.0001
      0.0000
      0.0000
      0.0000
      0.0000
      0.0019
      0.0010
      0.0001
      0.0000
      0.0000
      0.0000
      0.0000
      0.0000
      0.0000
      0.0000
      0.0000
      0.0007
      0.0041
      0.0059
      0.0021
      0.0002
      0.0000
      0.0000
      0.0000
      0.2527
      0.1263
      0.0158
      0.0005
      0.0000
      0.0000
      0.0000
      0.0000
      0.0000
      0.0000
      0.0001
      0.0014
      0.0102
      0.0179
      0.0079
      0.0009
      0.0000
      0.0000
      0.0000
      8.1935
      4.0968
      0.5107
      0.0158
      0.0001
      0.0000
      0.0000
      0.0000
      0.0000
      0.0000
      0.0000
      0.0007
      0.0063
      0.0136
      0.0074
      0.0010
      0.0000
      0.0001
      0.0002
     65.7217
     32.8609
      4.0968
      0.1263
      0.0010
      0.0000
      0.0000
      0.0000
      0.0000
      0.0000
      0.0000
      0.0001
      0.0010
      0.0026
      0.0019
      0.0005
      0.0019
      0.0147
      0.0293
    131.4434
     65.7217
      8.1935
      0.2527
      0.0019
      0.0000
      0.0000
      0.0000
      0.0000
      0.0000
      0.0000
      0.0000
      0.0001
      0.0012
      0.0055
      0.0086
      0.0614
      0.4752
      0.9499
     65.7217
     32.8609
      4.0968
      0.1263
      0.0010
      0.0000
      0.0001
      0.0001
      0.0001
      0.0000
      0.0000
      0.0000
      0.0004
      0.0091
      0.0529
      0.0913
      0.5029
      3.8122
      7.6190
      8.1935
      4.0968
      0.5107
      0.0158
      0.0001
      0.0007
      0.0055
      0.0104
      0.0050
      0.0006
      0.0000
      0.0000
      0.0007
      0.0190
      0.1286
      0.2463
      1.0417
      7.6287
     15.2382
      0.2527
      0.1263
      0.0158
      0.0005
      0.0006
      0.0162
      0.1084
      0.1820
      0.0764
      0.0080
      0.0002
      0.0000
      0.0003
      0.0099
      0.0781
      0.1683
      0.5506
      3.8187
      7.6194
      0.0019
      0.0010
      0.0001
      0.0003
      0.0055
      0.0927
      0.5332
      0.7885
      0.2922
      0.0270
      0.0006
      0.0000
      0.0000
      0.0013
      0.0118
      0.0290
      0.0748
      0.4772
      0.9500
      0.0000
      0.0000
      0.0002
      0.0047
      0.0346
      0.1685
      0.6686
      0.8554
      0.2797
      0.0228
      0.0005
      0.0000
      0.0000
      0.0000
      0.0004
      0.0013
      0.0027
      0.0157
      0.0312
      0.0000
      0.0000
      0.0010
      0.0216
      0.1170
      0.1998
      0.2925
      0.3272
      0.1165
      0.0115
      0.0003
      0.0000
      0.0000
      0.0000
      0.0000
      0.0005
      0.0156
      0.1248
      0.2496
      0.0000
      0.0000
      0.0014
      0.0250
      0.1189
      0.2948
      1.4437
      3.0130
      1.6154
      0.2165
      0.0072
      0.0001
      0.0000
      0.0000
      0.0001
      0.0155
      0.5042
      4.0441
      8.0883
      0.0000
      0.0000
      0.0005
      0.0075
      0.0654
      1.3207
     11.1691
     24.0234
     12.9252
      1.7344
      0.0576
      0.0005
      0.0000
      0.0000
      0.0009
      0.1247
      4.0441
     32.4387
     64.8775
      0.0000
      0.0000
      0.0001
      0.0016
      0.0775
      2.5886
     22.3247
     48.0454
     25.8503
      3.4689
      0.1152
      0.0009
      0.0000
      0.0000
      0.0019
      0.2494
      8.0883
     64.8775
    129.7549
