      0.0000
      0.0000
      0.0000
      0.0000
      0.0000
      0.0000
      0.0000
      0.0000
      0.0000
      0.0000
      0.0000
      0.0000
      0.0000
      0.0000
      0.0000
      0.0000
      0.0000
      0.0000
      0.0000
      0.0000
      0.0000
      0.0000
      0.0000
      0.0000
      0.0000
      0.0000
      0.0000
      0.0000
      0.0000
      0.0000
      0.0000
      0.0000
      0.0000
      0.0000
      0.0000
      0.0000
      0.0000
      0.0000
      0.0000
      0.0000
      0.0000
      0.0000
      0.0000
      0.0000
      0.0000
      0.0000
      0.0000
      0.0000
      0.0000
      0.0000
      0.0000
      0.0000
      0.0000
      0.0000
      0.0000
      0.0000
      0.0000
      0.0000
      0.0000
      0.0000
      0.0000
      0.0000
      0.0000
      0.0000
      0.0000
      0.0000
      0.0000
      0.0000
      0.0000
      0.0000
      0.0000
      0.0000
      0.0000
      0.0000
      0.0000
      0.0000
      0.0000
      0.0000
      0.0000
      0.0000
      0.0000
      0.0000
      0.0000
      0.0000
      0.0000
      0.0000
      0.0000
      0.0001
      0.0005
      0.0006
      0.0002
      0.0000
      0.0000
      0.0000
      0.0000
      0.0015
      0.0007
      0.0001
      0.0000
      0.0000
      0.0000
      0.0000
      0.0000
      0.0000
      0.0000
      0.0000
      0.0009
      0.0050
      0.0072
      0.0026
      0.0002
      0.0000
      0.0000
      0.0000
      0.1934
      0.0967
      0.0121
      0.0004
      0.0000
      0.0000
      0.0000
      0.0000
      0.0000
      0.0000
      0.0001
      0.0018
      0.0125
      0.0220
      0.0097
      0.0011
      0.0000
      0.0000
      0.0000
      6.2720
      3.1360
      0.3910
      0.0121
      0.0001
      0.0000
      0.0000
      0.0000
      0.0000
      0.0000
      0.0000
      0.0009
      0.0077
      0.0167
      0.0090
      0.0012
      0.0001
      0.0002
      0.0004
     50.3086
     25.1543
      3.1360
      0.0967
      0.0007
      0.0000
      0.0000
      0.0000
      0.0000
      0.0000
      0.0000
      0.0001
      0.0012
      0.0032
      0.0022
      0.0005
      0.0038
      0.0299
      0.0597
    100.6173
     50.3086
      6.2720
      0.1934
      0.0015
      0.0000
      0.0000
      0.0000
      0.0000
      0.0000
      0.0000
      0.0000
      0.0001
      0.0007
      0.0029
      0.0072
      0.1219
      0.9684
      1.9365
     50.3086
     25.1543
      3.1360
      0.0967
      0.0007
      0.0000
      0.0000
      0.0001
      0.0000
      0.0000
      0.0000
      0.0000
      0.0002
      0.0046
      0.0267
      0.0683
      0.9826
      7.7680
     15.5329
      6.2720
      3.1360
      0.3910
      0.0121
      0.0001
      0.0004
      0.0027
      0.0052
      0.0025
      0.0003
      0.0000
      0.0000
      0.0003
      0.0095
      0.0647
      0.1684
      1.9826
     15.5379
     31.0658
      0.1934
      0.0967
      0.0121
      0.0004
      0.0003
      0.0082
      0.0543
      0.0911
      0.0382
      0.0040
      0.0001
      0.0000
      0.0002
      0.0049
      0.0393
      0.1068
      1.0062
      7.7711
     15.5330
      0.0015
      0.0007
      0.0001
      0.0004
      0.0049
      0.0502
      0.2687
      0.3951
      0.1463
      0.0135
      0.0003
      0.0000
      0.0000
      0.0006
      0.0060
      0.0173
      0.1285
      0.9694
      1.9365
      0.0000
      0.0000
      0.0003
      0.0079
      0.0513
      0.1366
      0.3552
      0.4308
      0.1404
      0.0115
      0.0002
      0.0000
      0.0000
      0.0000
      0.0002
      0.0007
      0.0042
      0.0307
      0.0613
      0.0000
      0.0000
      0.0017
      0.0363
      0.1938
      0.2826
      0.2369
      0.2357
      0.0945
      0.0106
      0.0003
      0.0000
      0.0000
      0.0000
      0.0000
      0.0004
      0.0130
      0.1045
      0.2091
      0.0000
      0.0000
      0.0023
      0.0420
      0.1973
      0.4178
      1.7764
      3.6851
      1.9782
      0.2653
      0.0088
      0.0001
      0.0000
      0.0000
      0.0001
      0.0130
      0.4217
      3.3827
      6.7655
      0.0000
      0.0000
      0.0008
      0.0125
      0.0931
      1.6322
     13.7006
     29.4620
     15.8513
      2.1271
      0.0706
      0.0006
      0.0000
      0.0000
      0.0008
      0.1043
      3.3827
     27.1337
     54.2673
      0.0000
      0.0000
      0.0001
      0.0024
      0.0967
      3.1759
     27.3791
     58.9224
     31.7026
      4.2542
      0.1413
      0.0011
      0.0000
      0.0000
      0.0016
      0.2086
      6.7655
     54.2673
    108.5346
