      0.3696
      0.3759
      0.3919
      0.4122
      0.4331
      0.4529
      0.4690
      0.4762
      0.4710
      0.4533
      0.4239
      0.3813
      0.3228
      0.2506
      0.1747
      0.1083
      0.0604
      0.0331
      0.0245
      0.3602
      0.3654
      0.3784
      0.3945
      0.4111
      0.4276
      0.4426
      0.4525
      0.4546
      0.4485
      0.4335
      0.4047
      0.3558
      0.2866
      0.2070
      0.1328
      0.0765
      0.0432
      0.0325
      0.3384
      0.3403
      0.3447
      0.3495
      0.3550
      0.3638
      0.3774
      0.3954
      0.4174
      0.4431
      0.4678
      0.4782
      0.4576
      0.3978
      0.3080
      0.2108
      0.1293
      0.0777
      0.0603
      0.3240
      0.3206
      0.3111
      0.2990
      0.2902
      0.2911
      0.3058
      0.3366
      0.3857
      0.4541
      0.5340
      0.6020
      0.6260
      0.5839
      0.4814
      0.3500
      0.2294
      0.1485
      0.1205
      0.3497
      0.3381
      0.3085
      0.2733
      0.2472
      0.2407
      0.2585
      0.3024
      0.3765
      0.4853
      0.6214
      0.7539
      0.8339
      0.8213
      0.7137
      0.5500
      0.3880
      0.2747
      0.2348
      0.4483
      0.4250
      0.3660
      0.2979
      0.2475
      0.2301
      0.2475
      0.2976
      0.3844
      0.5174
      0.6947
      0.8837
      1.0232
      1.0555
      0.9663
      0.7961
      0.6149
      0.4841
      0.4373
      0.6292
      0.5902
      0.4921
      0.3790
      0.2935
      0.2558
      0.2634
      0.3070
      0.3881
      0.5211
      0.7127
      0.9362
      1.1283
      1.2215
      1.1899
      1.0670
      0.9209
      0.8123
      0.7733
      0.8557
      0.7996
      0.6580
      0.4937
      0.3654
      0.2989
      0.2868
      0.3118
      0.3712
      0.4814
      0.6581
      0.8870
      1.1158
      1.2815
      1.3529
      1.3490
      1.3159
      1.2895
      1.2807
      1.0488
      0.9790
      0.8029
      0.5971
      0.4327
      0.3395
      0.3061
      0.3086
      0.3388
      0.4127
      0.5525
      0.7600
      1.0056
      1.2458
      1.4545
      1.6328
      1.7871
      1.9025
      1.9466
      1.1251
      1.0513
      0.8651
      0.6479
      0.4739
      0.3727
      0.3298
      0.3160
      0.3189
      0.3521
      0.4429
      0.6101
      0.8521
      1.1549
      1.5057
      1.8896
      2.2652
      2.5521
      2.6609
      1.0488
      0.9839
      0.8219
      0.6367
      0.4945
      0.4175
      0.3862
      0.3678
      0.3472
      0.3378
      0.3727
      0.4868
      0.7049
      1.0417
      1.5003
      2.0544
      2.6207
      3.0584
      3.2248
      0.8557
      0.8119
      0.7061
      0.5957
      0.5277
      0.5094
      0.5115
      0.4971
      0.4512
      0.3920
      0.3624
      0.4120
      0.5849
      0.9149
      1.4162
      2.0565
      2.7269
      3.2494
      3.4484
      0.6292
      0.6138
      0.5851
      0.5789
      0.6168
      0.6836
      0.7343
      0.7250
      0.6437
      0.5202
      0.4129
      0.3855
      0.4927
      0.7755
      1.2508
      1.8838
      2.5586
      3.0884
      3.2906
      0.4483
      0.4636
      0.5188
      0.6295
      0.7901
      0.9583
      1.0667
      1.0599
      0.9298
      0.7235
      0.5214
      0.4036
      0.4310
      0.6427
      1.0520
      1.6229
      2.2431
      2.7341
      2.9220
      0.3497
      0.3936
      0.5292
      0.7560
      1.0451
      1.3253
      1.5010
      1.4987
      1.3109
      1.0053
      0.6910
      0.4702
      0.4124
      0.5541
      0.9031
      1.4210
      1.9972
      2.4584
      2.6358
      0.3240
      0.3922
      0.5979
      0.9316
      1.3471
      1.7466
      2.0023
      2.0144
      1.7702
      1.3570
      0.9180
      0.5860
      0.4463
      0.5386
      0.8676
      1.3896
      1.9852
      2.4675
      2.6538
      0.3384
      0.4252
      0.6861
      1.1089
      1.6377
      2.1529
      2.4948
      2.5331
      2.2434
      1.7294
      1.1687
      0.7296
      0.5199
      0.5882
      0.9400
      1.5244
      2.2025
      2.7558
      2.9703
      0.3602
      0.4587
      0.7556
      1.2392
      1.8495
      2.4531
      2.8655
      2.9309
      2.6128
      2.0249
      1.3723
      0.8526
      0.5942
      0.6561
      1.0460
      1.7064
      2.4784
      3.1105
      3.3560
      0.3696
      0.4721
      0.7815
      1.2869
      1.9273
      2.5644
      3.0045
      3.0816
      2.7539
      2.1388
      1.4515
      0.9014
      0.6254
      0.6869
      1.0947
      1.7888
      2.6017
      3.2679
      3.5267
