      0.0600
      0.0649
      0.0772
      0.0931
      0.1126
      0.1378
      0.1670
      0.1939
      0.2153
      0.2333
      0.2450
      0.2372
      0.1997
      0.1405
      0.0809
      0.0379
      0.0146
      0.0052
      0.0029
      0.0616
      0.0658
      0.0762
      0.0893
      0.1053
      0.1265
      0.1520
      0.1764
      0.1976
      0.2176
      0.2332
      0.2313
      0.2003
      0.1455
      0.0870
      0.0425
      0.0171
      0.0062
      0.0035
      0.0726
      0.0742
      0.0776
      0.0817
      0.0880
      0.1000
      0.1176
      0.1378
      0.1594
      0.1844
      0.2106
      0.2246
      0.2108
      0.1675
      0.1103
      0.0597
      0.0267
      0.0107
      0.0062
      0.1243
      0.1182
      0.1028
      0.0858
      0.0754
      0.0767
      0.0889
      0.1080
      0.1319
      0.1634
      0.2033
      0.2398
      0.2509
      0.2224
      0.1632
      0.0984
      0.0494
      0.0227
      0.0148
      0.3021
      0.2750
      0.2092
      0.1388
      0.0920
      0.0776
      0.0881
      0.1103
      0.1369
      0.1724
      0.2251
      0.2872
      0.3285
      0.3182
      0.2545
      0.1684
      0.0958
      0.0536
      0.0407
      0.7541
      0.6778
      0.4945
      0.3002
      0.1691
      0.1180
      0.1218
      0.1454
      0.1695
      0.2012
      0.2598
      0.3448
      0.4191
      0.4336
      0.3737
      0.2741
      0.1851
      0.1334
      0.1179
      1.6090
      1.4425
      1.0423
      0.6178
      0.3262
      0.1981
      0.1768
      0.1910
      0.2029
      0.2204
      0.2738
      0.3716
      0.4757
      0.5260
      0.4976
      0.4244
      0.3621
      0.3352
      0.3303
      2.7887
      2.4987
      1.8013
      1.0591
      0.5413
      0.2966
      0.2278
      0.2193
      0.2115
      0.2095
      0.2488
      0.3465
      0.4732
      0.5747
      0.6263
      0.6586
      0.7149
      0.7885
      0.8241
      3.8833
      3.4791
      2.5064
      1.4686
      0.7371
      0.3775
      0.2571
      0.2233
      0.1975
      0.1785
      0.2013
      0.2905
      0.4362
      0.6084
      0.7989
      1.0372
      1.3353
      1.6144
      1.7321
      4.3367
      3.8856
      2.8001
      1.6418
      0.8242
      0.4191
      0.2786
      0.2340
      0.1978
      0.1642
      0.1680
      0.2446
      0.4096
      0.6675
      1.0385
      1.5555
      2.1870
      2.7515
      2.9834
      3.8833
      3.4809
      2.5146
      1.4897
      0.7781
      0.4418
      0.3395
      0.3087
      0.2642
      0.2052
      0.1766
      0.2300
      0.4057
      0.7387
      1.2753
      2.0522
      2.9957
      3.8270
      4.1655
      2.7887
      2.5040
      1.8255
      1.1230
      0.6685
      0.4990
      0.4879
      0.4873
      0.4234
      0.3136
      0.2272
      0.2359
      0.3950
      0.7533
      1.3678
      2.2727
      3.3681
      4.3264
      4.7149
      1.6090
      1.4535
      1.0932
      0.7528
      0.5955
      0.6256
      0.7227
      0.7489
      0.6458
      0.4606
      0.2953
      0.2391
      0.3476
      0.6639
      1.2388
      2.0983
      3.1390
      4.0463
      4.4132
      0.7541
      0.6961
      0.5783
      0.5204
      0.6034
      0.7994
      0.9826
      1.0174
      0.8621
      0.5966
      0.3529
      0.2295
      0.2718
      0.5088
      0.9823
      1.7165
      2.6191
      3.4101
      3.7303
      0.3021
      0.3000
      0.3231
      0.4341
      0.6664
      0.9681
      1.2031
      1.2340
      1.0318
      0.7014
      0.3961
      0.2191
      0.2079
      0.3882
      0.8148
      1.5320
      2.4533
      3.2781
      3.6148
      0.1243
      0.1476
      0.2362
      0.4295
      0.7413
      1.1078
      1.3828
      1.4200
      1.1896
      0.8097
      0.4518
      0.2310
      0.1924
      0.3841
      0.9122
      1.8739
      3.1647
      4.3456
      4.8319
      0.0726
      0.1052
      0.2192
      0.4493
      0.8082
      1.2312
      1.5612
      1.6294
      1.3883
      0.9606
      0.5423
      0.2750
      0.2287
      0.4968
      1.2683
      2.7187
      4.7003
      6.5292
      7.2851
      0.0616
      0.0969
      0.2192
      0.4666
      0.8587
      1.3350
      1.7266
      1.8366
      1.5930
      1.1203
      0.6416
      0.3295
      0.2830
      0.6413
      1.6739
      3.6295
      6.3135
      8.7964
      9.8235
      0.0600
      0.0958
      0.2200
      0.4730
      0.8787
      1.3785
      1.7985
      1.9282
      1.6841
      1.1917
      0.6861
      0.3545
      0.3083
      0.7064
      1.8519
      4.0237
      7.0069
      9.7677
     10.9101
