      0.2366
      0.2553
      0.2946
      0.3210
      0.3171
      0.2936
      0.2699
      0.2530
      0.2405
      0.2316
      0.2249
      0.2104
      0.1772
      0.1274
      0.0759
      0.0370
      0.0149
      0.0055
      0.0031
      0.2338
      0.2503
      0.2838
      0.3036
      0.2949
      0.2688
      0.2443
      0.2287
      0.2206
      0.2199
      0.2246
      0.2226
      0.1988
      0.1517
      0.0962
      0.0501
      0.0215
      0.0082
      0.0047
      0.2274
      0.2373
      0.2548
      0.2576
      0.2374
      0.2066
      0.1819
      0.1707
      0.1750
      0.1981
      0.2376
      0.2749
      0.2812
      0.2424
      0.1721
      0.0997
      0.0473
      0.0196
      0.0115
      0.2399
      0.2385
      0.2294
      0.2059
      0.1705
      0.1357
      0.1133
      0.1099
      0.1326
      0.1921
      0.2892
      0.3956
      0.4580
      0.4356
      0.3367
      0.2108
      0.1081
      0.0492
      0.0312
      0.3501
      0.3273
      0.2682
      0.1949
      0.1296
      0.0848
      0.0637
      0.0684
      0.1105
      0.2115
      0.3806
      0.5813
      0.7272
      0.7368
      0.6034
      0.4017
      0.2231
      0.1154
      0.0814
      0.6980
      0.6314
      0.4684
      0.2874
      0.1496
      0.0715
      0.0415
      0.0487
      0.1035
      0.2367
      0.4695
      0.7640
      1.0057
      1.0690
      0.9222
      0.6577
      0.4091
      0.2551
      0.2062
      1.4037
      1.2591
      0.9088
      0.5286
      0.2496
      0.0995
      0.0424
      0.0420
      0.0962
      0.2368
      0.4952
      0.8427
      1.1589
      1.2934
      1.1901
      0.9407
      0.6977
      0.5518
      0.5077
      2.4013
      2.1505
      1.5442
      0.8891
      0.4119
      0.1576
      0.0586
      0.0420
      0.0823
      0.2012
      0.4333
      0.7675
      1.1080
      1.3189
      1.3400
      1.2467
      1.1674
      1.1533
      1.1607
      3.3348
      2.9858
      2.1428
      1.2333
      0.5729
      0.2228
      0.0860
      0.0532
      0.0731
      0.1515
      0.3199
      0.5873
      0.9043
      1.1893
      1.4114
      1.6311
      1.9118
      2.1942
      2.3179
      3.7225
      3.3336
      2.3950
      1.3852
      0.6571
      0.2776
      0.1335
      0.0952
      0.0947
      0.1266
      0.2200
      0.4026
      0.6759
      1.0293
      1.4881
      2.1130
      2.8851
      3.5837
      3.8723
      3.3348
      2.9891
      2.1574
      1.2706
      0.6454
      0.3368
      0.2321
      0.2020
      0.1785
      0.1586
      0.1780
      0.2817
      0.5096
      0.9104
      1.5649
      2.5454
      3.7642
      4.8487
      5.2915
      2.4013
      2.1603
      1.5869
      0.9946
      0.6091
      0.4559
      0.4283
      0.4098
      0.3475
      0.2586
      0.1986
      0.2278
      0.4038
      0.8015
      1.5284
      2.6626
      4.0825
      5.3423
      5.8553
      1.4037
      1.2815
      1.0047
      0.7582
      0.6630
      0.7004
      0.7598
      0.7372
      0.6056
      0.4186
      0.2633
      0.2123
      0.3185
      0.6465
      1.2916
      2.3197
      3.6124
      4.7590
      5.2255
      0.6980
      0.6733
      0.6456
      0.7030
      0.8783
      1.1010
      1.2387
      1.1893
      0.9549
      0.6371
      0.3639
      0.2194
      0.2383
      0.4498
      0.9084
      1.6528
      2.5916
      3.4241
      3.7626
      0.3501
      0.3922
      0.5416
      0.8324
      1.2393
      1.6427
      1.8699
      1.7972
      1.4420
      0.9575
      0.5285
      0.2641
      0.1826
      0.2694
      0.5279
      0.9649
      1.5195
      2.0114
      2.2114
      0.2399
      0.3231
      0.5882
      1.0520
      1.6677
      2.2812
      2.6614
      2.6190
      2.1486
      1.4535
      0.8059
      0.3739
      0.1755
      0.1549
      0.2653
      0.4834
      0.7671
      1.0200
      1.1230
      0.2274
      0.3327
      0.6670
      1.2570
      2.0688
      2.9355
      3.5519
      3.6153
      3.0531
      2.1143
      1.1906
      0.5455
      0.2159
      0.1109
      0.1382
      0.2474
      0.4007
      0.5400
      0.5970
      0.2338
      0.3486
      0.7174
      1.3882
      2.3562
      3.4554
      4.3130
      4.5066
      3.8852
      2.7329
      1.5561
      0.7145
      0.2708
      0.1076
      0.0983
      0.1713
      0.2854
      0.3919
      0.4358
      0.2366
      0.3537
      0.7325
      1.4317
      2.4612
      3.6579
      4.6201
      4.8733
      4.2312
      2.9917
      1.7096
      0.7863
      0.2959
      0.1113
      0.0920
      0.1588
      0.2676
      0.3700
      0.4125
