      0.2582
      0.2804
      0.3245
      0.3443
      0.3132
      0.2454
      0.1778
      0.1385
      0.1345
      0.1564
      0.1838
      0.1930
      0.1706
      0.1238
      0.0731
      0.0350
      0.0138
      0.0050
      0.0028
      0.2566
      0.2760
      0.3133
      0.3264
      0.2923
      0.2262
      0.1627
      0.1273
      0.1261
      0.1506
      0.1825
      0.1981
      0.1820
      0.1380
      0.0856
      0.0434
      0.0181
      0.0068
      0.0038
      0.2523
      0.2638
      0.2827
      0.2785
      0.2384
      0.1787
      0.1274
      0.1031
      0.1100
      0.1431
      0.1890
      0.2247
      0.2276
      0.1914
      0.1322
      0.0746
      0.0345
      0.0140
      0.0081
      0.2671
      0.2657
      0.2552
      0.2249
      0.1770
      0.1276
      0.0945
      0.0867
      0.1060
      0.1531
      0.2231
      0.2940
      0.3302
      0.3068
      0.2329
      0.1437
      0.0725
      0.0322
      0.0198
      0.3849
      0.3602
      0.2960
      0.2160
      0.1454
      0.1008
      0.0855
      0.0945
      0.1260
      0.1882
      0.2883
      0.4070
      0.4913
      0.4895
      0.3971
      0.2621
      0.1430
      0.0708
      0.0479
      0.7578
      0.6862
      0.5115
      0.3204
      0.1823
      0.1173
      0.1076
      0.1260
      0.1621
      0.2312
      0.3552
      0.5211
      0.6613
      0.6943
      0.5957
      0.4206
      0.2530
      0.1461
      0.1112
      1.5171
      1.3619
      0.9875
      0.5873
      0.3074
      0.1782
      0.1504
      0.1635
      0.1910
      0.2511
      0.3786
      0.5708
      0.7571
      0.8373
      0.7660
      0.5920
      0.4108
      0.2905
      0.2505
      2.5924
      2.3232
      1.6749
      0.9831
      0.4968
      0.2623
      0.1923
      0.1852
      0.1933
      0.2307
      0.3376
      0.5234
      0.7307
      0.8637
      0.8653
      0.7648
      0.6428
      0.5604
      0.5336
      3.5992
      3.2245
      2.3222
      1.3579
      0.6752
      0.3353
      0.2181
      0.1868
      0.1740
      0.1850
      0.2574
      0.4109
      0.6146
      0.7998
      0.9139
      0.9614
      0.9838
      1.0057
      1.0168
      4.0175
      3.5997
      2.5941
      1.5199
      0.7589
      0.3773
      0.2403
      0.1959
      0.1676
      0.1533
      0.1872
      0.2988
      0.4866
      0.7185
      0.9586
      1.1917
      1.4112
      1.5835
      1.6511
      3.5992
      3.2278
      2.3363
      1.3907
      0.7318
      0.4137
      0.3065
      0.2660
      0.2210
      0.1736
      0.1628
      0.2294
      0.3947
      0.6561
      0.9954
      1.3874
      1.7855
      2.1002
      2.2223
      2.5924
      2.3337
      1.7194
      1.0872
      0.6781
      0.5149
      0.4789
      0.4463
      0.3660
      0.2610
      0.1886
      0.2014
      0.3310
      0.5873
      0.9624
      1.4284
      1.9184
      2.3099
      2.4621
      1.5171
      1.3866
      1.0915
      0.8286
      0.7230
      0.7501
      0.7924
      0.7477
      0.5975
      0.4022
      0.2469
      0.1935
      0.2697
      0.4819
      0.8246
      1.2732
      1.7595
      2.1541
      2.3083
      0.7578
      0.7327
      0.7051
      0.7631
      0.9317
      1.1303
      1.2277
      1.1391
      0.8860
      0.5749
      0.3222
      0.1948
      0.2085
      0.3599
      0.6467
      1.0568
      1.5283
      1.9244
      2.0817
      0.3849
      0.4312
      0.5898
      0.8818
      1.2608
      1.5949
      1.7301
      1.5887
      1.2240
      0.7858
      0.4242
      0.2167
      0.1718
      0.2835
      0.5673
      1.0379
      1.6324
      2.1590
      2.3729
      0.2671
      0.3551
      0.6259
      1.0681
      1.5985
      2.0538
      2.2532
      2.0993
      1.6463
      1.0757
      0.5839
      0.2800
      0.1838
      0.3035
      0.6957
      1.4213
      2.3960
      3.2871
      3.6540
      0.2523
      0.3597
      0.6847
      1.2096
      1.8495
      2.4352
      2.7555
      2.6570
      2.1553
      1.4512
      0.8053
      0.3856
      0.2422
      0.4130
      1.0143
      2.1670
      3.7457
      5.2033
      5.8057
      0.2566
      0.3694
      0.7114
      1.2725
      1.9854
      2.6907
      3.1482
      3.1369
      2.6183
      1.8041
      1.0187
      0.4927
      0.3109
      0.5415
      1.3566
      2.9308
      5.0968
      7.1013
      7.9306
      0.2582
      0.3714
      0.7155
      1.2859
      2.0256
      2.7817
      3.3014
      3.3324
      2.8110
      1.9526
      1.1091
      0.5386
      0.3414
      0.5983
      1.5045
      3.2567
      5.6696
      7.9034
      8.8278
