      0.0031
      0.0030
      0.0029
      0.0041
      0.0086
      0.0183
      0.0317
      0.0447
      0.0605
      0.0890
      0.1258
      0.1421
      0.1179
      0.0700
      0.0295
      0.0088
      0.0019
      0.0003
      0.0001
      0.0029
      0.0029
      0.0030
      0.0040
      0.0078
      0.0159
      0.0269
      0.0378
      0.0518
      0.0786
      0.1153
      0.1358
      0.1185
      0.0749
      0.0341
      0.0111
      0.0026
      0.0004
      0.0001
      0.0025
      0.0026
      0.0030
      0.0038
      0.0059
      0.0104
      0.0166
      0.0232
      0.0339
      0.0580
      0.0974
      0.1330
      0.1368
      0.1037
      0.0575
      0.0232
      0.0068
      0.0015
      0.0004
      0.0021
      0.0024
      0.0027
      0.0031
      0.0037
      0.0054
      0.0081
      0.0119
      0.0214
      0.0486
      0.1059
      0.1821
      0.2315
      0.2134
      0.1415
      0.0671
      0.0227
      0.0056
      0.0019
      0.0021
      0.0022
      0.0022
      0.0021
      0.0022
      0.0032
      0.0054
      0.0095
      0.0214
      0.0619
      0.1634
      0.3262
      0.4692
      0.4808
      0.3499
      0.1807
      0.0666
      0.0187
      0.0078
      0.0028
      0.0026
      0.0021
      0.0016
      0.0021
      0.0044
      0.0087
      0.0147
      0.0297
      0.0853
      0.2409
      0.5173
      0.7961
      0.8694
      0.6732
      0.3714
      0.1510
      0.0546
      0.0326
      0.0060
      0.0051
      0.0033
      0.0023
      0.0035
      0.0081
      0.0152
      0.0225
      0.0360
      0.0929
      0.2696
      0.6109
      0.9940
      1.1486
      0.9462
      0.5706
      0.2865
      0.1723
      0.1519
      0.0130
      0.0110
      0.0068
      0.0042
      0.0057
      0.0121
      0.0207
      0.0268
      0.0340
      0.0744
      0.2178
      0.5204
      0.8989
      1.1114
      1.0055
      0.7352
      0.5783
      0.6033
      0.6489
      0.0215
      0.0181
      0.0112
      0.0066
      0.0081
      0.0158
      0.0254
      0.0301
      0.0304
      0.0477
      0.1306
      0.3307
      0.6237
      0.8698
      0.9643
      1.0426
      1.3600
      1.8704
      2.1347
      0.0255
      0.0215
      0.0136
      0.0094
      0.0149
      0.0318
      0.0528
      0.0633
      0.0562
      0.0470
      0.0742
      0.1871
      0.4152
      0.7320
      1.1250
      1.7768
      2.9562
      4.3886
      5.0733
      0.0215
      0.0184
      0.0134
      0.0174
      0.0450
      0.1050
      0.1779
      0.2142
      0.1837
      0.1168
      0.0797
      0.1383
      0.3585
      0.7946
      1.5200
      2.7962
      4.9363
      7.4113
      8.5740
      0.0130
      0.0119
      0.0147
      0.0425
      0.1336
      0.3123
      0.5182
      0.6086
      0.5066
      0.3015
      0.1468
      0.1400
      0.3477
      0.8495
      1.7592
      3.3613
      5.9601
      8.9044
     10.2775
      0.0060
      0.0075
      0.0227
      0.0934
      0.2993
      0.6822
      1.0993
      1.2534
      1.0117
      0.5796
      0.2484
      0.1425
      0.2807
      0.7050
      1.5108
      2.9172
      5.1365
      7.6083
      8.7538
      0.0028
      0.0069
      0.0357
      0.1564
      0.4907
      1.0880
      1.7056
      1.8926
      1.4871
      0.8275
      0.3324
      0.1316
      0.1713
      0.4241
      0.9353
      1.8292
      3.2109
      4.7256
      5.4228
      0.0021
      0.0079
      0.0468
      0.2039
      0.6291
      1.3736
      2.1252
      2.3326
      1.8166
      1.0031
      0.3946
      0.1244
      0.0850
      0.1906
      0.4515
      0.9527
      1.7577
      2.6446
      3.0520
      0.0021
      0.0091
      0.0553
      0.2434
      0.7624
      1.6977
      2.6899
      3.0341
      2.4361
      1.3907
      0.5639
      0.1661
      0.0554
      0.0926
      0.2936
      0.8195
      1.7925
      2.9140
      3.4341
      0.0025
      0.0109
      0.0697
      0.3208
      1.0509
      2.4463
      4.0470
      4.7594
      3.9773
      2.3585
      0.9901
      0.2950
      0.0765
      0.1038
      0.4343
      1.4328
      3.3808
      5.6638
      6.7272
      0.0029
      0.0136
      0.0907
      0.4334
      1.4654
      3.5045
      5.9343
      7.1211
      6.0559
      3.6459
      1.5506
      0.4662
      0.1181
      0.1571
      0.6903
      2.3308
      5.5518
      9.3348
     11.0981
      0.0031
      0.0150
      0.1016
      0.4914
      1.6761
      4.0367
      6.8744
      8.2878
      7.0751
      4.2730
      1.8221
      0.5489
      0.1390
      0.1852
      0.8169
      2.7636
      6.5881
     11.0808
     13.1749
