      0.0465
      0.0611
      0.0912
      0.1076
      0.0956
      0.0703
      0.0531
      0.0461
      0.0413
      0.0386
      0.0402
      0.0407
      0.0331
      0.0199
      0.0087
      0.0027
      0.0006
      0.0001
      0.0000
      0.0490
      0.0627
      0.0898
      0.1023
      0.0878
      0.0624
      0.0457
      0.0390
      0.0354
      0.0345
      0.0389
      0.0429
      0.0384
      0.0258
      0.0127
      0.0046
      0.0012
      0.0002
      0.0001
      0.0506
      0.0611
      0.0800
      0.0838
      0.0665
      0.0434
      0.0291
      0.0240
      0.0233
      0.0285
      0.0433
      0.0624
      0.0708
      0.0596
      0.0364
      0.0161
      0.0051
      0.0012
      0.0004
      0.0472
      0.0524
      0.0595
      0.0555
      0.0397
      0.0232
      0.0142
      0.0120
      0.0159
      0.0329
      0.0746
      0.1367
      0.1837
      0.1771
      0.1216
      0.0592
      0.0205
      0.0051
      0.0018
      0.0694
      0.0646
      0.0520
      0.0355
      0.0203
      0.0106
      0.0071
      0.0085
      0.0180
      0.0536
      0.1453
      0.2957
      0.4310
      0.4460
      0.3271
      0.1700
      0.0631
      0.0180
      0.0077
      0.2279
      0.1939
      0.1199
      0.0549
      0.0199
      0.0083
      0.0078
      0.0120
      0.0257
      0.0786
      0.2263
      0.4890
      0.7547
      0.8257
      0.6406
      0.3548
      0.1460
      0.0547
      0.0339
      0.7403
      0.6232
      0.3717
      0.1574
      0.0491
      0.0160
      0.0132
      0.0178
      0.0307
      0.0861
      0.2555
      0.5812
      0.9459
      1.0928
      0.9015
      0.5482
      0.2837
      0.1799
      0.1623
      1.7581
      1.4788
      0.8795
      0.3700
      0.1125
      0.0314
      0.0187
      0.0207
      0.0279
      0.0679
      0.2055
      0.4918
      0.8459
      1.0405
      0.9408
      0.7028
      0.5865
      0.6402
      0.6953
      2.9562
      2.4863
      1.4784
      0.6214
      0.1873
      0.0478
      0.0216
      0.0195
      0.0206
      0.0397
      0.1185
      0.2993
      0.5516
      0.7494
      0.8282
      0.9569
      1.3729
      1.9722
      2.2705
      3.5149
      2.9562
      1.7579
      0.7392
      0.2235
      0.0582
      0.0272
      0.0242
      0.0211
      0.0234
      0.0534
      0.1396
      0.2900
      0.4888
      0.8053
      1.5251
      2.9146
      4.5672
      5.3429
      2.9562
      2.4866
      1.4798
      0.6262
      0.1999
      0.0732
      0.0603
      0.0630
      0.0523
      0.0347
      0.0310
      0.0646
      0.1633
      0.3864
      0.9348
      2.2679
      4.7390
      7.6035
      8.9352
      1.7581
      1.4801
      0.8869
      0.3940
      0.1702
      0.1380
      0.1696
      0.1803
      0.1434
      0.0840
      0.0422
      0.0444
      0.1197
      0.3525
      1.0014
      2.6100
      5.5769
      9.0030
     10.5937
      0.7403
      0.6285
      0.3999
      0.2418
      0.2322
      0.3210
      0.4075
      0.4065
      0.3050
      0.1686
      0.0712
      0.0410
      0.0886
      0.2769
      0.8239
      2.1840
      4.6868
      7.5738
      8.9138
      0.2279
      0.2093
      0.1983
      0.2752
      0.4585
      0.6730
      0.7956
      0.7385
      0.5247
      0.2780
      0.1093
      0.0414
      0.0537
      0.1636
      0.4969
      1.3264
      2.8489
      4.6025
      5.4161
      0.0694
      0.0964
      0.2110
      0.4670
      0.8425
      1.2051
      1.3816
      1.2638
      0.8986
      0.4809
      0.1892
      0.0577
      0.0310
      0.0768
      0.2453
      0.6798
      1.4843
      2.4126
      2.8434
      0.0472
      0.0996
      0.2958
      0.6999
      1.2949
      1.9398
      2.3878
      2.3623
      1.8018
      1.0208
      0.4191
      0.1242
      0.0347
      0.0505
      0.1927
      0.6069
      1.4049
      2.3365
      2.7699
      0.0506
      0.1128
      0.3457
      0.8514
      1.7168
      2.9118
      4.0598
      4.4203
      3.5924
      2.1188
      0.8928
      0.2672
      0.0660
      0.0765
      0.3254
      1.0911
      2.5923
      4.3544
      5.1756
      0.0490
      0.1083
      0.3385
      0.8963
      2.0373
      3.9109
      5.9732
      6.8669
      5.7484
      3.4451
      1.4648
      0.4406
      0.1079
      0.1222
      0.5275
      1.7828
      4.2491
      7.1464
      8.4968
      0.0465
      0.1023
      0.3244
      0.8977
      2.1639
      4.3625
      6.8664
      8.0192
      6.7654
      4.0704
      1.7343
      0.5222
      0.1278
      0.1447
      0.6253
      2.1148
      5.0418
      8.4804
     10.0832
