      0.4562
      0.4711
      0.5031
      0.5253
      0.5195
      0.4894
      0.4553
      0.4373
      0.4427
      0.4612
      0.4710
      0.4499
      0.3886
      0.2974
      0.1995
      0.1172
      0.0617
      0.0323
      0.0234
      0.4527
      0.4651
      0.4909
      0.5062
      0.4958
      0.4644
      0.4315
      0.4158
      0.4230
      0.4430
      0.4548
      0.4371
      0.3807
      0.2944
      0.2001
      0.1195
      0.0641
      0.0342
      0.0250
      0.4467
      0.4522
      0.4610
      0.4581
      0.4360
      0.4025
      0.3746
      0.3656
      0.3775
      0.4000
      0.4152
      0.4050
      0.3605
      0.2872
      0.2028
      0.1270
      0.0723
      0.0414
      0.0317
      0.4572
      0.4524
      0.4362
      0.4072
      0.3701
      0.3365
      0.3182
      0.3196
      0.3364
      0.3583
      0.3728
      0.3682
      0.3371
      0.2809
      0.2112
      0.1439
      0.0919
      0.0606
      0.0504
      0.5231
      0.5046
      0.4553
      0.3921
      0.3357
      0.3019
      0.2947
      0.3062
      0.3238
      0.3380
      0.3444
      0.3399
      0.3207
      0.2842
      0.2344
      0.1815
      0.1371
      0.1088
      0.0992
      0.6907
      0.6536
      0.5592
      0.4479
      0.3607
      0.3186
      0.3160
      0.3307
      0.3412
      0.3398
      0.3319
      0.3249
      0.3189
      0.3080
      0.2881
      0.2619
      0.2368
      0.2196
      0.2136
      0.9754
      0.9145
      0.7611
      0.5837
      0.4477
      0.3809
      0.3685
      0.3741
      0.3689
      0.3479
      0.3263
      0.3211
      0.3367
      0.3648
      0.3934
      0.4161
      0.4319
      0.4418
      0.4452
      1.3251
      1.2383
      1.0197
      0.7664
      0.5687
      0.4626
      0.4261
      0.4120
      0.3865
      0.3481
      0.3199
      0.3266
      0.3775
      0.4636
      0.5670
      0.6701
      0.7584
      0.8188
      0.8405
      1.6217
      1.5144
      1.2443
      0.9298
      0.6798
      0.5365
      0.4738
      0.4382
      0.3943
      0.3441
      0.3166
      0.3436
      0.4404
      0.6008
      0.8032
      1.0181
      1.2113
      1.3472
      1.3964
      1.7387
      1.6258
      1.3418
      1.0121
      0.7500
      0.5975
      0.5249
      0.4769
      0.4191
      0.3582
      0.3298
      0.3737
      0.5137
      0.7494
      1.0582
      1.3985
      1.7133
      1.9386
      2.0207
      1.6217
      1.5231
      1.2775
      0.9986
      0.7861
      0.6706
      0.6168
      0.5686
      0.4966
      0.4153
      0.3700
      0.4114
      0.5732
      0.8623
      1.2563
      1.7037
      2.1264
      2.4328
      2.5452
      1.3251
      1.2589
      1.0992
      0.9326
      0.8282
      0.7936
      0.7824
      0.7388
      0.6420
      0.5199
      0.4326
      0.4428
      0.5931
      0.8958
      1.3299
      1.8379
      2.3277
      2.6871
      2.8197
      0.9754
      0.9512
      0.9033
      0.8823
      0.9164
      0.9817
      1.0170
      0.9686
      0.8296
      0.6468
      0.4970
      0.4533
      0.5631
      0.8420
      1.2712
      1.7936
      2.3100
      2.6949
      2.8380
      0.6907
      0.7080
      0.7698
      0.8898
      1.0531
      1.2034
      1.2665
      1.1950
      1.0008
      0.7514
      0.5375
      0.4375
      0.4996
      0.7421
      1.1534
      1.6813
      2.2223
      2.6350
      2.7902
      0.5231
      0.5731
      0.7201
      0.9450
      1.1964
      1.3924
      1.4533
      1.3443
      1.0973
      0.7965
      0.5393
      0.4031
      0.4364
      0.6652
      1.0921
      1.6735
      2.2949
      2.7817
      2.9672
      0.4572
      0.5272
      0.7243
      1.0050
      1.2922
      1.4908
      1.5257
      1.3785
      1.0978
      0.7756
      0.5071
      0.3657
      0.4034
      0.6627
      1.1682
      1.8859
      2.6772
      3.3097
      3.5529
      0.4467
      0.5253
      0.7412
      1.0357
      1.3182
      1.4922
      1.4938
      1.3204
      1.0305
      0.7147
      0.4608
      0.3383
      0.4072
      0.7325
      1.3654
      2.2796
      3.3030
      4.1291
      4.4483
      0.4527
      0.5329
      0.7500
      1.0375
      1.3005
      1.4466
      1.4230
      1.2379
      0.9534
      0.6550
      0.4230
      0.3244
      0.4285
      0.8204
      1.5736
      2.6663
      3.8965
      4.8932
      5.2790
      0.4562
      0.5362
      0.7516
      1.0337
      1.2869
      1.4212
      1.3885
      1.2008
      0.9206
      0.6309
      0.4087
      0.3206
      0.4398
      0.8597
      1.6621
      2.8273
      4.1406
      5.2057
      5.6182
