      0.0608
      0.0805
      0.1211
      0.1419
      0.1209
      0.0765
      0.0409
      0.0254
      0.0255
      0.0370
      0.0532
      0.0607
      0.0506
      0.0302
      0.0128
      0.0039
      0.0008
      0.0001
      0.0000
      0.0645
      0.0830
      0.1194
      0.1350
      0.1114
      0.0685
      0.0355
      0.0216
      0.0220
      0.0331
      0.0497
      0.0596
      0.0529
      0.0340
      0.0158
      0.0053
      0.0013
      0.0002
      0.0001
      0.0680
      0.0821
      0.1070
      0.1111
      0.0849
      0.0485
      0.0234
      0.0138
      0.0151
      0.0264
      0.0465
      0.0661
      0.0706
      0.0556
      0.0320
      0.0134
      0.0040
      0.0009
      0.0003
      0.0725
      0.0779
      0.0843
      0.0756
      0.0516
      0.0269
      0.0124
      0.0081
      0.0118
      0.0272
      0.0614
      0.1087
      0.1416
      0.1331
      0.0896
      0.0430
      0.0147
      0.0036
      0.0012
      0.1587
      0.1419
      0.1025
      0.0611
      0.0306
      0.0137
      0.0079
      0.0087
      0.0160
      0.0413
      0.1062
      0.2120
      0.3063
      0.3152
      0.2303
      0.1193
      0.0440
      0.0121
      0.0048
      0.6240
      0.5278
      0.3200
      0.1403
      0.0464
      0.0154
      0.0116
      0.0158
      0.0256
      0.0606
      0.1612
      0.3427
      0.5270
      0.5760
      0.4468
      0.2470
      0.0997
      0.0337
      0.0180
      2.0721
      1.7435
      1.0381
      0.4375
      0.1330
      0.0363
      0.0217
      0.0255
      0.0335
      0.0680
      0.1816
      0.4058
      0.6591
      0.7624
      0.6297
      0.3793
      0.1824
      0.0933
      0.0731
      4.9312
      4.1474
      2.4662
      1.0360
      0.3108
      0.0767
      0.0328
      0.0309
      0.0331
      0.0556
      0.1468
      0.3447
      0.5937
      0.7344
      0.6645
      0.4739
      0.3295
      0.2869
      0.2872
      8.2931
      6.9749
      4.1471
      1.7413
      0.5198
      0.1215
      0.0401
      0.0301
      0.0268
      0.0348
      0.0866
      0.2148
      0.4013
      0.5547
      0.6027
      0.6023
      0.6752
      0.8237
      0.9044
      9.8604
      8.2931
      4.9310
      2.0710
      0.6194
      0.1466
      0.0506
      0.0386
      0.0314
      0.0263
      0.0441
      0.1114
      0.2410
      0.4134
      0.6110
      0.8911
      1.3391
      1.8522
      2.0918
      8.2931
      6.9752
      4.1490
      1.7485
      0.5391
      0.1610
      0.1014
      0.1001
      0.0820
      0.0516
      0.0373
      0.0686
      0.1758
      0.3851
      0.7247
      1.2761
      2.1196
      3.0422
      3.4654
      4.9312
      4.1493
      2.4767
      1.0708
      0.3966
      0.2391
      0.2667
      0.2816
      0.2238
      0.1301
      0.0630
      0.0615
      0.1542
      0.3786
      0.7810
      1.4529
      2.4736
      3.5823
      4.0900
      2.0721
      1.7508
      1.0771
      0.5565
      0.3967
      0.4855
      0.6131
      0.6165
      0.4638
      0.2555
      0.1071
      0.0608
      0.1202
      0.3031
      0.6466
      1.2229
      2.0903
      3.0274
      3.4560
      0.6240
      0.5486
      0.4266
      0.4422
      0.6532
      0.9441
      1.1195
      1.0394
      0.7345
      0.3853
      0.1499
      0.0576
      0.0729
      0.1806
      0.3988
      0.7752
      1.3448
      1.9591
      2.2397
      0.1587
      0.1844
      0.3147
      0.6334
      1.1060
      1.5385
      1.7025
      1.4954
      1.0211
      0.5265
      0.2007
      0.0615
      0.0386
      0.0878
      0.2248
      0.5169
      1.0121
      1.5670
      1.8227
      0.0725
      0.1400
      0.3912
      0.8885
      1.5528
      2.1444
      2.4053
      2.1887
      1.5670
      0.8493
      0.3381
      0.0990
      0.0330
      0.0662
      0.2518
      0.7793
      1.7897
      2.9673
      3.5150
      0.0680
      0.1480
      0.4358
      1.0016
      1.8151
      2.7160
      3.3999
      3.4441
      2.6845
      1.5470
      0.6432
      0.1918
      0.0552
      0.1094
      0.4916
      1.6495
      3.9181
      6.5808
      7.8216
      0.0645
      0.1384
      0.4050
      0.9599
      1.8949
      3.2095
      4.5207
      4.9801
      4.0845
      2.4243
      1.0259
      0.3090
      0.0884
      0.1768
      0.8105
      2.7431
      6.5380
     10.9958
     13.0736
      0.0608
      0.1288
      0.3765
      0.9148
      1.9029
      3.4233
      5.0490
      5.7160
      4.7563
      2.8444
      1.2087
      0.3649
      0.1045
      0.2095
      0.9621
      3.2585
      7.7686
     13.0670
     15.5368
