      0.5360
      0.5493
      0.5758
      0.5869
      0.5637
      0.5102
      0.4473
      0.3961
      0.3654
      0.3500
      0.3367
      0.3112
      0.2660
      0.2047
      0.1394
      0.0833
      0.0440
      0.0222
      0.0155
      0.5216
      0.5329
      0.5545
      0.5609
      0.5356
      0.4839
      0.4259
      0.3812
      0.3572
      0.3484
      0.3413
      0.3216
      0.2808
      0.2213
      0.1548
      0.0954
      0.0522
      0.0276
      0.0198
      0.4789
      0.4851
      0.4950
      0.4906
      0.4625
      0.4183
      0.3758
      0.3495
      0.3435
      0.3511
      0.3599
      0.3552
      0.3263
      0.2719
      0.2024
      0.1335
      0.0792
      0.0461
      0.0352
      0.4129
      0.4136
      0.4112
      0.3979
      0.3731
      0.3462
      0.3297
      0.3304
      0.3470
      0.3731
      0.3996
      0.4136
      0.4015
      0.3561
      0.2837
      0.2021
      0.1314
      0.0854
      0.0697
      0.3395
      0.3361
      0.3260
      0.3117
      0.3002
      0.3006
      0.3172
      0.3462
      0.3811
      0.4183
      0.4561
      0.4869
      0.4948
      0.4646
      0.3955
      0.3051
      0.2196
      0.1607
      0.1401
      0.2821
      0.2766
      0.2645
      0.2567
      0.2656
      0.2973
      0.3451
      0.3944
      0.4350
      0.4694
      0.5076
      0.5505
      0.5817
      0.5776
      0.5277
      0.4455
      0.3597
      0.2975
      0.2751
      0.2584
      0.2522
      0.2409
      0.2417
      0.2700
      0.3262
      0.3934
      0.4477
      0.4783
      0.4965
      0.5255
      0.5765
      0.6352
      0.6723
      0.6678
      0.6267
      0.5722
      0.5296
      0.5139
      0.2677
      0.2609
      0.2502
      0.2564
      0.2951
      0.3616
      0.4307
      0.4742
      0.4836
      0.4793
      0.4953
      0.5524
      0.6422
      0.7358
      0.8076
      0.8505
      0.8728
      0.8840
      0.8877
      0.2901
      0.2831
      0.2724
      0.2800
      0.3196
      0.3826
      0.4399
      0.4637
      0.4499
      0.4248
      0.4289
      0.4905
      0.6108
      0.7692
      0.9406
      1.1056
      1.2483
      1.3483
      1.3847
      0.3012
      0.2956
      0.2882
      0.2990
      0.3383
      0.3938
      0.4362
      0.4407
      0.4075
      0.3658
      0.3581
      0.4186
      0.5606
      0.7777
      1.0512
      1.3519
      1.6352
      1.8425
      1.9191
      0.2901
      0.2894
      0.2948
      0.3208
      0.3712
      0.4287
      0.4632
      0.4531
      0.4019
      0.3408
      0.3139
      0.3608
      0.5066
      0.7597
      1.1107
      1.5245
      1.9316
      2.2361
      2.3497
      0.2677
      0.2772
      0.3102
      0.3721
      0.4550
      0.5322
      0.5689
      0.5445
      0.4672
      0.3731
      0.3110
      0.3265
      0.4532
      0.7104
      1.0968
      1.5753
      2.0606
      2.4298
      2.5685
      0.2584
      0.2840
      0.3605
      0.4806
      0.6188
      0.7320
      0.7757
      0.7293
      0.6089
      0.4618
      0.3463
      0.3141
      0.4037
      0.6400
      1.0275
      1.5302
      2.0545
      2.4598
      2.6133
      0.2821
      0.3279
      0.4591
      0.6523
      0.8597
      1.0164
      1.0653
      0.9860
      0.8065
      0.5902
      0.4088
      0.3216
      0.3707
      0.5852
      0.9758
      1.5091
      2.0823
      2.5334
      2.7056
      0.3395
      0.4060
      0.5934
      0.8608
      1.1372
      1.3358
      1.3870
      1.2710
      1.0281
      0.7390
      0.4906
      0.3523
      0.3741
      0.5953
      1.0378
      1.6702
      2.3691
      2.9282
      3.1432
      0.4129
      0.4967
      0.7306
      1.0591
      1.3925
      1.6269
      1.6826
      1.5392
      1.2447
      0.8931
      0.5863
      0.4083
      0.4254
      0.6972
      1.2648
      2.0975
      3.0332
      3.7893
      4.0815
      0.4789
      0.5741
      0.8385
      1.2073
      1.5798
      1.8427
      1.9094
      1.7558
      1.4308
      1.0352
      0.6844
      0.4800
      0.5111
      0.8651
      1.6075
      2.7064
      3.9501
      4.9592
      5.3501
      0.5216
      0.6225
      0.9019
      1.2912
      1.6853
      1.9677
      2.0479
      1.8966
      1.5595
      1.1397
      0.7616
      0.5425
      0.5924
      1.0233
      1.9218
      3.2545
      4.7663
      5.9949
      6.4710
      0.5360
      0.6385
      0.9220
      1.3171
      1.7181
      2.0076
      2.0939
      1.9455
      1.6060
      1.1786
      0.7913
      0.5676
      0.6257
      1.0881
      2.0494
      3.4757
      5.0944
      6.4103
      6.9205
