      0.0002
      0.0006
      0.0014
      0.0020
      0.0015
      0.0007
      0.0005
      0.0006
      0.0007
      0.0012
      0.0027
      0.0035
      0.0026
      0.0010
      0.0002
      0.0000
      0.0000
      0.0000
      0.0000
      0.0003
      0.0008
      0.0017
      0.0021
      0.0014
      0.0006
      0.0004
      0.0004
      0.0005
      0.0010
      0.0023
      0.0034
      0.0027
      0.0012
      0.0003
      0.0000
      0.0000
      0.0000
      0.0000
      0.0005
      0.0009
      0.0017
      0.0018
      0.0010
      0.0004
      0.0002
      0.0002
      0.0002
      0.0006
      0.0018
      0.0034
      0.0038
      0.0025
      0.0010
      0.0002
      0.0000
      0.0000
      0.0000
      0.0009
      0.0010
      0.0011
      0.0010
      0.0005
      0.0001
      0.0000
      0.0000
      0.0001
      0.0006
      0.0031
      0.0097
      0.0168
      0.0159
      0.0083
      0.0023
      0.0004
      0.0000
      0.0000
      0.0189
      0.0140
      0.0058
      0.0014
      0.0002
      0.0000
      0.0000
      0.0000
      0.0002
      0.0017
      0.0112
      0.0411
      0.0813
      0.0870
      0.0503
      0.0157
      0.0026
      0.0002
      0.0000
      0.3101
      0.2279
      0.0904
      0.0193
      0.0022
      0.0001
      0.0001
      0.0001
      0.0003
      0.0034
      0.0256
      0.1034
      0.2250
      0.2642
      0.1675
      0.0573
      0.0106
      0.0012
      0.0004
      2.7216
      2.0002
      0.7932
      0.1691
      0.0193
      0.0012
      0.0002
      0.0002
      0.0005
      0.0040
      0.0319
      0.1414
      0.3370
      0.4333
      0.3011
      0.1134
      0.0253
      0.0090
      0.0091
     12.7664
      9.3828
      3.7206
      0.7932
      0.0904
      0.0055
      0.0004
      0.0003
      0.0004
      0.0025
      0.0215
      0.1045
      0.2728
      0.3847
      0.2945
      0.1305
      0.0700
      0.1108
      0.1465
     32.1954
     23.6623
      9.3828
      2.0002
      0.2279
      0.0139
      0.0007
      0.0003
      0.0002
      0.0009
      0.0078
      0.0419
      0.1209
      0.1907
      0.1748
      0.1623
      0.3988
      0.9467
      1.2821
     43.8059
     32.1954
     12.7665
      2.7216
      0.3101
      0.0190
      0.0014
      0.0011
      0.0009
      0.0005
      0.0017
      0.0101
      0.0361
      0.0805
      0.1491
      0.4666
      1.8021
      4.4318
      6.0123
     32.1954
     23.6623
      9.3828
      2.0003
      0.2286
      0.0172
      0.0094
      0.0126
      0.0095
      0.0039
      0.0012
      0.0037
      0.0230
      0.0915
      0.2863
      1.1510
      4.5508
     11.1810
     15.1633
     12.7664
      9.3828
      3.7206
      0.7939
      0.0962
      0.0313
      0.0631
      0.0834
      0.0599
      0.0232
      0.0050
      0.0037
      0.0255
      0.1179
      0.4011
      1.6042
      6.2290
     15.2291
     20.6375
      2.7216
      2.0003
      0.7936
      0.1733
      0.0460
      0.1070
      0.2393
      0.2981
      0.2021
      0.0740
      0.0147
      0.0035
      0.0177
      0.0878
      0.3110
      1.2169
      4.6159
     11.2113
     15.1762
      0.3101
      0.2282
      0.0929
      0.0355
      0.0776
      0.2470
      0.5020
      0.5825
      0.3722
      0.1291
      0.0241
      0.0031
      0.0068
      0.0354
      0.1306
      0.5012
      1.8528
      4.4638
      6.0336
      0.0189
      0.0148
      0.0143
      0.0447
      0.1468
      0.3707
      0.6558
      0.7127
      0.4405
      0.1500
      0.0278
      0.0029
      0.0015
      0.0078
      0.0308
      0.1223
      0.4514
      1.0836
      1.4633
      0.0009
      0.0028
      0.0182
      0.0791
      0.2344
      0.5615
      1.0456
      1.2598
      0.8774
      0.3389
      0.0714
      0.0081
      0.0007
      0.0016
      0.0146
      0.1102
      0.5007
      1.2550
      1.7059
      0.0005
      0.0030
      0.0215
      0.1005
      0.3936
      1.3522
      3.1805
      4.3379
      3.2568
      1.3266
      0.2912
      0.0342
      0.0022
      0.0032
      0.0520
      0.4552
      2.1343
      5.3819
      7.3226
      0.0003
      0.0022
      0.0168
      0.1099
      0.6805
      2.9879
      7.6154
     10.6506
      8.0757
      3.3070
      0.7284
      0.0858
      0.0056
      0.0081
      0.1306
      1.1459
      5.3754
     13.5560
     18.4447
      0.0002
      0.0015
      0.0133
      0.1155
      0.8586
      3.9886
     10.3055
     14.4615
     10.9764
      4.4967
      0.9907
      0.1167
      0.0076
      0.0110
      0.1776
      1.5592
      7.3137
     18.4444
     25.0959
