      0.2345
      0.2538
      0.2929
      0.3138
      0.2957
      0.2512
      0.2096
      0.1926
      0.2057
      0.2419
      0.2798
      0.2897
      0.2538
      0.1830
      0.1073
      0.0510
      0.0198
      0.0068
      0.0036
      0.2330
      0.2499
      0.2831
      0.2978
      0.2760
      0.2310
      0.1907
      0.1750
      0.1896
      0.2285
      0.2723
      0.2914
      0.2648
      0.1991
      0.1224
      0.0613
      0.0252
      0.0091
      0.0049
      0.2297
      0.2398
      0.2566
      0.2550
      0.2248
      0.1804
      0.1449
      0.1341
      0.1536
      0.2018
      0.2646
      0.3121
      0.3134
      0.2612
      0.1787
      0.0998
      0.0457
      0.0183
      0.0104
      0.2466
      0.2449
      0.2346
      0.2074
      0.1657
      0.1238
      0.0970
      0.0947
      0.1235
      0.1889
      0.2855
      0.3824
      0.4311
      0.3999
      0.3023
      0.1856
      0.0933
      0.0414
      0.0256
      0.3635
      0.3397
      0.2780
      0.2013
      0.1329
      0.0873
      0.0682
      0.0754
      0.1151
      0.2026
      0.3440
      0.5083
      0.6236
      0.6238
      0.5060
      0.3337
      0.1825
      0.0914
      0.0626
      0.7247
      0.6557
      0.4872
      0.3011
      0.1621
      0.0885
      0.0661
      0.0773
      0.1233
      0.2270
      0.4085
      0.6404
      0.8312
      0.8783
      0.7547
      0.5338
      0.3244
      0.1925
      0.1498
      1.4547
      1.3053
      0.9440
      0.5542
      0.2735
      0.1310
      0.0851
      0.0892
      0.1303
      0.2327
      0.4278
      0.6989
      0.9509
      1.0591
      0.9718
      0.7568
      0.5377
      0.3971
      0.3517
      2.4864
      2.2273
      1.6022
      0.9302
      0.4480
      0.2012
      0.1139
      0.1008
      0.1260
      0.2068
      0.3795
      0.6435
      0.9228
      1.0999
      1.1102
      0.9995
      0.8734
      0.7992
      0.7786
      3.4518
      3.0914
      2.2222
      1.2887
      0.6192
      0.2750
      0.1485
      0.1176
      0.1227
      0.1695
      0.2940
      0.5137
      0.7896
      1.0394
      1.2057
      1.3062
      1.3967
      1.4874
      1.5289
      3.8527
      3.4513
      2.4841
      1.4487
      0.7119
      0.3401
      0.2081
      0.1721
      0.1576
      0.1635
      0.2283
      0.3892
      0.6484
      0.9708
      1.3210
      1.6939
      2.0816
      2.4069
      2.5381
      3.4518
      3.0954
      2.2406
      1.3365
      0.7133
      0.4246
      0.3422
      0.3186
      0.2786
      0.2285
      0.2222
      0.3190
      0.5538
      0.9301
      1.4348
      2.0486
      2.7086
      3.2533
      3.4694
      2.4864
      2.2391
      1.6547
      1.0632
      0.7025
      0.5938
      0.6080
      0.6021
      0.5139
      0.3771
      0.2772
      0.2964
      0.4860
      0.8655
      1.4324
      2.1597
      2.9532
      3.6061
      3.8639
      1.4547
      1.3314
      1.0579
      0.8340
      0.7909
      0.9013
      1.0228
      1.0158
      0.8431
      0.5840
      0.3665
      0.2908
      0.4049
      0.7214
      1.2347
      1.9141
      2.6618
      3.2769
      3.5193
      0.7247
      0.7028
      0.6889
      0.7839
      1.0276
      1.3363
      1.5406
      1.5011
      1.2134
      0.8110
      0.4653
      0.2870
      0.3074
      0.5183
      0.9047
      1.4377
      2.0349
      2.5293
      2.7245
      0.3635
      0.4097
      0.5750
      0.9013
      1.3648
      1.8310
      2.0974
      2.0174
      1.6118
      1.0626
      0.5846
      0.3010
      0.2279
      0.3365
      0.6052
      1.0144
      1.4986
      1.9113
      2.0763
      0.2466
      0.3322
      0.6053
      1.0814
      1.7071
      2.3170
      2.6732
      2.5958
      2.0991
      1.4001
      0.7685
      0.3630
      0.2010
      0.2420
      0.4659
      0.8683
      1.3881
      1.8524
      2.0416
      0.2297
      0.3341
      0.6616
      1.2267
      1.9797
      2.7492
      3.2575
      3.2536
      2.7036
      1.8476
      1.0311
      0.4788
      0.2292
      0.2393
      0.4964
      1.0139
      1.7189
      2.3656
      2.6321
      0.2330
      0.3434
      0.6913
      1.3029
      2.1495
      3.0686
      3.7442
      3.8435
      3.2699
      2.2781
      1.2899
      0.6011
      0.2782
      0.2793
      0.5995
      1.2663
      2.1895
      3.0434
      3.3964
      0.2345
      0.3458
      0.6979
      1.3239
      2.2068
      3.1901
      3.9406
      4.0889
      3.5091
      2.4613
      1.4006
      0.6545
      0.3017
      0.3016
      0.6521
      1.3866
      2.4065
      3.3512
      3.7420
