      0.4899
      0.5034
      0.5350
      0.5661
      0.5833
      0.5852
      0.5780
      0.5667
      0.5523
      0.5325
      0.5021
      0.4532
      0.3812
      0.2913
      0.1984
      0.1194
      0.0642
      0.0338
      0.0243
      0.4791
      0.4906
      0.5170
      0.5415
      0.5526
      0.5506
      0.5421
      0.5329
      0.5242
      0.5139
      0.4955
      0.4589
      0.3968
      0.3120
      0.2189
      0.1360
      0.0757
      0.0412
      0.0303
      0.4507
      0.4567
      0.4690
      0.4762
      0.4724
      0.4611
      0.4507
      0.4478
      0.4550
      0.4699
      0.4839
      0.4814
      0.4471
      0.3770
      0.2835
      0.1890
      0.1136
      0.0673
      0.0521
      0.4197
      0.4179
      0.4105
      0.3948
      0.3728
      0.3522
      0.3421
      0.3495
      0.3777
      0.4256
      0.4832
      0.5286
      0.5355
      0.4889
      0.3966
      0.2860
      0.1880
      0.1238
      0.1019
      0.4153
      0.4040
      0.3730
      0.3311
      0.2901
      0.2618
      0.2544
      0.2725
      0.3199
      0.3982
      0.4987
      0.5956
      0.6516
      0.6381
      0.5553
      0.4338
      0.3157
      0.2343
      0.2057
      0.4719
      0.4489
      0.3890
      0.3150
      0.2512
      0.2133
      0.2063
      0.2303
      0.2880
      0.3845
      0.5163
      0.6580
      0.7653
      0.7976
      0.7454
      0.6375
      0.5217
      0.4386
      0.4091
      0.6046
      0.5673
      0.4720
      0.3576
      0.2631
      0.2087
      0.1952
      0.2160
      0.2710
      0.3688
      0.5129
      0.6847
      0.8408
      0.9351
      0.9493
      0.9040
      0.8403
      0.7925
      0.7756
      0.7855
      0.7331
      0.5998
      0.4415
      0.3114
      0.2349
      0.2083
      0.2177
      0.2587
      0.3415
      0.4780
      0.6614
      0.8596
      1.0324
      1.1575
      1.2412
      1.3013
      1.3439
      1.3604
      0.9455
      0.8816
      0.7196
      0.5282
      0.3714
      0.2779
      0.2396
      0.2356
      0.2566
      0.3133
      0.4253
      0.6021
      0.8322
      1.0927
      1.3653
      1.6388
      1.8923
      2.0810
      2.1520
      1.0096
      0.9435
      0.7770
      0.5828
      0.4276
      0.3382
      0.3010
      0.2888
      0.2881
      0.3106
      0.3845
      0.5373
      0.7834
      1.1242
      1.5514
      2.0377
      2.5160
      2.8781
      3.0145
      0.9455
      0.8900
      0.7527
      0.5996
      0.4885
      0.4362
      0.4202
      0.4070
      0.3815
      0.3595
      0.3807
      0.4909
      0.7286
      1.1184
      1.6635
      2.3241
      2.9934
      3.5054
      3.6988
      0.7855
      0.7528
      0.6775
      0.6091
      0.5849
      0.6022
      0.6246
      0.6120
      0.5514
      0.4693
      0.4203
      0.4673
      0.6652
      1.0530
      1.6407
      2.3819
      3.1469
      3.7365
      3.9597
      0.6046
      0.6027
      0.6110
      0.6566
      0.7476
      0.8544
      0.9213
      0.9015
      0.7895
      0.6287
      0.4928
      0.4581
      0.5865
      0.9189
      1.4647
      2.1760
      2.9209
      3.4988
      3.7180
      0.4719
      0.5029
      0.6008
      0.7685
      0.9820
      1.1807
      1.2870
      1.2483
      1.0702
      0.8176
      0.5847
      0.4586
      0.5000
      0.7426
      1.1898
      1.7952
      2.4394
      2.9427
      3.1342
      0.4153
      0.4759
      0.6549
      0.9334
      1.2581
      1.5389
      1.6772
      1.6146
      1.3673
      1.0215
      0.6916
      0.4747
      0.4287
      0.5780
      0.9186
      1.4065
      1.9376
      2.3569
      2.5172
      0.4197
      0.5032
      0.7451
      1.1108
      1.5249
      1.8747
      2.0436
      1.9650
      1.6606
      1.2327
      0.8146
      0.5153
      0.3947
      0.4719
      0.7387
      1.1520
      1.6157
      1.9872
      2.1300
      0.4507
      0.5492
      0.8327
      1.2575
      1.7364
      2.1422
      2.3442
      2.2652
      1.9248
      1.4344
      0.9436
      0.5762
      0.3997
      0.4349
      0.6724
      1.0685
      1.5254
      1.8963
      2.0397
      0.4791
      0.5854
      0.8910
      1.3490
      1.8672
      2.3121
      2.5433
      2.4736
      2.1167
      1.5878
      1.0478
      0.6337
      0.4226
      0.4394
      0.6763
      1.0879
      1.5699
      1.9640
      2.1169
      0.4899
      0.5985
      0.9108
      1.3793
      1.9109
      2.3701
      2.6134
      2.5491
      2.1881
      1.6461
      1.0885
      0.6575
      0.4345
      0.4469
      0.6873
      1.1097
      1.6066
      2.0137
      2.1717
