      0.1610
      0.1708
      0.1903
      0.2003
      0.1909
      0.1699
      0.1530
      0.1505
      0.1653
      0.1941
      0.2236
      0.2324
      0.2058
      0.1508
      0.0902
      0.0439
      0.0175
      0.0062
      0.0034
      0.1587
      0.1673
      0.1837
      0.1901
      0.1783
      0.1564
      0.1397
      0.1381
      0.1551
      0.1886
      0.2264
      0.2460
      0.2286
      0.1766
      0.1120
      0.0580
      0.0247
      0.0092
      0.0051
      0.1554
      0.1601
      0.1672
      0.1638
      0.1462
      0.1234
      0.1087
      0.1110
      0.1355
      0.1845
      0.2497
      0.3046
      0.3169
      0.2737
      0.1936
      0.1115
      0.0524
      0.0214
      0.0123
      0.1741
      0.1709
      0.1594
      0.1382
      0.1114
      0.0890
      0.0800
      0.0906
      0.1290
      0.2058
      0.3203
      0.4407
      0.5092
      0.4826
      0.3715
      0.2313
      0.1172
      0.0517
      0.0315
      0.2837
      0.2630
      0.2108
      0.1493
      0.0999
      0.0735
      0.0713
      0.0927
      0.1474
      0.2581
      0.4378
      0.6504
      0.8040
      0.8098
      0.6596
      0.4345
      0.2347
      0.1133
      0.0747
      0.6038
      0.5452
      0.4030
      0.2490
      0.1399
      0.0909
      0.0881
      0.1156
      0.1796
      0.3145
      0.5512
      0.8568
      1.1093
      1.1692
      0.9982
      0.6946
      0.4058
      0.2229
      0.1636
      1.2373
      1.1101
      0.8035
      0.4761
      0.2474
      0.1421
      0.1216
      0.1430
      0.2004
      0.3332
      0.5884
      0.9456
      1.2745
      1.4038
      1.2624
      0.9444
      0.6219
      0.4124
      0.3439
      2.1255
      1.9045
      1.3725
      0.8045
      0.4048
      0.2117
      0.1553
      0.1578
      0.1934
      0.2961
      0.5191
      0.8603
      1.2113
      1.4075
      1.3610
      1.1399
      0.8988
      0.7452
      0.6971
      2.9541
      2.6464
      1.9056
      1.1137
      0.5530
      0.2742
      0.1798
      0.1606
      0.1698
      0.2283
      0.3852
      0.6561
      0.9765
      1.2260
      1.3268
      1.3134
      1.2844
      1.2897
      1.3008
      3.2979
      2.9549
      2.1293
      1.2481
      0.6255
      0.3165
      0.2100
      0.1805
      0.1679
      0.1812
      0.2638
      0.4473
      0.7140
      1.0039
      1.2688
      1.5183
      1.7793
      2.0117
      2.1092
      2.9541
      2.6490
      1.9171
      1.1430
      0.6093
      0.3614
      0.2892
      0.2676
      0.2347
      0.1992
      0.2088
      0.3107
      0.5240
      0.8376
      1.2351
      1.7125
      2.2364
      2.6802
      2.8589
      2.1255
      1.9122
      1.4068
      0.8911
      0.5700
      0.4646
      0.4692
      0.4652
      0.3995
      0.2972
      0.2260
      0.2502
      0.4079
      0.7120
      1.1642
      1.7539
      2.4133
      2.9668
      3.1876
      1.2373
      1.1274
      0.8797
      0.6659
      0.6034
      0.6782
      0.7774
      0.7838
      0.6594
      0.4620
      0.2929
      0.2331
      0.3221
      0.5730
      0.9892
      1.5572
      2.2007
      2.7407
      2.9556
      0.6038
      0.5768
      0.5410
      0.5883
      0.7668
      1.0218
      1.2158
      1.2195
      1.0099
      0.6878
      0.3985
      0.2415
      0.2487
      0.4193
      0.7517
      1.2347
      1.7985
      2.2776
      2.4691
      0.2837
      0.3115
      0.4223
      0.6679
      1.0568
      1.4965
      1.8056
      1.8169
      1.5069
      1.0235
      0.5741
      0.2927
      0.2086
      0.3075
      0.5873
      1.0491
      1.6267
      2.1354
      2.3415
      0.1741
      0.2351
      0.4422
      0.8418
      1.4351
      2.1029
      2.5975
      2.6685
      2.2557
      1.5566
      0.8755
      0.4177
      0.2296
      0.2908
      0.6114
      1.2166
      2.0260
      2.7630
      3.0658
      0.1554
      0.2357
      0.5066
      1.0334
      1.8389
      2.7906
      3.5552
      3.7514
      3.2437
      2.2800
      1.2981
      0.6130
      0.3082
      0.3661
      0.8183
      1.7221
      2.9639
      4.1095
      4.5829
      0.1587
      0.2490
      0.5586
      1.1791
      2.1651
      3.3807
      4.4121
      4.7468
      4.1669
      2.9633
      1.7016
      0.8054
      0.3985
      0.4687
      1.0683
      2.2838
      3.9652
      5.5218
      6.1659
      0.1610
      0.2544
      0.5773
      1.2336
      2.2929
      3.6191
      4.7649
      5.1608
      4.5531
      3.2501
      1.8714
      0.8871
      0.4383
      0.5155
      1.1796
      2.5288
      4.3975
      6.1286
      6.8450
