      0.0332
      0.0430
      0.0632
      0.0735
      0.0630
      0.0415
      0.0254
      0.0215
      0.0309
      0.0547
      0.0845
      0.0983
      0.0825
      0.0494
      0.0210
      0.0063
      0.0014
      0.0002
      0.0001
      0.0349
      0.0441
      0.0623
      0.0700
      0.0581
      0.0371
      0.0220
      0.0183
      0.0268
      0.0491
      0.0791
      0.0967
      0.0863
      0.0557
      0.0260
      0.0088
      0.0022
      0.0004
      0.0001
      0.0373
      0.0443
      0.0565
      0.0581
      0.0446
      0.0263
      0.0144
      0.0117
      0.0188
      0.0398
      0.0747
      0.1082
      0.1166
      0.0924
      0.0534
      0.0224
      0.0068
      0.0015
      0.0005
      0.0504
      0.0513
      0.0504
      0.0422
      0.0280
      0.0148
      0.0076
      0.0070
      0.0151
      0.0422
      0.1010
      0.1820
      0.2385
      0.2250
      0.1519
      0.0730
      0.0249
      0.0061
      0.0021
      0.1683
      0.1460
      0.0964
      0.0501
      0.0216
      0.0087
      0.0052
      0.0073
      0.0197
      0.0644
      0.1772
      0.3594
      0.5211
      0.5369
      0.3923
      0.2030
      0.0744
      0.0200
      0.0074
      0.7381
      0.6224
      0.3734
      0.1600
      0.0500
      0.0140
      0.0083
      0.0123
      0.0287
      0.0925
      0.2695
      0.5831
      0.8992
      0.9829
      0.7611
      0.4181
      0.1645
      0.0503
      0.0229
      2.4790
      2.0854
      1.2407
      0.5216
      0.1563
      0.0380
      0.0164
      0.0186
      0.0339
      0.1006
      0.3030
      0.6910
      1.1249
      1.2988
      1.0652
      0.6264
      0.2765
      0.1126
      0.0730
      5.9053
      4.9667
      2.9531
      1.2396
      0.3690
      0.0845
      0.0267
      0.0222
      0.0306
      0.0793
      0.2441
      0.5864
      1.0106
      1.2407
      1.0956
      0.7231
      0.4111
      0.2757
      0.2494
      9.9323
      8.3535
      4.9665
      2.0844
      0.6193
      0.1384
      0.0372
      0.0245
      0.0251
      0.0481
      0.1433
      0.3640
      0.6761
      0.9120
      0.9237
      0.7794
      0.6845
      0.7150
      0.7549
     11.8095
      9.9323
      5.9054
      2.4796
      0.7402
      0.1735
      0.0594
      0.0471
      0.0406
      0.0382
      0.0724
      0.1863
      0.3952
      0.6416
      0.8386
      1.0014
      1.2506
      1.5794
      1.7447
      9.9323
      8.3538
      4.9686
      2.0934
      0.6476
      0.2032
      0.1448
      0.1520
      0.1279
      0.0821
      0.0608
      0.1122
      0.2791
      0.5713
      0.9459
      1.3911
      1.9774
      2.6194
      2.9207
      5.9053
      4.9681
      2.9622
      1.2759
      0.4747
      0.3129
      0.3876
      0.4324
      0.3538
      0.2089
      0.1022
      0.0996
      0.2429
      0.5606
      1.0280
      1.6159
      2.3592
      3.1361
      3.4943
      2.4790
      2.0902
      1.2698
      0.6259
      0.4327
      0.5910
      0.8396
      0.9123
      0.7186
      0.4061
      0.1727
      0.0985
      0.1902
      0.4537
      0.8683
      1.3970
      2.0426
      2.6953
      2.9922
      0.7381
      0.6350
      0.4439
      0.3888
      0.5974
      1.0173
      1.4057
      1.4580
      1.1053
      0.6040
      0.2404
      0.0934
      0.1158
      0.2711
      0.5376
      0.8897
      1.3171
      1.7397
      1.9296
      0.1683
      0.1705
      0.2273
      0.4460
      0.8978
      1.5121
      2.0061
      2.0267
      1.5176
      0.8261
      0.3244
      0.1007
      0.0605
      0.1232
      0.2687
      0.5108
      0.8611
      1.2311
      1.3991
      0.0504
      0.0868
      0.2375
      0.6009
      1.2603
      2.1599
      2.9523
      3.1015
      2.4232
      1.3767
      0.5613
      0.1656
      0.0489
      0.0653
      0.2019
      0.5625
      1.2297
      1.9982
      2.3547
      0.0373
      0.0836
      0.2703
      0.7366
      1.6815
      3.1743
      4.7339
      5.3241
      4.3787
      2.5880
      1.0884
      0.3248
      0.0790
      0.0812
      0.3285
      1.0854
      2.5633
      4.2958
      5.1029
      0.0349
      0.0804
      0.2745
      0.8204
      2.0973
      4.3610
      6.9421
      8.1252
      6.8472
      4.1113
      1.7482
      0.5252
      0.1258
      0.1255
      0.5294
      1.7862
      4.2548
      7.1544
      8.5059
      0.0332
      0.0769
      0.2700
      0.8490
      2.2846
      4.9244
      8.0031
      9.4722
      8.0314
      4.8399
      2.0627
      0.6207
      0.1486
      0.1481
      0.6272
      2.1199
      5.0534
      8.4997
     10.1060
