      0.0000
      0.0000
      0.0000
      0.0000
      0.0000
      0.0000
      0.0000
      0.0000
      0.0000
      0.0000
      0.0000
      0.0000
      0.0000
      0.0000
      0.0000
      0.0000
      0.0000
      0.0000
      0.0000
      0.0000
      0.0000
      0.0000
      0.0000
      0.0000
      0.0000
      0.0000
      0.0000
      0.0000
      0.0000
      0.0000
      0.0000
      0.0000
      0.0000
      0.0000
      0.0000
      0.0000
      0.0000
      0.0000
      0.0000
      0.0000
      0.0000
      0.0000
      0.0000
      0.0000
      0.0000
      0.0000
      0.0000
      0.0000
      0.0000
      0.0000
      0.0000
      0.0000
      0.0000
      0.0000
      0.0000
      0.0000
      0.0000
      0.0000
      0.0000
      0.0000
      0.0000
      0.0000
      0.0000
      0.0000
      0.0000
      0.0000
      0.0000
      0.0000
      0.0000
      0.0000
      0.0000
      0.0000
      0.0000
      0.0000
      0.0000
      0.0000
      0.0000
      0.0000
      0.0000
      0.0000
      0.0000
      0.0000
      0.0000
      0.0000
      0.0000
      0.0000
      0.0000
      0.0001
      0.0006
      0.0007
      0.0002
      0.0000
      0.0000
      0.0000
      0.0000
      0.0005
      0.0003
      0.0000
      0.0000
      0.0000
      0.0000
      0.0000
      0.0000
      0.0000
      0.0000
      0.0000
      0.0010
      0.0057
      0.0082
      0.0029
      0.0003
      0.0000
      0.0000
      0.0000
      0.0711
      0.0355
      0.0044
      0.0001
      0.0000
      0.0000
      0.0000
      0.0000
      0.0000
      0.0000
      0.0001
      0.0020
      0.0142
      0.0250
      0.0110
      0.0012
      0.0000
      0.0000
      0.0000
      2.3053
      1.1526
      0.1437
      0.0044
      0.0000
      0.0000
      0.0000
      0.0000
      0.0000
      0.0000
      0.0000
      0.0010
      0.0088
      0.0191
      0.0103
      0.0014
      0.0000
      0.0000
      0.0000
     18.4910
      9.2455
      1.1526
      0.0355
      0.0003
      0.0000
      0.0000
      0.0000
      0.0000
      0.0000
      0.0000
      0.0001
      0.0014
      0.0036
      0.0025
      0.0005
      0.0003
      0.0020
      0.0040
     36.9820
     18.4910
      2.3053
      0.0711
      0.0005
      0.0000
      0.0000
      0.0000
      0.0000
      0.0000
      0.0000
      0.0000
      0.0001
      0.0009
      0.0037
      0.0048
      0.0097
      0.0649
      0.1292
     18.4910
      9.2455
      1.1526
      0.0355
      0.0003
      0.0000
      0.0000
      0.0001
      0.0001
      0.0000
      0.0000
      0.0000
      0.0003
      0.0060
      0.0349
      0.0528
      0.0836
      0.5203
      1.0363
      2.3053
      1.1526
      0.1437
      0.0044
      0.0000
      0.0005
      0.0036
      0.0069
      0.0033
      0.0004
      0.0000
      0.0000
      0.0005
      0.0125
      0.0849
      0.1475
      0.1902
      1.0428
      2.0725
      0.0711
      0.0355
      0.0044
      0.0001
      0.0005
      0.0108
      0.0717
      0.1203
      0.0505
      0.0053
      0.0001
      0.0000
      0.0002
      0.0065
      0.0516
      0.1036
      0.1147
      0.5242
      1.0364
      0.0005
      0.0003
      0.0001
      0.0007
      0.0071
      0.0674
      0.3552
      0.5216
      0.1932
      0.0178
      0.0004
      0.0000
      0.0000
      0.0008
      0.0078
      0.0182
      0.0184
      0.0661
      0.1293
      0.0000
      0.0000
      0.0005
      0.0120
      0.0778
      0.1960
      0.4748
      0.5691
      0.1853
      0.0151
      0.0003
      0.0000
      0.0000
      0.0000
      0.0003
      0.0008
      0.0009
      0.0032
      0.0062
      0.0000
      0.0000
      0.0026
      0.0555
      0.2963
      0.4256
      0.3209
      0.2922
      0.1137
      0.0125
      0.0004
      0.0000
      0.0000
      0.0000
      0.0000
      0.0006
      0.0186
      0.1492
      0.2984
      0.0000
      0.0000
      0.0035
      0.0643
      0.2997
      0.5617
      2.0492
      4.2008
      2.2538
      0.3022
      0.0100
      0.0001
      0.0000
      0.0000
      0.0001
      0.0186
      0.6032
      4.8384
      9.6768
      0.0000
      0.0000
      0.0012
      0.0190
      0.1247
      1.8776
     15.6109
     33.5605
     18.0563
      2.4230
      0.0805
      0.0007
      0.0000
      0.0000
      0.0011
      0.1492
      4.8384
     38.8095
     77.6191
      0.0000
      0.0000
      0.0002
      0.0034
      0.1124
      3.6196
     31.1880
     67.1186
     36.1124
      4.8460
      0.1609
      0.0013
      0.0000
      0.0000
      0.0022
      0.2984
      9.6768
     77.6191
    155.2381
