      0.6543
      0.6600
      0.6633
      0.6355
      0.5609
      0.4539
      0.3529
      0.2966
      0.3020
      0.3554
      0.4191
      0.4516
      0.4284
      0.3535
      0.2535
      0.1591
      0.0902
      0.0514
      0.0393
      0.6459
      0.6491
      0.6464
      0.6128
      0.5357
      0.4305
      0.3343
      0.2840
      0.2957
      0.3566
      0.4304
      0.4743
      0.4607
      0.3900
      0.2872
      0.1851
      0.1072
      0.0617
      0.0471
      0.6344
      0.6301
      0.6093
      0.5577
      0.4722
      0.3712
      0.2878
      0.2534
      0.2826
      0.3652
      0.4680
      0.5455
      0.5605
      0.5026
      0.3922
      0.2672
      0.1622
      0.0962
      0.0741
      0.6657
      0.6479
      0.5945
      0.5091
      0.4046
      0.3040
      0.2350
      0.2210
      0.2742
      0.3886
      0.5354
      0.6654
      0.7269
      0.6916
      0.5715
      0.4113
      0.2629
      0.1631
      0.1285
      0.8186
      0.7785
      0.6702
      0.5244
      0.3780
      0.2625
      0.1990
      0.2009
      0.2761
      0.4234
      0.6197
      0.8126
      0.9339
      0.9332
      0.8093
      0.6119
      0.4123
      0.2708
      0.2204
      1.1748
      1.0998
      0.9039
      0.6568
      0.4309
      0.2715
      0.1935
      0.1968
      0.2823
      0.4514
      0.6875
      0.9386
      1.1236
      1.1706
      1.0609
      0.8424
      0.6022
      0.4235
      0.3584
      1.7526
      1.6297
      1.3119
      0.9198
      0.5724
      0.3356
      0.2185
      0.2044
      0.2819
      0.4510
      0.7023
      0.9897
      1.2289
      1.3335
      1.2658
      1.0626
      0.8148
      0.6205
      0.5479
      2.4441
      2.2678
      1.8139
      1.2573
      0.7685
      0.4367
      0.2656
      0.2199
      0.2720
      0.4169
      0.6514
      0.9419
      1.2137
      1.3776
      1.3804
      1.2387
      1.0310
      0.8555
      0.7879
      3.0223
      2.8037
      2.2414
      1.5542
      0.9531
      0.5451
      0.3282
      0.2500
      0.2674
      0.3691
      0.5581
      0.8185
      1.0952
      1.3094
      1.3990
      1.3562
      1.2328
      1.1110
      1.0614
      3.2491
      3.0169
      2.4212
      1.6965
      1.0671
      0.6428
      0.4140
      0.3163
      0.2975
      0.3442
      0.4680
      0.6724
      0.9275
      1.1724
      1.3438
      1.4114
      1.3942
      1.3464
      1.3229
      3.0223
      2.8144
      2.2839
      1.6458
      1.1021
      0.7438
      0.5495
      0.4501
      0.3944
      0.3765
      0.4212
      0.5518
      0.7620
      1.0099
      1.2362
      1.3947
      1.4744
      1.4989
      1.5019
      2.4441
      2.2932
      1.9133
      1.4705
      1.1129
      0.8929
      0.7714
      0.6798
      0.5796
      0.4833
      0.4355
      0.4781
      0.6229
      0.8426
      1.0838
      1.2921
      1.4358
      1.5126
      1.5356
      1.7526
      1.6752
      1.4902
      1.3003
      1.1832
      1.1393
      1.1065
      1.0189
      0.8584
      0.6652
      0.5094
      0.4511
      0.5134
      0.6773
      0.8944
      1.1090
      1.2784
      1.3820
      1.4163
      1.1748
      1.1702
      1.1791
      1.2430
      1.3693
      1.5037
      1.5568
      1.4630
      1.2259
      0.9180
      0.6389
      0.4676
      0.4352
      0.5261
      0.6955
      0.8892
      1.0595
      1.1733
      1.2130
      0.8186
      0.8744
      1.0456
      1.3261
      1.6660
      1.9622
      2.0953
      1.9927
      1.6735
      1.2402
      0.8255
      0.5311
      0.3976
      0.4120
      0.5308
      0.7009
      0.8702
      0.9934
      1.0384
      0.6657
      0.7652
      1.0558
      1.5015
      2.0140
      2.4530
      2.6680
      2.5690
      2.1777
      1.6207
      1.0651
      0.6421
      0.4077
      0.3530
      0.4344
      0.5969
      0.7807
      0.9245
      0.9789
      0.6344
      0.7616
      1.1301
      1.6900
      2.3331
      2.8942
      3.1941
      3.1168
      2.6750
      2.0107
      1.3243
      0.7801
      0.4546
      0.3452
      0.4074
      0.5813
      0.7957
      0.9711
      1.0387
      0.6459
      0.7878
      1.1993
      1.8263
      2.5536
      3.2026
      3.5723
      3.5228
      3.0538
      2.3153
      1.5327
      0.8984
      0.5071
      0.3623
      0.4185
      0.6104
      0.8567
      1.0618
      1.1416
      0.6543
      0.8008
      1.2259
      1.8750
      2.6319
      3.3136
      3.7110
      3.6742
      3.1971
      2.4319
      1.6135
      0.9454
      0.5298
      0.3726
      0.4280
      0.6285
      0.8882
      1.1057
      1.1905
