      0.0067
      0.0079
      0.0104
      0.0119
      0.0113
      0.0105
      0.0128
      0.0227
      0.0502
      0.1041
      0.1680
      0.1971
      0.1649
      0.0978
      0.0411
      0.0122
      0.0025
      0.0004
      0.0001
      0.0070
      0.0082
      0.0106
      0.0117
      0.0106
      0.0094
      0.0110
      0.0193
      0.0433
      0.0920
      0.1527
      0.1856
      0.1621
      0.1013
      0.0453
      0.0145
      0.0033
      0.0006
      0.0001
      0.0088
      0.0097
      0.0110
      0.0108
      0.0088
      0.0068
      0.0071
      0.0122
      0.0289
      0.0666
      0.1221
      0.1669
      0.1672
      0.1224
      0.0653
      0.0254
      0.0071
      0.0015
      0.0004
      0.0264
      0.0240
      0.0183
      0.0120
      0.0071
      0.0043
      0.0040
      0.0070
      0.0187
      0.0508
      0.1131
      0.1900
      0.2344
      0.2103
      0.1362
      0.0634
      0.0211
      0.0051
      0.0017
      0.1466
      0.1244
      0.0763
      0.0344
      0.0121
      0.0045
      0.0040
      0.0072
      0.0187
      0.0576
      0.1524
      0.3015
      0.4297
      0.4370
      0.3162
      0.1624
      0.0592
      0.0158
      0.0059
      0.6919
      0.5824
      0.3473
      0.1468
      0.0449
      0.0125
      0.0083
      0.0123
      0.0256
      0.0759
      0.2155
      0.4625
      0.7107
      0.7751
      0.5993
      0.3288
      0.1292
      0.0395
      0.0181
      2.3390
      1.9674
      1.1700
      0.4916
      0.1474
      0.0365
      0.0169
      0.0191
      0.0308
      0.0818
      0.2393
      0.5432
      0.8845
      1.0229
      0.8410
      0.4962
      0.2199
      0.0902
      0.0590
      5.5746
      4.6885
      2.7876
      1.1703
      0.3489
      0.0812
      0.0277
      0.0238
      0.0294
      0.0657
      0.1940
      0.4654
      0.8077
      1.0031
      0.8999
      0.6050
      0.3485
      0.2327
      0.2092
      9.3764
      7.8859
      4.6886
      1.9682
      0.5862
      0.1345
      0.0419
      0.0315
      0.0302
      0.0448
      0.1199
      0.3061
      0.5879
      0.8311
      0.8871
      0.7726
      0.6558
      0.6385
      0.6551
     11.1485
      9.3764
      5.5753
      2.3427
      0.7058
      0.1816
      0.0876
      0.0838
      0.0728
      0.0570
      0.0786
      0.1957
      0.4488
      0.7928
      1.0846
      1.2334
      1.3311
      1.4752
      1.5599
      9.3764
      7.8863
      4.6918
      1.9841
      0.6404
      0.2654
      0.2651
      0.3006
      0.2562
      0.1613
      0.1045
      0.1736
      0.4501
      0.9486
      1.5141
      1.9431
      2.2502
      2.5413
      2.6870
      5.5746
      4.6900
      2.7994
      1.2261
      0.5337
      0.5130
      0.7413
      0.8578
      0.7115
      0.4221
      0.2039
      0.1910
      0.4626
      1.0466
      1.7837
      2.3955
      2.8171
      3.1534
      3.3099
      2.3390
      1.9712
      1.1993
      0.6253
      0.5736
      0.9982
      1.5550
      1.7611
      1.4165
      0.8090
      0.3456
      0.1974
      0.3781
      0.8750
      1.5515
      2.1442
      2.5384
      2.8082
      2.9241
      0.6919
      0.5896
      0.4000
      0.3769
      0.7485
      1.5438
      2.3798
      2.6194
      2.0462
      1.1330
      0.4533
      0.1797
      0.2306
      0.5268
      0.9700
      1.3897
      1.6852
      1.8781
      1.9555
      0.1466
      0.1346
      0.1482
      0.3338
      0.8923
      1.8628
      2.8139
      3.0373
      2.3334
      1.2727
      0.4950
      0.1564
      0.1110
      0.2329
      0.4632
      0.7529
      1.0680
      1.3548
      1.4799
      0.0264
      0.0359
      0.0996
      0.3425
      0.9674
      2.0327
      3.1007
      3.4014
      2.6696
      1.4938
      0.5949
      0.1737
      0.0614
      0.0994
      0.2712
      0.6711
      1.3720
      2.1645
      2.5302
      0.0088
      0.0223
      0.0987
      0.3795
      1.1285
      2.4893
      3.9888
      4.5942
      3.7821
      2.2168
      0.9219
      0.2728
      0.0706
      0.0909
      0.3643
      1.1804
      2.7643
      4.6172
      5.4799
      0.0070
      0.0214
      0.1076
      0.4464
      1.4101
      3.2635
      5.4351
      6.4621
      5.4640
      3.2767
      1.3895
      0.4168
      0.1042
      0.1310
      0.5696
      1.9196
      4.5690
      7.6802
      9.1302
      0.0067
      0.0215
      0.1128
      0.4838
      1.5639
      3.6773
      6.1932
      7.4248
      6.3186
      3.8086
      1.6219
      0.4880
      0.1220
      0.1537
      0.6730
      2.2758
      5.4244
      9.1231
     10.8471
