      0.0017
      0.0042
      0.0103
      0.0140
      0.0103
      0.0042
      0.0012
      0.0006
      0.0007
      0.0021
      0.0049
      0.0066
      0.0048
      0.0019
      0.0004
      0.0000
      0.0000
      0.0000
      0.0000
      0.0025
      0.0054
      0.0119
      0.0147
      0.0099
      0.0037
      0.0009
      0.0004
      0.0006
      0.0017
      0.0043
      0.0063
      0.0050
      0.0022
      0.0005
      0.0001
      0.0000
      0.0000
      0.0000
      0.0033
      0.0062
      0.0118
      0.0126
      0.0074
      0.0024
      0.0005
      0.0002
      0.0003
      0.0010
      0.0029
      0.0051
      0.0052
      0.0030
      0.0010
      0.0002
      0.0000
      0.0000
      0.0000
      0.0029
      0.0045
      0.0070
      0.0065
      0.0033
      0.0009
      0.0002
      0.0000
      0.0001
      0.0006
      0.0027
      0.0076
      0.0123
      0.0112
      0.0057
      0.0016
      0.0002
      0.0000
      0.0000
      0.0134
      0.0106
      0.0058
      0.0026
      0.0009
      0.0002
      0.0000
      0.0000
      0.0001
      0.0011
      0.0075
      0.0272
      0.0536
      0.0572
      0.0330
      0.0103
      0.0017
      0.0002
      0.0000
      0.2046
      0.1505
      0.0600
      0.0130
      0.0016
      0.0001
      0.0001
      0.0001
      0.0003
      0.0023
      0.0168
      0.0677
      0.1473
      0.1729
      0.1096
      0.0375
      0.0070
      0.0008
      0.0003
      1.7943
      1.3187
      0.5229
      0.1115
      0.0127
      0.0008
      0.0002
      0.0002
      0.0004
      0.0026
      0.0209
      0.0925
      0.2205
      0.2836
      0.1972
      0.0746
      0.0171
      0.0065
      0.0067
      8.4165
      6.1857
      2.4528
      0.5229
      0.0596
      0.0037
      0.0004
      0.0003
      0.0003
      0.0017
      0.0141
      0.0684
      0.1788
      0.2528
      0.1951
      0.0896
      0.0525
      0.0825
      0.1079
     21.2253
     15.5997
      6.1857
      1.3187
      0.1503
      0.0092
      0.0006
      0.0003
      0.0003
      0.0006
      0.0052
      0.0277
      0.0813
      0.1332
      0.1334
      0.1370
      0.3108
      0.7020
      0.9410
     28.8797
     21.2253
      8.4165
      1.7943
      0.2045
      0.0129
      0.0018
      0.0020
      0.0016
      0.0008
      0.0013
      0.0080
      0.0335
      0.0913
      0.1843
      0.4401
      1.3951
      3.2714
      4.4022
     21.2253
     15.5997
      6.1858
      1.3189
      0.1516
      0.0156
      0.0171
      0.0235
      0.0178
      0.0073
      0.0020
      0.0056
      0.0386
      0.1570
      0.4128
      1.0993
      3.5116
      8.2338
     11.0853
      8.4165
      6.1858
      2.4531
      0.5249
      0.0720
      0.0541
      0.1195
      0.1567
      0.1121
      0.0434
      0.0094
      0.0068
      0.0471
      0.2106
      0.5879
      1.5552
      4.8213
     11.2089
     15.0754
      1.7943
      1.3189
      0.5253
      0.1265
      0.0811
      0.2240
      0.4662
      0.5648
      0.3792
      0.1385
      0.0275
      0.0066
      0.0329
      0.1569
      0.4607
      1.2073
      3.6020
      8.2603
     11.0851
      0.2046
      0.1520
      0.0753
      0.0918
      0.2592
      0.6115
      1.0395
      1.1215
      0.6981
      0.2398
      0.0446
      0.0057
      0.0126
      0.0633
      0.1959
      0.5116
      1.4647
      3.2993
      4.4128
      0.0134
      0.0166
      0.0630
      0.2606
      0.6695
      1.1463
      1.4564
      1.3205
      0.7502
      0.2439
      0.0435
      0.0044
      0.0027
      0.0138
      0.0462
      0.1282
      0.3724
      0.8363
      1.1171
      0.0029
      0.0173
      0.1243
      0.4952
      1.1200
      1.5938
      1.6936
      1.4338
      0.8418
      0.2968
      0.0588
      0.0064
      0.0007
      0.0023
      0.0165
      0.1105
      0.4882
      1.2167
      1.6524
      0.0033
      0.0209
      0.1424
      0.5349
      1.1907
      1.9176
      2.7547
      3.1297
      2.2248
      0.8898
      0.1937
      0.0226
      0.0015
      0.0032
      0.0516
      0.4511
      2.1141
      5.3304
      7.2524
      0.0025
      0.0147
      0.0944
      0.3544
      0.9629
      2.4732
      5.2728
      7.0653
      5.3056
      2.1674
      0.4770
      0.0562
      0.0038
      0.0079
      0.1294
      1.1353
      5.3255
     13.4302
     18.2735
      0.0017
      0.0099
      0.0610
      0.2422
      0.8481
      2.8764
      6.8785
      9.5006
      7.1882
      2.9428
      0.6482
      0.0764
      0.0051
      0.0108
      0.1760
      1.5447
      7.2459
     18.2733
     24.8631
