      0.0021
      0.0050
      0.0122
      0.0166
      0.0122
      0.0049
      0.0012
      0.0004
      0.0010
      0.0036
      0.0088
      0.0118
      0.0085
      0.0033
      0.0007
      0.0001
      0.0000
      0.0000
      0.0000
      0.0029
      0.0064
      0.0141
      0.0175
      0.0118
      0.0044
      0.0010
      0.0003
      0.0007
      0.0030
      0.0077
      0.0112
      0.0088
      0.0038
      0.0009
      0.0001
      0.0000
      0.0000
      0.0000
      0.0039
      0.0074
      0.0140
      0.0150
      0.0087
      0.0028
      0.0005
      0.0001
      0.0003
      0.0016
      0.0048
      0.0081
      0.0074
      0.0037
      0.0010
      0.0002
      0.0000
      0.0000
      0.0000
      0.0033
      0.0053
      0.0084
      0.0077
      0.0039
      0.0011
      0.0002
      0.0000
      0.0001
      0.0005
      0.0019
      0.0039
      0.0044
      0.0028
      0.0010
      0.0002
      0.0000
      0.0000
      0.0000
      0.0141
      0.0113
      0.0064
      0.0030
      0.0011
      0.0002
      0.0000
      0.0000
      0.0001
      0.0002
      0.0009
      0.0028
      0.0049
      0.0048
      0.0026
      0.0008
      0.0001
      0.0000
      0.0000
      0.2143
      0.1577
      0.0628
      0.0136
      0.0016
      0.0001
      0.0001
      0.0001
      0.0001
      0.0002
      0.0013
      0.0050
      0.0109
      0.0127
      0.0080
      0.0028
      0.0006
      0.0002
      0.0001
      1.8790
      1.3810
      0.5476
      0.1168
      0.0133
      0.0009
      0.0002
      0.0003
      0.0003
      0.0003
      0.0016
      0.0067
      0.0161
      0.0208
      0.0147
      0.0061
      0.0027
      0.0033
      0.0041
      8.8141
      6.4780
      2.5687
      0.5476
      0.0624
      0.0039
      0.0004
      0.0004
      0.0003
      0.0003
      0.0011
      0.0051
      0.0137
      0.0209
      0.0197
      0.0166
      0.0258
      0.0508
      0.0665
     22.2281
     16.3367
      6.4780
      1.3810
      0.1574
      0.0097
      0.0007
      0.0005
      0.0003
      0.0002
      0.0005
      0.0029
      0.0118
      0.0313
      0.0568
      0.0932
      0.2078
      0.4382
      0.5790
     30.2440
     22.2281
      8.8141
      1.8790
      0.2143
      0.0138
      0.0028
      0.0035
      0.0028
      0.0012
      0.0006
      0.0043
      0.0285
      0.1076
      0.2402
      0.4280
      0.9621
      2.0410
      2.7042
     22.2281
     16.3367
      6.4780
      1.3813
      0.1598
      0.0212
      0.0304
      0.0422
      0.0320
      0.0131
      0.0035
      0.0089
      0.0652
      0.2681
      0.6349
      1.1362
      2.4573
      5.1424
      6.8060
      8.8141
      6.4780
      2.5690
      0.5507
      0.0834
      0.0926
      0.2131
      0.2808
      0.2012
      0.0780
      0.0169
      0.0121
      0.0841
      0.3695
      0.9252
      1.6722
      3.4456
      7.0275
      9.2623
      1.8790
      1.3813
      0.5506
      0.1379
      0.1210
      0.3808
      0.8215
      1.0078
      0.6795
      0.2485
      0.0493
      0.0119
      0.0590
      0.2760
      0.7334
      1.3504
      2.6475
      5.2148
      6.8253
      0.2143
      0.1595
      0.0816
      0.1150
      0.3674
      0.9711
      1.7742
      1.9741
      1.2417
      0.4277
      0.0796
      0.0103
      0.0225
      0.1114
      0.3149
      0.5954
      1.1161
      2.1097
      2.7348
      0.0141
      0.0185
      0.0751
      0.3192
      0.8644
      1.6257
      2.2707
      2.1634
      1.2421
      0.4002
      0.0702
      0.0070
      0.0048
      0.0243
      0.0745
      0.1563
      0.3222
      0.6282
      0.8175
      0.0033
      0.0205
      0.1480
      0.5913
      1.3420
      1.8921
      1.8967
      1.4224
      0.7182
      0.2158
      0.0361
      0.0033
      0.0007
      0.0037
      0.0235
      0.1449
      0.6258
      1.5525
      2.1068
      0.0039
      0.0248
      0.1682
      0.6191
      1.2586
      1.4987
      1.1979
      0.7573
      0.3709
      0.1190
      0.0223
      0.0023
      0.0003
      0.0043
      0.0683
      0.5955
      2.7899
      7.0338
      9.5699
      0.0029
      0.0174
      0.1094
      0.3735
      0.7108
      0.8329
      0.7693
      0.6609
      0.4273
      0.1663
      0.0359
      0.0042
      0.0006
      0.0103
      0.1708
      1.4988
      7.0305
     17.7299
     24.1237
      0.0021
      0.0116
      0.0687
      0.2224
      0.4143
      0.5400
      0.6726
      0.7437
      0.5335
      0.2157
      0.0473
      0.0056
      0.0008
      0.0140
      0.2323
      2.0392
      9.5657
     24.1236
     32.8232
