      0.0020
      0.0048
      0.0117
      0.0159
      0.0117
      0.0048
      0.0013
      0.0006
      0.0009
      0.0026
      0.0060
      0.0081
      0.0058
      0.0023
      0.0005
      0.0001
      0.0000
      0.0000
      0.0000
      0.0028
      0.0061
      0.0135
      0.0167
      0.0113
      0.0042
      0.0011
      0.0005
      0.0007
      0.0021
      0.0053
      0.0077
      0.0061
      0.0027
      0.0006
      0.0001
      0.0000
      0.0000
      0.0000
      0.0037
      0.0070
      0.0134
      0.0144
      0.0084
      0.0027
      0.0006
      0.0002
      0.0003
      0.0012
      0.0035
      0.0063
      0.0064
      0.0037
      0.0012
      0.0002
      0.0000
      0.0000
      0.0000
      0.0031
      0.0050
      0.0080
      0.0074
      0.0038
      0.0010
      0.0002
      0.0000
      0.0001
      0.0007
      0.0033
      0.0095
      0.0153
      0.0140
      0.0070
      0.0020
      0.0003
      0.0000
      0.0000
      0.0098
      0.0081
      0.0050
      0.0026
      0.0010
      0.0002
      0.0000
      0.0000
      0.0001
      0.0014
      0.0093
      0.0339
      0.0669
      0.0714
      0.0412
      0.0128
      0.0021
      0.0002
      0.0000
      0.1426
      0.1050
      0.0419
      0.0092
      0.0011
      0.0001
      0.0000
      0.0001
      0.0003
      0.0028
      0.0209
      0.0846
      0.1839
      0.2159
      0.1369
      0.0469
      0.0087
      0.0010
      0.0003
      1.2494
      0.9183
      0.3642
      0.0776
      0.0089
      0.0006
      0.0001
      0.0002
      0.0003
      0.0032
      0.0261
      0.1156
      0.2754
      0.3542
      0.2463
      0.0931
      0.0212
      0.0077
      0.0078
      5.8607
      4.3074
      1.7080
      0.3641
      0.0415
      0.0026
      0.0002
      0.0002
      0.0003
      0.0020
      0.0176
      0.0854
      0.2233
      0.3156
      0.2435
      0.1111
      0.0624
      0.0960
      0.1252
     14.7800
     10.8627
      4.3074
      0.9183
      0.1046
      0.0064
      0.0004
      0.0003
      0.0002
      0.0007
      0.0065
      0.0346
      0.1015
      0.1660
      0.1651
      0.1643
      0.3623
      0.8150
      1.0923
     20.1100
     14.7800
      5.8607
      1.2494
      0.1425
      0.0092
      0.0019
      0.0024
      0.0019
      0.0009
      0.0016
      0.0099
      0.0415
      0.1125
      0.2240
      0.5200
      1.6239
      3.7985
      5.1103
     14.7800
     10.8627
      4.3074
      0.9185
      0.1063
      0.0143
      0.0208
      0.0288
      0.0219
      0.0090
      0.0025
      0.0069
      0.0475
      0.1924
      0.5006
      1.3006
      4.0911
      9.5627
     12.8696
      5.8607
      4.3074
      1.7083
      0.3664
      0.0565
      0.0642
      0.1465
      0.1922
      0.1376
      0.0533
      0.0116
      0.0083
      0.0578
      0.2579
      0.7139
      1.8447
      5.6230
     13.0212
     17.5037
      1.2494
      0.9185
      0.3668
      0.0952
      0.0905
      0.2715
      0.5699
      0.6923
      0.4652
      0.1700
      0.0337
      0.0081
      0.0404
      0.1923
      0.5601
      1.4355
      4.2059
      9.5987
     12.8721
      0.1426
      0.1067
      0.0594
      0.0999
      0.3030
      0.7320
      1.2629
      1.3718
      0.8560
      0.2942
      0.0548
      0.0071
      0.0154
      0.0775
      0.2384
      0.6094
      1.7110
      3.8312
      5.1194
      0.0098
      0.0149
      0.0702
      0.2976
      0.7726
      1.3479
      1.7497
      1.6085
      0.9193
      0.2995
      0.0535
      0.0055
      0.0033
      0.0169
      0.0555
      0.1470
      0.4083
      0.9036
      1.2040
      0.0031
      0.0195
      0.1415
      0.5647
      1.2846
      1.8569
      2.0249
      1.7518
      1.0392
      0.3679
      0.0731
      0.0080
      0.0008
      0.0024
      0.0136
      0.0777
      0.3277
      0.8089
      1.0968
      0.0037
      0.0237
      0.1621
      0.6107
      1.3740
      2.2738
      3.3685
      3.8840
      2.7732
      1.1104
      0.2418
      0.0283
      0.0018
      0.0021
      0.0327
      0.2843
      1.3311
      3.3555
      4.5653
      0.0028
      0.0167
      0.1076
      0.4080
      1.1393
      3.0264
      6.5520
      8.8145
      6.6251
      2.7069
      0.5958
      0.0701
      0.0045
      0.0051
      0.0814
      0.7141
      3.3498
      8.4478
     11.4943
      0.0020
      0.0112
      0.0698
      0.2820
      1.0241
      3.5601
      8.5750
     11.8619
      8.9775
      3.6756
      0.8097
      0.0954
      0.0062
      0.0069
      0.1107
      0.9716
      4.5577
     11.4940
     15.6391
