      0.0004
      0.0010
      0.0024
      0.0032
      0.0024
      0.0011
      0.0007
      0.0007
      0.0008
      0.0017
      0.0037
      0.0049
      0.0035
      0.0014
      0.0003
      0.0000
      0.0000
      0.0000
      0.0000
      0.0006
      0.0012
      0.0027
      0.0034
      0.0023
      0.0010
      0.0005
      0.0005
      0.0006
      0.0014
      0.0032
      0.0046
      0.0037
      0.0016
      0.0004
      0.0000
      0.0000
      0.0000
      0.0000
      0.0008
      0.0014
      0.0027
      0.0029
      0.0017
      0.0006
      0.0002
      0.0002
      0.0003
      0.0007
      0.0022
      0.0039
      0.0039
      0.0023
      0.0008
      0.0002
      0.0000
      0.0000
      0.0000
      0.0014
      0.0016
      0.0018
      0.0016
      0.0008
      0.0002
      0.0001
      0.0000
      0.0001
      0.0005
      0.0022
      0.0062
      0.0102
      0.0093
      0.0047
      0.0013
      0.0002
      0.0000
      0.0000
      0.0270
      0.0200
      0.0083
      0.0021
      0.0004
      0.0001
      0.0000
      0.0000
      0.0001
      0.0009
      0.0063
      0.0229
      0.0451
      0.0482
      0.0278
      0.0087
      0.0015
      0.0001
      0.0000
      0.4433
      0.3258
      0.1293
      0.0276
      0.0032
      0.0002
      0.0000
      0.0000
      0.0002
      0.0019
      0.0141
      0.0571
      0.1242
      0.1458
      0.0925
      0.0316
      0.0059
      0.0008
      0.0004
      3.8904
      2.8593
      1.1338
      0.2417
      0.0275
      0.0017
      0.0001
      0.0001
      0.0002
      0.0022
      0.0176
      0.0780
      0.1860
      0.2392
      0.1663
      0.0630
      0.0156
      0.0089
      0.0104
     18.2492
     13.4124
      5.3184
      1.1338
      0.1292
      0.0078
      0.0003
      0.0001
      0.0001
      0.0013
      0.0119
      0.0577
      0.1508
      0.2130
      0.1644
      0.0789
      0.0655
      0.1270
      0.1700
     46.0224
     33.8245
     13.4124
      2.8593
      0.3258
      0.0197
      0.0007
      0.0001
      0.0001
      0.0005
      0.0043
      0.0233
      0.0682
      0.1110
      0.1127
      0.1501
      0.4557
      1.0998
      1.4900
     62.6192
     46.0224
     18.2492
      3.8904
      0.4433
      0.0271
      0.0018
      0.0014
      0.0011
      0.0006
      0.0011
      0.0065
      0.0267
      0.0716
      0.1613
      0.5461
      2.1021
      5.1535
      6.9874
     46.0224
     33.8245
     13.4124
      2.8594
      0.3268
      0.0244
      0.0130
      0.0174
      0.0132
      0.0054
      0.0015
      0.0042
      0.0289
      0.1199
      0.3674
      1.3823
      5.3189
     13.0030
     17.6222
     18.2492
     13.4124
      5.3185
      1.1349
      0.1373
      0.0436
      0.0874
      0.1155
      0.0829
      0.0321
      0.0070
      0.0050
      0.0350
      0.1609
      0.5227
      1.9365
      7.2882
     17.7134
     23.9846
      3.8904
      2.8593
      1.1345
      0.2479
      0.0655
      0.1494
      0.3321
      0.4129
      0.2797
      0.1025
      0.0204
      0.0049
      0.0245
      0.1201
      0.4067
      1.4755
      5.4082
     13.0433
     17.6385
      0.4433
      0.3262
      0.1332
      0.0523
      0.1129
      0.3479
      0.6965
      0.8032
      0.5117
      0.1771
      0.0331
      0.0043
      0.0094
      0.0484
      0.1713
      0.6101
      2.1720
      5.1882
      7.0038
      0.0270
      0.0214
      0.0221
      0.0702
      0.2180
      0.5137
      0.8628
      0.9070
      0.5461
      0.1813
      0.0326
      0.0033
      0.0020
      0.0105
      0.0392
      0.1390
      0.4827
      1.1414
      1.5378
      0.0014
      0.0046
      0.0294
      0.1222
      0.3186
      0.6142
      0.9408
      1.0048
      0.6486
      0.2367
      0.0476
      0.0052
      0.0005
      0.0014
      0.0074
      0.0398
      0.1644
      0.4041
      0.5475
      0.0008
      0.0048
      0.0336
      0.1358
      0.3836
      0.9530
      1.9305
      2.5056
      1.8473
      0.7459
      0.1628
      0.0191
      0.0012
      0.0009
      0.0128
      0.1109
      0.5185
      1.3068
      1.7778
      0.0006
      0.0034
      0.0233
      0.1085
      0.4644
      1.7422
      4.2625
      5.9047
      4.4661
      1.8273
      0.4023
      0.0474
      0.0030
      0.0020
      0.0316
      0.2770
      1.2991
      3.2762
      4.4577
      0.0004
      0.0023
      0.0162
      0.0918
      0.5224
      2.2474
      5.7126
      7.9899
      6.0601
      2.4822
      0.5468
      0.0644
      0.0041
      0.0027
      0.0429
      0.3768
      1.7675
      4.4574
      6.0648
