      0.0019
      0.0047
      0.0115
      0.0156
      0.0114
      0.0046
      0.0010
      0.0003
      0.0007
      0.0027
      0.0066
      0.0088
      0.0064
      0.0025
      0.0005
      0.0001
      0.0000
      0.0000
      0.0000
      0.0027
      0.0060
      0.0132
      0.0164
      0.0110
      0.0041
      0.0009
      0.0002
      0.0005
      0.0022
      0.0058
      0.0084
      0.0067
      0.0029
      0.0007
      0.0001
      0.0000
      0.0000
      0.0000
      0.0036
      0.0069
      0.0131
      0.0140
      0.0082
      0.0026
      0.0005
      0.0001
      0.0002
      0.0012
      0.0039
      0.0071
      0.0074
      0.0044
      0.0015
      0.0003
      0.0000
      0.0000
      0.0000
      0.0030
      0.0048
      0.0078
      0.0072
      0.0037
      0.0010
      0.0002
      0.0000
      0.0001
      0.0009
      0.0043
      0.0125
      0.0207
      0.0191
      0.0097
      0.0027
      0.0004
      0.0000
      0.0000
      0.0096
      0.0079
      0.0049
      0.0026
      0.0010
      0.0002
      0.0000
      0.0000
      0.0002
      0.0019
      0.0129
      0.0473
      0.0934
      0.0997
      0.0576
      0.0179
      0.0030
      0.0003
      0.0000
      0.1400
      0.1031
      0.0412
      0.0090
      0.0011
      0.0001
      0.0001
      0.0001
      0.0004
      0.0040
      0.0293
      0.1183
      0.2573
      0.3020
      0.1915
      0.0655
      0.0121
      0.0012
      0.0002
      1.2269
      0.9017
      0.3576
      0.0763
      0.0087
      0.0006
      0.0002
      0.0003
      0.0006
      0.0045
      0.0365
      0.1616
      0.3852
      0.4955
      0.3444
      0.1295
      0.0269
      0.0044
      0.0023
      5.7551
      4.2298
      1.6772
      0.3576
      0.0408
      0.0026
      0.0004
      0.0004
      0.0005
      0.0028
      0.0246
      0.1195
      0.3122
      0.4409
      0.3383
      0.1445
      0.0439
      0.0283
      0.0319
     14.5137
     10.6669
      4.2298
      0.9017
      0.1028
      0.0063
      0.0005
      0.0004
      0.0004
      0.0010
      0.0090
      0.0483
      0.1407
      0.2269
      0.2117
      0.1383
      0.1300
      0.2135
      0.2728
     19.7476
     14.5137
      5.7551
      1.2269
      0.1399
      0.0091
      0.0021
      0.0027
      0.0021
      0.0011
      0.0022
      0.0131
      0.0524
      0.1329
      0.2242
      0.3024
      0.5132
      0.9753
      1.2664
     14.5137
     10.6669
      4.2298
      0.9019
      0.1046
      0.0150
      0.0227
      0.0316
      0.0240
      0.0099
      0.0028
      0.0078
      0.0527
      0.2074
      0.4712
      0.7426
      1.2927
      2.4460
      3.1775
      5.7551
      4.2298
      1.6775
      0.3600
      0.0569
      0.0696
      0.1601
      0.2104
      0.1506
      0.0584
      0.0127
      0.0091
      0.0632
      0.2762
      0.6760
      1.0947
      1.8255
      3.3434
      4.3191
      1.2269
      0.9020
      0.3603
      0.0942
      0.0948
      0.2926
      0.6207
      0.7568
      0.5092
      0.1861
      0.0369
      0.0089
      0.0441
      0.2059
      0.5359
      0.8931
      1.4241
      2.4910
      3.1848
      0.1400
      0.1047
      0.0584
      0.0996
      0.3105
      0.7744
      1.3648
      1.4965
      0.9370
      0.3225
      0.0601
      0.0077
      0.0169
      0.0831
      0.2304
      0.3988
      0.6144
      1.0203
      1.2862
      0.0096
      0.0146
      0.0688
      0.2935
      0.7745
      1.3945
      1.8762
      1.7664
      1.0221
      0.3355
      0.0603
      0.0062
      0.0037
      0.0181
      0.0550
      0.1101
      0.2086
      0.3880
      0.5000
      0.0030
      0.0191
      0.1385
      0.5554
      1.2843
      1.9413
      2.2823
      2.1104
      1.3017
      0.4717
      0.0953
      0.0105
      0.0010
      0.0030
      0.0206
      0.1352
      0.5937
      1.4779
      2.0068
      0.0036
      0.0232
      0.1589
      0.6064
      1.4286
      2.6325
      4.3509
      5.2738
      3.8267
      1.5409
      0.3365
      0.0394
      0.0026
      0.0042
      0.0660
      0.5764
      2.7009
      6.8098
      9.2653
      0.0027
      0.0164
      0.1065
      0.4215
      1.3203
      3.9594
      9.0113
     12.2785
      9.2557
      3.7846
      0.8332
      0.0981
      0.0064
      0.0102
      0.1654
      1.4514
      6.8082
     17.1694
     23.3610
      0.0019
      0.0110
      0.0700
      0.3065
      1.2814
      4.8392
     11.9236
     16.5728
     12.5549
      5.1413
      1.1326
      0.1334
      0.0088
      0.0139
      0.2250
      1.9748
      9.2633
     23.3610
     31.7855
