      0.5187
      0.5322
      0.5567
      0.5582
      0.5158
      0.4406
      0.3702
      0.3437
      0.3763
      0.4492
      0.5184
      0.5388
      0.4903
      0.3868
      0.2649
      0.1598
      0.0891
      0.0522
      0.0413
      0.5299
      0.5396
      0.5547
      0.5461
      0.4969
      0.4197
      0.3501
      0.3240
      0.3549
      0.4244
      0.4913
      0.5132
      0.4700
      0.3739
      0.2585
      0.1575
      0.0885
      0.0519
      0.0410
      0.5828
      0.5807
      0.5665
      0.5256
      0.4543
      0.3693
      0.3009
      0.2757
      0.3012
      0.3609
      0.4205
      0.4446
      0.4144
      0.3374
      0.2399
      0.1507
      0.0871
      0.0520
      0.0411
      0.7433
      0.7187
      0.6488
      0.5452
      0.4281
      0.3224
      0.2504
      0.2238
      0.2407
      0.2848
      0.3312
      0.3542
      0.3385
      0.2860
      0.2136
      0.1426
      0.0885
      0.0567
      0.0465
      1.1267
      1.0636
      0.8965
      0.6804
      0.4748
      0.3198
      0.2285
      0.1932
      0.1970
      0.2216
      0.2502
      0.2680
      0.2645
      0.2373
      0.1934
      0.1452
      0.1045
      0.0783
      0.0694
      1.8528
      1.7281
      1.4050
      1.0035
      0.6438
      0.3925
      0.2538
      0.1955
      0.1806
      0.1843
      0.1952
      0.2077
      0.2166
      0.2164
      0.2045
      0.1834
      0.1598
      0.1414
      0.1345
      2.9382
      2.7288
      2.1891
      1.5265
      0.9431
      0.5436
      0.3251
      0.2274
      0.1885
      0.1733
      0.1723
      0.1868
      0.2156
      0.2500
      0.2780
      0.2911
      0.2894
      0.2815
      0.2773
      4.1912
      3.8878
      3.1069
      2.1512
      1.3133
      0.7411
      0.4262
      0.2801
      0.2156
      0.1857
      0.1814
      0.2095
      0.2715
      0.3547
      0.4363
      0.4951
      0.5237
      0.5305
      0.5304
      5.2221
      4.8436
      3.8704
      2.6813
      1.6413
      0.9321
      0.5404
      0.3547
      0.2680
      0.2261
      0.2228
      0.2716
      0.3772
      0.5227
      0.6725
      0.7906
      0.8599
      0.8878
      0.8939
      5.6240
      5.2198
      4.1824
      2.9194
      1.8211
      1.0779
      0.6689
      0.4698
      0.3665
      0.3075
      0.2970
      0.3593
      0.5052
      0.7137
      0.9364
      1.1211
      1.2388
      1.2940
      1.3084
      5.2221
      4.8561
      3.9205
      2.7911
      1.8237
      1.1827
      0.8343
      0.6526
      0.5327
      0.4401
      0.3989
      0.4501
      0.6129
      0.8641
      1.1449
      1.3883
      1.5532
      1.6374
      1.6615
      4.1912
      3.9162
      3.2194
      2.3959
      1.7161
      1.2882
      1.0589
      0.9111
      0.7640
      0.6133
      0.5110
      0.5174
      0.6604
      0.9170
      1.2224
      1.5006
      1.7001
      1.8096
      1.8429
      2.9382
      2.7768
      2.3781
      1.9337
      1.6048
      1.4282
      1.3293
      1.2068
      1.0148
      0.7865
      0.6028
      0.5399
      0.6312
      0.8551
      1.1478
      1.4327
      1.6519
      1.7819
      1.8238
      1.8528
      1.7962
      1.6713
      1.5711
      1.5525
      1.5854
      1.5791
      1.4550
      1.2061
      0.9012
      0.6419
      0.5107
      0.5407
      0.7132
      0.9731
      1.2514
      1.4873
      1.6410
      1.6938
      1.1267
      1.1463
      1.2180
      1.3579
      1.5423
      1.6938
      1.7184
      1.5661
      1.2664
      0.9121
      0.6109
      0.4395
      0.4258
      0.5568
      0.7928
      1.0783
      1.3495
      1.5440
      1.6148
      0.7433
      0.8060
      0.9857
      1.2471
      1.5162
      1.6931
      1.6956
      1.5052
      1.1787
      0.8177
      0.5204
      0.3485
      0.3238
      0.4427
      0.6854
      1.0114
      1.3512
      1.6121
      1.7105
      0.5828
      0.6629
      0.8817
      1.1750
      1.4446
      1.5881
      1.5446
      1.3237
      0.9985
      0.6661
      0.4062
      0.2632
      0.2551
      0.3900
      0.6685
      1.0636
      1.4960
      1.8396
      1.9714
      0.5299
      0.6133
      0.8358
      1.1198
      1.3588
      1.4573
      1.3737
      1.1370
      0.8269
      0.5316
      0.3136
      0.2043
      0.2202
      0.3801
      0.7001
      1.1619
      1.6771
      2.0919
      2.2519
      0.5187
      0.6018
      0.8217
      1.0971
      1.3200
      1.3991
      1.3000
      1.0590
      0.7573
      0.4784
      0.2783
      0.1835
      0.2103
      0.3817
      0.7198
      1.2093
      1.7578
      2.2010
      2.3723
