      0.1548
      0.1646
      0.1841
      0.1942
      0.1847
      0.1622
      0.1385
      0.1175
      0.0969
      0.0767
      0.0608
      0.0507
      0.0429
      0.0336
      0.0228
      0.0131
      0.0069
      0.0040
      0.0033
      0.1561
      0.1641
      0.1794
      0.1849
      0.1725
      0.1492
      0.1263
      0.1079
      0.0923
      0.0799
      0.0738
      0.0728
      0.0702
      0.0599
      0.0429
      0.0254
      0.0128
      0.0063
      0.0045
      0.1761
      0.1776
      0.1772
      0.1664
      0.1439
      0.1180
      0.0981
      0.0873
      0.0858
      0.0962
      0.1204
      0.1503
      0.1670
      0.1551
      0.1176
      0.0722
      0.0362
      0.0161
      0.0101
      0.2938
      0.2769
      0.2328
      0.1770
      0.1259
      0.0902
      0.0730
      0.0729
      0.0916
      0.1367
      0.2124
      0.3005
      0.3592
      0.3513
      0.2778
      0.1772
      0.0919
      0.0418
      0.0262
      0.7217
      0.6542
      0.4890
      0.3060
      0.1684
      0.0940
      0.0696
      0.0778
      0.1159
      0.1989
      0.3385
      0.5087
      0.6366
      0.6480
      0.5327
      0.3539
      0.1932
      0.0949
      0.0636
      1.8236
      1.6365
      1.1839
      0.6945
      0.3401
      0.1577
      0.0973
      0.1012
      0.1483
      0.2570
      0.4508
      0.7030
      0.9131
      0.9650
      0.8259
      0.5771
      0.3404
      0.1911
      0.1428
      3.9128
      3.5047
      2.5194
      1.4579
      0.6920
      0.2953
      0.1520
      0.1300
      0.1680
      0.2766
      0.4884
      0.7845
      1.0562
      1.1615
      1.0438
      0.7839
      0.5246
      0.3595
      0.3064
      6.7957
      6.0849
      4.3688
      2.5200
      1.1833
      0.4827
      0.2149
      0.1473
      0.1603
      0.2430
      0.4270
      0.7055
      0.9874
      1.1394
      1.0977
      0.9271
      0.7545
      0.6555
      0.6277
      9.4697
      8.4787
      6.0857
      3.5063
      1.6369
      0.6485
      0.2584
      0.1433
      0.1281
      0.1740
      0.3012
      0.5126
      0.7521
      0.9298
      1.0034
      1.0214
      1.0617
      1.1330
      1.1708
     10.5771
      9.4702
      6.7973
      3.9148
      1.8224
      0.7100
      0.2632
      0.1230
      0.0894
      0.1045
      0.1736
      0.3044
      0.4772
      0.6604
      0.8556
      1.1085
      1.4374
      1.7502
      1.8825
      9.4697
      8.4797
      6.0892
      3.5118
      1.6402
      0.6428
      0.2381
      0.1059
      0.0665
      0.0614
      0.0875
      0.1535
      0.2657
      0.4406
      0.7251
      1.1747
      1.7610
      2.2970
      2.5184
      6.7957
      6.0887
      4.3834
      2.5489
      1.2217
      0.5164
      0.2269
      0.1237
      0.0803
      0.0571
      0.0523
      0.0750
      0.1430
      0.2969
      0.6095
      1.1446
      1.8523
      2.4971
      2.7623
      3.9128
      3.5151
      2.5606
      1.5462
      0.8278
      0.4560
      0.2993
      0.2224
      0.1606
      0.1042
      0.0637
      0.0514
      0.0849
      0.2053
      0.4844
      0.9831
      1.6510
      2.2616
      2.5129
      1.8236
      1.6582
      1.2725
      0.8910
      0.6605
      0.5734
      0.5373
      0.4746
      0.3666
      0.2401
      0.1333
      0.0709
      0.0672
      0.1491
      0.3708
      0.7810
      1.3368
      1.8474
      2.0580
      0.7217
      0.6911
      0.6427
      0.6582
      0.7703
      0.9258
      1.0229
      0.9818
      0.7968
      0.5380
      0.2997
      0.1431
      0.0856
      0.1378
      0.3361
      0.7192
      1.2446
      1.7296
      1.9301
      0.2938
      0.3295
      0.4568
      0.7112
      1.0880
      1.5021
      1.7963
      1.8188
      1.5339
      1.0638
      0.6020
      0.2838
      0.1455
      0.1864
      0.4367
      0.9378
      1.6304
      2.2716
      2.5370
      0.1761
      0.2421
      0.4606
      0.8732
      1.4861
      2.1955
      2.7583
      2.8965
      2.5072
      1.7700
      1.0131
      0.4791
      0.2379
      0.2844
      0.6552
      1.4073
      2.4492
      3.4147
      3.8143
      0.1561
      0.2353
      0.5006
      1.0163
      1.8156
      2.7864
      3.6043
      3.8654
      3.3942
      2.4189
      1.3929
      0.6608
      0.3266
      0.3850
      0.8835
      1.8974
      3.3027
      4.6052
      5.1443
      0.1548
      0.2378
      0.5180
      1.0711
      1.9438
      3.0220
      3.9472
      4.2619
      3.7593
      2.6869
      1.5501
      0.7361
      0.3638
      0.4278
      0.9813
      2.1075
      3.6685
      5.1154
      5.7142
