      0.0678
      0.0901
      0.1360
      0.1595
      0.1353
      0.0843
      0.0431
      0.0271
      0.0344
      0.0614
      0.0956
      0.1111
      0.0927
      0.0550
      0.0231
      0.0068
      0.0014
      0.0002
      0.0001
      0.0721
      0.0930
      0.1343
      0.1519
      0.1248
      0.0756
      0.0376
      0.0231
      0.0296
      0.0542
      0.0870
      0.1048
      0.0914
      0.0571
      0.0255
      0.0082
      0.0019
      0.0003
      0.0001
      0.0765
      0.0924
      0.1207
      0.1252
      0.0954
      0.0537
      0.0249
      0.0146
      0.0196
      0.0392
      0.0697
      0.0944
      0.0944
      0.0689
      0.0367
      0.0142
      0.0040
      0.0008
      0.0002
      0.0823
      0.0884
      0.0955
      0.0856
      0.0582
      0.0298
      0.0129
      0.0079
      0.0125
      0.0298
      0.0641
      0.1066
      0.1310
      0.1172
      0.0757
      0.0352
      0.0117
      0.0028
      0.0010
      0.1824
      0.1629
      0.1175
      0.0698
      0.0346
      0.0148
      0.0072
      0.0068
      0.0127
      0.0337
      0.0853
      0.1671
      0.2374
      0.2411
      0.1745
      0.0898
      0.0330
      0.0092
      0.0037
      0.7187
      0.6078
      0.3685
      0.1614
      0.0526
      0.0156
      0.0090
      0.0112
      0.0185
      0.0449
      0.1201
      0.2547
      0.3907
      0.4265
      0.3309
      0.1835
      0.0749
      0.0261
      0.0144
      2.3869
      2.0083
      1.1957
      0.5036
      0.1516
      0.0376
      0.0168
      0.0179
      0.0237
      0.0494
      0.1334
      0.2988
      0.4862
      0.5646
      0.4701
      0.2881
      0.1435
      0.0771
      0.0616
      5.6800
      4.7773
      2.8406
      1.1926
      0.3554
      0.0823
      0.0272
      0.0223
      0.0237
      0.0406
      0.1084
      0.2564
      0.4463
      0.5619
      0.5241
      0.3921
      0.2855
      0.2496
      0.2474
      9.5524
      8.0340
      4.7766
      2.0049
      0.5963
      0.1345
      0.0380
      0.0258
      0.0227
      0.0280
      0.0672
      0.1697
      0.3299
      0.4834
      0.5628
      0.5872
      0.6378
      0.7321
      0.7839
     11.3577
      9.5524
      5.6797
      2.3854
      0.7138
      0.1711
      0.0638
      0.0529
      0.0443
      0.0335
      0.0443
      0.1100
      0.2583
      0.4813
      0.7330
      0.9979
      1.3192
      1.6596
      1.8177
      9.5524
      8.0344
      4.7796
      2.0170
      0.6320
      0.2135
      0.1659
      0.1757
      0.1468
      0.0915
      0.0589
      0.0984
      0.2613
      0.5779
      1.0140
      1.5260
      2.1325
      2.7438
      3.0218
      5.6800
      4.7796
      2.8550
      1.2447
      0.4954
      0.3678
      0.4618
      0.5068
      0.4097
      0.2398
      0.1150
      0.1080
      0.2666
      0.6273
      1.1584
      1.7945
      2.5315
      3.2585
      3.5868
      2.3869
      2.0172
      1.2457
      0.6662
      0.5423
      0.7581
      1.0295
      1.0797
      0.8323
      0.4645
      0.1959
      0.1114
      0.2162
      0.5168
      0.9818
      1.5428
      2.1744
      2.7809
      3.0523
      0.7187
      0.6325
      0.4983
      0.5464
      0.8784
      1.3762
      1.7470
      1.7046
      1.2417
      0.6614
      0.2591
      0.1015
      0.1312
      0.3086
      0.6050
      0.9758
      1.3943
      1.7898
      1.9649
      0.1824
      0.2121
      0.3668
      0.7601
      1.3839
      2.0221
      2.3429
      2.1240
      1.4697
      0.7559
      0.2848
      0.0885
      0.0633
      0.1387
      0.2992
      0.5545
      0.9109
      1.2805
      1.4475
      0.0823
      0.1590
      0.4457
      1.0184
      1.7894
      2.4693
      2.7362
      2.4295
      1.6838
      0.8810
      0.3390
      0.0975
      0.0362
      0.0693
      0.2182
      0.6009
      1.3046
      2.1138
      2.4888
      0.0765
      0.1659
      0.4843
      1.0915
      1.9043
      2.6905
      3.1563
      3.0217
      2.2587
      1.2638
      0.5145
      0.1512
      0.0433
      0.0808
      0.3491
      1.1534
      2.7219
      4.5603
      5.4166
      0.0721
      0.1532
      0.4376
      0.9882
      1.8071
      2.8073
      3.6893
      3.8921
      3.1165
      1.8255
      0.7666
      0.2297
      0.0645
      0.1232
      0.5613
      1.8969
      4.5185
      7.5975
      9.0326
      0.0678
      0.1417
      0.4004
      0.9129
      1.7345
      2.8560
      3.9635
      4.3410
      3.5539
      2.1084
      0.8922
      0.2686
      0.0756
      0.1453
      0.6649
      2.2512
      5.3666
      9.0263
     10.7322
