      0.0000
      0.0000
      0.0000
      0.0000
      0.0000
      0.0000
      0.0000
      0.0000
      0.0000
      0.0000
      0.0000
      0.0000
      0.0000
      0.0000
      0.0000
      0.0000
      0.0000
      0.0000
      0.0000
      0.0000
      0.0000
      0.0000
      0.0000
      0.0000
      0.0000
      0.0000
      0.0000
      0.0000
      0.0000
      0.0000
      0.0000
      0.0000
      0.0000
      0.0000
      0.0000
      0.0000
      0.0000
      0.0000
      0.0000
      0.0000
      0.0000
      0.0000
      0.0000
      0.0000
      0.0000
      0.0000
      0.0000
      0.0000
      0.0000
      0.0000
      0.0000
      0.0000
      0.0000
      0.0000
      0.0000
      0.0000
      0.0000
      0.0000
      0.0000
      0.0000
      0.0000
      0.0000
      0.0000
      0.0000
      0.0000
      0.0000
      0.0000
      0.0000
      0.0000
      0.0000
      0.0000
      0.0000
      0.0000
      0.0000
      0.0000
      0.0000
      0.0000
      0.0000
      0.0000
      0.0000
      0.0000
      0.0000
      0.0000
      0.0000
      0.0000
      0.0000
      0.0000
      0.0001
      0.0005
      0.0006
      0.0002
      0.0000
      0.0000
      0.0000
      0.0000
      0.0003
      0.0002
      0.0000
      0.0000
      0.0000
      0.0000
      0.0000
      0.0000
      0.0000
      0.0000
      0.0000
      0.0008
      0.0047
      0.0068
      0.0024
      0.0002
      0.0000
      0.0000
      0.0000
      0.0405
      0.0203
      0.0025
      0.0001
      0.0000
      0.0000
      0.0000
      0.0000
      0.0000
      0.0000
      0.0001
      0.0017
      0.0118
      0.0207
      0.0091
      0.0010
      0.0000
      0.0000
      0.0000
      1.3133
      0.6567
      0.0819
      0.0025
      0.0000
      0.0000
      0.0000
      0.0000
      0.0000
      0.0000
      0.0000
      0.0008
      0.0073
      0.0158
      0.0085
      0.0011
      0.0000
      0.0000
      0.0000
     10.5343
      5.2672
      0.6567
      0.0203
      0.0002
      0.0000
      0.0000
      0.0000
      0.0000
      0.0000
      0.0000
      0.0001
      0.0011
      0.0031
      0.0022
      0.0006
      0.0003
      0.0013
      0.0025
     21.0687
     10.5343
      1.3133
      0.0405
      0.0003
      0.0000
      0.0000
      0.0000
      0.0000
      0.0000
      0.0000
      0.0000
      0.0001
      0.0020
      0.0095
      0.0120
      0.0090
      0.0417
      0.0825
     10.5343
      5.2672
      0.6567
      0.0203
      0.0002
      0.0000
      0.0001
      0.0003
      0.0001
      0.0000
      0.0000
      0.0000
      0.0007
      0.0158
      0.0919
      0.1347
      0.0902
      0.3357
      0.6619
      1.3133
      0.6567
      0.0819
      0.0025
      0.0001
      0.0013
      0.0095
      0.0182
      0.0086
      0.0010
      0.0000
      0.0000
      0.0012
      0.0330
      0.2234
      0.3801
      0.2423
      0.6787
      1.3240
      0.0405
      0.0203
      0.0025
      0.0001
      0.0011
      0.0282
      0.1887
      0.3166
      0.1329
      0.0139
      0.0004
      0.0000
      0.0005
      0.0172
      0.1358
      0.2686
      0.1729
      0.3470
      0.6624
      0.0003
      0.0002
      0.0000
      0.0007
      0.0108
      0.1634
      0.9285
      1.3720
      0.5083
      0.0469
      0.0011
      0.0000
      0.0001
      0.0022
      0.0206
      0.0474
      0.0323
      0.0451
      0.0827
      0.0000
      0.0000
      0.0004
      0.0112
      0.0786
      0.3213
      1.1739
      1.4889
      0.4865
      0.0397
      0.0008
      0.0000
      0.0000
      0.0001
      0.0008
      0.0021
      0.0017
      0.0024
      0.0044
      0.0000
      0.0000
      0.0024
      0.0514
      0.2764
      0.4413
      0.5159
      0.5179
      0.1737
      0.0161
      0.0004
      0.0000
      0.0000
      0.0000
      0.0000
      0.0005
      0.0151
      0.1212
      0.2424
      0.0000
      0.0000
      0.0032
      0.0594
      0.2767
      0.5016
      1.7231
      3.4956
      1.8699
      0.2504
      0.0083
      0.0001
      0.0000
      0.0000
      0.0001
      0.0151
      0.4899
      3.9299
      7.8597
      0.0000
      0.0000
      0.0011
      0.0175
      0.1102
      1.5608
     12.9212
     27.7742
     14.9430
      2.0052
      0.0666
      0.0005
      0.0000
      0.0000
      0.0009
      0.1212
      3.9299
     31.5222
     63.0444
      0.0000
      0.0000
      0.0002
      0.0031
      0.0939
      2.9962
     25.8105
     55.5456
     29.8857
      4.0104
      0.1332
      0.0011
      0.0000
      0.0000
      0.0018
      0.2424
      7.8597
     63.0444
    126.0888
