      0.3207
      0.3276
      0.3442
      0.3624
      0.3776
      0.3918
      0.4110
      0.4396
      0.4765
      0.5128
      0.5317
      0.5141
      0.4512
      0.3524
      0.2423
      0.1465
      0.0796
      0.0430
      0.0317
      0.3201
      0.3255
      0.3381
      0.3511
      0.3613
      0.3718
      0.3889
      0.4173
      0.4563
      0.4976
      0.5240
      0.5158
      0.4616
      0.3684
      0.2593
      0.1607
      0.0895
      0.0494
      0.0368
      0.3270
      0.3277
      0.3280
      0.3256
      0.3218
      0.3224
      0.3348
      0.3637
      0.4091
      0.4634
      0.5104
      0.5278
      0.4979
      0.4201
      0.3135
      0.2065
      0.1224
      0.0715
      0.0549
      0.3696
      0.3615
      0.3393
      0.3100
      0.2837
      0.2707
      0.2783
      0.3094
      0.3633
      0.4346
      0.5091
      0.5621
      0.5673
      0.5126
      0.4099
      0.2902
      0.1860
      0.1184
      0.0955
      0.4959
      0.4729
      0.4133
      0.3403
      0.2791
      0.2467
      0.2480
      0.2805
      0.3409
      0.4263
      0.5269
      0.6178
      0.6641
      0.6396
      0.5466
      0.4166
      0.2921
      0.2066
      0.1767
      0.7550
      0.7088
      0.5908
      0.4493
      0.3332
      0.2686
      0.2560
      0.2834
      0.3421
      0.4317
      0.5492
      0.6729
      0.7621
      0.7776
      0.7096
      0.5864
      0.4565
      0.3630
      0.3296
      1.1555
      1.0777
      0.8796
      0.6434
      0.4486
      0.3339
      0.2945
      0.3054
      0.3505
      0.4307
      0.5510
      0.6970
      0.8279
      0.8963
      0.8807
      0.8005
      0.7010
      0.6252
      0.5977
      1.6249
      1.5123
      1.2255
      0.8829
      0.5974
      0.4218
      0.3454
      0.3308
      0.3525
      0.4115
      0.5205
      0.6758
      0.8444
      0.9794
      1.0507
      1.0634
      1.0465
      1.0278
      1.0207
      2.0138
      1.8737
      1.5167
      1.0899
      0.7323
      0.5070
      0.3989
      0.3593
      0.3549
      0.3859
      0.4720
      0.6233
      0.8224
      1.0320
      1.2193
      1.3713
      1.4883
      1.5666
      1.5950
      2.1658
      2.0171
      1.6389
      1.1889
      0.8147
      0.5804
      0.4655
      0.4137
      0.3864
      0.3848
      0.4370
      0.5695
      0.7855
      1.0643
      1.3746
      1.6854
      1.9620
      2.1589
      2.2311
      2.0138
      1.8812
      1.5467
      1.1561
      0.8427
      0.6587
      0.5743
      0.5278
      0.4800
      0.4376
      0.4411
      0.5357
      0.7462
      1.0687
      1.4763
      1.9229
      2.3411
      2.6455
      2.7577
      1.6249
      1.5297
      1.2950
      1.0363
      0.8537
      0.7739
      0.7524
      0.7227
      0.6497
      0.5521
      0.4882
      0.5224
      0.6972
      1.0218
      1.4728
      1.9945
      2.4974
      2.8682
      3.0056
      1.1555
      1.1080
      1.0010
      0.9113
      0.8961
      0.9479
      1.0026
      0.9886
      0.8789
      0.7104
      0.5626
      0.5174
      0.6288
      0.9126
      1.3479
      1.8760
      2.3978
      2.7872
      2.9322
      0.7550
      0.7537
      0.7705
      0.8461
      0.9947
      1.1740
      1.2982
      1.2901
      1.1331
      0.8848
      0.6464
      0.5142
      0.5483
      0.7674
      1.1535
      1.6497
      2.1559
      2.5402
      2.6845
      0.4959
      0.5313
      0.6471
      0.8560
      1.1382
      1.4213
      1.5995
      1.5898
      1.3842
      1.0590
      0.7348
      0.5206
      0.4823
      0.6420
      0.9873
      1.4665
      1.9764
      2.3732
      2.5237
      0.3696
      0.4298
      0.6132
      0.9149
      1.2928
      1.6533
      1.8744
      1.8651
      1.6207
      1.2309
      0.8329
      0.5496
      0.4561
      0.5835
      0.9291
      1.4452
      2.0173
      2.4733
      2.6483
      0.3270
      0.4016
      0.6250
      0.9838
      1.4247
      1.8417
      2.1003
      2.0996
      1.8320
      1.3943
      0.9378
      0.6007
      0.4721
      0.5967
      0.9836
      1.5871
      2.2732
      2.8282
      3.0426
      0.3201
      0.4017
      0.6451
      1.0339
      1.5113
      1.9654
      2.2535
      2.2653
      1.9881
      1.5208
      1.0249
      0.6521
      0.5052
      0.6412
      1.0796
      1.7747
      2.5733
      3.2233
      3.4751
      0.3207
      0.4043
      0.6536
      1.0517
      1.5412
      2.0087
      2.3085
      2.3264
      2.0469
      1.5695
      1.0594
      0.6740
      0.5213
      0.6640
      1.1253
      1.8594
      2.7050
      3.3943
      3.6615
