      0.4690
      0.5151
      0.6060
      0.6441
      0.5712
      0.4164
      0.2626
      0.1812
      0.1949
      0.2779
      0.3711
      0.4102
      0.3661
      0.2623
      0.1507
      0.0695
      0.0259
      0.0085
      0.0043
      0.4681
      0.5085
      0.5858
      0.6109
      0.5336
      0.3840
      0.2396
      0.1642
      0.1774
      0.2559
      0.3462
      0.3887
      0.3532
      0.2585
      0.1523
      0.0722
      0.0278
      0.0093
      0.0048
      0.4580
      0.4834
      0.5259
      0.5196
      0.4341
      0.3012
      0.1824
      0.1231
      0.1354
      0.2022
      0.2847
      0.3347
      0.3207
      0.2494
      0.1572
      0.0803
      0.0336
      0.0122
      0.0066
      0.4511
      0.4553
      0.4499
      0.4038
      0.3117
      0.2032
      0.1177
      0.0789
      0.0908
      0.1440
      0.2166
      0.2746
      0.2863
      0.2440
      0.1697
      0.0966
      0.0455
      0.0192
      0.0116
      0.5411
      0.5144
      0.4395
      0.3332
      0.2209
      0.1282
      0.0700
      0.0484
      0.0603
      0.1025
      0.1673
      0.2332
      0.2695
      0.2561
      0.2001
      0.1296
      0.0714
      0.0371
      0.0263
      0.9106
      0.8294
      0.6279
      0.3975
      0.2138
      0.1021
      0.0502
      0.0361
      0.0468
      0.0816
      0.1419
      0.2168
      0.2775
      0.2945
      0.2604
      0.1953
      0.1295
      0.0846
      0.0691
      1.7194
      1.5446
      1.1205
      0.6580
      0.3165
      0.1313
      0.0570
      0.0380
      0.0444
      0.0726
      0.1300
      0.2145
      0.3032
      0.3612
      0.3657
      0.3220
      0.2570
      0.2024
      0.1814
      2.8935
      2.5921
      1.8638
      1.0771
      0.5055
      0.2029
      0.0846
      0.0520
      0.0509
      0.0709
      0.1238
      0.2189
      0.3445
      0.4661
      0.5430
      0.5537
      0.5100
      0.4525
      0.4268
      4.0029
      3.5846
      2.5750
      1.4881
      0.7035
      0.2938
      0.1373
      0.0927
      0.0816
      0.0881
      0.1315
      0.2376
      0.4130
      0.6274
      0.8180
      0.9234
      0.9281
      0.8795
      0.8514
      4.4651
      4.0001
      2.8800
      1.6812
      0.8287
      0.3999
      0.2490
      0.2063
      0.1787
      0.1548
      0.1722
      0.2812
      0.5102
      0.8333
      1.1617
      1.3871
      1.4598
      1.4312
      1.4044
      4.0029
      3.5925
      2.6105
      1.5790
      0.8805
      0.5721
      0.4952
      0.4689
      0.4023
      0.3083
      0.2607
      0.3421
      0.5997
      1.0075
      1.4520
      1.7835
      1.9219
      1.9184
      1.8960
      2.8935
      2.6153
      1.9650
      1.3276
      0.9738
      0.9098
      0.9601
      0.9418
      0.7871
      0.5604
      0.3911
      0.3940
      0.6230
      1.0447
      1.5303
      1.9102
      2.0868
      2.1049
      2.0891
      1.7194
      1.5961
      1.3403
      1.1821
      1.2529
      1.4779
      1.6482
      1.5872
      1.2778
      0.8609
      0.5273
      0.4105
      0.5512
      0.9012
      1.3325
      1.6846
      1.8616
      1.8940
      1.8862
      0.9106
      0.9221
      1.0157
      1.2916
      1.7435
      2.1980
      2.4079
      2.2266
      1.7168
      1.1024
      0.6160
      0.3829
      0.4127
      0.6405
      0.9544
      1.2280
      1.3821
      1.4278
      1.4308
      0.5411
      0.6498
      0.9971
      1.5840
      2.2839
      2.8344
      2.9760
      2.6265
      1.9386
      1.1930
      0.6241
      0.3243
      0.2680
      0.3805
      0.5762
      0.7731
      0.9143
      0.9867
      1.0070
      0.4511
      0.6165
      1.1059
      1.8470
      2.6267
      3.1387
      3.1543
      2.6704
      1.9017
      1.1348
      0.5702
      0.2621
      0.1638
      0.2045
      0.3284
      0.4938
      0.6612
      0.7881
      0.8358
      0.4580
      0.6430
      1.1717
      1.9242
      2.6507
      3.0561
      2.9714
      2.4507
      1.7159
      1.0156
      0.5061
      0.2201
      0.1114
      0.1241
      0.2293
      0.4152
      0.6498
      0.8561
      0.9396
      0.4681
      0.6502
      1.1585
      1.8524
      2.4826
      2.7938
      2.6704
      2.1877
      1.5388
      0.9234
      0.4681
      0.2032
      0.0950
      0.1035
      0.2186
      0.4462
      0.7545
      1.0368
      1.1529
      0.4690
      0.6467
      1.1380
      1.7976
      2.3826
      2.6583
      2.5303
      2.0759
      1.4703
      0.8920
      0.4577
      0.2002
      0.0928
      0.1022
      0.2250
      0.4730
      0.8136
      1.1276
      1.2572
