      0.0013
      0.0030
      0.0075
      0.0101
      0.0075
      0.0030
      0.0009
      0.0004
      0.0003
      0.0005
      0.0011
      0.0014
      0.0010
      0.0004
      0.0001
      0.0000
      0.0000
      0.0000
      0.0000
      0.0018
      0.0039
      0.0086
      0.0107
      0.0072
      0.0027
      0.0007
      0.0003
      0.0003
      0.0004
      0.0009
      0.0014
      0.0011
      0.0005
      0.0001
      0.0000
      0.0000
      0.0000
      0.0000
      0.0024
      0.0045
      0.0085
      0.0091
      0.0053
      0.0017
      0.0004
      0.0001
      0.0001
      0.0002
      0.0007
      0.0013
      0.0015
      0.0009
      0.0004
      0.0001
      0.0000
      0.0000
      0.0000
      0.0025
      0.0035
      0.0052
      0.0047
      0.0024
      0.0007
      0.0001
      0.0000
      0.0000
      0.0002
      0.0011
      0.0035
      0.0060
      0.0057
      0.0029
      0.0008
      0.0001
      0.0000
      0.0000
      0.0224
      0.0170
      0.0079
      0.0027
      0.0007
      0.0002
      0.0000
      0.0000
      0.0001
      0.0006
      0.0040
      0.0146
      0.0289
      0.0309
      0.0178
      0.0056
      0.0009
      0.0001
      0.0000
      0.3592
      0.2641
      0.1049
      0.0225
      0.0026
      0.0002
      0.0001
      0.0001
      0.0002
      0.0013
      0.0091
      0.0367
      0.0798
      0.0937
      0.0594
      0.0203
      0.0038
      0.0005
      0.0002
      3.1510
      2.3159
      0.9183
      0.1958
      0.0223
      0.0014
      0.0003
      0.0004
      0.0004
      0.0015
      0.0114
      0.0502
      0.1195
      0.1537
      0.1069
      0.0406
      0.0098
      0.0049
      0.0055
     14.7807
     10.8632
      4.3076
      0.9183
      0.1047
      0.0065
      0.0006
      0.0005
      0.0005
      0.0010
      0.0077
      0.0371
      0.0968
      0.1367
      0.1054
      0.0501
      0.0374
      0.0671
      0.0888
     37.2752
     27.3957
     10.8632
      2.3158
      0.2639
      0.0161
      0.0009
      0.0004
      0.0003
      0.0004
      0.0028
      0.0149
      0.0430
      0.0686
      0.0674
      0.0850
      0.2440
      0.5754
      0.7751
     50.7176
     37.2752
     14.7807
      3.1510
      0.3590
      0.0219
      0.0011
      0.0006
      0.0004
      0.0002
      0.0006
      0.0036
      0.0133
      0.0316
      0.0721
      0.2783
      1.0996
      2.6815
      3.6261
     37.2752
     27.3957
     10.8632
      2.3159
      0.2642
      0.0174
      0.0042
      0.0051
      0.0038
      0.0016
      0.0005
      0.0014
      0.0092
      0.0387
      0.1427
      0.6722
      2.7453
      6.7399
      9.1281
     14.7807
     10.8632
      4.3077
      0.9191
      0.1083
      0.0187
      0.0269
      0.0340
      0.0240
      0.0093
      0.0020
      0.0015
      0.0103
      0.0494
      0.1940
      0.9144
      3.7251
      9.1547
     12.4052
      3.1510
      2.3160
      0.9198
      0.2039
      0.0496
      0.0666
      0.1127
      0.1259
      0.0821
      0.0297
      0.0059
      0.0014
      0.0071
      0.0365
      0.1472
      0.6810
      2.7419
      6.7249
      9.1118
      0.3592
      0.2651
      0.1155
      0.0730
      0.1388
      0.2362
      0.2964
      0.2684
      0.1556
      0.0522
      0.0097
      0.0012
      0.0027
      0.0147
      0.0610
      0.2769
      1.0972
      2.6801
      3.6292
      0.0224
      0.0214
      0.0487
      0.1810
      0.4227
      0.5880
      0.5472
      0.3817
      0.1916
      0.0604
      0.0109
      0.0011
      0.0006
      0.0033
      0.0156
      0.0779
      0.3163
      0.7756
      1.0507
      0.0025
      0.0128
      0.0897
      0.3521
      0.7645
      0.9759
      0.8557
      0.6169
      0.3472
      0.1254
      0.0259
      0.0029
      0.0003
      0.0014
      0.0191
      0.1600
      0.7443
      1.8739
      2.5490
      0.0024
      0.0151
      0.1027
      0.3821
      0.8196
      1.2016
      1.5443
      1.6701
      1.1787
      0.4732
      0.1035
      0.0122
      0.0009
      0.0050
      0.0818
      0.7177
      3.3662
      8.4888
     11.5501
      0.0018
      0.0106
      0.0679
      0.2484
      0.6234
      1.4367
      2.9026
      3.8364
      2.8740
      1.1739
      0.2584
      0.0304
      0.0023
      0.0125
      0.2061
      1.8088
      8.4850
     21.3980
     29.1146
      0.0013
      0.0071
      0.0436
      0.1646
      0.5167
      1.6115
      3.7541
      5.1566
      3.8976
      1.5954
      0.3514
      0.0414
      0.0031
      0.0170
      0.2804
      2.4611
     11.5448
     29.1145
     39.6138
