      0.4277
      0.4329
      0.4437
      0.4511
      0.4496
      0.4417
      0.4332
      0.4288
      0.4292
      0.4314
      0.4271
      0.4045
      0.3554
      0.2824
      0.2003
      0.1271
      0.0747
      0.0455
      0.0364
      0.4276
      0.4307
      0.4363
      0.4370
      0.4294
      0.4171
      0.4071
      0.4046
      0.4112
      0.4239
      0.4333
      0.4249
      0.3863
      0.3175
      0.2324
      0.1516
      0.0906
      0.0551
      0.0437
      0.4450
      0.4413
      0.4293
      0.4081
      0.3810
      0.3558
      0.3410
      0.3437
      0.3671
      0.4091
      0.4574
      0.4897
      0.4824
      0.4260
      0.3326
      0.2293
      0.1427
      0.0881
      0.0698
      0.5357
      0.5179
      0.4695
      0.4042
      0.3388
      0.2887
      0.2644
      0.2730
      0.3192
      0.4021
      0.5069
      0.6006
      0.6428
      0.6085
      0.5049
      0.3680
      0.2413
      0.1561
      0.1266
      0.7898
      0.7457
      0.6302
      0.4835
      0.3483
      0.2526
      0.2078
      0.2171
      0.2837
      0.4079
      0.5736
      0.7382
      0.8428
      0.8428
      0.7362
      0.5664
      0.3960
      0.2761
      0.2337
      1.2952
      1.2078
      0.9812
      0.6997
      0.4478
      0.2741
      0.1892
      0.1865
      0.2618
      0.4142
      0.6282
      0.8567
      1.0269
      1.0751
      0.9870
      0.8075
      0.6128
      0.4705
      0.4194
      2.0618
      1.9138
      1.5319
      1.0610
      0.6436
      0.3570
      0.2096
      0.1784
      0.2446
      0.4018
      0.6367
      0.9051
      1.1308
      1.2402
      1.2061
      1.0661
      0.8959
      0.7667
      0.7196
      2.9501
      2.7348
      2.1795
      1.4968
      0.8934
      0.4784
      0.2574
      0.1866
      0.2275
      0.3642
      0.5863
      0.8603
      1.1213
      1.2990
      1.3594
      1.3239
      1.2489
      1.1864
      1.1633
      3.6815
      3.4121
      2.7182
      1.8664
      1.1155
      0.5990
      0.3187
      0.2116
      0.2196
      0.3172
      0.4978
      0.7446
      1.0162
      1.2605
      1.4448
      1.5708
      1.6578
      1.7154
      1.7367
      3.9666
      3.6782
      2.9363
      2.0284
      1.2319
      0.6875
      0.3906
      0.2656
      0.2427
      0.2917
      0.4126
      0.6087
      0.8677
      1.1643
      1.4751
      1.7829
      2.0625
      2.2674
      2.3438
      3.6815
      3.4191
      2.7464
      1.9290
      1.2209
      0.7452
      0.4881
      0.3700
      0.3212
      0.3165
      0.3675
      0.4980
      0.7231
      1.0435
      1.4475
      1.9044
      2.3497
      2.6842
      2.8097
      2.9501
      2.7512
      2.2453
      1.6418
      1.1357
      0.8117
      0.6412
      0.5473
      0.4720
      0.4056
      0.3779
      0.4315
      0.6014
      0.9057
      1.3407
      1.8683
      2.4002
      2.8051
      2.9576
      2.0618
      1.9435
      1.6500
      1.3198
      1.0727
      0.9422
      0.8801
      0.8133
      0.7020
      0.5606
      0.4423
      0.4074
      0.5014
      0.7478
      1.1440
      1.6491
      2.1698
      2.5698
      2.7208
      1.2952
      1.2541
      1.1653
      1.1018
      1.1118
      1.1761
      1.2218
      1.1751
      1.0141
      0.7815
      0.5581
      0.4219
      0.4230
      0.5807
      0.8866
      1.2992
      1.7335
      2.0699
      2.1974
      0.7898
      0.8102
      0.8865
      1.0441
      1.2754
      1.5153
      1.6612
      1.6299
      1.4103
      1.0727
      0.7292
      0.4790
      0.3766
      0.4333
      0.6307
      0.9260
      1.2470
      1.4986
      1.5943
      0.5357
      0.5991
      0.7938
      1.1173
      1.5266
      1.9201
      2.1631
      2.1520
      1.8758
      1.4276
      0.9538
      0.5807
      0.3724
      0.3335
      0.4348
      0.6295
      0.8545
      1.0346
      1.1035
      0.4450
      0.5356
      0.8078
      1.2471
      1.7922
      2.3160
      2.6526
      2.6705
      2.3497
      1.7997
      1.2002
      0.7088
      0.4039
      0.2876
      0.3211
      0.4513
      0.6178
      0.7554
      0.8087
      0.4276
      0.5331
      0.8491
      1.3584
      1.9926
      2.6094
      3.0191
      3.0658
      2.7177
      2.0941
      1.4002
      0.8195
      0.4445
      0.2777
      0.2734
      0.3728
      0.5141
      0.6344
      0.6814
      0.4277
      0.5380
      0.8682
      1.4013
      2.0670
      2.7182
      3.1562
      3.2152
      2.8581
      2.2074
      1.4779
      0.8637
      0.4628
      0.2782
      0.2622
      0.3532
      0.4885
      0.6049
      0.6505
