      0.0000
      0.0000
      0.0000
      0.0000
      0.0000
      0.0000
      0.0000
      0.0000
      0.0000
      0.0000
      0.0000
      0.0000
      0.0000
      0.0000
      0.0000
      0.0000
      0.0000
      0.0000
      0.0000
      0.0000
      0.0000
      0.0000
      0.0000
      0.0000
      0.0000
      0.0000
      0.0000
      0.0000
      0.0000
      0.0000
      0.0000
      0.0000
      0.0000
      0.0000
      0.0000
      0.0000
      0.0000
      0.0000
      0.0000
      0.0000
      0.0000
      0.0000
      0.0000
      0.0000
      0.0000
      0.0000
      0.0000
      0.0000
      0.0000
      0.0000
      0.0000
      0.0000
      0.0000
      0.0000
      0.0000
      0.0000
      0.0000
      0.0000
      0.0000
      0.0000
      0.0000
      0.0000
      0.0000
      0.0000
      0.0000
      0.0000
      0.0000
      0.0000
      0.0000
      0.0000
      0.0000
      0.0000
      0.0000
      0.0000
      0.0000
      0.0000
      0.0000
      0.0000
      0.0000
      0.0000
      0.0000
      0.0000
      0.0000
      0.0000
      0.0000
      0.0000
      0.0000
      0.0000
      0.0001
      0.0001
      0.0000
      0.0000
      0.0000
      0.0000
      0.0000
      0.0011
      0.0005
      0.0001
      0.0000
      0.0000
      0.0000
      0.0000
      0.0000
      0.0000
      0.0000
      0.0000
      0.0001
      0.0009
      0.0012
      0.0004
      0.0000
      0.0000
      0.0000
      0.0000
      0.1452
      0.0726
      0.0091
      0.0003
      0.0000
      0.0000
      0.0000
      0.0000
      0.0000
      0.0000
      0.0000
      0.0003
      0.0021
      0.0038
      0.0017
      0.0002
      0.0000
      0.0000
      0.0000
      4.7097
      2.3549
      0.2936
      0.0091
      0.0001
      0.0000
      0.0000
      0.0000
      0.0000
      0.0000
      0.0000
      0.0002
      0.0013
      0.0029
      0.0015
      0.0002
      0.0000
      0.0001
      0.0002
     37.7776
     18.8888
      2.3549
      0.0726
      0.0005
      0.0000
      0.0000
      0.0000
      0.0000
      0.0000
      0.0000
      0.0000
      0.0002
      0.0006
      0.0006
      0.0003
      0.0021
      0.0165
      0.0329
     75.5552
     37.7776
      4.7097
      0.1452
      0.0011
      0.0000
      0.0000
      0.0000
      0.0000
      0.0000
      0.0000
      0.0000
      0.0001
      0.0016
      0.0077
      0.0117
      0.0697
      0.5334
      1.0661
     37.7776
     18.8888
      2.3549
      0.0726
      0.0005
      0.0000
      0.0001
      0.0002
      0.0001
      0.0000
      0.0000
      0.0000
      0.0006
      0.0129
      0.0750
      0.1252
      0.5731
      4.2796
      8.5512
      4.7097
      2.3549
      0.2936
      0.0091
      0.0001
      0.0010
      0.0078
      0.0148
      0.0070
      0.0008
      0.0000
      0.0000
      0.0010
      0.0269
      0.1824
      0.3408
      1.1965
      8.5649
     17.1024
      0.1452
      0.0726
      0.0091
      0.0003
      0.0009
      0.0230
      0.1539
      0.2582
      0.1083
      0.0113
      0.0003
      0.0000
      0.0004
      0.0140
      0.1108
      0.2344
      0.6404
      4.2886
      8.5516
      0.0011
      0.0005
      0.0001
      0.0007
      0.0100
      0.1354
      0.7581
      1.1188
      0.4145
      0.0383
      0.0009
      0.0000
      0.0000
      0.0018
      0.0168
      0.0406
      0.0886
      0.5362
      1.0662
      0.0000
      0.0000
      0.0005
      0.0122
      0.0833
      0.2916
      0.9684
      1.2146
      0.3964
      0.0323
      0.0006
      0.0000
      0.0000
      0.0001
      0.0006
      0.0018
      0.0033
      0.0177
      0.0350
      0.0000
      0.0000
      0.0026
      0.0563
      0.3019
      0.4576
      0.4228
      0.3574
      0.1053
      0.0082
      0.0002
      0.0000
      0.0000
      0.0000
      0.0000
      0.0005
      0.0172
      0.1375
      0.2750
      0.0000
      0.0000
      0.0035
      0.0651
      0.2984
      0.3777
      0.4099
      0.6571
      0.3438
      0.0457
      0.0015
      0.0000
      0.0000
      0.0000
      0.0001
      0.0171
      0.5554
      4.4547
      8.9093
      0.0000
      0.0000
      0.0012
      0.0189
      0.0817
      0.3438
      2.3598
      5.0412
      2.7117
      0.3639
      0.0121
      0.0001
      0.0000
      0.0000
      0.0010
      0.1374
      4.4547
     35.7316
     71.4632
      0.0000
      0.0000
      0.0002
      0.0028
      0.0247
      0.5501
      4.6850
     10.0796
      5.4232
      0.7277
      0.0242
      0.0002
      0.0000
      0.0000
      0.0021
      0.2747
      8.9093
     71.4632
    142.9264
