      0.0000
      0.0000
      0.0000
      0.0000
      0.0000
      0.0000
      0.0000
      0.0000
      0.0000
      0.0000
      0.0000
      0.0000
      0.0000
      0.0000
      0.0000
      0.0000
      0.0000
      0.0000
      0.0000
      0.0000
      0.0000
      0.0000
      0.0000
      0.0000
      0.0000
      0.0000
      0.0000
      0.0000
      0.0000
      0.0000
      0.0000
      0.0000
      0.0000
      0.0000
      0.0000
      0.0000
      0.0000
      0.0000
      0.0000
      0.0000
      0.0000
      0.0000
      0.0000
      0.0000
      0.0000
      0.0000
      0.0000
      0.0000
      0.0000
      0.0000
      0.0000
      0.0000
      0.0000
      0.0000
      0.0000
      0.0000
      0.0000
      0.0000
      0.0000
      0.0000
      0.0000
      0.0000
      0.0000
      0.0000
      0.0000
      0.0000
      0.0000
      0.0000
      0.0000
      0.0000
      0.0000
      0.0000
      0.0000
      0.0000
      0.0000
      0.0000
      0.0000
      0.0000
      0.0000
      0.0000
      0.0000
      0.0000
      0.0000
      0.0000
      0.0000
      0.0000
      0.0000
      0.0000
      0.0001
      0.0001
      0.0000
      0.0000
      0.0000
      0.0000
      0.0000
      0.0010
      0.0005
      0.0001
      0.0000
      0.0000
      0.0000
      0.0000
      0.0000
      0.0000
      0.0000
      0.0000
      0.0002
      0.0010
      0.0015
      0.0005
      0.0000
      0.0000
      0.0000
      0.0000
      0.1340
      0.0670
      0.0084
      0.0003
      0.0000
      0.0000
      0.0000
      0.0000
      0.0000
      0.0000
      0.0000
      0.0004
      0.0025
      0.0045
      0.0020
      0.0002
      0.0000
      0.0000
      0.0000
      4.3458
      2.1729
      0.2709
      0.0084
      0.0001
      0.0000
      0.0000
      0.0000
      0.0000
      0.0000
      0.0000
      0.0002
      0.0016
      0.0034
      0.0018
      0.0003
      0.0001
      0.0004
      0.0007
     34.8587
     17.4294
      2.1729
      0.0670
      0.0005
      0.0000
      0.0000
      0.0000
      0.0000
      0.0000
      0.0000
      0.0000
      0.0002
      0.0007
      0.0007
      0.0005
      0.0060
      0.0477
      0.0954
     69.7174
     34.8587
      4.3458
      0.1340
      0.0010
      0.0000
      0.0000
      0.0000
      0.0000
      0.0000
      0.0000
      0.0000
      0.0001
      0.0022
      0.0109
      0.0194
      0.1970
      1.5464
      3.0921
     34.8587
     17.4294
      2.1729
      0.0670
      0.0005
      0.0000
      0.0001
      0.0003
      0.0002
      0.0000
      0.0000
      0.0000
      0.0008
      0.0181
      0.1058
      0.2006
      1.6017
     12.4062
     24.8023
      4.3458
      2.1729
      0.2709
      0.0084
      0.0001
      0.0014
      0.0110
      0.0208
      0.0099
      0.0012
      0.0000
      0.0000
      0.0014
      0.0378
      0.2571
      0.5287
      3.2753
     24.8214
     49.6051
      0.1340
      0.0670
      0.0084
      0.0003
      0.0012
      0.0322
      0.2165
      0.3634
      0.1525
      0.0159
      0.0004
      0.0000
      0.0006
      0.0197
      0.1562
      0.3545
      1.6971
     12.4196
     24.8032
      0.0010
      0.0005
      0.0001
      0.0003
      0.0088
      0.1811
      1.0629
      1.5744
      0.5835
      0.0538
      0.0012
      0.0000
      0.0001
      0.0026
      0.0237
      0.0602
      0.2239
      1.5505
      3.0924
      0.0000
      0.0000
      0.0001
      0.0035
      0.0325
      0.2799
      1.3129
      1.7049
      0.5579
      0.0455
      0.0009
      0.0000
      0.0000
      0.0001
      0.0009
      0.0026
      0.0077
      0.0489
      0.0973
      0.0000
      0.0000
      0.0007
      0.0157
      0.0874
      0.1968
      0.4451
      0.4866
      0.1456
      0.0112
      0.0002
      0.0000
      0.0000
      0.0000
      0.0000
      0.0005
      0.0163
      0.1308
      0.2616
      0.0000
      0.0000
      0.0010
      0.0181
      0.0840
      0.1414
      0.4032
      0.7778
      0.4088
      0.0543
      0.0018
      0.0000
      0.0000
      0.0000
      0.0001
      0.0163
      0.5273
      4.2299
      8.4597
      0.0000
      0.0000
      0.0003
      0.0053
      0.0297
      0.3418
      2.7820
      5.9763
      3.2152
      0.4314
      0.0143
      0.0001
      0.0000
      0.0000
      0.0010
      0.1304
      4.2299
     33.9285
     67.8571
      0.0000
      0.0000
      0.0001
      0.0009
      0.0209
      0.6453
      5.5534
     11.9509
      6.4301
      0.8629
      0.0287
      0.0002
      0.0000
      0.0000
      0.0020
      0.2609
      8.4597
     67.8571
    135.7142
