      0.5226
      0.5380
      0.5722
      0.5997
      0.6023
      0.5815
      0.5519
      0.5280
      0.5151
      0.5077
      0.4925
      0.4546
      0.3866
      0.2955
      0.2000
      0.1192
      0.0637
      0.0337
      0.0245
      0.5142
      0.5271
      0.5551
      0.5751
      0.5719
      0.5482
      0.5186
      0.4972
      0.4886
      0.4876
      0.4804
      0.4513
      0.3914
      0.3057
      0.2118
      0.1296
      0.0712
      0.0387
      0.0286
      0.4936
      0.4997
      0.5106
      0.5111
      0.4932
      0.4630
      0.4348
      0.4204
      0.4237
      0.4389
      0.4527
      0.4474
      0.4094
      0.3385
      0.2491
      0.1628
      0.0963
      0.0567
      0.0438
      0.4791
      0.4754
      0.4617
      0.4351
      0.3983
      0.3618
      0.3379
      0.3343
      0.3525
      0.3877
      0.4277
      0.4538
      0.4466
      0.3976
      0.3161
      0.2249
      0.1472
      0.0975
      0.0807
      0.5079
      0.4914
      0.4466
      0.3862
      0.3269
      0.2838
      0.2652
      0.2721
      0.3026
      0.3535
      0.4167
      0.4742
      0.5018
      0.4816
      0.4155
      0.3254
      0.2404
      0.1827
      0.1626
      0.6235
      0.5906
      0.5051
      0.3999
      0.3090
      0.2531
      0.2346
      0.2460
      0.2806
      0.3374
      0.4146
      0.4987
      0.5630
      0.5815
      0.5474
      0.4781
      0.4042
      0.3512
      0.3324
      0.8431
      0.7893
      0.6522
      0.4878
      0.3514
      0.2705
      0.2416
      0.2471
      0.2749
      0.3263
      0.4068
      0.5105
      0.6133
      0.6856
      0.7122
      0.7021
      0.6777
      0.6580
      0.6510
      1.1239
      1.0479
      0.8545
      0.6243
      0.4339
      0.3186
      0.2700
      0.2610
      0.2737
      0.3108
      0.3853
      0.5015
      0.6444
      0.7880
      0.9127
      1.0141
      1.0947
      1.1508
      1.1715
      1.3662
      1.2729
      1.0360
      0.7546
      0.5217
      0.3782
      0.3113
      0.2863
      0.2808
      0.2982
      0.3589
      0.4797
      0.6609
      0.8881
      1.1425
      1.4044
      1.6447
      1.8198
      1.8847
      1.4624
      1.3649
      1.1182
      0.8277
      0.5904
      0.4462
      0.3773
      0.3433
      0.3194
      0.3115
      0.3483
      0.4614
      0.6699
      0.9764
      1.3676
      1.8088
      2.2341
      2.5500
      2.6677
      1.3662
      1.2822
      1.0723
      0.8321
      0.6466
      0.5442
      0.4982
      0.4642
      0.4185
      0.3737
      0.3704
      0.4559
      0.6679
      1.0254
      1.5215
      2.1103
      2.6937
      3.1323
      3.2965
      1.1239
      1.0697
      0.9398
      0.8062
      0.7263
      0.7052
      0.7025
      0.6701
      0.5908
      0.4904
      0.4254
      0.4588
      0.6411
      1.0015
      1.5372
      2.1961
      2.8612
      3.3659
      3.5554
      0.8431
      0.8282
      0.8038
      0.8102
      0.8667
      0.9466
      0.9911
      0.9504
      0.8192
      0.6433
      0.4982
      0.4589
      0.5811
      0.8951
      1.3984
      2.0381
      2.6945
      3.1967
      3.3859
      0.6235
      0.6489
      0.7323
      0.8808
      1.0727
      1.2467
      1.3256
      1.2604
      1.0627
      0.8012
      0.5699
      0.4512
      0.4991
      0.7389
      1.1660
      1.7309
      2.3222
      2.7792
      2.9522
      0.5079
      0.5672
      0.7410
      1.0068
      1.3067
      1.5494
      1.6435
      1.5440
      1.2793
      0.9389
      0.6311
      0.4424
      0.4229
      0.5927
      0.9471
      1.4417
      1.9736
      2.3911
      2.5502
      0.4791
      0.5620
      0.7980
      1.1426
      1.5117
      1.7943
      1.8913
      1.7620
      1.4469
      1.0486
      0.6845
      0.4445
      0.3782
      0.5065
      0.8283
      1.3043
      1.8321
      2.2534
      2.4152
      0.4936
      0.5896
      0.8594
      1.2452
      1.6489
      1.9505
      2.0487
      1.9050
      1.5639
      1.1327
      0.7338
      0.4615
      0.3708
      0.4893
      0.8234
      1.3370
      1.9190
      2.3895
      2.5712
      0.5142
      0.6156
      0.8989
      1.3003
      1.7166
      2.0260
      2.1275
      1.9827
      1.6345
      1.1897
      0.7728
      0.4835
      0.3836
      0.5091
      0.8742
      1.4442
      2.0964
      2.6268
      2.8322
      0.5226
      0.6253
      0.9116
      1.3163
      1.7351
      2.0466
      2.1503
      2.0070
      1.6585
      1.2105
      0.7882
      0.4935
      0.3917
      0.5223
      0.9029
      1.4990
      2.1828
      2.7397
      2.9555
