      0.0000
      0.0000
      0.0000
      0.0000
      0.0000
      0.0000
      0.0000
      0.0000
      0.0000
      0.0000
      0.0000
      0.0000
      0.0000
      0.0000
      0.0000
      0.0000
      0.0000
      0.0000
      0.0000
      0.0000
      0.0000
      0.0000
      0.0000
      0.0000
      0.0000
      0.0000
      0.0000
      0.0000
      0.0000
      0.0000
      0.0000
      0.0000
      0.0000
      0.0000
      0.0000
      0.0000
      0.0000
      0.0000
      0.0000
      0.0000
      0.0000
      0.0000
      0.0000
      0.0000
      0.0000
      0.0000
      0.0000
      0.0000
      0.0000
      0.0000
      0.0000
      0.0000
      0.0000
      0.0000
      0.0000
      0.0000
      0.0000
      0.0000
      0.0000
      0.0000
      0.0000
      0.0000
      0.0000
      0.0000
      0.0000
      0.0000
      0.0000
      0.0000
      0.0000
      0.0000
      0.0000
      0.0000
      0.0000
      0.0000
      0.0000
      0.0000
      0.0000
      0.0000
      0.0000
      0.0000
      0.0000
      0.0000
      0.0000
      0.0000
      0.0000
      0.0000
      0.0000
      0.0002
      0.0008
      0.0010
      0.0003
      0.0000
      0.0000
      0.0000
      0.0000
      0.0007
      0.0003
      0.0000
      0.0000
      0.0000
      0.0000
      0.0000
      0.0000
      0.0000
      0.0000
      0.0001
      0.0015
      0.0085
      0.0121
      0.0044
      0.0004
      0.0000
      0.0000
      0.0000
      0.0904
      0.0452
      0.0056
      0.0002
      0.0000
      0.0000
      0.0000
      0.0000
      0.0000
      0.0000
      0.0001
      0.0030
      0.0210
      0.0370
      0.0163
      0.0018
      0.0000
      0.0000
      0.0000
      2.9302
      1.4651
      0.1827
      0.0056
      0.0000
      0.0000
      0.0000
      0.0000
      0.0000
      0.0000
      0.0000
      0.0015
      0.0130
      0.0282
      0.0152
      0.0021
      0.0001
      0.0003
      0.0006
     23.5038
     11.7519
      1.4651
      0.0452
      0.0003
      0.0000
      0.0000
      0.0000
      0.0000
      0.0000
      0.0000
      0.0002
      0.0020
      0.0054
      0.0037
      0.0009
      0.0050
      0.0395
      0.0789
     47.0076
     23.5038
      2.9302
      0.0904
      0.0007
      0.0000
      0.0000
      0.0000
      0.0000
      0.0000
      0.0000
      0.0000
      0.0001
      0.0012
      0.0049
      0.0108
      0.1614
      1.2802
      2.5601
     23.5038
     11.7519
      1.4651
      0.0452
      0.0003
      0.0000
      0.0001
      0.0001
      0.0001
      0.0000
      0.0000
      0.0000
      0.0003
      0.0078
      0.0458
      0.1055
      1.3040
     10.2696
     20.5349
      2.9302
      1.4651
      0.1827
      0.0056
      0.0001
      0.0006
      0.0047
      0.0090
      0.0043
      0.0005
      0.0000
      0.0000
      0.0006
      0.0163
      0.1113
      0.2660
      2.6391
     20.5431
     41.0699
      0.0904
      0.0452
      0.0056
      0.0002
      0.0005
      0.0139
      0.0935
      0.1569
      0.0658
      0.0069
      0.0002
      0.0000
      0.0003
      0.0085
      0.0676
      0.1720
      1.3453
     10.2754
     20.5352
      0.0007
      0.0003
      0.0000
      0.0001
      0.0035
      0.0777
      0.4586
      0.6797
      0.2519
      0.0232
      0.0005
      0.0000
      0.0000
      0.0011
      0.0102
      0.0283
      0.1730
      1.2820
      2.5602
      0.0000
      0.0000
      0.0000
      0.0008
      0.0096
      0.1142
      0.5648
      0.7372
      0.2416
      0.0197
      0.0004
      0.0000
      0.0000
      0.0000
      0.0004
      0.0012
      0.0057
      0.0404
      0.0806
      0.0000
      0.0000
      0.0002
      0.0035
      0.0205
      0.0715
      0.2685
      0.3903
      0.1602
      0.0179
      0.0005
      0.0000
      0.0000
      0.0000
      0.0000
      0.0004
      0.0137
      0.1100
      0.2200
      0.0000
      0.0000
      0.0002
      0.0041
      0.0279
      0.3568
      2.8932
      6.1997
      3.3317
      0.4468
      0.0148
      0.0001
      0.0000
      0.0000
      0.0001
      0.0137
      0.4435
      3.5577
      7.1154
      0.0000
      0.0000
      0.0001
      0.0017
      0.0810
      2.6748
     23.0563
     49.6187
     26.6967
      3.5825
      0.1190
      0.0010
      0.0000
      0.0000
      0.0008
      0.1097
      3.5577
     28.5370
     57.0740
      0.0000
      0.0000
      0.0000
      0.0012
      0.1535
      5.3410
     46.1101
     99.2368
     53.3934
      7.1649
      0.2380
      0.0019
      0.0000
      0.0000
      0.0017
      0.2194
      7.1154
     57.0740
    114.1481
