      0.0997
      0.1040
      0.1136
      0.1218
      0.1271
      0.1346
      0.1518
      0.1848
      0.2384
      0.3096
      0.3749
      0.3958
      0.3494
      0.2525
      0.1479
      0.0699
      0.0267
      0.0087
      0.0042
      0.0979
      0.1019
      0.1102
      0.1165
      0.1193
      0.1240
      0.1383
      0.1686
      0.2205
      0.2927
      0.3639
      0.3958
      0.3616
      0.2718
      0.1667
      0.0830
      0.0336
      0.0117
      0.0059
      0.0942
      0.0967
      0.1011
      0.1020
      0.0990
      0.0979
      0.1066
      0.1319
      0.1817
      0.2597
      0.3512
      0.4179
      0.4199
      0.3492
      0.2380
      0.1323
      0.0600
      0.0235
      0.0131
      0.0975
      0.0968
      0.0931
      0.0852
      0.0755
      0.0704
      0.0763
      0.1002
      0.1528
      0.2464
      0.3771
      0.5055
      0.5687
      0.5262
      0.3966
      0.2425
      0.1209
      0.0526
      0.0319
      0.1348
      0.1269
      0.1063
      0.0817
      0.0625
      0.0557
      0.0641
      0.0916
      0.1520
      0.2694
      0.4548
      0.6688
      0.8180
      0.8162
      0.6596
      0.4318
      0.2325
      0.1126
      0.0747
      0.2535
      0.2304
      0.1743
      0.1142
      0.0741
      0.0622
      0.0739
      0.1056
      0.1711
      0.3067
      0.5419
      0.8426
      1.0889
      1.1456
      0.9770
      0.6806
      0.4005
      0.2243
      0.1674
      0.4950
      0.4452
      0.3254
      0.1997
      0.1172
      0.0886
      0.0974
      0.1267
      0.1856
      0.3177
      0.5692
      0.9198
      1.2434
      1.3735
      1.2410
      0.9373
      0.6298
      0.4316
      0.3674
      0.8378
      0.7516
      0.5450
      0.3282
      0.1834
      0.1254
      0.1227
      0.1416
      0.1814
      0.2847
      0.5063
      0.8465
      1.2017
      1.4104
      1.3829
      1.1828
      0.9611
      0.8224
      0.7800
      1.1594
      1.0397
      0.7533
      0.4525
      0.2506
      0.1657
      0.1522
      0.1599
      0.1759
      0.2349
      0.3937
      0.6756
      1.0218
      1.3104
      1.4531
      1.4744
      1.4707
      1.4932
      1.5109
      1.2931
      1.1605
      0.8440
      0.5156
      0.3023
      0.2228
      0.2198
      0.2277
      0.2206
      0.2271
      0.3085
      0.5140
      0.8360
      1.2066
      1.5536
      1.8644
      2.1619
      2.4140
      2.5181
      1.1594
      1.0433
      0.7705
      0.5009
      0.3534
      0.3399
      0.3892
      0.4151
      0.3791
      0.3148
      0.3038
      0.4264
      0.7180
      1.1548
      1.6819
      2.2563
      2.8335
      3.3001
      3.4850
      0.8378
      0.7611
      0.5904
      0.4542
      0.4479
      0.5665
      0.7127
      0.7677
      0.6815
      0.5112
      0.3797
      0.4020
      0.6386
      1.0869
      1.7000
      2.4149
      3.1425
      3.7215
      3.9476
      0.4950
      0.4640
      0.4146
      0.4434
      0.6189
      0.9093
      1.1748
      1.2531
      1.0872
      0.7757
      0.4970
      0.3969
      0.5396
      0.9205
      1.4932
      2.1881
      2.9012
      3.4646
      3.6831
      0.2535
      0.2610
      0.3180
      0.5005
      0.8550
      1.3172
      1.6957
      1.7821
      1.5185
      1.0527
      0.6203
      0.3898
      0.4142
      0.6737
      1.1227
      1.7012
      2.3134
      2.8030
      2.9934
      0.1348
      0.1696
      0.3051
      0.6106
      1.1209
      1.7421
      2.2307
      2.3288
      1.9720
      1.3533
      0.7656
      0.4034
      0.3097
      0.4506
      0.7892
      1.2901
      1.8699
      2.3580
      2.5520
      0.0975
      0.1499
      0.3403
      0.7450
      1.4026
      2.2012
      2.8416
      2.9940
      2.5611
      1.7729
      0.9971
      0.4805
      0.2749
      0.3422
      0.6640
      1.2393
      1.9822
      2.6461
      2.9168
      0.0942
      0.1578
      0.3883
      0.8811
      1.6967
      2.7170
      3.5769
      3.8410
      3.3458
      2.3546
      1.3381
      0.6307
      0.3147
      0.3566
      0.7622
      1.5664
      2.6613
      3.6665
      4.0809
      0.0979
      0.1682
      0.4265
      0.9903
      1.9484
      3.1824
      4.2650
      4.6527
      4.1093
      2.9271
      1.6793
      0.7918
      0.3829
      0.4253
      0.9456
      2.0067
      3.4729
      4.8288
      5.3894
      0.0997
      0.1723
      0.4409
      1.0335
      2.0514
      3.3772
      4.5567
      4.9991
      4.4364
      3.1728
      1.8262
      0.8624
      0.4156
      0.4612
      1.0339
      2.2077
      3.8337
      5.3395
      5.9624
