      0.1150
      0.1211
      0.1350
      0.1491
      0.1615
      0.1773
      0.2011
      0.2336
      0.2756
      0.3270
      0.3723
      0.3807
      0.3316
      0.2386
      0.1398
      0.0662
      0.0254
      0.0082
      0.0039
      0.1126
      0.1181
      0.1304
      0.1419
      0.1507
      0.1625
      0.1824
      0.2119
      0.2534
      0.3080
      0.3616
      0.3825
      0.3459
      0.2597
      0.1596
      0.0799
      0.0325
      0.0113
      0.0058
      0.1058
      0.1096
      0.1172
      0.1218
      0.1227
      0.1258
      0.1373
      0.1611
      0.2034
      0.2696
      0.3496
      0.4096
      0.4107
      0.3427
      0.2348
      0.1313
      0.0600
      0.0237
      0.0133
      0.1000
      0.1007
      0.1003
      0.0958
      0.0886
      0.0847
      0.0903
      0.1117
      0.1598
      0.2488
      0.3766
      0.5051
      0.5706
      0.5303
      0.4014
      0.2466
      0.1238
      0.0546
      0.0336
      0.1138
      0.1089
      0.0956
      0.0781
      0.0629
      0.0558
      0.0611
      0.0849
      0.1435
      0.2632
      0.4550
      0.6774
      0.8337
      0.8349
      0.6768
      0.4453
      0.2425
      0.1208
      0.0825
      0.1804
      0.1652
      0.1280
      0.0869
      0.0579
      0.0474
      0.0544
      0.0814
      0.1478
      0.2920
      0.5417
      0.8585
      1.1174
      1.1795
      1.0098
      0.7099
      0.4281
      0.2527
      0.1966
      0.3292
      0.2966
      0.2179
      0.1346
      0.0786
      0.0577
      0.0629
      0.0884
      0.1511
      0.2965
      0.5675
      0.9387
      1.2786
      1.4183
      1.2911
      0.9950
      0.7013
      0.5185
      0.4612
      0.5468
      0.4906
      0.3560
      0.2141
      0.1187
      0.0797
      0.0781
      0.0961
      0.1426
      0.2611
      0.5026
      0.8626
      1.2347
      1.4591
      1.4540
      1.2938
      1.1297
      1.0466
      1.0278
      0.7531
      0.6754
      0.4895
      0.2946
      0.1643
      0.1107
      0.1048
      0.1154
      0.1399
      0.2131
      0.3879
      0.6844
      1.0453
      1.3580
      1.5534
      1.6752
      1.8129
      1.9681
      2.0411
      0.8391
      0.7534
      0.5495
      0.3399
      0.2083
      0.1665
      0.1751
      0.1881
      0.1895
      0.2077
      0.3000
      0.5139
      0.8474
      1.2520
      1.6909
      2.1832
      2.7362
      3.2271
      3.4303
      0.7531
      0.6790
      0.5068
      0.3433
      0.2682
      0.2875
      0.3463
      0.3763
      0.3481
      0.2942
      0.2915
      0.4185
      0.7192
      1.1981
      1.8508
      2.6791
      3.6157
      4.4187
      4.7433
      0.5468
      0.5002
      0.4015
      0.3400
      0.3821
      0.5189
      0.6664
      0.7220
      0.6431
      0.4847
      0.3627
      0.3892
      0.6337
      1.1256
      1.8752
      2.8702
      3.9970
      4.9509
      5.3329
      0.3292
      0.3157
      0.3079
      0.3781
      0.5762
      0.8678
      1.1245
      1.1986
      1.0397
      0.7425
      0.4764
      0.3824
      0.5322
      0.9491
      1.6376
      2.5734
      3.6326
      4.5225
      4.8770
      0.1804
      0.1970
      0.2752
      0.4773
      0.8380
      1.2908
      1.6535
      1.7312
      1.4723
      1.0201
      0.6008
      0.3771
      0.4058
      0.6852
      1.2021
      1.9269
      2.7522
      3.4443
      3.7193
      0.1138
      0.1540
      0.3027
      0.6211
      1.1348
      1.7468
      2.2196
      2.3061
      1.9481
      1.3357
      0.7550
      0.3954
      0.2992
      0.4362
      0.7768
      1.2934
      1.9028
      2.4218
      2.6291
      0.1000
      0.1575
      0.3613
      0.7822
      1.4513
      2.2510
      2.8834
      3.0245
      2.5817
      1.7860
      1.0037
      0.4795
      0.2593
      0.2912
      0.5348
      0.9707
      1.5268
      2.0196
      2.2198
      0.1058
      0.1752
      0.4219
      0.9377
      1.7766
      2.8135
      3.6788
      3.9356
      3.4220
      2.4067
      1.3666
      0.6376
      0.2910
      0.2611
      0.5004
      0.9992
      1.6773
      2.2975
      2.5527
      0.1126
      0.1892
      0.4657
      1.0577
      2.0488
      3.3132
      4.4140
      4.7996
      4.2322
      3.0124
      1.7264
      0.8051
      0.3513
      0.2903
      0.5702
      1.1876
      2.0463
      2.8403
      3.1685
      0.1150
      0.1940
      0.4816
      1.1042
      2.1588
      3.5204
      4.7234
      5.1662
      4.5775
      3.2713
      1.8807
      0.8782
      0.3806
      0.3101
      0.6128
      1.2875
      2.2301
      3.1036
      3.4649
