      0.0013
      0.0030
      0.0074
      0.0100
      0.0074
      0.0030
      0.0007
      0.0003
      0.0012
      0.0050
      0.0123
      0.0165
      0.0120
      0.0047
      0.0010
      0.0001
      0.0000
      0.0000
      0.0000
      0.0018
      0.0038
      0.0085
      0.0106
      0.0071
      0.0026
      0.0006
      0.0002
      0.0009
      0.0041
      0.0108
      0.0157
      0.0125
      0.0054
      0.0013
      0.0002
      0.0000
      0.0000
      0.0000
      0.0023
      0.0045
      0.0085
      0.0091
      0.0053
      0.0017
      0.0003
      0.0001
      0.0004
      0.0023
      0.0071
      0.0125
      0.0123
      0.0069
      0.0023
      0.0004
      0.0000
      0.0000
      0.0000
      0.0023
      0.0034
      0.0051
      0.0047
      0.0024
      0.0007
      0.0001
      0.0000
      0.0002
      0.0012
      0.0057
      0.0156
      0.0246
      0.0220
      0.0110
      0.0030
      0.0004
      0.0000
      0.0000
      0.0181
      0.0139
      0.0067
      0.0024
      0.0007
      0.0002
      0.0000
      0.0000
      0.0002
      0.0021
      0.0143
      0.0519
      0.1020
      0.1087
      0.0627
      0.0195
      0.0033
      0.0003
      0.0000
      0.2879
      0.2117
      0.0841
      0.0181
      0.0021
      0.0001
      0.0000
      0.0000
      0.0003
      0.0042
      0.0318
      0.1286
      0.2796
      0.3283
      0.2082
      0.0712
      0.0131
      0.0013
      0.0002
      2.5260
      1.8565
      0.7362
      0.1570
      0.0179
      0.0011
      0.0000
      0.0000
      0.0003
      0.0048
      0.0396
      0.1757
      0.4186
      0.5385
      0.3743
      0.1407
      0.0291
      0.0046
      0.0024
     11.8489
      8.7084
      3.4532
      0.7362
      0.0839
      0.0051
      0.0002
      0.0000
      0.0002
      0.0029
      0.0267
      0.1299
      0.3397
      0.4804
      0.3696
      0.1583
      0.0472
      0.0295
      0.0333
     29.8815
     21.9616
      8.7084
      1.8565
      0.2115
      0.0128
      0.0005
      0.0002
      0.0002
      0.0011
      0.0098
      0.0530
      0.1564
      0.2588
      0.2520
      0.1692
      0.1453
      0.2252
      0.2868
     40.6575
     29.8815
     11.8489
      2.5260
      0.2880
      0.0185
      0.0037
      0.0047
      0.0038
      0.0018
      0.0027
      0.0165
      0.0727
      0.2038
      0.3618
      0.4487
      0.6082
      1.0451
      1.3405
     29.8815
     21.9616
      8.7085
      1.8569
      0.2149
      0.0289
      0.0424
      0.0590
      0.0448
      0.0184
      0.0051
      0.0137
      0.0952
      0.3790
      0.8439
      1.1830
      1.6056
      2.6613
      3.3853
     11.8489
      8.7085
      3.4534
      0.7397
      0.1114
      0.1266
      0.2963
      0.3924
      0.2817
      0.1092
      0.0237
      0.0170
      0.1179
      0.5138
      1.2316
      1.8034
      2.3617
      3.6952
      4.6330
      2.5260
      1.8567
      0.7385
      0.1774
      0.1453
      0.5009
      1.1267
      1.4024
      0.9501
      0.3480
      0.0691
      0.0166
      0.0825
      0.3839
      0.9823
      1.5039
      1.9125
      2.8009
      3.4426
      0.2879
      0.2129
      0.0967
      0.0978
      0.3646
      1.1675
      2.3546
      2.7219
      1.7350
      0.6004
      0.1120
      0.0144
      0.0315
      0.1550
      0.4236
      0.6811
      0.8494
      1.1594
      1.3894
      0.0181
      0.0183
      0.0499
      0.2179
      0.7015
      1.6850
      2.8578
      3.0071
      1.8043
      0.5954
      0.1064
      0.0108
      0.0068
      0.0337
      0.0984
      0.1667
      0.2064
      0.2629
      0.3057
      0.0023
      0.0127
      0.0911
      0.3804
      0.9855
      1.8580
      2.7468
      2.8303
      1.7692
      0.6271
      0.1228
      0.0132
      0.0014
      0.0039
      0.0123
      0.0228
      0.0313
      0.0428
      0.0505
      0.0023
      0.0150
      0.1039
      0.4117
      1.0882
      2.4410
      4.6226
      5.8344
      4.2498
      1.7045
      0.3705
      0.0432
      0.0027
      0.0004
      0.0013
      0.0058
      0.0218
      0.0522
      0.0704
      0.0018
      0.0106
      0.0708
      0.3067
      1.1628
      4.0476
      9.6797
     13.3324
     10.0677
      4.1166
      0.9061
      0.1067
      0.0067
      0.0003
      0.0012
      0.0107
      0.0502
      0.1264
      0.1719
      0.0013
      0.0072
      0.0479
      0.2434
      1.2394
      5.1192
     12.8914
     17.9951
     13.6427
      5.5873
      1.2308
      0.1450
      0.0091
      0.0004
      0.0017
      0.0145
      0.0682
      0.1719
      0.2338
