      0.0005
      0.0013
      0.0032
      0.0043
      0.0032
      0.0014
      0.0006
      0.0006
      0.0012
      0.0039
      0.0094
      0.0126
      0.0091
      0.0036
      0.0008
      0.0001
      0.0000
      0.0000
      0.0000
      0.0008
      0.0017
      0.0037
      0.0045
      0.0031
      0.0012
      0.0005
      0.0004
      0.0009
      0.0032
      0.0083
      0.0120
      0.0095
      0.0041
      0.0010
      0.0001
      0.0000
      0.0000
      0.0000
      0.0010
      0.0019
      0.0036
      0.0039
      0.0023
      0.0008
      0.0002
      0.0002
      0.0004
      0.0018
      0.0054
      0.0095
      0.0093
      0.0052
      0.0017
      0.0003
      0.0000
      0.0000
      0.0000
      0.0013
      0.0017
      0.0023
      0.0020
      0.0010
      0.0003
      0.0001
      0.0000
      0.0001
      0.0009
      0.0043
      0.0117
      0.0183
      0.0163
      0.0081
      0.0022
      0.0003
      0.0000
      0.0000
      0.0167
      0.0125
      0.0055
      0.0016
      0.0004
      0.0001
      0.0000
      0.0000
      0.0001
      0.0016
      0.0106
      0.0384
      0.0755
      0.0805
      0.0464
      0.0144
      0.0024
      0.0002
      0.0000
      0.2718
      0.1998
      0.0793
      0.0170
      0.0020
      0.0001
      0.0000
      0.0000
      0.0003
      0.0031
      0.0236
      0.0952
      0.2069
      0.2429
      0.1540
      0.0527
      0.0097
      0.0011
      0.0003
      2.3848
      1.7528
      0.6950
      0.1482
      0.0169
      0.0010
      0.0001
      0.0001
      0.0003
      0.0036
      0.0293
      0.1300
      0.3097
      0.3984
      0.2770
      0.1044
      0.0232
      0.0076
      0.0074
     11.1868
      8.2218
      3.2602
      0.6950
      0.0792
      0.0048
      0.0003
      0.0002
      0.0002
      0.0022
      0.0198
      0.0961
      0.2513
      0.3555
      0.2741
      0.1226
      0.0620
      0.0910
      0.1192
     28.2118
     20.7344
      8.2218
      1.7527
      0.1997
      0.0121
      0.0006
      0.0003
      0.0002
      0.0008
      0.0073
      0.0392
      0.1159
      0.1923
      0.1927
      0.1758
      0.3473
      0.7757
      1.0426
     38.3856
     28.2118
     11.1868
      2.3848
      0.2719
      0.0173
      0.0030
      0.0037
      0.0029
      0.0014
      0.0020
      0.0123
      0.0546
      0.1552
      0.2996
      0.5755
      1.5824
      3.6357
      4.8903
     28.2118
     20.7344
      8.2218
      1.7530
      0.2022
      0.0243
      0.0323
      0.0449
      0.0341
      0.0140
      0.0039
      0.0104
      0.0725
      0.2922
      0.7090
      1.4995
      4.0566
      9.1970
     12.3423
     11.1868
      8.2218
      3.2604
      0.6976
      0.0996
      0.0966
      0.2251
      0.2986
      0.2144
      0.0832
      0.0181
      0.0130
      0.0900
      0.3966
      1.0303
      2.1935
      5.6633
     12.5781
     16.8198
      2.3848
      1.7528
      0.6963
      0.1614
      0.1080
      0.3734
      0.8518
      1.0654
      0.7230
      0.2650
      0.0526
      0.0127
      0.0630
      0.2964
      0.8166
      1.7503
      4.3009
      9.3133
     12.3939
      0.2718
      0.2003
      0.0854
      0.0619
      0.2400
      0.8399
      1.7584
      2.0595
      1.3184
      0.4569
      0.0853
      0.0110
      0.0241
      0.1197
      0.3500
      0.7593
      1.7771
      3.7346
      4.9387
      0.0167
      0.0144
      0.0250
      0.1081
      0.4039
      1.1247
      2.0711
      2.2507
      1.3651
      0.4519
      0.0808
      0.0082
      0.0052
      0.0260
      0.0813
      0.1831
      0.4208
      0.8653
      1.1378
      0.0013
      0.0057
      0.0400
      0.1750
      0.5087
      1.1358
      1.9078
      2.0762
      1.3192
      0.4691
      0.0918
      0.0098
      0.0011
      0.0033
      0.0149
      0.0660
      0.2522
      0.6084
      0.8220
      0.0010
      0.0065
      0.0454
      0.1903
      0.5819
      1.5733
      3.2940
      4.2848
      3.1429
      1.2621
      0.2743
      0.0320
      0.0021
      0.0017
      0.0239
      0.2056
      0.9606
      2.4205
      3.2929
      0.0008
      0.0046
      0.0319
      0.1577
      0.7343
      2.8712
      7.0972
      9.8469
      7.4467
      3.0457
      0.6704
      0.0789
      0.0050
      0.0037
      0.0587
      0.5148
      2.4148
      6.0898
      8.2859
      0.0005
      0.0031
      0.0226
      0.1392
      0.8469
      3.7228
      9.5058
     13.3057
     10.0928
      4.1338
      0.9106
      0.1073
      0.0069
      0.0050
      0.0798
      0.7004
      3.2855
      8.2857
     11.2737
