      0.0585
      0.0772
      0.1154
      0.1350
      0.1150
      0.0731
      0.0392
      0.0235
      0.0201
      0.0239
      0.0313
      0.0350
      0.0294
      0.0179
      0.0078
      0.0024
      0.0006
      0.0001
      0.0000
      0.0619
      0.0794
      0.1138
      0.1284
      0.1059
      0.0654
      0.0341
      0.0201
      0.0174
      0.0220
      0.0311
      0.0376
      0.0347
      0.0237
      0.0118
      0.0043
      0.0011
      0.0002
      0.0001
      0.0652
      0.0784
      0.1019
      0.1056
      0.0807
      0.0463
      0.0225
      0.0128
      0.0126
      0.0207
      0.0378
      0.0579
      0.0671
      0.0569
      0.0350
      0.0155
      0.0049
      0.0011
      0.0004
      0.0714
      0.0761
      0.0812
      0.0722
      0.0491
      0.0256
      0.0118
      0.0077
      0.0117
      0.0293
      0.0709
      0.1320
      0.1782
      0.1721
      0.1183
      0.0577
      0.0199
      0.0050
      0.0017
      0.1684
      0.1496
      0.1061
      0.0616
      0.0300
      0.0132
      0.0074
      0.0085
      0.0179
      0.0525
      0.1418
      0.2883
      0.4203
      0.4351
      0.3191
      0.1657
      0.0611
      0.0166
      0.0064
      0.6788
      0.5736
      0.3469
      0.1512
      0.0492
      0.0154
      0.0107
      0.0150
      0.0284
      0.0791
      0.2221
      0.4776
      0.7365
      0.8057
      0.6248
      0.3443
      0.1372
      0.0441
      0.0219
      2.2605
      1.9019
      1.1322
      0.4768
      0.1441
      0.0376
      0.0201
      0.0236
      0.0356
      0.0877
      0.2511
      0.5678
      0.9232
      1.0660
      0.8761
      0.5202
      0.2391
      0.1099
      0.0797
      5.3810
      4.5258
      2.6911
      1.1301
      0.3379
      0.0809
      0.0310
      0.0281
      0.0335
      0.0701
      0.2021
      0.4803
      0.8250
      1.0116
      0.8976
      0.6107
      0.3855
      0.3042
      0.2951
      9.0499
      7.6114
      4.5254
      1.8997
      0.5656
      0.1289
      0.0378
      0.0262
      0.0248
      0.0413
      0.1165
      0.2917
      0.5355
      0.7155
      0.7324
      0.6701
      0.6972
      0.8307
      0.9101
     10.7603
      9.0499
      5.3808
      2.2590
      0.6727
      0.1526
      0.0429
      0.0276
      0.0223
      0.0233
      0.0519
      0.1347
      0.2751
      0.4350
      0.5953
      0.8442
      1.2956
      1.8354
      2.0899
      9.0499
      7.6116
      4.5269
      1.9046
      0.5774
      0.1507
      0.0690
      0.0597
      0.0476
      0.0312
      0.0284
      0.0599
      0.1449
      0.3020
      0.5806
      1.1109
      1.9982
      2.9917
      3.4487
      5.3810
      4.5274
      2.6997
      1.1567
      0.3976
      0.1837
      0.1678
      0.1658
      0.1281
      0.0737
      0.0367
      0.0388
      0.0988
      0.2514
      0.5737
      1.2199
      2.2995
      3.5025
      4.0549
      2.2605
      1.9084
      1.1661
      0.5748
      0.3459
      0.3533
      0.4034
      0.3816
      0.2765
      0.1492
      0.0619
      0.0351
      0.0708
      0.1906
      0.4594
      1.0059
      1.9201
      2.9397
      3.4085
      0.6788
      0.5928
      0.4432
      0.4149
      0.5533
      0.7387
      0.8171
      0.7181
      0.4899
      0.2527
      0.0977
      0.0361
      0.0428
      0.1122
      0.2804
      0.6300
      1.2189
      1.8771
      2.1800
      0.1684
      0.1894
      0.3032
      0.5855
      0.9942
      1.3464
      1.4571
      1.2666
      0.8687
      0.4552
      0.1772
      0.0535
      0.0265
      0.0576
      0.1667
      0.4300
      0.9034
      1.4440
      1.6941
      0.0714
      0.1352
      0.3735
      0.8511
      1.5088
      2.1420
      2.4996
      2.3756
      1.7696
      0.9910
      0.4050
      0.1198
      0.0340
      0.0538
      0.2135
      0.6826
      1.5901
      2.6509
      3.1447
      0.0652
      0.1424
      0.4255
      1.0093
      1.9308
      3.0966
      4.1368
      4.3927
      3.5266
      2.0691
      0.8701
      0.2606
      0.0677
      0.0988
      0.4350
      1.4640
      3.4824
      5.8524
      6.9569
      0.0619
      0.1347
      0.4076
      1.0258
      2.1963
      4.0180
      5.9648
      6.7637
      5.6283
      3.3650
      1.4296
      0.4304
      0.1113
      0.1618
      0.7206
      2.4382
      5.8120
      9.7753
     11.6227
      0.0585
      0.1264
      0.3857
      1.0080
      2.2893
      4.4255
      6.8123
      7.8767
      6.6179
      3.9752
      1.6927
      0.5103
      0.1320
      0.1919
      0.8558
      2.8967
      6.9061
     11.6164
     13.8120
