      0.0403
      0.0534
      0.0803
      0.0948
      0.0833
      0.0591
      0.0421
      0.0369
      0.0400
      0.0522
      0.0699
      0.0777
      0.0641
      0.0380
      0.0160
      0.0048
      0.0010
      0.0002
      0.0000
      0.0428
      0.0550
      0.0792
      0.0902
      0.0767
      0.0527
      0.0363
      0.0312
      0.0342
      0.0460
      0.0640
      0.0742
      0.0645
      0.0406
      0.0184
      0.0060
      0.0014
      0.0003
      0.0001
      0.0463
      0.0555
      0.0717
      0.0745
      0.0584
      0.0368
      0.0233
      0.0192
      0.0221
      0.0336
      0.0538
      0.0722
      0.0737
      0.0556
      0.0307
      0.0124
      0.0036
      0.0008
      0.0002
      0.0603
      0.0620
      0.0622
      0.0532
      0.0361
      0.0202
      0.0116
      0.0097
      0.0135
      0.0273
      0.0570
      0.0968
      0.1223
      0.1123
      0.0743
      0.0352
      0.0119
      0.0030
      0.0010
      0.1894
      0.1650
      0.1103
      0.0585
      0.0260
      0.0110
      0.0065
      0.0073
      0.0132
      0.0339
      0.0862
      0.1706
      0.2446
      0.2504
      0.1822
      0.0942
      0.0350
      0.0102
      0.0046
      0.8208
      0.6923
      0.4158
      0.1785
      0.0561
      0.0157
      0.0088
      0.0112
      0.0189
      0.0468
      0.1264
      0.2690
      0.4134
      0.4516
      0.3505
      0.1950
      0.0819
      0.0330
      0.0220
      2.7535
      2.3163
      1.3782
      0.5795
      0.1736
      0.0419
      0.0172
      0.0178
      0.0240
      0.0517
      0.1414
      0.3174
      0.5161
      0.5979
      0.4970
      0.3091
      0.1707
      0.1199
      0.1129
      6.5587
      5.5162
      3.2798
      1.3767
      0.4096
      0.0932
      0.0283
      0.0219
      0.0236
      0.0421
      0.1145
      0.2707
      0.4684
      0.5848
      0.5454
      0.4350
      0.3972
      0.4537
      0.4964
     11.0311
      9.2776
      5.5159
      2.3149
      0.6872
      0.1523
      0.0388
      0.0236
      0.0207
      0.0274
      0.0690
      0.1730
      0.3293
      0.4729
      0.5654
      0.6987
      1.0102
      1.4287
      1.6340
     13.1160
     11.0311
      6.5587
      2.7533
      0.8199
      0.1873
      0.0564
      0.0403
      0.0331
      0.0264
      0.0396
      0.0995
      0.2259
      0.4204
      0.7134
      1.2576
      2.2160
      3.3338
      3.8576
     11.0311
      9.2779
      5.5178
      2.3226
      0.7104
      0.2038
      0.1227
      0.1224
      0.1019
      0.0642
      0.0433
      0.0752
      0.2002
      0.4685
      0.9781
      1.9682
      3.6540
      5.5752
      6.4680
      6.5587
      5.5177
      3.2888
      1.4100
      0.5008
      0.2819
      0.3184
      0.3471
      0.2818
      0.1658
      0.0802
      0.0766
      0.1947
      0.4985
      1.1157
      2.3205
      4.3441
      6.6324
      7.6930
      2.7535
      2.3217
      1.4089
      0.6819
      0.4256
      0.5169
      0.6958
      0.7367
      0.5725
      0.3215
      0.1363
      0.0780
      0.1564
      0.4097
      0.9428
      1.9774
      3.6914
      5.6152
      6.5048
      0.8208
      0.7071
      0.4946
      0.4171
      0.5815
      0.9063
      1.1753
      1.1691
      0.8636
      0.4647
      0.1834
      0.0720
      0.0951
      0.2450
      0.5779
      1.2249
      2.2850
      3.4655
      4.0098
      0.1894
      0.1943
      0.2606
      0.4831
      0.8816
      1.3339
      1.6096
      1.5128
      1.0770
      0.5661
      0.2169
      0.0675
      0.0471
      0.1116
      0.2848
      0.6514
      1.2722
      1.9684
      2.2893
      0.0603
      0.1042
      0.2744
      0.6335
      1.1625
      1.7109
      2.0386
      1.9331
      1.4101
      0.7659
      0.3028
      0.0883
      0.0311
      0.0608
      0.2108
      0.6195
      1.3895
      2.2820
      2.6966
      0.0463
      0.1000
      0.2970
      0.7012
      1.3245
      2.0754
      2.6929
      2.7806
      2.1804
      1.2553
      0.5199
      0.1543
      0.0433
      0.0780
      0.3418
      1.1375
      2.6931
      4.5175
      5.3675
      0.0428
      0.0926
      0.2758
      0.6741
      1.3853
      2.4339
      3.5080
      3.9055
      3.2142
      1.9084
      0.8069
      0.2426
      0.0670
      0.1213
      0.5508
      1.8623
      4.4372
      7.4618
      8.8715
      0.0403
      0.0863
      0.2571
      0.6460
      1.3991
      2.6008
      3.9079
      4.4605
      3.7223
      2.2274
      0.9463
      0.2853
      0.0788
      0.1432
      0.6525
      2.2093
      5.2670
      8.8591
     10.5335
