      0.0000
      0.0000
      0.0000
      0.0000
      0.0000
      0.0000
      0.0000
      0.0000
      0.0000
      0.0000
      0.0000
      0.0000
      0.0000
      0.0000
      0.0000
      0.0000
      0.0000
      0.0000
      0.0000
      0.0000
      0.0000
      0.0000
      0.0000
      0.0000
      0.0000
      0.0000
      0.0000
      0.0000
      0.0000
      0.0000
      0.0000
      0.0000
      0.0000
      0.0000
      0.0000
      0.0000
      0.0000
      0.0000
      0.0000
      0.0000
      0.0000
      0.0000
      0.0000
      0.0000
      0.0000
      0.0000
      0.0000
      0.0000
      0.0000
      0.0000
      0.0000
      0.0000
      0.0000
      0.0000
      0.0000
      0.0000
      0.0000
      0.0000
      0.0000
      0.0000
      0.0000
      0.0000
      0.0000
      0.0000
      0.0000
      0.0000
      0.0000
      0.0000
      0.0000
      0.0000
      0.0000
      0.0000
      0.0000
      0.0000
      0.0000
      0.0000
      0.0000
      0.0000
      0.0000
      0.0000
      0.0000
      0.0000
      0.0000
      0.0000
      0.0000
      0.0000
      0.0000
      0.0001
      0.0003
      0.0004
      0.0001
      0.0000
      0.0000
      0.0000
      0.0000
      0.0011
      0.0005
      0.0001
      0.0000
      0.0000
      0.0000
      0.0000
      0.0000
      0.0000
      0.0000
      0.0000
      0.0005
      0.0032
      0.0045
      0.0016
      0.0001
      0.0000
      0.0000
      0.0000
      0.1455
      0.0727
      0.0091
      0.0003
      0.0000
      0.0000
      0.0000
      0.0000
      0.0000
      0.0000
      0.0000
      0.0011
      0.0078
      0.0138
      0.0061
      0.0007
      0.0000
      0.0000
      0.0000
      4.7177
      2.3588
      0.2941
      0.0091
      0.0001
      0.0000
      0.0000
      0.0000
      0.0000
      0.0000
      0.0000
      0.0006
      0.0049
      0.0105
      0.0057
      0.0008
      0.0001
      0.0005
      0.0009
     37.8414
     18.9207
      2.3588
      0.0727
      0.0005
      0.0000
      0.0000
      0.0000
      0.0000
      0.0000
      0.0000
      0.0001
      0.0008
      0.0020
      0.0015
      0.0006
      0.0076
      0.0605
      0.1209
     75.6827
     37.8414
      4.7177
      0.1455
      0.0011
      0.0000
      0.0000
      0.0000
      0.0000
      0.0000
      0.0000
      0.0000
      0.0001
      0.0015
      0.0071
      0.0163
      0.2472
      1.9606
      3.9206
     37.8414
     18.9207
      2.3588
      0.0727
      0.0005
      0.0000
      0.0001
      0.0002
      0.0001
      0.0000
      0.0000
      0.0000
      0.0005
      0.0117
      0.0687
      0.1595
      1.9965
     15.7273
     31.4477
      4.7177
      2.3588
      0.2941
      0.0091
      0.0001
      0.0009
      0.0071
      0.0135
      0.0064
      0.0008
      0.0000
      0.0000
      0.0009
      0.0245
      0.1667
      0.4012
      4.0392
     31.4602
     62.8956
      0.1455
      0.0727
      0.0091
      0.0003
      0.0008
      0.0209
      0.1401
      0.2351
      0.0987
      0.0103
      0.0003
      0.0000
      0.0004
      0.0128
      0.1012
      0.2590
      2.0580
     15.7357
     31.4481
      0.0011
      0.0005
      0.0001
      0.0004
      0.0076
      0.1205
      0.6891
      1.0186
      0.3774
      0.0348
      0.0008
      0.0000
      0.0000
      0.0017
      0.0153
      0.0426
      0.2645
      1.9632
      3.9207
      0.0000
      0.0000
      0.0003
      0.0072
      0.0513
      0.2277
      0.8674
      1.1050
      0.3611
      0.0294
      0.0006
      0.0000
      0.0000
      0.0001
      0.0006
      0.0018
      0.0086
      0.0611
      0.1218
      0.0000
      0.0000
      0.0015
      0.0328
      0.1771
      0.2899
      0.3669
      0.3754
      0.1246
      0.0113
      0.0003
      0.0000
      0.0000
      0.0000
      0.0000
      0.0003
      0.0077
      0.0615
      0.1230
      0.0000
      0.0000
      0.0021
      0.0380
      0.1770
      0.3263
      1.1478
      2.3311
      1.2465
      0.1669
      0.0055
      0.0000
      0.0000
      0.0000
      0.0001
      0.0076
      0.2469
      1.9802
      3.9604
      0.0000
      0.0000
      0.0007
      0.0112
      0.0716
      1.0382
      8.6093
     18.5067
      9.9569
      1.3361
      0.0444
      0.0004
      0.0000
      0.0000
      0.0005
      0.0611
      1.9802
     15.8834
     31.7669
      0.0000
      0.0000
      0.0001
      0.0020
      0.0624
      1.9963
     17.1982
     37.0116
     19.9137
      2.6722
      0.0887
      0.0007
      0.0000
      0.0000
      0.0009
      0.1221
      3.9604
     31.7669
     63.5338
