      0.0545
      0.0723
      0.1089
      0.1281
      0.1108
      0.0743
      0.0470
      0.0390
      0.0494
      0.0790
      0.1170
      0.1339
      0.1114
      0.0660
      0.0277
      0.0082
      0.0017
      0.0003
      0.0001
      0.0580
      0.0746
      0.1075
      0.1220
      0.1022
      0.0664
      0.0407
      0.0331
      0.0424
      0.0695
      0.1063
      0.1263
      0.1097
      0.0685
      0.0306
      0.0098
      0.0022
      0.0004
      0.0001
      0.0615
      0.0742
      0.0968
      0.1008
      0.0780
      0.0468
      0.0263
      0.0204
      0.0274
      0.0496
      0.0847
      0.1137
      0.1135
      0.0830
      0.0443
      0.0172
      0.0048
      0.0010
      0.0003
      0.0674
      0.0721
      0.0774
      0.0693
      0.0476
      0.0256
      0.0129
      0.0098
      0.0157
      0.0362
      0.0775
      0.1290
      0.1589
      0.1424
      0.0922
      0.0429
      0.0143
      0.0035
      0.0012
      0.1549
      0.1380
      0.0987
      0.0581
      0.0286
      0.0122
      0.0058
      0.0055
      0.0126
      0.0387
      0.1028
      0.2035
      0.2899
      0.2948
      0.2134
      0.1099
      0.0405
      0.0115
      0.0049
      0.6175
      0.5221
      0.3161
      0.1381
      0.0445
      0.0120
      0.0052
      0.0063
      0.0150
      0.0495
      0.1442
      0.3110
      0.4785
      0.5223
      0.4051
      0.2249
      0.0932
      0.0353
      0.0219
      2.0528
      1.7271
      1.0282
      0.4327
      0.1293
      0.0296
      0.0094
      0.0090
      0.0170
      0.0525
      0.1597
      0.3650
      0.5956
      0.6912
      0.5751
      0.3552
      0.1875
      0.1188
      0.1060
      4.8853
      4.1088
      2.4430
      1.0253
      0.3041
      0.0668
      0.0167
      0.0113
      0.0156
      0.0416
      0.1294
      0.3130
      0.5457
      0.6859
      0.6414
      0.4974
      0.4130
      0.4288
      0.4550
      8.2158
      6.9099
      4.1082
      1.7239
      0.5113
      0.1125
      0.0279
      0.0174
      0.0170
      0.0283
      0.0800
      0.2066
      0.4015
      0.5877
      0.6977
      0.7944
      1.0138
      1.3279
      1.4864
      9.7686
      8.2158
      4.8850
      2.0517
      0.6148
      0.1501
      0.0613
      0.0547
      0.0474
      0.0376
      0.0528
      0.1331
      0.3123
      0.5868
      0.9360
      1.4308
      2.2022
      3.0870
      3.5031
      8.2158
      6.9103
      4.1113
      1.7374
      0.5534
      0.2085
      0.1866
      0.2053
      0.1736
      0.1090
      0.0707
      0.1185
      0.3157
      0.7119
      1.3271
      2.2545
      3.6384
      5.1688
      5.8791
      4.8853
      4.1110
      2.4571
      1.0795
      0.4588
      0.3963
      0.5331
      0.5975
      0.4880
      0.2874
      0.1383
      0.1301
      0.3234
      0.7798
      1.5362
      2.6842
      4.3553
      6.1726
      7.0115
      2.0528
      1.7350
      1.0742
      0.5916
      0.5362
      0.8228
      1.1706
      1.2598
      0.9858
      0.5551
      0.2354
      0.1343
      0.2631
      0.6459
      1.3091
      2.3117
      3.7327
      5.2507
      5.9471
      0.6175
      0.5430
      0.4300
      0.4933
      0.8562
      1.4386
      1.9278
      1.9526
      1.4560
      0.7864
      0.3105
      0.1224
      0.1598
      0.3857
      0.8015
      1.4317
      2.3030
      3.2152
      3.6303
      0.1549
      0.1789
      0.3105
      0.6681
      1.2913
      2.0217
      2.4995
      2.3828
      1.7049
      0.8947
      0.3410
      0.1066
      0.0763
      0.1672
      0.3629
      0.6791
      1.1270
      1.5955
      1.8077
      0.0674
      0.1300
      0.3703
      0.8766
      1.6290
      2.4161
      2.8821
      2.7161
      1.9586
      1.0487
      0.4085
      0.1179
      0.0409
      0.0633
      0.1654
      0.3938
      0.7852
      1.2241
      1.4261
      0.0615
      0.1346
      0.4018
      0.9440
      1.7604
      2.7048
      3.4334
      3.4764
      2.6839
      1.5265
      0.6262
      0.1840
      0.0452
      0.0448
      0.1657
      0.5251
      1.2183
      2.0274
      2.4038
      0.0580
      0.1248
      0.3678
      0.8803
      1.7547
      2.9880
      4.2068
      4.6162
      3.7673
      2.2254
      0.9378
      0.2802
      0.0660
      0.0595
      0.2441
      0.8199
      1.9497
      3.2760
      3.8941
      0.0545
      0.1159
      0.3401
      0.8309
      1.7361
      3.1279
      4.6073
      5.2030
      4.3183
      2.5766
      1.0927
      0.3278
      0.0771
      0.0692
      0.2870
      0.9687
      2.3085
      3.8823
      4.6158
