      0.0000
      0.0000
      0.0000
      0.0000
      0.0000
      0.0000
      0.0000
      0.0000
      0.0000
      0.0000
      0.0000
      0.0000
      0.0000
      0.0000
      0.0000
      0.0000
      0.0000
      0.0000
      0.0000
      0.0000
      0.0000
      0.0000
      0.0000
      0.0000
      0.0000
      0.0000
      0.0000
      0.0000
      0.0000
      0.0000
      0.0000
      0.0000
      0.0000
      0.0000
      0.0000
      0.0000
      0.0000
      0.0000
      0.0000
      0.0000
      0.0000
      0.0000
      0.0000
      0.0000
      0.0000
      0.0000
      0.0000
      0.0000
      0.0000
      0.0000
      0.0000
      0.0000
      0.0000
      0.0000
      0.0000
      0.0000
      0.0000
      0.0000
      0.0000
      0.0000
      0.0000
      0.0000
      0.0000
      0.0000
      0.0000
      0.0000
      0.0000
      0.0000
      0.0000
      0.0000
      0.0000
      0.0000
      0.0000
      0.0000
      0.0000
      0.0000
      0.0000
      0.0000
      0.0000
      0.0000
      0.0000
      0.0000
      0.0000
      0.0000
      0.0000
      0.0000
      0.0000
      0.0001
      0.0007
      0.0008
      0.0002
      0.0000
      0.0000
      0.0000
      0.0000
      0.0002
      0.0001
      0.0000
      0.0000
      0.0000
      0.0000
      0.0000
      0.0000
      0.0000
      0.0000
      0.0001
      0.0012
      0.0067
      0.0097
      0.0035
      0.0003
      0.0000
      0.0000
      0.0000
      0.0213
      0.0107
      0.0013
      0.0000
      0.0000
      0.0000
      0.0000
      0.0000
      0.0000
      0.0000
      0.0001
      0.0024
      0.0167
      0.0294
      0.0130
      0.0014
      0.0000
      0.0000
      0.0000
      0.6919
      0.3459
      0.0431
      0.0013
      0.0000
      0.0000
      0.0000
      0.0000
      0.0000
      0.0000
      0.0000
      0.0012
      0.0104
      0.0224
      0.0121
      0.0016
      0.0001
      0.0005
      0.0010
      5.5496
      2.7748
      0.3459
      0.0107
      0.0001
      0.0000
      0.0000
      0.0000
      0.0000
      0.0000
      0.0000
      0.0002
      0.0016
      0.0043
      0.0030
      0.0009
      0.0083
      0.0657
      0.1315
     11.0991
      5.5496
      0.6919
      0.0213
      0.0002
      0.0000
      0.0000
      0.0000
      0.0000
      0.0000
      0.0000
      0.0000
      0.0001
      0.0013
      0.0055
      0.0149
      0.2679
      2.1320
      4.2635
      5.5496
      2.7748
      0.3459
      0.0107
      0.0001
      0.0000
      0.0001
      0.0001
      0.0001
      0.0000
      0.0000
      0.0000
      0.0004
      0.0089
      0.0522
      0.1408
      2.1592
     17.1017
     34.1982
      0.6919
      0.3459
      0.0431
      0.0013
      0.0000
      0.0007
      0.0054
      0.0102
      0.0049
      0.0006
      0.0000
      0.0000
      0.0007
      0.0186
      0.1267
      0.3440
      4.3534
     34.2076
     68.3965
      0.0213
      0.0107
      0.0013
      0.0000
      0.0006
      0.0158
      0.1062
      0.1783
      0.0748
      0.0078
      0.0002
      0.0000
      0.0003
      0.0097
      0.0769
      0.2163
      2.2059
     17.1081
     34.1985
      0.0002
      0.0001
      0.0000
      0.0003
      0.0056
      0.0911
      0.5224
      0.7724
      0.2862
      0.0264
      0.0006
      0.0000
      0.0000
      0.0013
      0.0117
      0.0348
      0.2810
      2.1339
      4.2636
      0.0000
      0.0000
      0.0002
      0.0051
      0.0366
      0.1692
      0.6568
      0.8385
      0.2742
      0.0224
      0.0005
      0.0000
      0.0000
      0.0000
      0.0004
      0.0014
      0.0090
      0.0664
      0.1326
      0.0000
      0.0000
      0.0011
      0.0232
      0.1255
      0.2132
      0.3197
      0.3821
      0.1471
      0.0157
      0.0004
      0.0000
      0.0000
      0.0000
      0.0000
      0.0003
      0.0096
      0.0770
      0.1540
      0.0000
      0.0000
      0.0015
      0.0269
      0.1302
      0.4079
      2.3405
      4.9376
      2.6509
      0.3554
      0.0118
      0.0001
      0.0000
      0.0000
      0.0001
      0.0095
      0.3092
      2.4803
      4.9606
      0.0000
      0.0000
      0.0005
      0.0082
      0.0913
      2.1536
     18.3431
     39.4619
     21.2318
      2.8491
      0.0946
      0.0008
      0.0000
      0.0000
      0.0006
      0.0765
      2.4803
     19.8950
     39.7900
      0.0000
      0.0000
      0.0001
      0.0020
      0.1254
      4.2505
     36.6717
     78.9225
     42.4634
      5.6982
      0.1892
      0.0015
      0.0000
      0.0000
      0.0012
      0.1530
      4.9606
     39.7900
     79.5800
