      0.3148
      0.3288
      0.3658
      0.4154
      0.4681
      0.5176
      0.5562
      0.5747
      0.5668
      0.5330
      0.4784
      0.4078
      0.3253
      0.2378
      0.1563
      0.0913
      0.0479
      0.0246
      0.0175
      0.3095
      0.3218
      0.3544
      0.3979
      0.4443
      0.4883
      0.5239
      0.5427
      0.5387
      0.5119
      0.4658
      0.4038
      0.3284
      0.2452
      0.1650
      0.0991
      0.0537
      0.0287
      0.0210
      0.2957
      0.3036
      0.3245
      0.3523
      0.3830
      0.4148
      0.4442
      0.4651
      0.4716
      0.4622
      0.4377
      0.3976
      0.3407
      0.2694
      0.1930
      0.1245
      0.0736
      0.0439
      0.0343
      0.2830
      0.2848
      0.2898
      0.2979
      0.3112
      0.3318
      0.3580
      0.3841
      0.4037
      0.4139
      0.4139
      0.4006
      0.3682
      0.3141
      0.2446
      0.1739
      0.1165
      0.0808
      0.0689
      0.2912
      0.2858
      0.2729
      0.2609
      0.2597
      0.2749
      0.3036
      0.3368
      0.3660
      0.3890
      0.4069
      0.4174
      0.4113
      0.3798
      0.3244
      0.2591
      0.2017
      0.1645
      0.1519
      0.3438
      0.3301
      0.2968
      0.2635
      0.2495
      0.2625
      0.2953
      0.3323
      0.3624
      0.3860
      0.4107
      0.4388
      0.4605
      0.4616
      0.4379
      0.4000
      0.3645
      0.3424
      0.3352
      0.4512
      0.4275
      0.3704
      0.3118
      0.2813
      0.2885
      0.3197
      0.3523
      0.3724
      0.3855
      0.4079
      0.4493
      0.5034
      0.5544
      0.5939
      0.6258
      0.6567
      0.6835
      0.6946
      0.5920
      0.5580
      0.4754
      0.3884
      0.3364
      0.3302
      0.3511
      0.3704
      0.3735
      0.3709
      0.3872
      0.4413
      0.5349
      0.6583
      0.8031
      0.9639
      1.1250
      1.2506
      1.2988
      0.7148
      0.6729
      0.5704
      0.4604
      0.3888
      0.3674
      0.3742
      0.3776
      0.3636
      0.3460
      0.3560
      0.4224
      0.5606
      0.7748
      1.0632
      1.4096
      1.7640
      2.0389
      2.1435
      0.7638
      0.7201
      0.6136
      0.4995
      0.4246
      0.3994
      0.3999
      0.3933
      0.3663
      0.3348
      0.3354
      0.4080
      0.5854
      0.8915
      1.3356
      1.8911
      2.4679
      2.9162
      3.0868
      0.7148
      0.6782
      0.5909
      0.5027
      0.4538
      0.4489
      0.4602
      0.4532
      0.4148
      0.3639
      0.3437
      0.4064
      0.6024
      0.9744
      1.5430
      2.2729
      3.0390
      3.6365
      3.8640
      0.5920
      0.5711
      0.5263
      0.4953
      0.5046
      0.5467
      0.5856
      0.5830
      0.5269
      0.4423
      0.3827
      0.4123
      0.5946
      0.9839
      1.6070
      2.4235
      3.2880
      3.9646
      4.2225
      0.4512
      0.4516
      0.4646
      0.5122
      0.6013
      0.7066
      0.7791
      0.7759
      0.6889
      0.5540
      0.4375
      0.4142
      0.5525
      0.9088
      1.5099
      2.3142
      3.1736
      3.8489
      4.1067
      0.3438
      0.3668
      0.4408
      0.5712
      0.7428
      0.9096
      1.0086
      0.9933
      0.8631
      0.6686
      0.4894
      0.4067
      0.4883
      0.7863
      1.3250
      2.0649
      2.8652
      3.4978
      3.7400
      0.2912
      0.3336
      0.4601
      0.6607
      0.8996
      1.1122
      1.2238
      1.1875
      1.0122
      0.7625
      0.5290
      0.3968
      0.4321
      0.6846
      1.1796
      1.8814
      2.6532
      3.2688
      3.5054
      0.2830
      0.3393
      0.5027
      0.7510
      1.0334
      1.2718
      1.3856
      1.3291
      1.1193
      0.8302
      0.5598
      0.3970
      0.4110
      0.6577
      1.1707
      1.9181
      2.7536
      3.4263
      3.6858
      0.2957
      0.3598
      0.5435
      0.8169
      1.1204
      1.3701
      1.4832
      1.4157
      1.1880
      0.8780
      0.5880
      0.4120
      0.4284
      0.7071
      1.2962
      2.1668
      3.1494
      3.9453
      4.2533
      0.3095
      0.3768
      0.5687
      0.8515
      1.1622
      1.4156
      1.5293
      1.4597
      1.2271
      0.9096
      0.6115
      0.4324
      0.4608
      0.7815
      1.4567
      2.4587
      3.5942
      4.5163
      4.8735
      0.3148
      0.3829
      0.5767
      0.8614
      1.1734
      1.4277
      1.5420
      1.4730
      1.2402
      0.9212
      0.6211
      0.4418
      0.4764
      0.8160
      1.5285
      2.5867
      3.7870
      4.7624
      5.1404
