      0.3292
      0.3417
      0.3737
      0.4133
      0.4505
      0.4802
      0.4981
      0.4986
      0.4774
      0.4361
      0.3806
      0.3167
      0.2484
      0.1804
      0.1192
      0.0716
      0.0403
      0.0238
      0.0188
      0.3278
      0.3383
      0.3652
      0.3981
      0.4291
      0.4543
      0.4706
      0.4727
      0.4563
      0.4221
      0.3746
      0.3181
      0.2554
      0.1901
      0.1291
      0.0796
      0.0458
      0.0274
      0.0217
      0.3319
      0.3367
      0.3485
      0.3626
      0.3767
      0.3909
      0.4040
      0.4113
      0.4075
      0.3911
      0.3637
      0.3263
      0.2782
      0.2208
      0.1601
      0.1056
      0.0650
      0.0411
      0.0334
      0.3693
      0.3643
      0.3510
      0.3353
      0.3247
      0.3253
      0.3366
      0.3519
      0.3632
      0.3668
      0.3623
      0.3480
      0.3195
      0.2739
      0.2154
      0.1553
      0.1058
      0.0748
      0.0644
      0.4886
      0.4682
      0.4166
      0.3563
      0.3115
      0.2951
      0.3045
      0.3266
      0.3484
      0.3646
      0.3763
      0.3822
      0.3752
      0.3467
      0.2971
      0.2378
      0.1851
      0.1505
      0.1387
      0.7400
      0.6968
      0.5877
      0.4612
      0.3646
      0.3204
      0.3208
      0.3417
      0.3627
      0.3785
      0.3952
      0.4157
      0.4319
      0.4304
      0.4062
      0.3683
      0.3323
      0.3090
      0.3013
      1.1336
      1.0596
      0.8727
      0.6549
      0.4839
      0.3938
      0.3704
      0.3765
      0.3835
      0.3869
      0.3993
      0.4303
      0.4741
      0.5158
      0.5461
      0.5685
      0.5897
      0.6087
      0.6167
      1.5974
      1.4893
      1.2158
      0.8941
      0.6343
      0.4836
      0.4225
      0.4021
      0.3866
      0.3722
      0.3771
      0.4177
      0.4953
      0.5998
      0.7225
      0.8585
      0.9948
      1.1013
      1.1422
      1.9826
      1.8471
      1.5033
      1.0960
      0.7600
      0.5532
      0.4535
      0.4051
      0.3678
      0.3377
      0.3360
      0.3864
      0.5015
      0.6840
      0.9323
      1.2323
      1.5404
      1.7800
      1.8713
      2.1333
      1.9882
      1.6196
      1.1813
      0.8164
      0.5854
      0.4657
      0.4003
      0.3488
      0.3069
      0.2982
      0.3541
      0.5017
      0.7622
      1.1454
      1.6293
      2.1351
      2.5296
      2.6799
      1.9826
      1.8513
      1.5187
      1.1254
      0.8003
      0.5958
      0.4878
      0.4224
      0.3627
      0.3076
      0.2846
      0.3336
      0.4964
      0.8120
      1.3020
      1.9389
      2.6128
      3.1409
      3.3424
      1.5974
      1.5002
      1.2567
      0.9758
      0.7541
      0.6240
      0.5565
      0.5022
      0.4321
      0.3534
      0.3015
      0.3253
      0.4772
      0.8072
      1.3444
      2.0581
      2.8211
      3.4216
      3.6510
      1.1336
      1.0806
      0.9530
      0.8201
      0.7361
      0.7056
      0.6903
      0.6455
      0.5539
      0.4363
      0.3401
      0.3222
      0.4393
      0.7439
      1.2660
      1.9749
      2.7403
      3.3455
      3.5772
      0.7400
      0.7300
      0.7159
      0.7285
      0.7802
      0.8458
      0.8756
      0.8291
      0.7031
      0.5354
      0.3868
      0.3208
      0.3941
      0.6563
      1.1361
      1.8042
      2.5344
      3.1153
      3.3383
      0.4886
      0.5128
      0.5890
      0.7178
      0.8770
      1.0159
      1.0743
      1.0156
      0.8501
      0.6318
      0.4340
      0.3260
      0.3654
      0.6018
      1.0657
      1.7297
      2.4660
      3.0565
      3.2840
      0.3693
      0.4163
      0.5527
      0.7585
      0.9881
      1.1733
      1.2468
      1.1745
      0.9762
      0.7173
      0.4816
      0.3454
      0.3728
      0.6218
      1.1323
      1.8786
      2.7165
      3.3933
      3.6549
      0.3319
      0.3915
      0.5609
      0.8087
      1.0767
      1.2876
      1.3702
      1.2912
      1.0737
      0.7893
      0.5290
      0.3782
      0.4133
      0.7087
      1.3196
      2.2209
      3.2398
      4.0660
      4.3860
      0.3278
      0.3929
      0.5766
      0.8426
      1.1275
      1.3511
      1.4407
      1.3618
      1.1374
      0.8405
      0.5671
      0.4107
      0.4603
      0.8066
      1.5197
      2.5742
      3.7692
      4.7399
      5.1161
      0.3292
      0.3956
      0.5831
      0.8537
      1.1431
      1.3707
      1.4631
      1.3855
      1.1599
      0.8596
      0.5821
      0.4244
      0.4809
      0.8491
      1.6051
      2.7235
      3.9916
      5.0222
      5.4216
