      0.0370
      0.0484
      0.0719
      0.0843
      0.0732
      0.0501
      0.0334
      0.0294
      0.0382
      0.0611
      0.0906
      0.1040
      0.0868
      0.0517
      0.0219
      0.0065
      0.0014
      0.0002
      0.0001
      0.0391
      0.0498
      0.0710
      0.0803
      0.0675
      0.0447
      0.0288
      0.0250
      0.0329
      0.0544
      0.0837
      0.1005
      0.0885
      0.0564
      0.0259
      0.0086
      0.0021
      0.0004
      0.0001
      0.0422
      0.0503
      0.0644
      0.0666
      0.0516
      0.0315
      0.0186
      0.0156
      0.0220
      0.0415
      0.0737
      0.1034
      0.1083
      0.0835
      0.0471
      0.0193
      0.0057
      0.0012
      0.0004
      0.0575
      0.0585
      0.0575
      0.0484
      0.0323
      0.0174
      0.0094
      0.0082
      0.0149
      0.0380
      0.0872
      0.1534
      0.1976
      0.1839
      0.1229
      0.0586
      0.0199
      0.0049
      0.0017
      0.1927
      0.1672
      0.1104
      0.0573
      0.0246
      0.0097
      0.0051
      0.0062
      0.0160
      0.0518
      0.1417
      0.2860
      0.4131
      0.4244
      0.3094
      0.1600
      0.0588
      0.0161
      0.0063
      0.8459
      0.7133
      0.4279
      0.1832
      0.0569
      0.0147
      0.0066
      0.0089
      0.0217
      0.0722
      0.2116
      0.4578
      0.7057
      0.7712
      0.5975
      0.3293
      0.1319
      0.0438
      0.0230
      2.8414
      2.3902
      1.4220
      0.5976
      0.1781
      0.0408
      0.0133
      0.0132
      0.0250
      0.0778
      0.2370
      0.5413
      0.8819
      1.0195
      0.8394
      0.5013
      0.2365
      0.1184
      0.0921
      6.7687
      5.6928
      3.3847
      1.4204
      0.4212
      0.0927
      0.0234
      0.0160
      0.0225
      0.0612
      0.1911
      0.4605
      0.7958
      0.9828
      0.8824
      0.6169
      0.4169
      0.3610
      0.3637
     11.3844
      9.5747
      5.6925
      2.3885
      0.7078
      0.1541
      0.0355
      0.0198
      0.0199
      0.0381
      0.1135
      0.2898
      0.5445
      0.7516
      0.8046
      0.7790
      0.8546
      1.0491
      1.1596
     13.5361
     11.3844
      6.7687
      2.8414
      0.8463
      0.1944
      0.0612
      0.0464
      0.0398
      0.0353
      0.0614
      0.1574
      0.3442
      0.5895
      0.8481
      1.1836
      1.7356
      2.4001
      2.7186
     11.3844
      9.5751
      5.6948
      2.3984
      0.7389
      0.2254
      0.1537
      0.1600
      0.1347
      0.0857
      0.0602
      0.1074
      0.2750
      0.5918
      1.0627
      1.7634
      2.8225
      4.0080
      4.5611
      6.7687
      5.6944
      3.3947
      1.4599
      0.5359
      0.3396
      0.4130
      0.4592
      0.3756
      0.2216
      0.1077
      0.1035
      0.2557
      0.6096
      1.1915
      2.0757
      3.3717
      4.7888
      5.4443
      2.8414
      2.3956
      1.4542
      0.7116
      0.4773
      0.6350
      0.8939
      0.9677
      0.7609
      0.4297
      0.1826
      0.1043
      0.2036
      0.4987
      1.0102
      1.7870
      2.8944
      4.0819
      4.6274
      0.8459
      0.7275
      0.5064
      0.4345
      0.6489
      1.0851
      1.4821
      1.5253
      1.1501
      0.6261
      0.2485
      0.0972
      0.1238
      0.2978
      0.6208
      1.1155
      1.8064
      2.5333
      2.8645
      0.1927
      0.1948
      0.2558
      0.4892
      0.9574
      1.5679
      2.0295
      2.0102
      1.4823
      0.7969
      0.3098
      0.0964
      0.0621
      0.1319
      0.2926
      0.5676
      0.9750
      1.4093
      1.6071
      0.0575
      0.0980
      0.2621
      0.6402
      1.2807
      2.0860
      2.7284
      2.7738
      2.1177
      1.1833
      0.4764
      0.1397
      0.0430
      0.0591
      0.1702
      0.4482
      0.9503
      1.5242
      1.7897
      0.0422
      0.0928
      0.2891
      0.7431
      1.5802
      2.8004
      3.9980
      4.3809
      3.5497
      2.0795
      0.8696
      0.2585
      0.0623
      0.0590
      0.2294
      0.7484
      1.7583
      2.9408
      3.4915
      0.0391
      0.0875
      0.2812
      0.7758
      1.8367
      3.6232
      5.6042
      6.4672
      5.4128
      3.2388
      1.3745
      0.4123
      0.0971
      0.0870
      0.3592
      1.2098
      2.8804
      4.8424
      5.7568
      0.0370
      0.0826
      0.2701
      0.7788
      1.9478
      4.0163
      6.3856
      7.4831
      6.3168
      3.7988
      1.6174
      0.4862
      0.1144
      0.1023
      0.4245
      1.4337
      3.4173
      5.7475
      6.8337
