      0.1930
      0.2097
      0.2446
      0.2670
      0.2603
      0.2338
      0.2060
      0.1855
      0.1707
      0.1599
      0.1513
      0.1385
      0.1148
      0.0815
      0.0482
      0.0236
      0.0100
      0.0043
      0.0030
      0.1940
      0.2084
      0.2375
      0.2535
      0.2426
      0.2146
      0.1872
      0.1684
      0.1570
      0.1515
      0.1498
      0.1442
      0.1260
      0.0945
      0.0591
      0.0307
      0.0135
      0.0058
      0.0037
      0.2062
      0.2131
      0.2241
      0.2213
      0.1988
      0.1675
      0.1422
      0.1290
      0.1271
      0.1362
      0.1541
      0.1702
      0.1689
      0.1427
      0.0999
      0.0574
      0.0274
      0.0118
      0.0073
      0.2835
      0.2738
      0.2454
      0.2030
      0.1567
      0.1190
      0.0975
      0.0928
      0.1039
      0.1333
      0.1811
      0.2333
      0.2619
      0.2452
      0.1879
      0.1174
      0.0605
      0.0282
      0.0183
      0.5842
      0.5346
      0.4119
      0.2722
      0.1626
      0.0999
      0.0768
      0.0796
      0.1024
      0.1517
      0.2338
      0.3328
      0.4046
      0.4055
      0.3312
      0.2215
      0.1251
      0.0673
      0.0491
      1.3845
      1.2451
      0.9072
      0.5403
      0.2732
      0.1353
      0.0899
      0.0911
      0.1181
      0.1786
      0.2877
      0.4318
      0.5533
      0.5842
      0.5059
      0.3665
      0.2366
      0.1571
      0.1321
      2.9230
      2.6193
      1.8859
      1.0958
      0.5268
      0.2341
      0.1306
      0.1140
      0.1329
      0.1893
      0.3054
      0.4747
      0.6366
      0.7099
      0.6627
      0.5423
      0.4276
      0.3625
      0.3440
      5.0576
      4.5291
      3.2536
      1.8804
      0.8901
      0.3748
      0.1808
      0.1312
      0.1318
      0.1707
      0.2704
      0.4338
      0.6136
      0.7376
      0.7739
      0.7620
      0.7647
      0.7953
      0.8145
      7.0417
      6.3052
      4.5275
      2.6133
      1.2297
      0.5033
      0.2206
      0.1367
      0.1178
      0.1340
      0.2029
      0.3363
      0.5125
      0.6923
      0.8650
      1.0655
      1.3158
      1.5531
      1.6537
      7.8639
      7.0418
      5.0576
      2.9213
      1.3772
      0.5650
      0.2457
      0.1457
      0.1132
      0.1078
      0.1425
      0.2376
      0.4006
      0.6363
      0.9725
      1.4492
      2.0379
      2.5645
      2.7805
      7.0417
      6.3075
      4.5373
      2.6358
      1.2686
      0.5573
      0.2819
      0.1921
      0.1495
      0.1192
      0.1178
      0.1746
      0.3203
      0.5966
      1.0690
      1.7896
      2.6871
      3.4833
      3.8076
      5.0576
      4.5365
      3.2845
      1.9526
      1.0153
      0.5488
      0.3787
      0.3121
      0.2494
      0.1792
      0.1324
      0.1478
      0.2658
      0.5447
      1.0676
      1.8937
      2.9314
      3.8520
      4.2266
      2.9230
      2.6369
      1.9592
      1.2652
      0.8171
      0.6326
      0.5781
      0.5221
      0.4147
      0.2809
      0.1741
      0.1400
      0.2151
      0.4497
      0.9197
      1.6783
      2.6381
      3.4912
      3.8386
      1.3845
      1.2785
      1.0457
      0.8560
      0.8061
      0.8549
      0.8866
      0.8141
      0.6346
      0.4146
      0.2338
      0.1426
      0.1645
      0.3287
      0.6890
      1.2863
      2.0497
      2.7312
      3.0092
      0.5842
      0.5862
      0.6250
      0.7552
      0.9725
      1.1879
      1.2804
      1.1804
      0.9164
      0.5935
      0.3226
      0.1645
      0.1325
      0.2368
      0.5147
      1.0010
      1.6375
      2.2121
      2.4475
      0.2835
      0.3395
      0.5186
      0.8264
      1.2134
      1.5616
      1.7293
      1.6296
      1.2924
      0.8529
      0.4661
      0.2220
      0.1381
      0.2186
      0.5039
      1.0388
      1.7613
      2.4234
      2.6963
      0.2062
      0.2847
      0.5254
      0.9238
      1.4254
      1.9041
      2.1878
      2.1388
      1.7543
      1.1912
      0.6643
      0.3147
      0.1797
      0.2717
      0.6522
      1.3914
      2.4058
      3.3427
      3.7300
      0.1940
      0.2792
      0.5407
      0.9803
      1.5569
      2.1496
      2.5568
      2.5804
      2.1736
      1.5070
      0.8533
      0.4071
      0.2300
      0.3466
      0.8438
      1.8183
      3.1616
      4.4050
      4.9194
      0.1930
      0.2791
      0.5446
      0.9957
      1.5999
      2.2400
      2.7019
      2.7602
      2.3475
      1.6393
      0.9330
      0.4466
      0.2525
      0.3811
      0.9303
      2.0083
      3.4955
      4.8727
      5.4426
