      0.0261
      0.0346
      0.0522
      0.0623
      0.0573
      0.0466
      0.0411
      0.0388
      0.0322
      0.0220
      0.0142
      0.0101
      0.0072
      0.0042
      0.0019
      0.0006
      0.0001
      0.0000
      0.0000
      0.0278
      0.0357
      0.0514
      0.0592
      0.0526
      0.0412
      0.0352
      0.0328
      0.0273
      0.0193
      0.0136
      0.0112
      0.0092
      0.0063
      0.0033
      0.0012
      0.0003
      0.0001
      0.0000
      0.0308
      0.0365
      0.0468
      0.0488
      0.0397
      0.0283
      0.0223
      0.0201
      0.0175
      0.0147
      0.0151
      0.0188
      0.0210
      0.0181
      0.0114
      0.0051
      0.0016
      0.0004
      0.0001
      0.0482
      0.0478
      0.0447
      0.0364
      0.0248
      0.0155
      0.0113
      0.0107
      0.0114
      0.0150
      0.0264
      0.0453
      0.0604
      0.0585
      0.0404
      0.0198
      0.0069
      0.0018
      0.0007
      0.1884
      0.1620
      0.1041
      0.0516
      0.0215
      0.0098
      0.0081
      0.0102
      0.0139
      0.0241
      0.0521
      0.1005
      0.1451
      0.1500
      0.1102
      0.0575
      0.0219
      0.0070
      0.0037
      0.8516
      0.7175
      0.4292
      0.1829
      0.0574
      0.0181
      0.0142
      0.0188
      0.0237
      0.0375
      0.0820
      0.1669
      0.2550
      0.2788
      0.2170
      0.1224
      0.0552
      0.0281
      0.0228
      2.8694
      2.4136
      1.4357
      0.6037
      0.1824
      0.0487
      0.0277
      0.0311
      0.0336
      0.0446
      0.0935
      0.1985
      0.3198
      0.3700
      0.3098
      0.2027
      0.1362
      0.1273
      0.1335
      6.8377
      5.7509
      3.4194
      1.4361
      0.4300
      0.1046
      0.0423
      0.0380
      0.0352
      0.0386
      0.0760
      0.1678
      0.2862
      0.3560
      0.3423
      0.3199
      0.3910
      0.5367
      0.6144
     11.5010
      9.6728
      5.7511
      2.4144
      0.7193
      0.1648
      0.0495
      0.0339
      0.0270
      0.0244
      0.0441
      0.1017
      0.1870
      0.2672
      0.3588
      0.5962
      1.1107
      1.7474
      2.0496
     13.6747
     11.5010
      6.8380
      2.8702
      0.8529
      0.1892
      0.0462
      0.0244
      0.0170
      0.0126
      0.0193
      0.0463
      0.0987
      0.1956
      0.4528
      1.1532
      2.5131
      4.1096
      4.8536
     11.5010
      9.6729
      5.7515
      2.4152
      0.7196
      0.1620
      0.0419
      0.0234
      0.0165
      0.0103
      0.0092
      0.0195
      0.0556
      0.1784
      0.6103
      1.8230
      4.1533
      6.8701
      8.1330
      6.8377
      5.7515
      3.4227
      1.4450
      0.4462
      0.1248
      0.0596
      0.0473
      0.0348
      0.0200
      0.0103
      0.0118
      0.0405
      0.1732
      0.6803
      2.1237
      4.9017
      8.1415
      9.6478
      2.8694
      2.4164
      1.4499
      0.6424
      0.2552
      0.1485
      0.1308
      0.1116
      0.0772
      0.0412
      0.0173
      0.0104
      0.0298
      0.1379
      0.5623
      1.7778
      4.1218
      6.8583
      8.1313
      0.8516
      0.7258
      0.4708
      0.2933
      0.2576
      0.2840
      0.2829
      0.2296
      0.1485
      0.0748
      0.0288
      0.0109
      0.0183
      0.0834
      0.3459
      1.1011
      2.5600
      4.2645
      5.0577
      0.1884
      0.1796
      0.1903
      0.2761
      0.4197
      0.5307
      0.5364
      0.4381
      0.2876
      0.1475
      0.0571
      0.0174
      0.0121
      0.0493
      0.2138
      0.6952
      1.6304
      2.7252
      3.2350
      0.0482
      0.0739
      0.1728
      0.3706
      0.6283
      0.8453
      0.9312
      0.8450
      0.6120
      0.3384
      0.1377
      0.0413
      0.0178
      0.0638
      0.2970
      0.9981
      2.3717
      3.9842
      4.7356
      0.0308
      0.0647
      0.1869
      0.4286
      0.7808
      1.1829
      1.5061
      1.5519
      1.2271
      0.7152
      0.3001
      0.0912
      0.0372
      0.1308
      0.6194
      2.0979
      5.0002
      8.4096
      9.9987
      0.0278
      0.0596
      0.1756
      0.4223
      0.8527
      1.4797
      2.1233
      2.3665
      1.9542
      1.1647
      0.4943
      0.1510
      0.0615
      0.2168
      1.0290
      3.4876
      8.3152
     13.9866
     16.6302
      0.0261
      0.0556
      0.1644
      0.4077
      0.8715
      1.6062
      2.4060
      2.7466
      2.2952
      1.3757
      0.5855
      0.1791
      0.0731
      0.2575
      1.2222
      4.1429
      9.8780
     16.6155
     19.7559
