      0.0000
      0.0000
      0.0000
      0.0000
      0.0000
      0.0000
      0.0000
      0.0000
      0.0000
      0.0000
      0.0000
      0.0000
      0.0000
      0.0000
      0.0000
      0.0000
      0.0000
      0.0000
      0.0000
      0.0000
      0.0000
      0.0000
      0.0000
      0.0000
      0.0000
      0.0000
      0.0000
      0.0000
      0.0000
      0.0000
      0.0000
      0.0000
      0.0000
      0.0000
      0.0000
      0.0000
      0.0000
      0.0000
      0.0000
      0.0000
      0.0000
      0.0000
      0.0000
      0.0000
      0.0000
      0.0000
      0.0000
      0.0000
      0.0000
      0.0000
      0.0000
      0.0000
      0.0000
      0.0000
      0.0000
      0.0000
      0.0000
      0.0000
      0.0000
      0.0000
      0.0000
      0.0000
      0.0000
      0.0000
      0.0000
      0.0000
      0.0000
      0.0000
      0.0000
      0.0000
      0.0000
      0.0000
      0.0000
      0.0000
      0.0000
      0.0000
      0.0000
      0.0000
      0.0000
      0.0000
      0.0000
      0.0000
      0.0000
      0.0000
      0.0000
      0.0000
      0.0000
      0.0001
      0.0003
      0.0003
      0.0001
      0.0000
      0.0000
      0.0000
      0.0000
      0.0031
      0.0016
      0.0002
      0.0000
      0.0000
      0.0000
      0.0000
      0.0000
      0.0000
      0.0000
      0.0000
      0.0005
      0.0030
      0.0043
      0.0015
      0.0001
      0.0000
      0.0000
      0.0000
      0.4173
      0.2087
      0.0260
      0.0008
      0.0000
      0.0000
      0.0000
      0.0000
      0.0000
      0.0000
      0.0000
      0.0010
      0.0074
      0.0130
      0.0057
      0.0006
      0.0000
      0.0000
      0.0000
     13.5319
      6.7660
      0.8435
      0.0260
      0.0002
      0.0000
      0.0000
      0.0000
      0.0000
      0.0000
      0.0000
      0.0005
      0.0046
      0.0099
      0.0053
      0.0007
      0.0000
      0.0000
      0.0000
    108.5422
     54.2711
      6.7660
      0.2087
      0.0016
      0.0000
      0.0000
      0.0000
      0.0000
      0.0000
      0.0000
      0.0001
      0.0007
      0.0019
      0.0015
      0.0005
      0.0002
      0.0012
      0.0023
    217.0844
    108.5422
     13.5319
      0.4173
      0.0031
      0.0000
      0.0000
      0.0000
      0.0000
      0.0000
      0.0000
      0.0000
      0.0001
      0.0021
      0.0101
      0.0126
      0.0085
      0.0374
      0.0742
    108.5422
     54.2711
      6.7660
      0.2087
      0.0016
      0.0000
      0.0001
      0.0003
      0.0001
      0.0000
      0.0000
      0.0000
      0.0007
      0.0168
      0.0977
      0.1428
      0.0886
      0.3024
      0.5955
     13.5319
      6.7660
      0.8435
      0.0260
      0.0002
      0.0013
      0.0102
      0.0193
      0.0092
      0.0011
      0.0000
      0.0000
      0.0013
      0.0351
      0.2375
      0.4037
      0.2439
      0.6132
      1.1915
      0.4173
      0.2087
      0.0260
      0.0008
      0.0011
      0.0298
      0.2006
      0.3367
      0.1413
      0.0148
      0.0004
      0.0000
      0.0006
      0.0183
      0.1444
      0.2854
      0.1771
      0.3148
      0.5963
      0.0031
      0.0016
      0.0002
      0.0002
      0.0078
      0.1672
      0.9844
      1.4586
      0.5405
      0.0499
      0.0011
      0.0000
      0.0001
      0.0024
      0.0219
      0.0504
      0.0335
      0.0412
      0.0745
      0.0000
      0.0000
      0.0001
      0.0024
      0.0250
      0.2515
      1.2134
      1.5795
      0.5170
      0.0421
      0.0008
      0.0000
      0.0000
      0.0001
      0.0008
      0.0022
      0.0017
      0.0018
      0.0032
      0.0000
      0.0000
      0.0005
      0.0107
      0.0608
      0.1579
      0.4247
      0.4958
      0.1595
      0.0137
      0.0003
      0.0000
      0.0000
      0.0000
      0.0000
      0.0003
      0.0075
      0.0598
      0.1196
      0.0000
      0.0000
      0.0007
      0.0123
      0.0599
      0.1878
      1.0559
      2.2028
      1.1764
      0.1573
      0.0052
      0.0000
      0.0000
      0.0000
      0.0001
      0.0075
      0.2417
      1.9386
      3.8773
      0.0000
      0.0000
      0.0002
      0.0038
      0.0408
      0.9518
      8.1021
     17.4294
      9.3775
      1.2584
      0.0418
      0.0003
      0.0000
      0.0000
      0.0004
      0.0598
      1.9386
     15.5503
     31.1005
      0.0000
      0.0000
      0.0000
      0.0009
      0.0554
      1.8773
     16.1967
     34.8575
     18.7547
      2.5167
      0.0836
      0.0007
      0.0000
      0.0000
      0.0009
      0.1196
      3.8773
     31.1005
     62.2011
