      0.5818
      0.5922
      0.6120
      0.6179
      0.5946
      0.5471
      0.4937
      0.4527
      0.4316
      0.4256
      0.4207
      0.3996
      0.3512
      0.2777
      0.1942
      0.1189
      0.0643
      0.0331
      0.0233
      0.5640
      0.5726
      0.5881
      0.5894
      0.5634
      0.5161
      0.4660
      0.4307
      0.4177
      0.4224
      0.4301
      0.4215
      0.3822
      0.3121
      0.2254
      0.1429
      0.0802
      0.0432
      0.0313
      0.5121
      0.5163
      0.5213
      0.5119
      0.4808
      0.4363
      0.3964
      0.3774
      0.3868
      0.4206
      0.4632
      0.4900
      0.4777
      0.4177
      0.3225
      0.2187
      0.1320
      0.0772
      0.0589
      0.4344
      0.4336
      0.4269
      0.4073
      0.3746
      0.3392
      0.3170
      0.3218
      0.3614
      0.4345
      0.5259
      0.6049
      0.6350
      0.5937
      0.4885
      0.3532
      0.2291
      0.1459
      0.1172
      0.3490
      0.3441
      0.3290
      0.3047
      0.2774
      0.2580
      0.2583
      0.2882
      0.3562
      0.4662
      0.6075
      0.7454
      0.8291
      0.8183
      0.7107
      0.5458
      0.3816
      0.2662
      0.2254
      0.2802
      0.2727
      0.2531
      0.2295
      0.2125
      0.2117
      0.2328
      0.2809
      0.3653
      0.4975
      0.6752
      0.8653
      1.0066
      1.0412
      0.9535
      0.7824
      0.5972
      0.4616
      0.4127
      0.2456
      0.2364
      0.2144
      0.1929
      0.1857
      0.1992
      0.2328
      0.2861
      0.3693
      0.5013
      0.6913
      0.9139
      1.1070
      1.2024
      1.1708
      1.0418
      0.8830
      0.7610
      0.7162
      0.2447
      0.2342
      0.2101
      0.1895
      0.1875
      0.2075
      0.2429
      0.2885
      0.3542
      0.4647
      0.6401
      0.8686
      1.0990
      1.2657
      1.3308
      1.3072
      1.2428
      1.1860
      1.1645
      0.2595
      0.2485
      0.2239
      0.2045
      0.2054
      0.2268
      0.2575
      0.2884
      0.3278
      0.4030
      0.5426
      0.7515
      0.9995
      1.2374
      1.4283
      1.5649
      1.6593
      1.7193
      1.7407
      0.2678
      0.2586
      0.2394
      0.2284
      0.2381
      0.2649
      0.2928
      0.3092
      0.3200
      0.3530
      0.4433
      0.6127
      0.8569
      1.1517
      1.4691
      1.7847
      2.0674
      2.2708
      2.3458
      0.2595
      0.2565
      0.2547
      0.2683
      0.3037
      0.3499
      0.3841
      0.3891
      0.3690
      0.3530
      0.3836
      0.4979
      0.7156
      1.0372
      1.4473
      1.9094
      2.3553
      2.6867
      2.8103
      0.2447
      0.2538
      0.2859
      0.3477
      0.4338
      0.5196
      0.5706
      0.5633
      0.5028
      0.4250
      0.3830
      0.4278
      0.5957
      0.9040
      1.3470
      1.8830
      2.4204
      2.8275
      2.9803
      0.2456
      0.2733
      0.3571
      0.4923
      0.6554
      0.8006
      0.8757
      0.8493
      0.7316
      0.5726
      0.4416
      0.4024
      0.4999
      0.7577
      1.1737
      1.7054
      2.2539
      2.6752
      2.8343
      0.2802
      0.3314
      0.4809
      0.7096
      0.9707
      1.1911
      1.2955
      1.2429
      1.0514
      0.7916
      0.5547
      0.4189
      0.4334
      0.6207
      0.9779
      1.4628
      1.9778
      2.3793
      2.5319
      0.3490
      0.4255
      0.6462
      0.9773
      1.3482
      1.6561
      1.7990
      1.7226
      1.4511
      1.0781
      0.7221
      0.4806
      0.4096
      0.5306
      0.8381
      1.2897
      1.7862
      2.1802
      2.3311
      0.4344
      0.5341
      0.8209
      1.2499
      1.7310
      2.1350
      2.3317
      2.2472
      1.9050
      1.4189
      0.9384
      0.5878
      0.4377
      0.5138
      0.8107
      1.2823
      1.8182
      2.2506
      2.4174
      0.5121
      0.6297
      0.9684
      1.4776
      2.0559
      2.5546
      2.8169
      2.7446
      2.3523
      1.7681
      1.1722
      0.7205
      0.5047
      0.5607
      0.8859
      1.4285
      2.0577
      2.5705
      2.7692
      0.5640
      0.6923
      1.0632
      1.6249
      2.2716
      2.8431
      3.1631
      3.1115
      2.6920
      2.0403
      1.3602
      0.8341
      0.5736
      0.6254
      0.9907
      1.6122
      2.3388
      2.9335
      3.1644
      0.5818
      0.7137
      1.0954
      1.6754
      2.3469
      2.9462
      3.2895
      3.2480
      2.8202
      2.1444
      1.4329
      0.8792
      0.6027
      0.6548
      1.0384
      1.6939
      2.4619
      3.0912
      3.3356
