      0.0000
      0.0000
      0.0000
      0.0000
      0.0000
      0.0000
      0.0000
      0.0000
      0.0000
      0.0000
      0.0000
      0.0000
      0.0000
      0.0000
      0.0000
      0.0000
      0.0000
      0.0000
      0.0000
      0.0000
      0.0000
      0.0000
      0.0000
      0.0000
      0.0000
      0.0000
      0.0000
      0.0000
      0.0000
      0.0000
      0.0000
      0.0000
      0.0000
      0.0000
      0.0000
      0.0000
      0.0000
      0.0000
      0.0000
      0.0000
      0.0000
      0.0000
      0.0000
      0.0000
      0.0000
      0.0000
      0.0000
      0.0000
      0.0000
      0.0000
      0.0000
      0.0000
      0.0000
      0.0000
      0.0000
      0.0000
      0.0000
      0.0000
      0.0000
      0.0000
      0.0000
      0.0000
      0.0000
      0.0000
      0.0000
      0.0000
      0.0000
      0.0000
      0.0000
      0.0000
      0.0000
      0.0000
      0.0000
      0.0000
      0.0000
      0.0000
      0.0000
      0.0000
      0.0000
      0.0000
      0.0000
      0.0000
      0.0000
      0.0000
      0.0000
      0.0000
      0.0000
      0.0002
      0.0007
      0.0009
      0.0003
      0.0000
      0.0000
      0.0000
      0.0000
      0.0025
      0.0013
      0.0002
      0.0000
      0.0000
      0.0000
      0.0000
      0.0000
      0.0000
      0.0000
      0.0001
      0.0013
      0.0074
      0.0106
      0.0038
      0.0003
      0.0000
      0.0000
      0.0000
      0.3360
      0.1680
      0.0209
      0.0006
      0.0000
      0.0000
      0.0000
      0.0000
      0.0000
      0.0000
      0.0001
      0.0026
      0.0183
      0.0322
      0.0142
      0.0016
      0.0000
      0.0000
      0.0000
     10.8947
      5.4474
      0.6791
      0.0209
      0.0002
      0.0000
      0.0000
      0.0000
      0.0000
      0.0000
      0.0000
      0.0013
      0.0114
      0.0245
      0.0133
      0.0018
      0.0001
      0.0001
      0.0002
     87.3888
     43.6944
      5.4474
      0.1680
      0.0013
      0.0000
      0.0000
      0.0000
      0.0000
      0.0000
      0.0000
      0.0002
      0.0018
      0.0047
      0.0033
      0.0008
      0.0016
      0.0124
      0.0248
    174.7776
     87.3888
     10.8947
      0.3360
      0.0025
      0.0000
      0.0000
      0.0000
      0.0000
      0.0000
      0.0000
      0.0000
      0.0001
      0.0017
      0.0075
      0.0107
      0.0531
      0.4029
      0.8054
     87.3888
     43.6944
      5.4474
      0.1680
      0.0013
      0.0000
      0.0001
      0.0002
      0.0001
      0.0000
      0.0000
      0.0000
      0.0005
      0.0122
      0.0712
      0.1156
      0.4402
      3.2336
      6.4604
     10.8947
      5.4474
      0.6791
      0.0209
      0.0002
      0.0010
      0.0074
      0.0141
      0.0067
      0.0008
      0.0000
      0.0000
      0.0009
      0.0255
      0.1731
      0.3171
      0.9290
      6.4733
     12.9212
      0.3360
      0.1680
      0.0209
      0.0007
      0.0008
      0.0217
      0.1461
      0.2452
      0.1029
      0.0108
      0.0003
      0.0000
      0.0004
      0.0133
      0.1052
      0.2194
      0.5046
      3.2427
      6.4610
      0.0025
      0.0013
      0.0002
      0.0001
      0.0056
      0.1217
      0.7168
      1.0621
      0.3936
      0.0363
      0.0008
      0.0000
      0.0000
      0.0017
      0.0160
      0.0381
      0.0712
      0.4057
      0.8056
      0.0000
      0.0000
      0.0001
      0.0017
      0.0178
      0.1825
      0.8837
      1.1510
      0.3769
      0.0307
      0.0006
      0.0000
      0.0000
      0.0001
      0.0006
      0.0017
      0.0026
      0.0128
      0.0252
      0.0000
      0.0000
      0.0003
      0.0074
      0.0426
      0.1189
      0.3630
      0.4783
      0.1793
      0.0185
      0.0005
      0.0000
      0.0000
      0.0000
      0.0000
      0.0001
      0.0028
      0.0220
      0.0440
      0.0000
      0.0000
      0.0005
      0.0086
      0.0476
      0.3395
      2.5371
      5.4108
      2.9048
      0.3894
      0.0129
      0.0001
      0.0000
      0.0000
      0.0000
      0.0027
      0.0885
      0.7098
      1.4197
      0.0000
      0.0000
      0.0002
      0.0029
      0.0763
      2.3359
     20.0876
     43.2266
     23.2575
      3.1209
      0.1037
      0.0008
      0.0000
      0.0000
      0.0002
      0.0219
      0.7098
      5.6937
     11.3874
      0.0000
      0.0000
      0.0000
      0.0013
      0.1344
      4.6535
     40.1700
     86.4523
     46.5148
      6.2419
      0.2073
      0.0017
      0.0000
      0.0000
      0.0003
      0.0438
      1.4197
     11.3874
     22.7748
