      0.0019
      0.0045
      0.0110
      0.0149
      0.0110
      0.0045
      0.0012
      0.0005
      0.0006
      0.0013
      0.0028
      0.0038
      0.0027
      0.0011
      0.0002
      0.0000
      0.0000
      0.0000
      0.0000
      0.0026
      0.0057
      0.0127
      0.0157
      0.0106
      0.0040
      0.0010
      0.0004
      0.0004
      0.0010
      0.0025
      0.0036
      0.0029
      0.0013
      0.0003
      0.0000
      0.0000
      0.0000
      0.0000
      0.0035
      0.0066
      0.0126
      0.0135
      0.0079
      0.0025
      0.0005
      0.0002
      0.0002
      0.0006
      0.0019
      0.0037
      0.0042
      0.0028
      0.0011
      0.0002
      0.0000
      0.0000
      0.0000
      0.0029
      0.0047
      0.0075
      0.0070
      0.0035
      0.0010
      0.0002
      0.0000
      0.0001
      0.0006
      0.0035
      0.0109
      0.0188
      0.0179
      0.0093
      0.0026
      0.0004
      0.0000
      0.0000
      0.0095
      0.0078
      0.0048
      0.0025
      0.0009
      0.0002
      0.0000
      0.0000
      0.0002
      0.0019
      0.0126
      0.0463
      0.0916
      0.0981
      0.0567
      0.0177
      0.0030
      0.0003
      0.0000
      0.1395
      0.1027
      0.0410
      0.0089
      0.0011
      0.0001
      0.0001
      0.0001
      0.0004
      0.0039
      0.0289
      0.1166
      0.2536
      0.2978
      0.1889
      0.0646
      0.0119
      0.0013
      0.0003
      1.2220
      0.8982
      0.3562
      0.0759
      0.0087
      0.0006
      0.0002
      0.0002
      0.0005
      0.0044
      0.0360
      0.1594
      0.3799
      0.4885
      0.3395
      0.1279
      0.0279
      0.0078
      0.0070
      5.7323
      4.2130
      1.6706
      0.3561
      0.0406
      0.0025
      0.0003
      0.0003
      0.0004
      0.0028
      0.0243
      0.1178
      0.3076
      0.4338
      0.3324
      0.1456
      0.0652
      0.0852
      0.1097
     14.4561
     10.6246
      4.2130
      0.8981
      0.1023
      0.0063
      0.0004
      0.0003
      0.0003
      0.0010
      0.0088
      0.0472
      0.1362
      0.2151
      0.1964
      0.1612
      0.3184
      0.7127
      0.9557
     19.6692
     14.4561
      5.7323
      1.2220
      0.1393
      0.0087
      0.0011
      0.0012
      0.0009
      0.0006
      0.0019
      0.0113
      0.0403
      0.0894
      0.1561
      0.4014
      1.3877
      3.3134
      4.4682
     14.4561
     10.6246
      4.2130
      0.8982
      0.1032
      0.0100
      0.0099
      0.0135
      0.0102
      0.0042
      0.0013
      0.0040
      0.0249
      0.0976
      0.2808
      0.9524
      3.4630
      8.3273
     11.2460
      5.7323
      4.2130
      1.6708
      0.3576
      0.0487
      0.0328
      0.0696
      0.0901
      0.0642
      0.0248
      0.0054
      0.0039
      0.0272
      0.1241
      0.3870
      1.3148
      4.7171
     11.3169
     15.2846
      1.2220
      0.8984
      0.3585
      0.0893
      0.0601
      0.1453
      0.2794
      0.3282
      0.2180
      0.0794
      0.0157
      0.0038
      0.0189
      0.0920
      0.2991
      0.9983
      3.4921
      8.3220
     11.2298
      0.1395
      0.1042
      0.0569
      0.0867
      0.2274
      0.4530
      0.6691
      0.6729
      0.4082
      0.1391
      0.0259
      0.0033
      0.0072
      0.0370
      0.1260
      0.4140
      1.4049
      3.3147
      4.4654
      0.0095
      0.0142
      0.0653
      0.2700
      0.6574
      1.0040
      1.1018
      0.9077
      0.5018
      0.1649
      0.0303
      0.0032
      0.0016
      0.0081
      0.0299
      0.1038
      0.3558
      0.8382
      1.1285
      0.0029
      0.0183
      0.1324
      0.5254
      1.1781
      1.6620
      1.7959
      1.6104
      1.0151
      0.3820
      0.0801
      0.0091
      0.0007
      0.0016
      0.0145
      0.1081
      0.4898
      1.2269
      1.6676
      0.0035
      0.0223
      0.1525
      0.5802
      1.3590
      2.4917
      4.1348
      5.0555
      3.6965
      1.4971
      0.3283
      0.0386
      0.0025
      0.0033
      0.0520
      0.4551
      2.1334
      5.3797
      7.3196
      0.0026
      0.0157
      0.1024
      0.4062
      1.2819
      3.8752
      8.8542
     12.0832
      9.1154
      3.7289
      0.8212
      0.0967
      0.0063
      0.0081
      0.1306
      1.1458
      5.3748
     13.5546
     18.4427
      0.0019
      0.0106
      0.0674
      0.2970
      1.2539
      4.7613
     11.7499
     16.3382
     12.3789
      5.0695
      1.1168
      0.1316
      0.0086
      0.0110
      0.1776
      1.5590
      7.3130
     18.4425
     25.0933
