      0.0002
      0.0006
      0.0014
      0.0019
      0.0014
      0.0007
      0.0004
      0.0005
      0.0004
      0.0004
      0.0007
      0.0009
      0.0007
      0.0003
      0.0001
      0.0000
      0.0000
      0.0000
      0.0000
      0.0003
      0.0007
      0.0016
      0.0020
      0.0014
      0.0006
      0.0003
      0.0003
      0.0003
      0.0003
      0.0007
      0.0010
      0.0008
      0.0004
      0.0001
      0.0000
      0.0000
      0.0000
      0.0000
      0.0005
      0.0009
      0.0016
      0.0017
      0.0010
      0.0004
      0.0002
      0.0001
      0.0001
      0.0002
      0.0008
      0.0020
      0.0028
      0.0022
      0.0010
      0.0003
      0.0000
      0.0000
      0.0000
      0.0007
      0.0009
      0.0011
      0.0009
      0.0005
      0.0001
      0.0000
      0.0000
      0.0001
      0.0006
      0.0036
      0.0120
      0.0215
      0.0209
      0.0110
      0.0031
      0.0005
      0.0000
      0.0000
      0.0126
      0.0094
      0.0039
      0.0010
      0.0002
      0.0000
      0.0000
      0.0000
      0.0002
      0.0022
      0.0150
      0.0553
      0.1097
      0.1175
      0.0680
      0.0212
      0.0035
      0.0003
      0.0000
      0.2067
      0.1519
      0.0603
      0.0129
      0.0015
      0.0001
      0.0001
      0.0002
      0.0005
      0.0047
      0.0347
      0.1399
      0.3044
      0.3574
      0.2266
      0.0775
      0.0143
      0.0016
      0.0004
      1.8140
      1.3332
      0.5287
      0.1127
      0.0129
      0.0009
      0.0003
      0.0004
      0.0007
      0.0054
      0.0432
      0.1913
      0.4559
      0.5863
      0.4073
      0.1531
      0.0328
      0.0084
      0.0072
      8.5092
      6.2539
      2.4799
      0.5287
      0.0603
      0.0038
      0.0005
      0.0006
      0.0007
      0.0034
      0.0291
      0.1413
      0.3689
      0.5197
      0.3964
      0.1699
      0.0694
      0.0877
      0.1139
     21.4592
     15.7716
      6.2539
      1.3332
      0.1519
      0.0093
      0.0007
      0.0005
      0.0004
      0.0012
      0.0106
      0.0564
      0.1616
      0.2507
      0.2178
      0.1596
      0.3160
      0.7351
      0.9949
     29.1978
     21.4592
      8.5092
      1.8140
      0.2067
      0.0126
      0.0008
      0.0005
      0.0003
      0.0003
      0.0021
      0.0124
      0.0401
      0.0743
      0.1092
      0.3402
      1.3820
      3.4334
      4.6635
     21.4592
     15.7716
      6.2539
      1.3332
      0.1521
      0.0101
      0.0027
      0.0034
      0.0026
      0.0011
      0.0005
      0.0021
      0.0101
      0.0350
      0.1391
      0.7934
      3.4678
      8.6542
     11.7582
      8.5092
      6.2539
      2.4799
      0.5289
      0.0620
      0.0108
      0.0172
      0.0224
      0.0160
      0.0062
      0.0014
      0.0011
      0.0072
      0.0366
      0.1825
      1.0824
      4.7232
     11.7758
     15.9975
      1.8140
      1.3332
      0.5290
      0.1148
      0.0225
      0.0325
      0.0666
      0.0808
      0.0543
      0.0199
      0.0039
      0.0010
      0.0048
      0.0268
      0.1378
      0.8045
      3.4798
      8.6584
     11.7589
      0.2067
      0.1521
      0.0624
      0.0238
      0.0379
      0.0884
      0.1532
      0.1676
      0.1056
      0.0367
      0.0069
      0.0009
      0.0019
      0.0108
      0.0566
      0.3248
      1.3902
      3.4498
      4.6830
      0.0126
      0.0102
      0.0119
      0.0374
      0.1000
      0.1954
      0.2973
      0.3166
      0.2049
      0.0749
      0.0151
      0.0017
      0.0005
      0.0025
      0.0148
      0.0902
      0.3906
      0.9703
      1.3173
      0.0007
      0.0026
      0.0176
      0.0752
      0.2183
      0.5304
      1.0428
      1.3346
      0.9788
      0.3942
      0.0859
      0.0100
      0.0007
      0.0015
      0.0215
      0.1841
      0.8595
      2.1655
      2.9460
      0.0005
      0.0029
      0.0215
      0.1066
      0.4635
      1.7167
      4.1645
      5.7514
      4.3459
      1.7775
      0.3913
      0.0461
      0.0031
      0.0058
      0.0941
      0.8260
      3.8745
      9.7708
     13.2944
      0.0003
      0.0022
      0.0178
      0.1320
      0.8880
      4.0031
     10.2697
     14.3882
     10.9167
      4.4718
      0.9852
      0.1160
      0.0077
      0.0146
      0.2372
      2.0819
      9.7658
     24.6282
     33.5098
      0.0002
      0.0016
      0.0150
      0.1466
      1.1446
      5.3794
     13.9323
     19.5612
     14.8492
      6.0835
      1.3403
      0.1579
      0.0105
      0.0198
      0.3227
      2.8327
     13.2875
     33.5095
     45.5939
