      0.3407
      0.3542
      0.3933
      0.4552
      0.5342
      0.6168
      0.6788
      0.6931
      0.6466
      0.5512
      0.4354
      0.3262
      0.2358
      0.1646
      0.1090
      0.0675
      0.0397
      0.0244
      0.0196
      0.3352
      0.3469
      0.3810
      0.4351
      0.5046
      0.5779
      0.6336
      0.6480
      0.6096
      0.5292
      0.4317
      0.3389
      0.2594
      0.1918
      0.1337
      0.0863
      0.0521
      0.0323
      0.0259
      0.3278
      0.3341
      0.3533
      0.3853
      0.4290
      0.4779
      0.5180
      0.5331
      0.5165
      0.4763
      0.4279
      0.3807
      0.3322
      0.2759
      0.2113
      0.1467
      0.0940
      0.0608
      0.0497
      0.3473
      0.3444
      0.3383
      0.3353
      0.3417
      0.3582
      0.3788
      0.3959
      0.4078
      0.4201
      0.4379
      0.4549
      0.4533
      0.4169
      0.3459
      0.2582
      0.1788
      0.1261
      0.1080
      0.4412
      0.4236
      0.3787
      0.3257
      0.2836
      0.2624
      0.2625
      0.2807
      0.3184
      0.3800
      0.4635
      0.5495
      0.6043
      0.5995
      0.5325
      0.4296
      0.3292
      0.2604
      0.2365
      0.6564
      0.6168
      0.5150
      0.3911
      0.2849
      0.2181
      0.1936
      0.2074
      0.2596
      0.3543
      0.4872
      0.6325
      0.7459
      0.7884
      0.7528
      0.6688
      0.5806
      0.5204
      0.4999
      1.0016
      0.9326
      0.7553
      0.5388
      0.3508
      0.2272
      0.1710
      0.1713
      0.2227
      0.3276
      0.4836
      0.6669
      0.8336
      0.9432
      0.9860
      0.9879
      0.9831
      0.9861
      0.9894
      1.4116
      1.3105
      1.0506
      0.7332
      0.4564
      0.2710
      0.1785
      0.1584
      0.1957
      0.2895
      0.4408
      0.6362
      0.8458
      1.0425
      1.2225
      1.4013
      1.5814
      1.7278
      1.7855
      1.7530
      1.6264
      1.3009
      0.9034
      0.5566
      0.3226
      0.2007
      0.1609
      0.1782
      0.2470
      0.3723
      0.5566
      0.7963
      1.0929
      1.4596
      1.8994
      2.3624
      2.7316
      2.8744
      1.8867
      1.7513
      1.4035
      0.9799
      0.6118
      0.3647
      0.2348
      0.1852
      0.1839
      0.2216
      0.3083
      0.4647
      0.7189
      1.1099
      1.6755
      2.4075
      3.1953
      3.8235
      4.0655
      1.7530
      1.6305
      1.3170
      0.9387
      0.6152
      0.4037
      0.2951
      0.2493
      0.2325
      0.2357
      0.2763
      0.3920
      0.6397
      1.0921
      1.8104
      2.7787
      3.8355
      4.6806
      5.0062
      1.4116
      1.3206
      1.0905
      0.8202
      0.6006
      0.4690
      0.4074
      0.3744
      0.3397
      0.3013
      0.2873
      0.3498
      0.5636
      1.0197
      1.7913
      2.8589
      4.0352
      4.9787
      5.3425
      1.0016
      0.9518
      0.8311
      0.7038
      0.6229
      0.5976
      0.5961
      0.5753
      0.5123
      0.4191
      0.3387
      0.3344
      0.4853
      0.8808
      1.5899
      2.5909
      3.7022
      4.5960
      4.9409
      0.6564
      0.6480
      0.6382
      0.6586
      0.7239
      0.8119
      0.8718
      0.8557
      0.7502
      0.5863
      0.4260
      0.3421
      0.4084
      0.6968
      1.2581
      2.0689
      2.9758
      3.7073
      3.9898
      0.4412
      0.4681
      0.5544
      0.7066
      0.9074
      1.1043
      1.2234
      1.2072
      1.0494
      0.8020
      0.5498
      0.3771
      0.3497
      0.5165
      0.9043
      1.4865
      2.1449
      2.6779
      2.8840
      0.3473
      0.4010
      0.5622
      0.8215
      1.1393
      1.4369
      1.6157
      1.6027
      1.3935
      1.0589
      0.7089
      0.4435
      0.3259
      0.3856
      0.6277
      1.0205
      1.4738
      1.8429
      1.9858
      0.3278
      0.3998
      0.6137
      0.9526
      1.3639
      1.7495
      1.9876
      1.9862
      1.7367
      1.3238
      0.8820
      0.5304
      0.3365
      0.3191
      0.4675
      0.7445
      1.0740
      1.3448
      1.4500
      0.3352
      0.4179
      0.6631
      1.0516
      1.5253
      1.9743
      2.2597
      2.2731
      1.9994
      1.5316
      1.0220
      0.6071
      0.3611
      0.2991
      0.4019
      0.6272
      0.9034
      1.1322
      1.2213
      0.3407
      0.4269
      0.6824
      1.0880
      1.5839
      2.0564
      2.3602
      2.3805
      2.0990
      1.6113
      1.0765
      0.6379
      0.3733
      0.2969
      0.3870
      0.5992
      0.8625
      1.0813
      1.1667
