      0.0000
      0.0000
      0.0000
      0.0000
      0.0000
      0.0000
      0.0000
      0.0000
      0.0000
      0.0000
      0.0000
      0.0000
      0.0000
      0.0000
      0.0000
      0.0000
      0.0000
      0.0000
      0.0000
      0.0000
      0.0000
      0.0000
      0.0000
      0.0000
      0.0000
      0.0000
      0.0000
      0.0000
      0.0000
      0.0000
      0.0000
      0.0000
      0.0000
      0.0000
      0.0000
      0.0000
      0.0000
      0.0000
      0.0000
      0.0000
      0.0000
      0.0000
      0.0000
      0.0000
      0.0000
      0.0000
      0.0000
      0.0000
      0.0000
      0.0000
      0.0000
      0.0000
      0.0000
      0.0000
      0.0000
      0.0000
      0.0000
      0.0000
      0.0000
      0.0000
      0.0000
      0.0000
      0.0000
      0.0000
      0.0000
      0.0000
      0.0000
      0.0000
      0.0000
      0.0000
      0.0000
      0.0000
      0.0000
      0.0000
      0.0000
      0.0000
      0.0000
      0.0000
      0.0000
      0.0000
      0.0000
      0.0000
      0.0000
      0.0000
      0.0000
      0.0000
      0.0000
      0.0000
      0.0001
      0.0002
      0.0000
      0.0000
      0.0000
      0.0000
      0.0000
      0.0004
      0.0002
      0.0000
      0.0000
      0.0000
      0.0000
      0.0000
      0.0000
      0.0000
      0.0000
      0.0000
      0.0003
      0.0014
      0.0021
      0.0007
      0.0001
      0.0000
      0.0000
      0.0000
      0.0532
      0.0266
      0.0033
      0.0001
      0.0000
      0.0000
      0.0000
      0.0000
      0.0000
      0.0000
      0.0000
      0.0005
      0.0036
      0.0063
      0.0028
      0.0003
      0.0000
      0.0000
      0.0000
      1.7237
      0.8619
      0.1074
      0.0033
      0.0000
      0.0000
      0.0000
      0.0000
      0.0000
      0.0000
      0.0000
      0.0003
      0.0022
      0.0048
      0.0026
      0.0004
      0.0001
      0.0006
      0.0011
     13.8265
      6.9132
      0.8619
      0.0266
      0.0002
      0.0000
      0.0000
      0.0000
      0.0000
      0.0000
      0.0000
      0.0000
      0.0003
      0.0010
      0.0009
      0.0007
      0.0093
      0.0740
      0.1481
     27.6529
     13.8265
      1.7237
      0.0532
      0.0004
      0.0000
      0.0000
      0.0000
      0.0000
      0.0000
      0.0000
      0.0000
      0.0001
      0.0023
      0.0113
      0.0232
      0.3039
      2.4010
      4.8009
     13.8265
      6.9132
      0.8619
      0.0266
      0.0002
      0.0000
      0.0001
      0.0003
      0.0002
      0.0000
      0.0000
      0.0000
      0.0008
      0.0188
      0.1098
      0.2326
      2.4585
     19.2601
     38.5090
      1.7237
      0.8619
      0.1074
      0.0033
      0.0001
      0.0015
      0.0114
      0.0216
      0.0103
      0.0012
      0.0000
      0.0000
      0.0014
      0.0392
      0.2667
      0.5970
      4.9909
     38.5290
     77.0183
      0.0532
      0.0266
      0.0033
      0.0001
      0.0013
      0.0335
      0.2244
      0.3765
      0.1580
      0.0165
      0.0004
      0.0000
      0.0006
      0.0204
      0.1620
      0.3919
      2.5570
     19.2735
     38.5097
      0.0004
      0.0002
      0.0000
      0.0007
      0.0123
      0.1934
      1.1036
      1.6313
      0.6044
      0.0558
      0.0013
      0.0000
      0.0001
      0.0027
      0.0245
      0.0654
      0.3315
      2.4050
      4.8012
      0.0000
      0.0000
      0.0005
      0.0121
      0.0859
      0.3704
      1.3911
      1.7692
      0.5780
      0.0471
      0.0009
      0.0000
      0.0000
      0.0001
      0.0009
      0.0027
      0.0109
      0.0744
      0.1482
      0.0000
      0.0000
      0.0026
      0.0554
      0.2986
      0.4800
      0.5564
      0.5205
      0.1558
      0.0123
      0.0003
      0.0000
      0.0000
      0.0000
      0.0000
      0.0001
      0.0014
      0.0113
      0.0225
      0.0000
      0.0000
      0.0035
      0.0641
      0.2945
      0.3979
      0.6187
      1.0985
      0.5785
      0.0770
      0.0025
      0.0000
      0.0000
      0.0000
      0.0000
      0.0013
      0.0433
      0.3470
      0.6941
      0.0000
      0.0000
      0.0012
      0.0187
      0.0859
      0.5289
      3.9677
      8.5020
      4.5737
      0.6137
      0.0204
      0.0002
      0.0000
      0.0000
      0.0001
      0.0107
      0.3470
      2.7837
      5.5674
      0.0000
      0.0000
      0.0002
      0.0029
      0.0352
      0.9225
      7.9010
     17.0010
      9.1472
      1.2275
      0.0408
      0.0003
      0.0000
      0.0000
      0.0002
      0.0214
      0.6941
      5.5674
     11.1349
