      0.1465
      0.1546
      0.1698
      0.1731
      0.1544
      0.1231
      0.1033
      0.1199
      0.1866
      0.2928
      0.3962
      0.4408
      0.3976
      0.2894
      0.1697
      0.0802
      0.0308
      0.0103
      0.0053
      0.1461
      0.1532
      0.1657
      0.1660
      0.1457
      0.1145
      0.0950
      0.1105
      0.1741
      0.2779
      0.3840
      0.4383
      0.4077
      0.3078
      0.1884
      0.0934
      0.0378
      0.0133
      0.0070
      0.1501
      0.1535
      0.1570
      0.1483
      0.1235
      0.0931
      0.0757
      0.0897
      0.1478
      0.2493
      0.3679
      0.4535
      0.4602
      0.3822
      0.2591
      0.1430
      0.0645
      0.0251
      0.0140
      0.1878
      0.1823
      0.1650
      0.1360
      0.1010
      0.0709
      0.0579
      0.0736
      0.1307
      0.2394
      0.3890
      0.5326
      0.6017
      0.5555
      0.4168
      0.2534
      0.1252
      0.0534
      0.0315
      0.3449
      0.3177
      0.2491
      0.1686
      0.1027
      0.0640
      0.0539
      0.0738
      0.1358
      0.2625
      0.4616
      0.6885
      0.8449
      0.8424
      0.6790
      0.4417
      0.2336
      0.1076
      0.0676
      0.7715
      0.6954
      0.5103
      0.3083
      0.1609
      0.0867
      0.0688
      0.0893
      0.1546
      0.2975
      0.5446
      0.8578
      1.1128
      1.1708
      0.9949
      0.6839
      0.3856
      0.1942
      0.1312
      1.5985
      1.4333
      1.0344
      0.6053
      0.2983
      0.1450
      0.0989
      0.1096
      0.1668
      0.3063
      0.5698
      0.9337
      1.2674
      1.3988
      1.2521
      0.9151
      0.5606
      0.3191
      0.2370
      2.7504
      2.4637
      1.7720
      1.0295
      0.4984
      0.2291
      0.1369
      0.1271
      0.1637
      0.2741
      0.5077
      0.8618
      1.2281
      1.4343
      1.3730
      1.0932
      0.7544
      0.5050
      0.4165
      3.8231
      3.4241
      2.4622
      1.4304
      0.6933
      0.3186
      0.1854
      0.1562
      0.1667
      0.2308
      0.3998
      0.6955
      1.0531
      1.3302
      1.4006
      1.2549
      1.0043
      0.7917
      0.7112
      4.2680
      3.8236
      2.7538
      1.6114
      0.8051
      0.4084
      0.2777
      0.2467
      0.2308
      0.2369
      0.3236
      0.5412
      0.8739
      1.2192
      1.4402
      1.4640
      1.3372
      1.1844
      1.1191
      3.8231
      3.4287
      2.4842
      1.4918
      0.8229
      0.5370
      0.4811
      0.4741
      0.4237
      0.3479
      0.3323
      0.4620
      0.7614
      1.1591
      1.5101
      1.6870
      1.6763
      1.5815
      1.5315
      2.7504
      2.4759
      1.8301
      1.1884
      0.8272
      0.7715
      0.8566
      0.8880
      0.7768
      0.5771
      0.4248
      0.4439
      0.6827
      1.0844
      1.5008
      1.7733
      1.8461
      1.7991
      1.7632
      1.5985
      1.4580
      1.1493
      0.9125
      0.9177
      1.1411
      1.3900
      1.4489
      1.2412
      0.8773
      0.5578
      0.4408
      0.5781
      0.9142
      1.3096
      1.6072
      1.7314
      1.7313
      1.7137
      0.7715
      0.7363
      0.6974
      0.7971
      1.1222
      1.5960
      1.9845
      2.0455
      1.7199
      1.1803
      0.6904
      0.4306
      0.4424
      0.6645
      0.9800
      1.2627
      1.4366
      1.5065
      1.5210
      0.3449
      0.3750
      0.5084
      0.8359
      1.3944
      2.0641
      2.5662
      2.6255
      2.1910
      1.4872
      0.8348
      0.4371
      0.3255
      0.4346
      0.6776
      0.9741
      1.2542
      1.4564
      1.5306
      0.1878
      0.2524
      0.4820
      0.9519
      1.6841
      2.5350
      3.1782
      3.2803
      2.7653
      1.8944
      1.0574
      0.5056
      0.2785
      0.3114
      0.5468
      0.9500
      1.4480
      1.8810
      2.0554
      0.1501
      0.2312
      0.5122
      1.0780
      1.9654
      3.0263
      3.8777
      4.0889
      3.5188
      2.4564
      1.3878
      0.6485
      0.3075
      0.3039
      0.6032
      1.2068
      2.0234
      2.7693
      3.0761
      0.1461
      0.2342
      0.5420
      1.1732
      2.1919
      3.4547
      4.5231
      4.8622
      4.2551
      3.0134
      1.7217
      0.8051
      0.3678
      0.3518
      0.7367
      1.5464
      2.6671
      3.7027
      4.1307
      0.1465
      0.2365
      0.5529
      1.2091
      2.2823
      3.6322
      4.7964
      5.1931
      4.5718
      3.2537
      1.8662
      0.8743
      0.3975
      0.3790
      0.8030
      1.7011
      2.9490
      4.1046
      4.5827
