      0.2459
      0.2654
      0.3032
      0.3175
      0.2840
      0.2163
      0.1498
      0.1127
      0.1131
      0.1413
      0.1756
      0.1904
      0.1717
      0.1264
      0.0756
      0.0369
      0.0152
      0.0061
      0.0039
      0.2464
      0.2630
      0.2942
      0.3019
      0.2656
      0.1996
      0.1371
      0.1036
      0.1066
      0.1378
      0.1774
      0.2000
      0.1882
      0.1455
      0.0919
      0.0475
      0.0206
      0.0083
      0.0051
      0.2568
      0.2648
      0.2756
      0.2637
      0.2194
      0.1583
      0.1068
      0.0836
      0.0945
      0.1359
      0.1936
      0.2415
      0.2523
      0.2171
      0.1527
      0.0876
      0.0412
      0.0172
      0.0102
      0.3357
      0.3250
      0.2922
      0.2387
      0.1742
      0.1154
      0.0773
      0.0679
      0.0915
      0.1519
      0.2436
      0.3388
      0.3918
      0.3704
      0.2843
      0.1766
      0.0893
      0.0394
      0.0241
      0.6567
      0.6022
      0.4661
      0.3081
      0.1794
      0.1002
      0.0665
      0.0683
      0.1052
      0.1895
      0.3274
      0.4897
      0.6063
      0.6106
      0.4973
      0.3276
      0.1766
      0.0845
      0.0551
      1.5238
      1.3711
      1.0001
      0.5952
      0.2972
      0.1391
      0.0834
      0.0849
      0.1280
      0.2293
      0.4083
      0.6388
      0.8293
      0.8759
      0.7494
      0.5221
      0.3033
      0.1628
      0.1167
      3.1993
      2.8670
      2.0641
      1.1976
      0.5706
      0.2441
      0.1253
      0.1076
      0.1426
      0.2418
      0.4342
      0.7031
      0.9519
      1.0529
      0.9506
      0.7110
      0.4602
      0.2912
      0.2342
      5.5283
      4.9505
      3.5554
      2.0522
      0.9651
      0.3955
      0.1783
      0.1247
      0.1387
      0.2148
      0.3834
      0.6415
      0.9096
      1.0642
      1.0336
      0.8583
      0.6498
      0.5015
      0.4504
      7.6947
      6.8897
      4.9463
      2.8523
      1.3367
      0.5385
      0.2264
      0.1362
      0.1255
      0.1673
      0.2867
      0.4942
      0.7431
      0.9409
      1.0169
      0.9782
      0.8929
      0.8255
      0.8021
      8.5926
      7.6943
      5.5261
      3.1916
      1.5043
      0.6174
      0.2700
      0.1633
      0.1326
      0.1382
      0.2009
      0.3440
      0.5554
      0.7839
      0.9730
      1.1010
      1.1831
      1.2353
      1.2548
      7.6947
      6.8930
      4.9606
      2.8874
      1.4014
      0.6344
      0.3427
      0.2480
      0.1984
      0.1618
      0.1657
      0.2463
      0.4172
      0.6596
      0.9333
      1.1999
      1.4312
      1.5959
      1.6570
      5.5283
      4.9607
      3.5990
      2.1568
      1.1539
      0.6694
      0.5026
      0.4327
      0.3494
      0.2509
      0.1857
      0.2031
      0.3283
      0.5569
      0.8592
      1.1909
      1.5011
      1.7292
      1.8144
      3.1993
      2.8905
      2.1637
      1.4322
      0.9828
      0.8254
      0.7958
      0.7342
      0.5859
      0.3957
      0.2440
      0.1906
      0.2584
      0.4413
      0.7130
      1.0324
      1.3449
      1.5804
      1.6693
      1.5238
      1.4151
      1.1846
      1.0221
      1.0311
      1.1507
      1.2270
      1.1428
      0.8966
      0.5866
      0.3300
      0.1960
      0.1970
      0.3165
      0.5302
      0.8070
      1.0981
      1.3284
      1.4172
      0.6567
      0.6699
      0.7482
      0.9561
      1.2848
      1.6145
      1.7760
      1.6622
      1.3043
      0.8505
      0.4635
      0.2317
      0.1612
      0.2253
      0.4050
      0.6857
      1.0215
      1.3092
      1.4244
      0.3357
      0.4116
      0.6552
      1.0796
      1.6280
      2.1446
      2.4246
      2.3248
      1.8685
      1.2448
      0.6838
      0.3208
      0.1714
      0.2049
      0.4134
      0.8039
      1.3207
      1.7884
      1.9801
      0.2568
      0.3601
      0.6813
      1.2272
      1.9409
      2.6568
      3.1196
      3.1031
      2.5779
      1.7657
      0.9889
      0.4611
      0.2250
      0.2517
      0.5484
      1.1457
      1.9654
      2.7208
      3.0327
      0.2464
      0.3586
      0.7094
      1.3181
      2.1499
      3.0446
      3.6985
      3.7916
      3.2283
      2.2535
      1.2795
      0.6000
      0.2884
      0.3196
      0.7144
      1.5225
      2.6413
      3.6769
      4.1053
      0.2459
      0.3598
      0.7173
      1.3457
      2.2225
      3.1920
      3.9298
      4.0740
      3.4988
      2.4579
      1.4018
      0.6591
      0.3165
      0.3510
      0.7885
      1.6865
      2.9316
      4.0850
      4.5623
