      0.0011
      0.0026
      0.0064
      0.0087
      0.0064
      0.0027
      0.0008
      0.0006
      0.0010
      0.0031
      0.0073
      0.0098
      0.0071
      0.0028
      0.0006
      0.0001
      0.0000
      0.0000
      0.0000
      0.0015
      0.0033
      0.0074
      0.0092
      0.0062
      0.0024
      0.0007
      0.0004
      0.0007
      0.0025
      0.0064
      0.0093
      0.0074
      0.0032
      0.0008
      0.0001
      0.0000
      0.0000
      0.0000
      0.0020
      0.0039
      0.0074
      0.0079
      0.0046
      0.0015
      0.0003
      0.0002
      0.0003
      0.0014
      0.0043
      0.0075
      0.0075
      0.0043
      0.0014
      0.0003
      0.0000
      0.0000
      0.0000
      0.0018
      0.0028
      0.0044
      0.0041
      0.0021
      0.0006
      0.0001
      0.0000
      0.0001
      0.0008
      0.0038
      0.0106
      0.0170
      0.0153
      0.0077
      0.0021
      0.0003
      0.0000
      0.0000
      0.0082
      0.0065
      0.0036
      0.0016
      0.0006
      0.0001
      0.0000
      0.0000
      0.0002
      0.0015
      0.0101
      0.0369
      0.0727
      0.0775
      0.0448
      0.0139
      0.0023
      0.0002
      0.0000
      0.1254
      0.0922
      0.0367
      0.0080
      0.0010
      0.0001
      0.0001
      0.0001
      0.0003
      0.0031
      0.0228
      0.0918
      0.1997
      0.2344
      0.1486
      0.0508
      0.0094
      0.0011
      0.0003
      1.0992
      0.8079
      0.3204
      0.0683
      0.0078
      0.0005
      0.0002
      0.0003
      0.0005
      0.0036
      0.0283
      0.1254
      0.2989
      0.3845
      0.2673
      0.1008
      0.0224
      0.0072
      0.0070
      5.1561
      3.7895
      1.5026
      0.3203
      0.0365
      0.0023
      0.0004
      0.0004
      0.0005
      0.0022
      0.0191
      0.0927
      0.2424
      0.3427
      0.2640
      0.1180
      0.0593
      0.0859
      0.1119
     13.0030
      9.5566
      3.7895
      0.8079
      0.0921
      0.0057
      0.0005
      0.0005
      0.0004
      0.0008
      0.0070
      0.0377
      0.1107
      0.1816
      0.1789
      0.1629
      0.3266
      0.7286
      0.9778
     17.6922
     13.0030
      5.1561
      1.0992
      0.1254
      0.0083
      0.0023
      0.0029
      0.0023
      0.0011
      0.0018
      0.0111
      0.0474
      0.1297
      0.2493
      0.5092
      1.4715
      3.4054
      4.5806
     13.0030
      9.5566
      3.7895
      0.8081
      0.0941
      0.0152
      0.0251
      0.0350
      0.0266
      0.0109
      0.0030
      0.0083
      0.0571
      0.2298
      0.5703
      1.3005
      3.7422
      8.5957
     11.5492
      5.1561
      3.7895
      1.5028
      0.3226
      0.0532
      0.0748
      0.1759
      0.2326
      0.1668
      0.0647
      0.0140
      0.0101
      0.0700
      0.3100
      0.8224
      1.8788
      5.1888
     11.7328
     15.7250
      1.0992
      0.8080
      0.3221
      0.0823
      0.0882
      0.3033
      0.6723
      0.8324
      0.5630
      0.2061
      0.0409
      0.0098
      0.0490
      0.2314
      0.6495
      1.4847
      3.9150
      8.6705
     11.5771
      0.1254
      0.0932
      0.0471
      0.0683
      0.2473
      0.7325
      1.4235
      1.6233
      1.0302
      0.3560
      0.0664
      0.0086
      0.0187
      0.0934
      0.2778
      0.6393
      1.6095
      3.4759
      4.6177
      0.0082
      0.0103
      0.0404
      0.1773
      0.5249
      1.1336
      1.7893
      1.8264
      1.0859
      0.3580
      0.0641
      0.0065
      0.0040
      0.0204
      0.0656
      0.1628
      0.4228
      0.9137
      1.2124
      0.0018
      0.0108
      0.0785
      0.3217
      0.7920
      1.3648
      1.8625
      1.8579
      1.1590
      0.4144
      0.0821
      0.0089
      0.0009
      0.0032
      0.0220
      0.1421
      0.6218
      1.5468
      2.1000
      0.0020
      0.0131
      0.0899
      0.3501
      0.8811
      1.8324
      3.3130
      4.1306
      3.0074
      1.2084
      0.2632
      0.0308
      0.0021
      0.0042
      0.0665
      0.5803
      2.7189
      6.8552
      9.3270
      0.0015
      0.0092
      0.0608
      0.2535
      0.8920
      2.9475
      6.9362
      9.5214
      7.1864
      2.9386
      0.6469
      0.0762
      0.0051
      0.0102
      0.1664
      1.4603
      6.8500
     17.2748
     23.5045
      0.0011
      0.0062
      0.0406
      0.1942
      0.9199
      3.6874
      9.2207
     12.8538
      9.7426
      3.9899
      0.8789
      0.1035
      0.0069
      0.0139
      0.2264
      1.9869
      9.3202
     23.5043
     31.9805
