      0.1272
      0.1401
      0.1802
      0.2506
      0.3497
      0.4640
      0.5667
      0.6279
      0.6312
      0.5814
      0.4980
      0.4007
      0.3026
      0.2118
      0.1356
      0.0792
      0.0437
      0.0257
      0.0203
      0.1344
      0.1456
      0.1811
      0.2439
      0.3334
      0.4376
      0.5322
      0.5898
      0.5949
      0.5515
      0.4766
      0.3879
      0.2968
      0.2110
      0.1374
      0.0819
      0.0461
      0.0276
      0.0220
      0.1657
      0.1717
      0.1923
      0.2328
      0.2955
      0.3731
      0.4472
      0.4959
      0.5057
      0.4778
      0.4239
      0.3565
      0.2836
      0.2109
      0.1447
      0.0918
      0.0559
      0.0363
      0.0302
      0.2522
      0.2479
      0.2407
      0.2429
      0.2648
      0.3064
      0.3554
      0.3938
      0.4083
      0.3967
      0.3655
      0.3224
      0.2720
      0.2171
      0.1627
      0.1160
      0.0824
      0.0634
      0.0575
      0.4452
      0.4231
      0.3691
      0.3116
      0.2773
      0.2763
      0.2993
      0.3266
      0.3417
      0.3389
      0.3226
      0.2989
      0.2703
      0.2370
      0.2016
      0.1704
      0.1490
      0.1383
      0.1353
      0.7952
      0.7449
      0.6182
      0.4717
      0.3591
      0.3042
      0.2967
      0.3089
      0.3166
      0.3115
      0.2994
      0.2886
      0.2821
      0.2787
      0.2787
      0.2859
      0.3015
      0.3186
      0.3261
      1.3053
      1.2165
      0.9913
      0.7253
      0.5092
      0.3841
      0.3362
      0.3251
      0.3169
      0.3011
      0.2867
      0.2870
      0.3087
      0.3525
      0.4193
      0.5085
      0.6083
      0.6906
      0.7229
      1.8858
      1.7546
      1.4206
      1.0224
      0.6910
      0.4857
      0.3894
      0.3489
      0.3206
      0.2920
      0.2756
      0.2909
      0.3526
      0.4697
      0.6481
      0.8815
      1.1336
      1.3351
      1.4129
      2.3600
      2.1947
      1.7735
      1.2687
      0.8433
      0.5713
      0.4333
      0.3672
      0.3222
      0.2841
      0.2688
      0.3038
      0.4164
      0.6314
      0.9656
      1.4052
      1.8778
      2.2531
      2.3973
      2.5442
      2.3667
      1.9141
      1.3717
      0.9139
      0.6194
      0.4673
      0.3914
      0.3383
      0.2938
      0.2784
      0.3300
      0.4932
      0.8131
      1.3205
      1.9936
      2.7179
      3.2918
      3.5121
      2.3600
      2.1981
      1.7868
      1.2978
      0.8915
      0.6377
      0.5121
      0.4481
      0.3939
      0.3393
      0.3129
      0.3660
      0.5607
      0.9613
      1.6105
      2.4790
      3.4152
      4.1568
      4.4412
      1.8858
      1.7627
      1.4529
      1.0941
      0.8120
      0.6548
      0.5906
      0.5538
      0.4980
      0.4222
      0.3670
      0.3977
      0.5897
      1.0181
      1.7307
      2.6925
      3.7317
      4.5551
      4.8707
      1.3053
      1.2306
      1.0486
      0.8541
      0.7293
      0.6934
      0.7034
      0.6947
      0.6294
      0.5197
      0.4208
      0.4088
      0.5643
      0.9619
      1.6464
      2.5807
      3.5936
      4.3970
      4.7050
      0.7952
      0.7652
      0.7007
      0.6578
      0.6772
      0.7499
      0.8212
      0.8285
      0.7446
      0.5966
      0.4522
      0.3930
      0.4964
      0.8293
      1.4298
      2.2619
      3.1698
      3.8916
      4.1686
      0.4452
      0.4476
      0.4683
      0.5343
      0.6545
      0.7982
      0.9030
      0.9107
      0.8057
      0.6276
      0.4515
      0.3586
      0.4202
      0.6957
      1.2198
      1.9608
      2.7775
      3.4301
      3.6812
      0.2522
      0.2734
      0.3430
      0.4691
      0.6406
      0.8142
      0.9259
      0.9244
      0.8045
      0.6130
      0.4265
      0.3226
      0.3692
      0.6257
      1.1313
      1.8600
      2.6725
      3.3262
      3.5785
      0.1657
      0.1953
      0.2859
      0.4350
      0.6212
      0.7967
      0.9004
      0.8891
      0.7644
      0.5751
      0.3949
      0.2984
      0.3548
      0.6323
      1.1812
      1.9806
      2.8793
      3.6062
      3.8875
      0.1344
      0.1667
      0.2631
      0.4161
      0.6003
      0.7676
      0.8615
      0.8445
      0.7216
      0.5406
      0.3717
      0.2879
      0.3629
      0.6751
      1.2873
      2.1813
      3.1902
      4.0084
      4.3253
      0.1272
      0.1600
      0.2570
      0.4095
      0.5910
      0.7540
      0.8438
      0.8252
      0.7041
      0.5273
      0.3636
      0.2857
      0.3693
      0.6980
      1.3392
      2.2762
      3.3345
      4.1934
      4.5261
