      0.0241
      0.0319
      0.0481
      0.0567
      0.0496
      0.0345
      0.0241
      0.0231
      0.0329
      0.0558
      0.0843
      0.0971
      0.0807
      0.0478
      0.0200
      0.0059
      0.0012
      0.0002
      0.0001
      0.0257
      0.0331
      0.0476
      0.0541
      0.0457
      0.0308
      0.0208
      0.0196
      0.0282
      0.0490
      0.0762
      0.0907
      0.0784
      0.0487
      0.0215
      0.0068
      0.0015
      0.0003
      0.0001
      0.0288
      0.0342
      0.0437
      0.0452
      0.0351
      0.0218
      0.0136
      0.0124
      0.0186
      0.0347
      0.0588
      0.0776
      0.0757
      0.0540
      0.0280
      0.0105
      0.0029
      0.0006
      0.0002
      0.0456
      0.0452
      0.0424
      0.0343
      0.0226
      0.0125
      0.0077
      0.0078
      0.0125
      0.0250
      0.0487
      0.0769
      0.0914
      0.0796
      0.0503
      0.0229
      0.0075
      0.0018
      0.0006
      0.1775
      0.1528
      0.0984
      0.0490
      0.0203
      0.0091
      0.0077
      0.0104
      0.0154
      0.0277
      0.0584
      0.1080
      0.1503
      0.1512
      0.1086
      0.0556
      0.0205
      0.0059
      0.0026
      0.8002
      0.6743
      0.4036
      0.1722
      0.0544
      0.0181
      0.0158
      0.0214
      0.0264
      0.0388
      0.0799
      0.1590
      0.2407
      0.2618
      0.2028
      0.1127
      0.0471
      0.0185
      0.0120
      2.6947
      2.2667
      1.3484
      0.5674
      0.1724
      0.0484
      0.0311
      0.0360
      0.0379
      0.0459
      0.0890
      0.1854
      0.2984
      0.3461
      0.2889
      0.1801
      0.0979
      0.0656
      0.0602
      6.4207
      5.4001
      3.2109
      1.3490
      0.4055
      0.1024
      0.0470
      0.0445
      0.0407
      0.0408
      0.0734
      0.1600
      0.2767
      0.3504
      0.3328
      0.2654
      0.2298
      0.2461
      0.2634
     10.7992
      9.0826
      5.4003
      2.2679
      0.6782
      0.1612
      0.0571
      0.0444
      0.0359
      0.0296
      0.0471
      0.1098
      0.2154
      0.3242
      0.3970
      0.4620
      0.5929
      0.7762
      0.8686
     12.8403
     10.7993
      6.4212
      2.6972
      0.8081
      0.1952
      0.0736
      0.0596
      0.0478
      0.0324
      0.0343
      0.0795
      0.1914
      0.3695
      0.5923
      0.8846
      1.3213
      1.8224
      2.0596
     10.7992
      9.0829
      5.4022
      2.2758
      0.7030
      0.2181
      0.1518
      0.1575
      0.1313
      0.0812
      0.0504
      0.0809
      0.2166
      0.4871
      0.8851
      1.4345
      2.2148
      3.0740
      3.4747
      6.4207
      5.4013
      3.2191
      1.3821
      0.5036
      0.3165
      0.3867
      0.4322
      0.3543
      0.2090
      0.1004
      0.0934
      0.2307
      0.5485
      1.0456
      1.7351
      2.6813
      3.6979
      4.1680
      2.6947
      2.2708
      1.3737
      0.6611
      0.4281
      0.5705
      0.8170
      0.8945
      0.7076
      0.4007
      0.1704
      0.0973
      0.1896
      0.4588
      0.9016
      1.5173
      2.3361
      3.1942
      3.5874
      0.8002
      0.6846
      0.4624
      0.3687
      0.5382
      0.9249
      1.2949
      1.3517
      1.0256
      0.5589
      0.2217
      0.0880
      0.1157
      0.2779
      0.5695
      0.9963
      1.5707
      2.1667
      2.4376
      0.1775
      0.1721
      0.2020
      0.3647
      0.7215
      1.2067
      1.5800
      1.5644
      1.1426
      0.6048
      0.2309
      0.0729
      0.0565
      0.1348
      0.3276
      0.7095
      1.3339
      2.0258
      2.3439
      0.0456
      0.0719
      0.1803
      0.4304
      0.8424
      1.3273
      1.6630
      1.6134
      1.1761
      0.6288
      0.2430
      0.0706
      0.0339
      0.0976
      0.3722
      1.1406
      2.6077
      4.3159
      5.1103
      0.0288
      0.0616
      0.1844
      0.4455
      0.8655
      1.3854
      1.8084
      1.8529
      1.4312
      0.8097
      0.3299
      0.0981
      0.0430
      0.1569
      0.7284
      2.4436
      5.8017
      9.7430
     11.5796
      0.0257
      0.0557
      0.1668
      0.4100
      0.8446
      1.4789
      2.1154
      2.3346
      1.9060
      1.1239
      0.4727
      0.1440
      0.0651
      0.2526
      1.2011
      4.0678
      9.6952
     16.3054
     19.3865
      0.0241
      0.0516
      0.1540
      0.3864
      0.8327
      1.5368
      2.2927
      2.6016
      2.1613
      1.2890
      0.5464
      0.1674
      0.0765
      0.2992
      1.4257
      4.8325
     11.5214
     19.3792
     23.0419
