      0.0021
      0.0051
      0.0126
      0.0171
      0.0126
      0.0050
      0.0011
      0.0003
      0.0011
      0.0050
      0.0123
      0.0165
      0.0120
      0.0047
      0.0010
      0.0001
      0.0000
      0.0000
      0.0000
      0.0030
      0.0066
      0.0145
      0.0180
      0.0121
      0.0045
      0.0009
      0.0003
      0.0009
      0.0041
      0.0108
      0.0158
      0.0125
      0.0054
      0.0013
      0.0002
      0.0000
      0.0000
      0.0000
      0.0040
      0.0076
      0.0144
      0.0154
      0.0090
      0.0029
      0.0005
      0.0001
      0.0004
      0.0023
      0.0073
      0.0130
      0.0132
      0.0078
      0.0026
      0.0005
      0.0001
      0.0000
      0.0000
      0.0030
      0.0051
      0.0085
      0.0079
      0.0040
      0.0011
      0.0002
      0.0000
      0.0002
      0.0015
      0.0072
      0.0206
      0.0336
      0.0307
      0.0156
      0.0043
      0.0006
      0.0001
      0.0000
      0.0013
      0.0019
      0.0027
      0.0022
      0.0010
      0.0002
      0.0000
      0.0000
      0.0003
      0.0031
      0.0206
      0.0752
      0.1484
      0.1584
      0.0915
      0.0285
      0.0048
      0.0004
      0.0000
      0.0006
      0.0006
      0.0006
      0.0004
      0.0001
      0.0000
      0.0000
      0.0000
      0.0005
      0.0062
      0.0465
      0.1878
      0.4083
      0.4793
      0.3040
      0.1040
      0.0191
      0.0019
      0.0003
      0.0028
      0.0021
      0.0009
      0.0002
      0.0000
      0.0000
      0.0001
      0.0001
      0.0005
      0.0070
      0.0579
      0.2565
      0.6113
      0.7863
      0.5465
      0.2053
      0.0422
      0.0059
      0.0023
      0.0131
      0.0096
      0.0038
      0.0008
      0.0001
      0.0000
      0.0001
      0.0001
      0.0003
      0.0043
      0.0390
      0.1896
      0.4956
      0.7001
      0.5371
      0.2277
      0.0627
      0.0293
      0.0300
      0.0331
      0.0243
      0.0096
      0.0021
      0.0003
      0.0001
      0.0002
      0.0003
      0.0003
      0.0015
      0.0143
      0.0768
      0.2245
      0.3642
      0.3412
      0.2117
      0.1518
      0.2052
      0.2540
      0.0450
      0.0331
      0.0131
      0.0028
      0.0006
      0.0012
      0.0032
      0.0048
      0.0038
      0.0019
      0.0036
      0.0216
      0.0887
      0.2314
      0.3895
      0.4633
      0.5816
      0.9351
      1.1788
      0.0331
      0.0243
      0.0097
      0.0025
      0.0037
      0.0162
      0.0420
      0.0590
      0.0448
      0.0184
      0.0052
      0.0143
      0.0973
      0.3832
      0.8494
      1.1748
      1.5077
      2.3643
      2.9643
      0.0131
      0.0097
      0.0042
      0.0048
      0.0286
      0.1230
      0.2972
      0.3927
      0.2816
      0.1091
      0.0237
      0.0171
      0.1180
      0.5139
      1.2303
      1.7777
      2.2087
      3.2742
      4.0472
      0.0028
      0.0024
      0.0042
      0.0255
      0.1399
      0.5169
      1.1391
      1.4069
      0.9507
      0.3480
      0.0691
      0.0166
      0.0825
      0.3836
      0.9797
      1.4801
      1.7916
      2.4832
      3.0052
      0.0006
      0.0025
      0.0204
      0.1133
      0.4428
      1.2716
      2.4284
      2.7511
      1.7421
      0.6017
      0.1122
      0.0145
      0.0315
      0.1549
      0.4224
      0.6708
      0.8004
      1.0338
      1.2175
      0.0013
      0.0093
      0.0743
      0.3397
      0.9796
      2.0336
      3.1159
      3.1407
      1.8622
      0.6147
      0.1105
      0.0113
      0.0068
      0.0337
      0.0985
      0.1682
      0.2133
      0.2802
      0.3292
      0.0030
      0.0208
      0.1533
      0.6258
      1.5227
      2.5738
      3.4637
      3.4591
      2.1791
      0.7886
      0.1581
      0.0173
      0.0017
      0.0042
      0.0161
      0.0559
      0.1867
      0.4346
      0.5836
      0.0040
      0.0256
      0.1760
      0.6858
      1.7322
      3.6370
      6.6442
      8.3380
      6.0945
      2.4552
      0.5357
      0.0627
      0.0040
      0.0015
      0.0191
      0.1624
      0.7564
      1.9050
      2.5913
      0.0030
      0.0181
      0.1193
      0.5011
      1.7906
      5.9878
     14.1515
     19.4505
     14.6870
      6.0070
      1.3225
      0.1557
      0.0098
      0.0031
      0.0463
      0.4057
      1.9031
      4.7993
      6.5300
      0.0021
      0.0122
      0.0799
      0.3872
      1.8636
      7.5230
     18.8453
     26.2809
     19.9218
      8.1589
      1.7974
      0.2117
      0.0133
      0.0042
      0.0629
      0.5520
      2.5893
      6.5299
      8.8847
