      0.0313
      0.0417
      0.0633
      0.0747
      0.0649
      0.0439
      0.0285
      0.0250
      0.0341
      0.0571
      0.0859
      0.0987
      0.0820
      0.0484
      0.0202
      0.0059
      0.0012
      0.0002
      0.0001
      0.0335
      0.0433
      0.0626
      0.0712
      0.0598
      0.0392
      0.0246
      0.0213
      0.0292
      0.0500
      0.0772
      0.0913
      0.0785
      0.0482
      0.0211
      0.0065
      0.0014
      0.0002
      0.0001
      0.0378
      0.0450
      0.0575
      0.0594
      0.0459
      0.0277
      0.0161
      0.0133
      0.0188
      0.0342
      0.0567
      0.0730
      0.0691
      0.0474
      0.0234
      0.0084
      0.0021
      0.0004
      0.0001
      0.0609
      0.0602
      0.0561
      0.0452
      0.0294
      0.0158
      0.0087
      0.0077
      0.0113
      0.0212
      0.0387
      0.0572
      0.0636
      0.0520
      0.0309
      0.0134
      0.0042
      0.0010
      0.0004
      0.2407
      0.2070
      0.1329
      0.0657
      0.0266
      0.0107
      0.0072
      0.0087
      0.0117
      0.0184
      0.0343
      0.0590
      0.0786
      0.0766
      0.0538
      0.0271
      0.0101
      0.0032
      0.0017
      1.0879
      0.9166
      0.5484
      0.2336
      0.0726
      0.0209
      0.0137
      0.0171
      0.0196
      0.0238
      0.0407
      0.0759
      0.1127
      0.1219
      0.0946
      0.0538
      0.0247
      0.0127
      0.0102
      3.6649
      3.0828
      1.8337
      0.7708
      0.2315
      0.0582
      0.0278
      0.0290
      0.0288
      0.0286
      0.0443
      0.0861
      0.1377
      0.1616
      0.1393
      0.0954
      0.0657
      0.0589
      0.0601
      8.7328
      7.3447
      4.3670
      1.8334
      0.5469
      0.1279
      0.0444
      0.0364
      0.0316
      0.0266
      0.0374
      0.0765
      0.1346
      0.1794
      0.1890
      0.1838
      0.2041
      0.2507
      0.2766
     14.6883
     12.3535
      7.3447
      3.0829
      0.9169
      0.2068
      0.0579
      0.0380
      0.0295
      0.0213
      0.0267
      0.0603
      0.1276
      0.2151
      0.3059
      0.4197
      0.6018
      0.8190
      0.9229
     17.4644
     14.6883
      8.7331
      3.6664
      1.0928
      0.2517
      0.0784
      0.0569
      0.0450
      0.0293
      0.0264
      0.0595
      0.1552
      0.3261
      0.5653
      0.8989
      1.3888
      1.9355
      2.1909
     14.6883
     12.3538
      7.3468
      3.0916
      0.9440
      0.2686
      0.1602
      0.1598
      0.1327
      0.0818
      0.0490
      0.0762
      0.2092
      0.4839
      0.9021
      1.4949
      2.3395
      3.2626
      3.6911
      8.7328
      7.3462
      4.3762
      1.8699
      0.6525
      0.3552
      0.4022
      0.4433
      0.3621
      0.2132
      0.1019
      0.0941
      0.2334
      0.5597
      1.0785
      1.8118
      2.8267
      3.9157
      4.4183
      3.6649
      3.0877
      1.8633
      0.8763
      0.5099
      0.6129
      0.8503
      0.9205
      0.7240
      0.4087
      0.1735
      0.0990
      0.1934
      0.4700
      0.9297
      1.5789
      2.4511
      3.3666
      3.7858
      1.0879
      0.9294
      0.6194
      0.4616
      0.6111
      0.9950
      1.3531
      1.3880
      1.0420
      0.5641
      0.2229
      0.0886
      0.1179
      0.2838
      0.5827
      1.0211
      1.6112
      2.2230
      2.5009
      0.2407
      0.2314
      0.2608
      0.4409
      0.8204
      1.2995
      1.6272
      1.5584
      1.1113
      0.5779
      0.2177
      0.0688
      0.0559
      0.1339
      0.3174
      0.6664
      1.2234
      1.8351
      2.1157
      0.0609
      0.0941
      0.2274
      0.5158
      0.9414
      1.3636
      1.5706
      1.4172
      0.9749
      0.4975
      0.1850
      0.0528
      0.0287
      0.0858
      0.3159
      0.9473
      2.1443
      3.5351
      4.1814
      0.0378
      0.0793
      0.2281
      0.5129
      0.8884
      1.2273
      1.3821
      1.2557
      0.8894
      0.4736
      0.1846
      0.0539
      0.0297
      0.1270
      0.5896
      1.9727
      4.6786
      7.8536
      9.3329
      0.0335
      0.0707
      0.1987
      0.4341
      0.7461
      1.0626
      1.2791
      1.2608
      0.9646
      0.5484
      0.2258
      0.0690
      0.0426
      0.2020
      0.9669
      3.2744
      7.8033
     13.1232
     15.6028
      0.0313
      0.0648
      0.1786
      0.3868
      0.6732
      0.9964
      1.2635
      1.3056
      1.0341
      0.6022
      0.2522
      0.0782
      0.0496
      0.2391
      1.1472
      3.8890
      9.2717
     15.5952
     18.5426
