      0.1769
      0.1920
      0.2226
      0.2390
      0.2248
      0.1900
      0.1586
      0.1493
      0.1681
      0.2082
      0.2484
      0.2603
      0.2283
      0.1638
      0.0953
      0.0450
      0.0176
      0.0065
      0.0039
      0.1787
      0.1917
      0.2171
      0.2280
      0.2105
      0.1752
      0.1447
      0.1362
      0.1551
      0.1956
      0.2384
      0.2561
      0.2312
      0.1716
      0.1039
      0.0512
      0.0210
      0.0079
      0.0046
      0.1922
      0.1983
      0.2074
      0.2017
      0.1750
      0.1391
      0.1122
      0.1068
      0.1269
      0.1694
      0.2207
      0.2554
      0.2506
      0.2038
      0.1361
      0.0744
      0.0335
      0.0135
      0.0079
      0.2670
      0.2577
      0.2304
      0.1887
      0.1419
      0.1030
      0.0818
      0.0824
      0.1060
      0.1540
      0.2203
      0.2828
      0.3089
      0.2799
      0.2077
      0.1257
      0.0626
      0.0277
      0.0173
      0.5495
      0.5031
      0.3879
      0.2563
      0.1525
      0.0933
      0.0731
      0.0798
      0.1078
      0.1627
      0.2487
      0.3474
      0.4143
      0.4083
      0.3283
      0.2156
      0.1181
      0.0597
      0.0414
      1.2970
      1.1668
      0.8509
      0.5082
      0.2595
      0.1333
      0.0949
      0.1001
      0.1278
      0.1850
      0.2870
      0.4215
      0.5339
      0.5596
      0.4805
      0.3416
      0.2105
      0.1280
      0.1014
      2.7323
      2.4487
      1.7641
      1.0276
      0.4995
      0.2317
      0.1413
      0.1299
      0.1473
      0.1960
      0.2997
      0.4554
      0.6068
      0.6748
      0.6240
      0.4938
      0.3600
      0.2738
      0.2460
      4.7237
      4.2304
      3.0404
      1.7611
      0.8419
      0.3687
      0.1956
      0.1530
      0.1514
      0.1815
      0.2698
      0.4236
      0.5987
      0.7192
      0.7393
      0.6825
      0.6122
      0.5704
      0.5589
      6.5748
      5.8877
      4.2299
      2.4472
      1.1638
      0.4970
      0.2435
      0.1694
      0.1480
      0.1554
      0.2169
      0.3513
      0.5374
      0.7205
      0.8559
      0.9458
      1.0204
      1.0867
      1.1155
      7.3420
      6.5753
      4.7263
      2.7399
      1.3131
      0.5748
      0.2950
      0.2093
      0.1724
      0.1540
      0.1815
      0.2880
      0.4800
      0.7314
      1.0068
      1.2882
      1.5627
      1.7830
      1.8701
      6.5748
      5.8910
      4.2449
      2.4859
      1.2392
      0.6156
      0.3956
      0.3270
      0.2730
      0.2139
      0.1925
      0.2610
      0.4493
      0.7551
      1.1521
      1.6066
      2.0670
      2.4327
      2.5753
      4.7237
      4.2402
      3.0839
      1.8711
      1.0526
      0.6931
      0.6026
      0.5659
      0.4766
      0.3468
      0.2502
      0.2602
      0.4198
      0.7357
      1.1856
      1.7265
      2.2832
      2.7246
      2.8960
      2.7323
      2.4701
      1.8578
      1.2596
      0.9315
      0.8783
      0.9305
      0.9117
      0.7566
      0.5248
      0.3295
      0.2612
      0.3605
      0.6294
      1.0451
      1.5637
      2.1057
      2.5368
      2.7041
      1.2970
      1.2046
      1.0141
      0.9021
      0.9720
      1.1677
      1.3226
      1.2885
      1.0442
      0.6991
      0.4027
      0.2526
      0.2768
      0.4657
      0.7992
      1.2447
      1.7310
      2.1271
      2.2824
      0.5495
      0.5582
      0.6225
      0.8119
      1.1348
      1.4873
      1.6952
      1.6277
      1.2971
      0.8521
      0.4685
      0.2473
      0.2052
      0.3274
      0.6093
      1.0440
      1.5673
      2.0186
      2.1998
      0.2670
      0.3247
      0.5146
      0.8575
      1.3168
      1.7633
      2.0137
      1.9355
      1.5486
      1.0223
      0.5574
      0.2699
      0.1792
      0.2810
      0.6045
      1.1836
      1.9457
      2.6349
      2.9174
      0.1922
      0.2685
      0.5071
      0.9144
      1.4456
      1.9697
      2.2922
      2.2522
      1.8449
      1.2458
      0.6904
      0.3292
      0.2022
      0.3284
      0.7849
      1.6543
      2.8389
      3.9294
      4.3796
      0.1787
      0.2593
      0.5096
      0.9379
      1.5096
      2.1039
      2.5134
      2.5365
      2.1299
      1.4696
      0.8285
      0.3983
      0.2442
      0.4098
      1.0153
      2.1856
      3.7943
      5.2820
      5.8973
      0.1769
      0.2576
      0.5087
      0.9411
      1.5273
      2.1523
      2.6026
      2.6567
      2.2530
      1.5672
      0.8892
      0.4294
      0.2645
      0.4484
      1.1191
      2.4184
      4.2071
      5.8626
      6.5476
