      0.0570
      0.0749
      0.1115
      0.1298
      0.1092
      0.0662
      0.0303
      0.0123
      0.0065
      0.0059
      0.0073
      0.0085
      0.0078
      0.0053
      0.0027
      0.0010
      0.0003
      0.0001
      0.0000
      0.0602
      0.0769
      0.1098
      0.1234
      0.1006
      0.0594
      0.0265
      0.0107
      0.0060
      0.0066
      0.0103
      0.0145
      0.0158
      0.0126
      0.0074
      0.0031
      0.0009
      0.0002
      0.0001
      0.0635
      0.0761
      0.0984
      0.1014
      0.0767
      0.0423
      0.0178
      0.0073
      0.0060
      0.0120
      0.0266
      0.0467
      0.0598
      0.0548
      0.0357
      0.0165
      0.0054
      0.0013
      0.0004
      0.0733
      0.0771
      0.0803
      0.0702
      0.0470
      0.0237
      0.0099
      0.0059
      0.0101
      0.0292
      0.0755
      0.1457
      0.2016
      0.1981
      0.1379
      0.0678
      0.0235
      0.0059
      0.0020
      0.1937
      0.1705
      0.1178
      0.0657
      0.0307
      0.0130
      0.0076
      0.0093
      0.0205
      0.0613
      0.1673
      0.3423
      0.5011
      0.5203
      0.3825
      0.1988
      0.0731
      0.0195
      0.0071
      0.8071
      0.6815
      0.4107
      0.1778
      0.0572
      0.0178
      0.0128
      0.0182
      0.0344
      0.0952
      0.2671
      0.5749
      0.8871
      0.9708
      0.7524
      0.4132
      0.1617
      0.0476
      0.0199
      2.6979
      2.2697
      1.3508
      0.5686
      0.1718
      0.0451
      0.0246
      0.0290
      0.0435
      0.1062
      0.3031
      0.6849
      1.1131
      1.2837
      1.0509
      0.6143
      0.2632
      0.0941
      0.0515
      6.4243
      5.4032
      3.2128
      1.3492
      0.4036
      0.0970
      0.0377
      0.0344
      0.0408
      0.0848
      0.2437
      0.5781
      0.9904
      1.2071
      1.0526
      0.6730
      0.3443
      0.1817
      0.1409
     10.8049
      9.0874
      5.4030
      2.2681
      0.6752
      0.1535
      0.0444
      0.0302
      0.0286
      0.0487
      0.1389
      0.3461
      0.6275
      0.8169
      0.7817
      0.5948
      0.4352
      0.3772
      0.3714
     12.8471
     10.8049
      6.4241
      2.6964
      0.8010
      0.1770
      0.0421
      0.0215
      0.0163
      0.0211
      0.0567
      0.1483
      0.2887
      0.4160
      0.4773
      0.5118
      0.5990
      0.7281
      0.7927
     10.8049
      9.0876
      5.4040
      2.2705
      0.6785
      0.1548
      0.0406
      0.0213
      0.0142
      0.0107
      0.0185
      0.0479
      0.1044
      0.1836
      0.2949
      0.4851
      0.7867
      1.1093
      1.2537
      6.4243
      5.4046
      3.2196
      1.3675
      0.4361
      0.1370
      0.0707
      0.0500
      0.0317
      0.0165
      0.0097
      0.0150
      0.0374
      0.0896
      0.2052
      0.4438
      0.8312
      1.2449
      1.4299
      2.6979
      2.2755
      1.3800
      0.6466
      0.3125
      0.2259
      0.1942
      0.1449
      0.0865
      0.0408
      0.0156
      0.0085
      0.0171
      0.0502
      0.1380
      0.3342
      0.6654
      1.0270
      1.1905
      0.8071
      0.6992
      0.4981
      0.4065
      0.4624
      0.5365
      0.5118
      0.3888
      0.2365
      0.1141
      0.0426
      0.0136
      0.0102
      0.0281
      0.0858
      0.2266
      0.4770
      0.7587
      0.8878
      0.1937
      0.2082
      0.3024
      0.5467
      0.8880
      1.1485
      1.1879
      1.0015
      0.6823
      0.3624
      0.1444
      0.0426
      0.0134
      0.0244
      0.0940
      0.2940
      0.6773
      1.1234
      1.3306
      0.0733
      0.1339
      0.3611
      0.8188
      1.4569
      2.0951
      2.4989
      2.4379
      1.8618
      1.0651
      0.4428
      0.1321
      0.0348
      0.0524
      0.2301
      0.7719
      1.8338
      3.0802
      3.6609
      0.0635
      0.1387
      0.4179
      1.0122
      2.0036
      3.3471
      4.6319
      5.0393
      4.1067
      2.4318
      1.0288
      0.3093
      0.0804
      0.1190
      0.5307
      1.7950
      4.2785
      7.1958
      8.5556
      0.0602
      0.1323
      0.4098
      1.0727
      2.4100
      4.5919
      6.9920
      8.0352
      6.7312
      4.0382
      1.7188
      0.5182
      0.1347
      0.1992
      0.8901
      3.0129
      7.1832
     12.0825
     14.3662
      0.0570
      0.1249
      0.3928
      1.0754
      2.5665
      5.1437
      8.0765
      9.4271
      7.9547
      4.7879
      2.0408
      0.6156
      0.1600
      0.2368
      1.0581
      3.5817
      8.5397
     14.3643
     17.0793
