      0.2540
      0.2726
      0.3096
      0.3267
      0.3025
      0.2507
      0.2027
      0.1828
      0.1979
      0.2402
      0.2859
      0.3020
      0.2684
      0.1960
      0.1164
      0.0561
      0.0221
      0.0078
      0.0042
      0.2514
      0.2677
      0.2989
      0.3099
      0.2824
      0.2305
      0.1844
      0.1662
      0.1834
      0.2300
      0.2841
      0.3122
      0.2899
      0.2222
      0.1392
      0.0711
      0.0298
      0.0110
      0.0060
      0.2459
      0.2554
      0.2705
      0.2654
      0.2301
      0.1797
      0.1393
      0.1271
      0.1515
      0.2127
      0.2951
      0.3627
      0.3757
      0.3213
      0.2247
      0.1280
      0.0596
      0.0241
      0.0138
      0.2638
      0.2612
      0.2480
      0.2164
      0.1693
      0.1214
      0.0898
      0.0870
      0.1249
      0.2143
      0.3498
      0.4902
      0.5680
      0.5367
      0.4112
      0.2549
      0.1286
      0.0566
      0.0345
      0.3939
      0.3674
      0.2986
      0.2128
      0.1353
      0.0808
      0.0546
      0.0613
      0.1158
      0.2431
      0.4517
      0.6950
      0.8688
      0.8773
      0.7147
      0.4708
      0.2545
      0.1232
      0.0815
      0.7942
      0.7180
      0.5315
      0.3241
      0.1658
      0.0758
      0.0412
      0.0505
      0.1166
      0.2757
      0.5523
      0.9005
      1.1846
      1.2557
      1.0754
      0.7509
      0.4409
      0.2439
      0.1798
      1.6009
      1.4359
      1.0361
      0.6021
      0.2836
      0.1124
      0.0477
      0.0482
      0.1123
      0.2777
      0.5815
      0.9898
      1.3596
      1.5096
      1.3661
      1.0298
      0.6842
      0.4571
      0.3821
      2.7393
      2.4531
      1.7616
      1.0145
      0.4707
      0.1814
      0.0695
      0.0516
      0.0991
      0.2384
      0.5112
      0.9046
      1.3021
      1.5306
      1.4962
      1.2678
      1.0079
      0.8362
      0.7807
      3.8039
      3.4059
      2.4447
      1.4082
      0.6570
      0.2606
      0.1074
      0.0718
      0.0950
      0.1859
      0.3844
      0.7018
      1.0716
      1.3679
      1.5024
      1.5018
      1.4658
      1.4564
      1.4604
      4.2460
      3.8026
      2.7332
      1.5845
      0.7600
      0.3357
      0.1795
      0.1397
      0.1372
      0.1699
      0.2784
      0.4982
      0.8163
      1.1687
      1.4925
      1.7794
      2.0495
      2.2736
      2.3651
      3.8039
      3.4102
      2.4645
      1.4606
      0.7621
      0.4307
      0.3304
      0.3040
      0.2697
      0.2319
      0.2456
      0.3702
      0.6336
      1.0211
      1.4972
      2.0321
      2.5789
      3.0206
      3.1946
      2.7393
      2.4655
      1.8172
      1.1565
      0.7458
      0.6111
      0.6157
      0.6080
      0.5200
      0.3847
      0.2894
      0.3174
      0.5162
      0.8933
      1.4281
      2.0800
      2.7645
      3.3157
      3.5314
      1.6009
      1.4632
      1.1557
      0.8976
      0.8342
      0.9392
      1.0625
      1.0555
      0.8769
      0.6083
      0.3825
      0.3027
      0.4145
      0.7206
      1.1993
      1.8062
      2.4503
      2.9681
      3.1700
      0.7942
      0.7675
      0.7446
      0.8373
      1.0933
      1.4257
      1.6524
      1.6191
      1.3158
      0.8831
      0.5068
      0.3065
      0.3122
      0.5036
      0.8468
      1.2970
      1.7783
      2.1645
      2.3147
      0.3939
      0.4422
      0.6183
      0.9742
      1.4937
      2.0348
      2.3677
      2.3113
      1.8713
      1.2478
      0.6907
      0.3481
      0.2361
      0.3045
      0.4988
      0.7739
      1.0738
      1.3155
      1.4096
      0.2638
      0.3571
      0.6597
      1.2045
      1.9521
      2.7239
      3.2272
      3.2083
      2.6463
      1.7936
      0.9949
      0.4633
      0.2183
      0.1782
      0.2603
      0.4119
      0.5896
      0.7372
      0.7953
      0.2459
      0.3629
      0.7395
      1.4196
      2.3794
      3.4283
      4.1947
      4.2990
      3.6432
      2.5259
      1.4224
      0.6521
      0.2592
      0.1306
      0.1482
      0.2437
      0.3742
      0.4897
      0.5364
      0.2514
      0.3784
      0.7918
      1.5592
      2.6899
      3.9967
      5.0338
      5.2884
      4.5721
      3.2199
      1.8338
      0.8422
      0.3200
      0.1285
      0.1169
      0.1996
      0.3280
      0.4470
      0.4960
      0.2540
      0.3834
      0.8076
      1.6061
      2.8050
      4.2207
      5.3758
      5.6990
      4.9613
      3.5122
      2.0078
      0.9237
      0.3484
      0.1332
      0.1135
      0.1964
      0.3296
      0.4545
      0.5061
