      0.0239
      0.0303
      0.0436
      0.0510
      0.0468
      0.0384
      0.0348
      0.0345
      0.0332
      0.0329
      0.0362
      0.0378
      0.0313
      0.0192
      0.0085
      0.0027
      0.0006
      0.0001
      0.0000
      0.0248
      0.0308
      0.0428
      0.0485
      0.0430
      0.0340
      0.0298
      0.0292
      0.0286
      0.0301
      0.0365
      0.0423
      0.0394
      0.0275
      0.0141
      0.0053
      0.0015
      0.0003
      0.0001
      0.0264
      0.0309
      0.0388
      0.0401
      0.0325
      0.0234
      0.0188
      0.0181
      0.0197
      0.0280
      0.0480
      0.0738
      0.0873
      0.0757
      0.0474
      0.0213
      0.0068
      0.0016
      0.0005
      0.0401
      0.0397
      0.0369
      0.0300
      0.0204
      0.0126
      0.0091
      0.0095
      0.0158
      0.0397
      0.0973
      0.1833
      0.2497
      0.2427
      0.1676
      0.0820
      0.0284
      0.0071
      0.0024
      0.1554
      0.1337
      0.0859
      0.0426
      0.0175
      0.0072
      0.0049
      0.0072
      0.0206
      0.0708
      0.1998
      0.4106
      0.6007
      0.6227
      0.4571
      0.2374
      0.0875
      0.0241
      0.0095
      0.7018
      0.5913
      0.3537
      0.1506
      0.0464
      0.0122
      0.0063
      0.0100
      0.0290
      0.1049
      0.3143
      0.6842
      1.0573
      1.1568
      0.8964
      0.4934
      0.1972
      0.0655
      0.0347
      2.3643
      1.9887
      1.1829
      0.4969
      0.1482
      0.0344
      0.0123
      0.0140
      0.0325
      0.1137
      0.3551
      0.8141
      1.3258
      1.5293
      1.2538
      0.7433
      0.3481
      0.1763
      0.1398
      5.6339
      4.7384
      2.8172
      1.1823
      0.3509
      0.0779
      0.0208
      0.0158
      0.0273
      0.0881
      0.2851
      0.6880
      1.1819
      1.4437
      1.2734
      0.8709
      0.5907
      0.5365
      0.5547
      9.4761
      7.9697
      4.7383
      1.9881
      0.5891
      0.1279
      0.0286
      0.0154
      0.0187
      0.0498
      0.1633
      0.4154
      0.7590
      1.0030
      1.0193
      0.9759
      1.1636
      1.5595
      1.7739
     11.2671
      9.4761
      5.6339
      2.3642
      0.7013
      0.1540
      0.0369
      0.0211
      0.0187
      0.0262
      0.0706
      0.1869
      0.3753
      0.5816
      0.8145
      1.3039
      2.3129
      3.5631
      4.1593
      9.4761
      7.9699
      4.7391
      1.9916
      0.5992
      0.1499
      0.0640
      0.0564
      0.0468
      0.0327
      0.0343
      0.0762
      0.1803
      0.3793
      0.8074
      1.8179
      3.7099
      5.9262
      6.9618
      5.6339
      4.7391
      2.8216
      1.1979
      0.3928
      0.1628
      0.1497
      0.1578
      0.1279
      0.0761
      0.0395
      0.0438
      0.1132
      0.3098
      0.8239
      2.0703
      4.3677
      7.0300
      8.2688
      2.3643
      1.9915
      1.1983
      0.5474
      0.2700
      0.2606
      0.3323
      0.3493
      0.2720
      0.1537
      0.0658
      0.0380
      0.0795
      0.2373
      0.6745
      1.7368
      3.6815
      5.9261
      6.9691
      0.7018
      0.5990
      0.3948
      0.2753
      0.3230
      0.4871
      0.6391
      0.6488
      0.4903
      0.2702
      0.1087
      0.0406
      0.0484
      0.1399
      0.4074
      1.0566
      2.2383
      3.5977
      4.2285
      0.1554
      0.1496
      0.1691
      0.2883
      0.5498
      0.9120
      1.2179
      1.2572
      0.9706
      0.5471
      0.2223
      0.0680
      0.0308
      0.0649
      0.1965
      0.5278
      1.1348
      1.8332
      2.1571
      0.0401
      0.0641
      0.1676
      0.4327
      0.9554
      1.7433
      2.5284
      2.7908
      2.2688
      1.3313
      0.5573
      0.1663
      0.0418
      0.0400
      0.1386
      0.4267
      0.9789
      1.6223
      1.9215
      0.0264
      0.0601
      0.2059
      0.6149
      1.5509
      3.1732
      4.9902
      5.7970
      4.8640
      2.9132
      1.2368
      0.3709
      0.0847
      0.0576
      0.2191
      0.7305
      1.7332
      2.9099
      3.4582
      0.0248
      0.0606
      0.2295
      0.7736
      2.1796
      4.8083
      7.8936
      9.3818
      7.9692
      4.8065
      2.0494
      0.6161
      0.1397
      0.0913
      0.3521
      1.1862
      2.8268
      4.7540
      5.6523
      0.0239
      0.0595
      0.2360
      0.8393
      2.4642
      5.5685
      9.2547
     11.0661
      9.4282
      5.6956
      2.4308
      0.7311
      0.1658
      0.1081
      0.4170
      1.4064
      3.3528
      5.6394
      6.7052
