      0.0293
      0.0386
      0.0576
      0.0672
      0.0568
      0.0350
      0.0176
      0.0125
      0.0212
      0.0439
      0.0713
      0.0839
      0.0703
      0.0418
      0.0176
      0.0052
      0.0011
      0.0002
      0.0001
      0.0313
      0.0399
      0.0570
      0.0641
      0.0525
      0.0314
      0.0154
      0.0107
      0.0184
      0.0390
      0.0654
      0.0799
      0.0703
      0.0443
      0.0201
      0.0065
      0.0015
      0.0003
      0.0001
      0.0362
      0.0423
      0.0529
      0.0537
      0.0404
      0.0225
      0.0103
      0.0070
      0.0128
      0.0295
      0.0549
      0.0765
      0.0784
      0.0589
      0.0323
      0.0129
      0.0037
      0.0008
      0.0002
      0.0700
      0.0670
      0.0581
      0.0437
      0.0269
      0.0132
      0.0060
      0.0049
      0.0100
      0.0260
      0.0581
      0.0996
      0.1256
      0.1148
      0.0756
      0.0357
      0.0120
      0.0029
      0.0010
      0.3206
      0.2738
      0.1716
      0.0809
      0.0301
      0.0103
      0.0057
      0.0071
      0.0136
      0.0348
      0.0876
      0.1727
      0.2471
      0.2526
      0.1836
      0.0946
      0.0346
      0.0092
      0.0034
      1.4828
      1.2486
      0.7454
      0.3158
      0.0962
      0.0245
      0.0119
      0.0144
      0.0222
      0.0495
      0.1284
      0.2712
      0.4161
      0.4541
      0.3516
      0.1933
      0.0761
      0.0229
      0.0101
      5.0064
      4.2110
      2.5043
      1.0518
      0.3135
      0.0728
      0.0256
      0.0239
      0.0295
      0.0555
      0.1439
      0.3197
      0.5190
      0.6000
      0.4939
      0.2920
      0.1287
      0.0497
      0.0298
     11.9320
     10.0353
      5.9665
      2.5038
      0.7432
      0.1651
      0.0440
      0.0299
      0.0298
      0.0460
      0.1168
      0.2729
      0.4709
      0.5833
      0.5226
      0.3500
      0.1944
      0.1154
      0.0954
     20.0696
     16.8793
     10.0353
      4.2107
      1.2478
      0.2713
      0.0611
      0.0318
      0.0260
      0.0304
      0.0707
      0.1751
      0.3314
      0.4622
      0.4868
      0.4145
      0.3291
      0.2871
      0.2790
     23.8629
     20.0696
     11.9322
      5.0074
      1.4861
      0.3280
      0.0818
      0.0486
      0.0382
      0.0293
      0.0414
      0.1024
      0.2286
      0.3947
      0.5316
      0.5926
      0.6069
      0.6241
      0.6370
     20.0696
     16.8796
     10.0371
      4.2183
      1.2712
      0.3245
      0.1491
      0.1360
      0.1121
      0.0702
      0.0466
      0.0796
      0.2044
      0.4279
      0.6821
      0.8676
      0.9686
      1.0355
      1.0664
     11.9320
     10.0366
      5.9745
      2.5354
      0.8341
      0.3598
      0.3496
      0.3763
      0.3063
      0.1803
      0.0870
      0.0823
      0.1999
      0.4531
      0.7733
      1.0297
      1.1731
      1.2545
      1.2883
      5.0064
      4.2153
      2.5304
      1.1439
      0.5546
      0.5504
      0.7311
      0.7860
      0.6169
      0.3478
      0.1475
      0.0840
      0.1610
      0.3733
      0.6617
      0.9058
      1.0437
      1.1128
      1.1385
      1.4828
      1.2600
      0.8087
      0.5183
      0.5722
      0.8826
      1.1902
      1.2203
      0.9175
      0.4979
      0.1971
      0.0773
      0.0981
      0.2247
      0.4167
      0.6039
      0.7421
      0.8352
      0.8724
      0.3206
      0.2959
      0.2881
      0.4248
      0.7662
      1.2260
      1.5654
      1.5324
      1.1177
      0.5948
      0.2291
      0.0716
      0.0491
      0.1061
      0.2318
      0.4390
      0.7372
      1.0514
      1.1940
      0.0700
      0.0985
      0.2196
      0.5030
      0.9705
      1.5263
      1.9309
      1.9092
      1.4260
      0.7831
      0.3109
      0.0909
      0.0332
      0.0686
      0.2410
      0.7119
      1.6005
      2.6313
      3.1102
      0.0362
      0.0756
      0.2253
      0.5545
      1.1176
      1.8767
      2.5693
      2.7393
      2.1823
      1.2648
      0.5252
      0.1563
      0.0472
      0.1021
      0.4566
      1.5247
      3.6141
      6.0654
      7.2076
      0.0313
      0.0685
      0.2114
      0.5489
      1.2157
      2.2768
      3.4139
      3.8765
      3.2181
      1.9173
      0.8118
      0.2447
      0.0732
      0.1625
      0.7500
      2.5376
      6.0470
     10.1693
     12.0907
      0.0293
      0.0640
      0.1994
      0.5367
      1.2548
      2.4713
      3.8345
      4.4421
      3.7299
      2.2374
      0.9515
      0.2876
      0.0862
      0.1923
      0.8900
      3.0145
      7.1867
     12.0881
     14.3727
