      0.0432
      0.0569
      0.0850
      0.0998
      0.0860
      0.0572
      0.0355
      0.0293
      0.0384
      0.0634
      0.0953
      0.1097
      0.0915
      0.0544
      0.0229
      0.0068
      0.0014
      0.0002
      0.0001
      0.0457
      0.0586
      0.0840
      0.0950
      0.0793
      0.0511
      0.0308
      0.0249
      0.0331
      0.0562
      0.0875
      0.1049
      0.0920
      0.0581
      0.0264
      0.0086
      0.0020
      0.0004
      0.0001
      0.0488
      0.0586
      0.0758
      0.0786
      0.0606
      0.0361
      0.0200
      0.0156
      0.0220
      0.0420
      0.0741
      0.1023
      0.1053
      0.0796
      0.0440
      0.0177
      0.0052
      0.0011
      0.0003
      0.0585
      0.0612
      0.0633
      0.0552
      0.0374
      0.0200
      0.0103
      0.0084
      0.0147
      0.0359
      0.0800
      0.1380
      0.1751
      0.1610
      0.1065
      0.0504
      0.0170
      0.0042
      0.0014
      0.1616
      0.1419
      0.0974
      0.0539
      0.0250
      0.0107
      0.0061
      0.0072
      0.0158
      0.0463
      0.1224
      0.2443
      0.3511
      0.3596
      0.2616
      0.1351
      0.0497
      0.0137
      0.0055
      0.6791
      0.5733
      0.3454
      0.1493
      0.0476
      0.0138
      0.0085
      0.0116
      0.0225
      0.0639
      0.1799
      0.3860
      0.5939
      0.6487
      0.5027
      0.2774
      0.1117
      0.0379
      0.0204
      2.2708
      1.9103
      1.1369
      0.4783
      0.1437
      0.0356
      0.0162
      0.0180
      0.0276
      0.0697
      0.2011
      0.4554
      0.7413
      0.8578
      0.7080
      0.4257
      0.2047
      0.1064
      0.0847
      5.4070
      4.5476
      2.7040
      1.1352
      0.3383
      0.0784
      0.0262
      0.0220
      0.0263
      0.0559
      0.1626
      0.3883
      0.6719
      0.8335
      0.7558
      0.5394
      0.3776
      0.3355
      0.3398
      9.0938
      7.6483
      4.5473
      1.9087
      0.5677
      0.1283
      0.0365
      0.0252
      0.0237
      0.0361
      0.0978
      0.2478
      0.4695
      0.6587
      0.7235
      0.7228
      0.8062
      0.9870
      1.0873
     10.8125
      9.0938
      5.4070
      2.2708
      0.6795
      0.1631
      0.0614
      0.0515
      0.0438
      0.0361
      0.0561
      0.1418
      0.3170
      0.5585
      0.8226
      1.1524
      1.6627
      2.2628
      2.5488
      9.0938
      7.6487
      4.5498
      1.9192
      0.6004
      0.2026
      0.1594
      0.1706
      0.1435
      0.0906
      0.0613
      0.1064
      0.2761
      0.6012
      1.0760
      1.7455
      2.7126
      3.7782
      4.2738
      5.4070
      4.5494
      2.7151
      1.1784
      0.4616
      0.3410
      0.4375
      0.4882
      0.3986
      0.2348
      0.1136
      0.1081
      0.2669
      0.6343
      1.2204
      2.0624
      3.2433
      4.5143
      5.1006
      2.2708
      1.9166
      1.1733
      0.6051
      0.4704
      0.6752
      0.9546
      1.0289
      0.8063
      0.4544
      0.1928
      0.1100
      0.2144
      0.5214
      1.0372
      1.7791
      2.7901
      3.8555
      4.3431
      0.6791
      0.5898
      0.4354
      0.4324
      0.7010
      1.1729
      1.5823
      1.6122
      1.2076
      0.6544
      0.2590
      0.1016
      0.1304
      0.3120
      0.6401
      1.1207
      1.7662
      2.4339
      2.7369
      0.1616
      0.1741
      0.2651
      0.5426
      1.0539
      1.6818
      2.1225
      2.0607
      1.4971
      0.7959
      0.3068
      0.0956
      0.0646
      0.1403
      0.3133
      0.6123
      1.0585
      1.5356
      1.7529
      0.0585
      0.1071
      0.2977
      0.7157
      1.3778
      2.1424
      2.6848
      2.6413
      1.9705
      1.0834
      0.4311
      0.1259
      0.0420
      0.0697
      0.2181
      0.6030
      1.3123
      2.1285
      2.5069
      0.0488
      0.1072
      0.3269
      0.8032
      1.6055
      2.6741
      3.6428
      3.8764
      3.0884
      1.7916
      0.7447
      0.2210
      0.0576
      0.0806
      0.3386
      1.1175
      2.6369
      4.4177
      5.2471
      0.0457
      0.1004
      0.3089
      0.7969
      1.7516
      3.2619
      4.8766
      5.5314
      4.5913
      2.7360
      1.1587
      0.3478
      0.0888
      0.1228
      0.5421
      1.8306
      4.3603
      7.3315
      8.7164
      0.0432
      0.0940
      0.2914
      0.7788
      1.8079
      3.5435
      5.4850
      6.3484
      5.3294
      3.1970
      1.3595
      0.4093
      0.1046
      0.1448
      0.6419
      2.1718
      5.1771
      8.7077
     10.3533
