      0.2302
      0.2337
      0.2433
      0.2568
      0.2726
      0.2886
      0.3000
      0.2999
      0.2838
      0.2537
      0.2162
      0.1775
      0.1404
      0.1061
      0.0760
      0.0526
      0.0375
      0.0298
      0.0276
      0.2421
      0.2437
      0.2481
      0.2550
      0.2650
      0.2773
      0.2879
      0.2902
      0.2795
      0.2568
      0.2272
      0.1951
      0.1619
      0.1276
      0.0942
      0.0657
      0.0454
      0.0341
      0.0306
      0.3016
      0.2959
      0.2815
      0.2652
      0.2550
      0.2550
      0.2629
      0.2717
      0.2752
      0.2718
      0.2630
      0.2491
      0.2267
      0.1931
      0.1507
      0.1074
      0.0721
      0.0501
      0.0427
      0.4832
      0.4604
      0.4024
      0.3335
      0.2791
      0.2527
      0.2528
      0.2684
      0.2887
      0.3083
      0.3259
      0.3368
      0.3312
      0.3009
      0.2470
      0.1825
      0.1246
      0.0860
      0.0727
      0.9045
      0.8476
      0.7023
      0.5287
      0.3865
      0.3061
      0.2843
      0.2990
      0.3292
      0.3653
      0.4049
      0.4409
      0.4569
      0.4359
      0.3753
      0.2917
      0.2111
      0.1555
      0.1359
      1.6771
      1.5615
      1.2664
      0.9123
      0.6166
      0.4371
      0.3659
      0.3612
      0.3853
      0.4227
      0.4724
      0.5281
      0.5682
      0.5668
      0.5147
      0.4287
      0.3406
      0.2782
      0.2561
      2.8045
      2.6058
      2.0974
      1.4848
      0.9652
      0.6346
      0.4790
      0.4305
      0.4290
      0.4507
      0.4964
      0.5628
      0.6271
      0.6577
      0.6394
      0.5849
      0.5235
      0.4797
      0.4644
      4.0862
      3.7938
      3.0448
      2.1380
      1.3595
      0.8478
      0.5842
      0.4742
      0.4343
      0.4300
      0.4616
      0.5296
      0.6151
      0.6887
      0.7334
      0.7548
      0.7685
      0.7809
      0.7866
      5.1314
      4.7628
      3.8174
      2.6684
      1.6727
      1.0037
      0.6413
      0.4725
      0.3959
      0.3665
      0.3811
      0.4438
      0.5449
      0.6663
      0.7963
      0.9328
      1.0676
      1.1735
      1.2145
      5.5373
      5.1392
      4.1171
      2.8714
      1.7851
      1.0452
      0.6331
      0.4317
      0.3338
      0.2881
      0.2879
      0.3407
      0.4495
      0.6137
      0.8329
      1.0991
      1.3761
      1.5940
      1.6776
      5.1314
      4.7637
      3.8192
      2.6670
      1.6593
      0.9685
      0.5784
      0.3824
      0.2820
      0.2285
      0.2151
      0.2536
      0.3599
      0.5512
      0.8401
      1.2152
      1.6159
      1.9331
      2.0548
      4.0862
      3.7974
      3.0565
      2.1543
      1.3676
      0.8294
      0.5236
      0.3640
      0.2723
      0.2117
      0.1814
      0.1994
      0.2917
      0.4883
      0.8114
      1.2486
      1.7238
      2.1023
      2.2478
      2.8045
      2.6150
      2.1311
      1.5480
      1.0480
      0.7126
      0.5216
      0.4098
      0.3245
      0.2478
      0.1911
      0.1806
      0.2495
      0.4341
      0.7612
      1.2179
      1.7212
      2.1244
      2.2798
      1.6771
      1.5792
      1.3336
      1.0497
      0.8236
      0.6863
      0.6078
      0.5383
      0.4476
      0.3397
      0.2433
      0.1962
      0.2385
      0.4101
      0.7399
      1.2138
      1.7429
      2.1691
      2.3337
      0.9045
      0.8751
      0.8093
      0.7557
      0.7468
      0.7728
      0.7891
      0.7502
      0.6414
      0.4874
      0.3378
      0.2476
      0.2678
      0.4461
      0.8156
      1.3599
      1.9738
      2.4710
      2.6634
      0.4832
      0.4974
      0.5485
      0.6498
      0.7956
      0.9463
      1.0398
      1.0243
      0.8909
      0.6814
      0.4693
      0.3323
      0.3402
      0.5561
      1.0235
      1.7217
      2.5143
      3.1582
      3.4077
      0.3016
      0.3406
      0.4595
      0.6560
      0.9052
      1.1480
      1.3045
      1.3100
      1.1535
      0.8897
      0.6152
      0.4336
      0.4386
      0.7146
      1.3203
      2.2295
      3.2645
      4.1064
      4.4329
      0.2421
      0.2932
      0.4466
      0.6948
      1.0051
      1.3078
      1.5090
      1.5313
      1.3593
      1.0552
      0.7333
      0.5185
      0.5253
      0.8574
      1.5872
      2.6843
      3.9342
      4.9514
      5.3459
      0.2302
      0.2849
      0.4489
      0.7137
      1.0446
      1.3684
      1.5862
      1.6154
      1.4380
      1.1189
      0.7791
      0.5519
      0.5600
      0.9150
      1.6949
      2.8676
      4.2037
      5.2913
      5.7131
