      0.0016
      0.0038
      0.0094
      0.0127
      0.0093
      0.0038
      0.0010
      0.0004
      0.0003
      0.0003
      0.0005
      0.0006
      0.0005
      0.0002
      0.0000
      0.0000
      0.0000
      0.0000
      0.0000
      0.0022
      0.0049
      0.0108
      0.0134
      0.0090
      0.0034
      0.0008
      0.0003
      0.0002
      0.0002
      0.0005
      0.0007
      0.0006
      0.0003
      0.0001
      0.0000
      0.0000
      0.0000
      0.0000
      0.0030
      0.0056
      0.0107
      0.0115
      0.0067
      0.0022
      0.0004
      0.0001
      0.0001
      0.0002
      0.0005
      0.0013
      0.0018
      0.0015
      0.0007
      0.0002
      0.0000
      0.0000
      0.0000
      0.0027
      0.0041
      0.0064
      0.0059
      0.0030
      0.0008
      0.0001
      0.0000
      0.0001
      0.0004
      0.0024
      0.0078
      0.0139
      0.0135
      0.0071
      0.0020
      0.0003
      0.0000
      0.0000
      0.0158
      0.0123
      0.0063
      0.0026
      0.0008
      0.0002
      0.0000
      0.0000
      0.0001
      0.0014
      0.0097
      0.0357
      0.0709
      0.0759
      0.0439
      0.0137
      0.0023
      0.0002
      0.0000
      0.2463
      0.1812
      0.0721
      0.0155
      0.0018
      0.0001
      0.0001
      0.0001
      0.0004
      0.0030
      0.0224
      0.0904
      0.1966
      0.2309
      0.1464
      0.0501
      0.0093
      0.0010
      0.0003
      2.1604
      1.5878
      0.6296
      0.1342
      0.0153
      0.0010
      0.0002
      0.0004
      0.0005
      0.0035
      0.0279
      0.1236
      0.2945
      0.3788
      0.2632
      0.0991
      0.0216
      0.0060
      0.0054
     10.1338
      7.4479
      2.9533
      0.6296
      0.0718
      0.0045
      0.0005
      0.0005
      0.0005
      0.0022
      0.0188
      0.0913
      0.2383
      0.3359
      0.2569
      0.1123
      0.0504
      0.0662
      0.0853
     25.5563
     18.7828
      7.4479
      1.5878
      0.1809
      0.0111
      0.0007
      0.0004
      0.0003
      0.0008
      0.0068
      0.0364
      0.1045
      0.1627
      0.1447
      0.1178
      0.2439
      0.5529
      0.7421
     34.7725
     25.5563
     10.1338
      2.1604
      0.2462
      0.0150
      0.0008
      0.0004
      0.0002
      0.0002
      0.0014
      0.0080
      0.0261
      0.0497
      0.0814
      0.2692
      1.0541
      2.5662
      3.4676
     25.5563
     18.7828
      7.4479
      1.5878
      0.1811
      0.0117
      0.0021
      0.0023
      0.0017
      0.0007
      0.0003
      0.0014
      0.0068
      0.0251
      0.1077
      0.6110
      2.6094
      6.4391
      8.7222
     10.1338
      7.4479
      2.9535
      0.6304
      0.0746
      0.0117
      0.0136
      0.0160
      0.0110
      0.0042
      0.0009
      0.0007
      0.0049
      0.0259
      0.1360
      0.8143
      3.5231
      8.7345
     11.8462
      2.1604
      1.5880
      0.6315
      0.1435
      0.0420
      0.0504
      0.0660
      0.0630
      0.0385
      0.0136
      0.0027
      0.0006
      0.0033
      0.0186
      0.1002
      0.5970
      2.5816
      6.4086
      8.6962
      0.2463
      0.1825
      0.0853
      0.0766
      0.1558
      0.2275
      0.2207
      0.1572
      0.0800
      0.0256
      0.0047
      0.0006
      0.0013
      0.0074
      0.0407
      0.2392
      1.0283
      2.5508
      3.4615
      0.0158
      0.0177
      0.0573
      0.2235
      0.5117
      0.6691
      0.5501
      0.3340
      0.1588
      0.0517
      0.0100
      0.0011
      0.0003
      0.0017
      0.0108
      0.0679
      0.2963
      0.7369
      1.0005
      0.0027
      0.0158
      0.1123
      0.4418
      0.9665
      1.2788
      1.2482
      1.0535
      0.6672
      0.2583
      0.0557
      0.0065
      0.0005
      0.0012
      0.0176
      0.1511
      0.7060
      1.7791
      2.4204
      0.0030
      0.0190
      0.1294
      0.4895
      1.1246
      1.9833
      3.1911
      3.8705
      2.8335
      1.1507
      0.2529
      0.0298
      0.0020
      0.0048
      0.0777
      0.6814
      3.1961
      8.0600
     10.9665
      0.0022
      0.0134
      0.0867
      0.3396
      1.0374
      3.0432
      6.8780
      9.3651
      7.0633
      2.8898
      0.6365
      0.0750
      0.0051
      0.0120
      0.1957
      1.7175
      8.0563
     20.3170
     27.6437
      0.0016
      0.0090
      0.0569
      0.2449
      0.9971
      3.7138
      9.1200
     12.6692
      9.5976
      3.9305
      0.8659
      0.1020
      0.0069
      0.0163
      0.2662
      2.3368
     10.9615
     27.6436
     37.6125
