      0.0009
      0.0022
      0.0055
      0.0074
      0.0055
      0.0022
      0.0006
      0.0004
      0.0010
      0.0037
      0.0091
      0.0122
      0.0089
      0.0035
      0.0007
      0.0001
      0.0000
      0.0000
      0.0000
      0.0013
      0.0029
      0.0063
      0.0078
      0.0053
      0.0020
      0.0005
      0.0003
      0.0007
      0.0031
      0.0080
      0.0117
      0.0093
      0.0041
      0.0010
      0.0001
      0.0000
      0.0000
      0.0000
      0.0017
      0.0033
      0.0063
      0.0067
      0.0039
      0.0013
      0.0003
      0.0001
      0.0004
      0.0017
      0.0055
      0.0098
      0.0102
      0.0061
      0.0021
      0.0004
      0.0001
      0.0000
      0.0000
      0.0014
      0.0023
      0.0037
      0.0035
      0.0018
      0.0005
      0.0001
      0.0000
      0.0002
      0.0012
      0.0059
      0.0171
      0.0282
      0.0260
      0.0132
      0.0037
      0.0006
      0.0000
      0.0000
      0.0034
      0.0029
      0.0020
      0.0012
      0.0005
      0.0001
      0.0000
      0.0000
      0.0002
      0.0026
      0.0176
      0.0643
      0.1269
      0.1355
      0.0783
      0.0244
      0.0041
      0.0004
      0.0000
      0.0468
      0.0345
      0.0138
      0.0031
      0.0004
      0.0000
      0.0001
      0.0001
      0.0005
      0.0054
      0.0398
      0.1608
      0.3496
      0.4105
      0.2603
      0.0890
      0.0164
      0.0017
      0.0003
      0.4102
      0.3015
      0.1195
      0.0255
      0.0029
      0.0002
      0.0002
      0.0003
      0.0007
      0.0061
      0.0496
      0.2197
      0.5235
      0.6733
      0.4679
      0.1758
      0.0366
      0.0066
      0.0041
      1.9239
      1.4140
      0.5607
      0.1195
      0.0136
      0.0009
      0.0004
      0.0005
      0.0006
      0.0038
      0.0334
      0.1623
      0.4243
      0.5990
      0.4590
      0.1954
      0.0622
      0.0503
      0.0609
      4.8518
      3.5659
      1.4140
      0.3014
      0.0344
      0.0022
      0.0005
      0.0005
      0.0004
      0.0014
      0.0122
      0.0656
      0.1913
      0.3081
      0.2858
      0.1885
      0.2102
      0.4002
      0.5284
      6.6015
      4.8518
      1.9239
      0.4102
      0.0469
      0.0038
      0.0026
      0.0036
      0.0029
      0.0015
      0.0030
      0.0178
      0.0716
      0.1815
      0.3057
      0.4378
      0.8856
      1.8630
      2.4739
      4.8518
      3.5659
      1.4140
      0.3017
      0.0368
      0.0141
      0.0312
      0.0437
      0.0332
      0.0137
      0.0039
      0.0108
      0.0728
      0.2864
      0.6554
      1.1102
      2.2782
      4.7161
      6.2422
      1.9239
      1.4140
      0.5609
      0.1222
      0.0340
      0.0908
      0.2193
      0.2906
      0.2086
      0.0809
      0.0176
      0.0127
      0.0875
      0.3829
      0.9482
      1.6512
      3.2300
      6.4717
      8.5132
      0.4102
      0.3016
      0.1213
      0.0406
      0.0972
      0.3703
      0.8343
      1.0385
      0.7036
      0.2577
      0.0512
      0.0123
      0.0612
      0.2859
      0.7538
      1.3456
      2.5049
      4.8197
      6.2851
      0.0468
      0.0353
      0.0232
      0.0621
      0.2691
      0.8656
      1.7463
      2.0193
      1.2876
      0.4458
      0.0832
      0.0107
      0.0234
      0.1154
      0.3243
      0.5972
      1.0649
      1.9580
      2.5248
      0.0034
      0.0061
      0.0341
      0.1612
      0.5233
      1.2657
      2.1624
      2.2915
      1.3852
      0.4611
      0.0833
      0.0085
      0.0051
      0.0252
      0.0768
      0.1583
      0.3164
      0.6071
      0.7876
      0.0014
      0.0092
      0.0676
      0.2854
      0.7623
      1.5317
      2.4391
      2.6649
      1.7421
      0.6414
      0.1299
      0.0143
      0.0014
      0.0039
      0.0246
      0.1529
      0.6615
      1.6413
      2.2275
      0.0017
      0.0112
      0.0780
      0.3217
      0.9567
      2.5369
      5.3222
      6.9896
      5.1737
      2.0925
      0.4573
      0.0536
      0.0035
      0.0046
      0.0725
      0.6322
      2.9616
      7.4667
     10.1590
      0.0013
      0.0080
      0.0549
      0.2691
      1.2404
      4.8353
     11.9567
     16.6040
     12.5662
      5.1424
      1.1323
      0.1333
      0.0087
      0.0112
      0.1813
      1.5911
      7.4636
     18.8223
     25.6100
      0.0009
      0.0054
      0.0388
      0.2371
      1.4337
      6.2914
     16.0617
     22.4843
     17.0567
      6.9866
      1.5392
      0.1813
      0.0118
      0.0153
      0.2466
      2.1649
     10.1551
     25.6099
     34.8455
