      0.0000
      0.0000
      0.0000
      0.0000
      0.0000
      0.0000
      0.0000
      0.0000
      0.0000
      0.0000
      0.0000
      0.0000
      0.0000
      0.0000
      0.0000
      0.0000
      0.0000
      0.0000
      0.0000
      0.0000
      0.0000
      0.0000
      0.0000
      0.0000
      0.0000
      0.0000
      0.0000
      0.0000
      0.0000
      0.0000
      0.0000
      0.0000
      0.0000
      0.0000
      0.0000
      0.0000
      0.0000
      0.0000
      0.0000
      0.0000
      0.0000
      0.0000
      0.0000
      0.0000
      0.0000
      0.0000
      0.0000
      0.0000
      0.0000
      0.0000
      0.0000
      0.0000
      0.0000
      0.0000
      0.0000
      0.0000
      0.0000
      0.0000
      0.0000
      0.0000
      0.0000
      0.0000
      0.0000
      0.0000
      0.0000
      0.0000
      0.0000
      0.0000
      0.0000
      0.0000
      0.0000
      0.0000
      0.0000
      0.0000
      0.0000
      0.0000
      0.0000
      0.0000
      0.0000
      0.0000
      0.0000
      0.0000
      0.0000
      0.0000
      0.0000
      0.0000
      0.0000
      0.0001
      0.0004
      0.0005
      0.0001
      0.0000
      0.0000
      0.0000
      0.0000
      0.0014
      0.0007
      0.0001
      0.0000
      0.0000
      0.0000
      0.0000
      0.0000
      0.0000
      0.0000
      0.0000
      0.0007
      0.0042
      0.0060
      0.0022
      0.0002
      0.0000
      0.0000
      0.0000
      0.1828
      0.0914
      0.0114
      0.0004
      0.0000
      0.0000
      0.0000
      0.0000
      0.0000
      0.0000
      0.0001
      0.0015
      0.0104
      0.0183
      0.0081
      0.0009
      0.0000
      0.0000
      0.0000
      5.9270
      2.9635
      0.3695
      0.0114
      0.0001
      0.0000
      0.0000
      0.0000
      0.0000
      0.0000
      0.0000
      0.0007
      0.0065
      0.0140
      0.0075
      0.0010
      0.0001
      0.0004
      0.0008
     47.5412
     23.7706
      2.9635
      0.0914
      0.0007
      0.0000
      0.0000
      0.0000
      0.0000
      0.0000
      0.0000
      0.0001
      0.0010
      0.0027
      0.0018
      0.0006
      0.0069
      0.0552
      0.1104
     95.0825
     47.5412
      5.9270
      0.1828
      0.0014
      0.0000
      0.0000
      0.0000
      0.0000
      0.0000
      0.0000
      0.0000
      0.0001
      0.0007
      0.0031
      0.0107
      0.2244
      1.7898
      3.5793
     47.5412
     23.7706
      2.9635
      0.0914
      0.0007
      0.0000
      0.0000
      0.0001
      0.0000
      0.0000
      0.0000
      0.0000
      0.0002
      0.0050
      0.0296
      0.0975
      1.8052
     14.3565
     28.7098
      5.9270
      2.9635
      0.3695
      0.0114
      0.0001
      0.0004
      0.0030
      0.0058
      0.0027
      0.0003
      0.0000
      0.0000
      0.0004
      0.0105
      0.0717
      0.2301
      3.6300
     28.7152
     57.4197
      0.1828
      0.0914
      0.0114
      0.0004
      0.0004
      0.0090
      0.0599
      0.1004
      0.0421
      0.0044
      0.0001
      0.0000
      0.0002
      0.0055
      0.0435
      0.1400
      1.8314
     14.3600
     28.7100
      0.0014
      0.0007
      0.0001
      0.0003
      0.0041
      0.0530
      0.2950
      0.4352
      0.1612
      0.0149
      0.0003
      0.0000
      0.0000
      0.0007
      0.0066
      0.0219
      0.2317
      1.7908
      3.5793
      0.0000
      0.0000
      0.0002
      0.0053
      0.0358
      0.1187
      0.3790
      0.4733
      0.1545
      0.0126
      0.0003
      0.0000
      0.0000
      0.0000
      0.0002
      0.0009
      0.0074
      0.0560
      0.1119
      0.0000
      0.0000
      0.0011
      0.0245
      0.1311
      0.2006
      0.2108
      0.2264
      0.0877
      0.0095
      0.0003
      0.0000
      0.0000
      0.0000
      0.0000
      0.0004
      0.0127
      0.1021
      0.2043
      0.0000
      0.0000
      0.0015
      0.0283
      0.1339
      0.3140
      1.4739
      3.0754
      1.6507
      0.2214
      0.0073
      0.0001
      0.0000
      0.0000
      0.0001
      0.0127
      0.4113
      3.2987
      6.5975
      0.0000
      0.0000
      0.0005
      0.0085
      0.0700
      1.3541
     11.4270
     24.5765
     13.2229
      1.7744
      0.0589
      0.0005
      0.0000
      0.0000
      0.0008
      0.1017
      3.2987
     26.4597
     52.9195
      0.0000
      0.0000
      0.0001
      0.0017
      0.0797
      2.6485
     22.8389
     49.1519
     26.4457
      3.5488
      0.1179
      0.0010
      0.0000
      0.0000
      0.0015
      0.2035
      6.5975
     52.9195
    105.8389
