      0.0581
      0.0772
      0.1165
      0.1366
      0.1162
      0.0733
      0.0393
      0.0283
      0.0415
      0.0778
      0.1226
      0.1429
      0.1193
      0.0707
      0.0296
      0.0088
      0.0018
      0.0003
      0.0001
      0.0618
      0.0797
      0.1150
      0.1301
      0.1073
      0.0657
      0.0342
      0.0241
      0.0357
      0.0686
      0.1112
      0.1340
      0.1165
      0.0725
      0.0322
      0.0102
      0.0023
      0.0004
      0.0001
      0.0655
      0.0792
      0.1035
      0.1075
      0.0821
      0.0467
      0.0226
      0.0152
      0.0234
      0.0488
      0.0868
      0.1166
      0.1151
      0.0828
      0.0433
      0.0165
      0.0045
      0.0009
      0.0003
      0.0690
      0.0745
      0.0813
      0.0733
      0.0501
      0.0260
      0.0118
      0.0082
      0.0144
      0.0348
      0.0740
      0.1209
      0.1459
      0.1285
      0.0819
      0.0376
      0.0124
      0.0030
      0.0010
      0.1438
      0.1292
      0.0947
      0.0575
      0.0292
      0.0129
      0.0069
      0.0072
      0.0138
      0.0363
      0.0909
      0.1765
      0.2491
      0.2518
      0.1814
      0.0931
      0.0341
      0.0094
      0.0038
      0.5539
      0.4688
      0.2849
      0.1255
      0.0416
      0.0133
      0.0091
      0.0120
      0.0197
      0.0470
      0.1245
      0.2633
      0.4032
      0.4396
      0.3407
      0.1887
      0.0768
      0.0267
      0.0147
      1.8341
      1.5433
      0.9191
      0.3874
      0.1174
      0.0310
      0.0168
      0.0192
      0.0253
      0.0514
      0.1376
      0.3076
      0.5007
      0.5815
      0.4842
      0.2964
      0.1471
      0.0788
      0.0630
      4.3632
      3.6698
      2.1822
      0.9166
      0.2743
      0.0663
      0.0263
      0.0240
      0.0255
      0.0425
      0.1121
      0.2650
      0.4624
      0.5841
      0.5464
      0.4084
      0.2954
      0.2571
      0.2548
      7.3376
      6.1712
      3.6692
      1.5406
      0.4600
      0.1079
      0.0368
      0.0288
      0.0256
      0.0304
      0.0709
      0.1794
      0.3525
      0.5227
      0.6124
      0.6333
      0.6740
      0.7630
      0.8142
      8.7243
      7.3375
      4.3631
      1.8338
      0.5532
      0.1432
      0.0689
      0.0648
      0.0552
      0.0409
      0.0507
      0.1248
      0.2980
      0.5611
      0.8478
      1.1191
      1.4237
      1.7495
      1.9038
      7.3376
      6.1717
      3.6726
      1.5548
      0.5038
      0.2074
      0.2008
      0.2231
      0.1881
      0.1173
      0.0741
      0.1215
      0.3233
      0.7109
      1.2191
      1.7579
      2.3425
      2.9239
      3.1911
      4.3632
      3.6721
      2.1972
      0.9744
      0.4387
      0.4154
      0.5721
      0.6423
      0.5241
      0.3081
      0.1478
      0.1380
      0.3388
      0.7882
      1.4192
      2.1046
      2.8225
      3.5085
      3.8192
      1.8341
      1.5518
      0.9684
      0.5576
      0.5528
      0.8785
      1.2552
      1.3506
      1.0560
      0.5939
      0.2516
      0.1433
      0.2770
      0.6548
      1.2153
      1.8328
      2.4556
      3.0245
      3.2776
      0.5539
      0.4912
      0.4069
      0.5059
      0.9098
      1.5363
      2.0574
      2.0807
      1.5491
      0.8353
      0.3293
      0.1299
      0.1683
      0.3923
      0.7527
      1.1679
      1.5893
      1.9645
      2.1285
      0.1438
      0.1729
      0.3211
      0.7082
      1.3703
      2.1351
      2.6232
      2.4850
      1.7673
      0.9221
      0.3496
      0.1094
      0.0803
      0.1752
      0.3677
      0.6535
      1.0284
      1.4067
      1.5764
      0.0690
      0.1364
      0.3928
      0.9260
      1.6996
      2.4758
      2.8927
      2.6723
      1.8942
      0.9997
      0.3847
      0.1106
      0.0427
      0.0826
      0.2502
      0.6688
      1.4292
      2.3000
      2.7032
      0.0655
      0.1432
      0.4242
      0.9796
      1.7745
      2.6248
      3.2092
      3.1555
      2.3878
      1.3401
      0.5448
      0.1598
      0.0465
      0.0890
      0.3815
      1.2545
      2.9550
      4.9469
      5.8747
      0.0618
      0.1323
      0.3833
      0.8889
      1.6909
      2.7404
      3.7167
      3.9881
      3.2159
      1.8875
      0.7926
      0.2374
      0.0676
      0.1335
      0.6090
      2.0574
      4.8999
      8.2383
      9.7942
      0.0581
      0.1224
      0.3515
      0.8254
      1.6348
      2.8029
      3.9961
      4.4358
      3.6512
      2.1699
      0.9185
      0.2766
      0.0789
      0.1572
      0.7210
      2.4411
      5.8190
      9.7872
     11.6368
