      0.2867
      0.2915
      0.3006
      0.3038
      0.2969
      0.2882
      0.2962
      0.3384
      0.4184
      0.5172
      0.5971
      0.6184
      0.5631
      0.4465
      0.3070
      0.1833
      0.0969
      0.0499
      0.0355
      0.2882
      0.2917
      0.2975
      0.2969
      0.2871
      0.2769
      0.2844
      0.3259
      0.4045
      0.5026
      0.5840
      0.6103
      0.5624
      0.4525
      0.3165
      0.1928
      0.1042
      0.0548
      0.0394
      0.2989
      0.2983
      0.2940
      0.2822
      0.2644
      0.2512
      0.2586
      0.2992
      0.3749
      0.4706
      0.5558
      0.5952
      0.5668
      0.4748
      0.3481
      0.2234
      0.1277
      0.0711
      0.0529
      0.3399
      0.3319
      0.3095
      0.2781
      0.2476
      0.2314
      0.2411
      0.2829
      0.3552
      0.4467
      0.5355
      0.5916
      0.5894
      0.5219
      0.4074
      0.2801
      0.1727
      0.1044
      0.0814
      0.4494
      0.4292
      0.3769
      0.3132
      0.2619
      0.2400
      0.2528
      0.2962
      0.3632
      0.4470
      0.5360
      0.6081
      0.6346
      0.5957
      0.4966
      0.3674
      0.2467
      0.1645
      0.1358
      0.6683
      0.6292
      0.5302
      0.4149
      0.3272
      0.2897
      0.2994
      0.3390
      0.3947
      0.4643
      0.5481
      0.6336
      0.6903
      0.6859
      0.6109
      0.4883
      0.3605
      0.2676
      0.2341
      1.0047
      0.9400
      0.7771
      0.5886
      0.4442
      0.3746
      0.3679
      0.3928
      0.4283
      0.4766
      0.5502
      0.6465
      0.7361
      0.7764
      0.7427
      0.6466
      0.5291
      0.4368
      0.4024
      1.3992
      1.3063
      1.0722
      0.8003
      0.5873
      0.4731
      0.4381
      0.4386
      0.4474
      0.4704
      0.5305
      0.6360
      0.7617
      0.8595
      0.8900
      0.8491
      0.7688
      0.6956
      0.6667
      1.7265
      1.6115
      1.3217
      0.9841
      0.7160
      0.5641
      0.5028
      0.4790
      0.4612
      0.4581
      0.5018
      0.6127
      0.7744
      0.9386
      1.0536
      1.0958
      1.0805
      1.0464
      1.0302
      1.8546
      1.7335
      1.4293
      1.0776
      0.8016
      0.6469
      0.5817
      0.5461
      0.5060
      0.4741
      0.4930
      0.5978
      0.7857
      1.0131
      1.2187
      1.3586
      1.4257
      1.4446
      1.4464
      1.7265
      1.6206
      1.3580
      1.0641
      0.8492
      0.7464
      0.7133
      0.6834
      0.6223
      0.5507
      0.5260
      0.6017
      0.7922
      1.0615
      1.3426
      1.5729
      1.7226
      1.7977
      1.8192
      1.3992
      1.3270
      1.1551
      0.9835
      0.8936
      0.8938
      0.9246
      0.9113
      0.8224
      0.6920
      0.5980
      0.6152
      0.7748
      1.0503
      1.3737
      1.6701
      1.8893
      2.0162
      2.0568
      1.0047
      0.9752
      0.9183
      0.9018
      0.9691
      1.0964
      1.2022
      1.2032
      1.0739
      0.8673
      0.6842
      0.6197
      0.7193
      0.9669
      1.2998
      1.6396
      1.9196
      2.0991
      2.1604
      0.6683
      0.6794
      0.7325
      0.8640
      1.0799
      1.3236
      1.4923
      1.4959
      1.3181
      1.0313
      0.7575
      0.6071
      0.6370
      0.8438
      1.1784
      1.5670
      1.9269
      2.1810
      2.2727
      0.4494
      0.4919
      0.6290
      0.8728
      1.1992
      1.5259
      1.7341
      1.7307
      1.5084
      1.1552
      0.8080
      0.5877
      0.5624
      0.7464
      1.1126
      1.5968
      2.0941
      2.4722
      2.6140
      0.3399
      0.4017
      0.5907
      0.9025
      1.2943
      1.6683
      1.8972
      1.8872
      1.6363
      1.2406
      0.8454
      0.5807
      0.5288
      0.7280
      1.1794
      1.8289
      2.5391
      3.1017
      3.3171
      0.2989
      0.3702
      0.5842
      0.9281
      1.3504
      1.7474
      1.9891
      1.9806
      1.7195
      1.3035
      0.8823
      0.5952
      0.5420
      0.7887
      1.3653
      2.2249
      3.1911
      3.9700
      4.2706
      0.2882
      0.3630
      0.5857
      0.9408
      1.3742
      1.7818
      2.0333
      2.0318
      1.7718
      1.3490
      0.9156
      0.6193
      0.5757
      0.8733
      1.5645
      2.6061
      3.7884
      4.7475
      5.1188
      0.2867
      0.3622
      0.5867
      0.9440
      1.3799
      1.7908
      2.0464
      2.0489
      1.7907
      1.3667
      0.9297
      0.6310
      0.5927
      0.9120
      1.6498
      2.7639
      4.0313
      5.0611
      5.4601
