      0.3323
      0.3386
      0.3522
      0.3626
      0.3647
      0.3642
      0.3753
      0.4110
      0.4735
      0.5477
      0.6035
      0.6082
      0.5464
      0.4312
      0.2969
      0.1785
      0.0957
      0.0505
      0.0367
      0.3332
      0.3379
      0.3473
      0.3527
      0.3501
      0.3465
      0.3557
      0.3904
      0.4529
      0.5292
      0.5901
      0.6029
      0.5503
      0.4423
      0.3107
      0.1910
      0.1048
      0.0565
      0.0414
      0.3441
      0.3438
      0.3406
      0.3305
      0.3149
      0.3028
      0.3077
      0.3407
      0.4040
      0.4860
      0.5609
      0.5960
      0.5685
      0.4797
      0.3554
      0.2313
      0.1347
      0.0769
      0.0582
      0.3930
      0.3834
      0.3568
      0.3193
      0.2819
      0.2576
      0.2579
      0.2900
      0.3550
      0.4446
      0.5383
      0.6044
      0.6125
      0.5512
      0.4370
      0.3054
      0.1922
      0.1194
      0.0948
      0.5284
      0.5032
      0.4373
      0.3546
      0.2819
      0.2385
      0.2321
      0.2628
      0.3280
      0.4233
      0.5350
      0.6341
      0.6828
      0.6554
      0.5561
      0.4186
      0.2878
      0.1980
      0.1666
      0.8011
      0.7515
      0.6242
      0.4699
      0.3401
      0.2634
      0.2422
      0.2656
      0.3250
      0.4189
      0.5419
      0.6700
      0.7610
      0.7752
      0.7030
      0.5731
      0.4355
      0.3355
      0.2996
      1.2202
      1.1375
      0.9262
      0.6725
      0.4604
      0.3316
      0.2825
      0.2885
      0.3326
      0.4147
      0.5380
      0.6871
      0.8196
      0.8867
      0.8646
      0.7714
      0.6549
      0.5641
      0.5306
      1.7109
      1.5917
      1.2875
      0.9228
      0.6166
      0.4252
      0.3391
      0.3198
      0.3406
      0.4012
      0.5134
      0.6729
      0.8447
      0.9774
      1.0351
      1.0198
      0.9657
      0.9144
      0.8942
      2.1174
      1.9695
      1.5927
      1.1415
      0.7624
      0.5226
      0.4068
      0.3643
      0.3594
      0.3917
      0.4817
      0.6396
      0.8448
      1.0511
      1.2142
      1.3158
      1.3657
      1.3851
      1.3899
      2.2763
      2.1200
      1.7230
      1.2513
      0.8605
      0.6179
      0.5009
      0.4488
      0.4203
      0.4173
      0.4716
      0.6118
      0.8368
      1.1115
      1.3868
      1.6230
      1.7993
      1.9080
      1.9448
      2.1174
      1.9791
      1.6314
      1.2281
      0.9098
      0.7295
      0.6520
      0.6083
      0.5561
      0.5053
      0.5044
      0.6039
      0.8236
      1.1416
      1.5067
      1.8606
      2.1532
      2.3462
      2.4137
      1.7109
      1.6133
      1.3746
      1.1174
      0.9467
      0.8865
      0.8826
      0.8582
      0.7746
      0.6576
      0.5780
      0.6091
      0.7896
      1.1087
      1.5154
      1.9392
      2.3080
      2.5592
      2.6484
      1.2202
      1.1740
      1.0734
      1.0007
      1.0146
      1.1012
      1.1826
      1.1744
      1.0467
      0.8464
      0.6697
      0.6105
      0.7206
      0.9970
      1.3915
      1.8298
      2.2278
      2.5063
      2.6065
      0.8011
      0.8040
      0.8356
      0.9396
      1.1293
      1.3523
      1.5071
      1.5030
      1.3216
      1.0327
      0.7555
      0.5999
      0.6252
      0.8340
      1.1847
      1.6065
      2.0105
      2.3033
      2.4105
      0.5284
      0.5696
      0.7039
      0.9452
      1.2707
      1.5968
      1.8025
      1.7930
      1.5603
      1.1929
      0.8283
      0.5873
      0.5349
      0.6808
      0.9941
      1.4122
      1.8407
      2.1653
      2.2869
      0.3930
      0.4587
      0.6594
      0.9897
      1.4035
      1.7970
      2.0365
      2.0229
      1.7534
      1.3282
      0.8971
      0.5905
      0.4818
      0.5917
      0.9040
      1.3640
      1.8656
      2.2607
      2.4114
      0.3441
      0.4230
      0.6594
      1.0382
      1.5021
      1.9376
      2.2031
      2.1944
      1.9071
      1.4455
      0.9681
      0.6159
      0.4740
      0.5777
      0.9263
      1.4704
      2.0857
      2.5812
      2.7722
      0.3332
      0.4178
      0.6696
      1.0703
      1.5591
      2.0193
      2.3051
      2.3065
      2.0148
      1.5341
      1.0286
      0.6486
      0.4908
      0.6036
      0.9981
      1.6274
      2.3497
      2.9367
      3.1640
      0.3323
      0.4184
      0.6743
      1.0810
      1.5773
      2.0461
      2.3400
      2.3466
      2.0549
      1.5683
      1.0532
      0.6636
      0.5012
      0.6198
      1.0349
      1.7000
      2.4663
      3.0905
      3.3325
