      0.1362
      0.1408
      0.1589
      0.1996
      0.2678
      0.3545
      0.4365
      0.4868
      0.4911
      0.4539
      0.3924
      0.3227
      0.2528
      0.1862
      0.1267
      0.0792
      0.0467
      0.0290
      0.0235
      0.1400
      0.1437
      0.1590
      0.1949
      0.2564
      0.3361
      0.4128
      0.4625
      0.4718
      0.4447
      0.3957
      0.3375
      0.2754
      0.2112
      0.1492
      0.0961
      0.0578
      0.0358
      0.0288
      0.1640
      0.1642
      0.1695
      0.1897
      0.2320
      0.2927
      0.3565
      0.4052
      0.4283
      0.4279
      0.4124
      0.3860
      0.3459
      0.2890
      0.2199
      0.1507
      0.0949
      0.0602
      0.0486
      0.2466
      0.2385
      0.2213
      0.2106
      0.2206
      0.2541
      0.3020
      0.3506
      0.3914
      0.4250
      0.4535
      0.4715
      0.4645
      0.4206
      0.3427
      0.2503
      0.1680
      0.1138
      0.0952
      0.4464
      0.4217
      0.3608
      0.2952
      0.2548
      0.2522
      0.2816
      0.3284
      0.3832
      0.4455
      0.5152
      0.5798
      0.6129
      0.5904
      0.5106
      0.3987
      0.2916
      0.2184
      0.1929
      0.8175
      0.7644
      0.6305
      0.4760
      0.3583
      0.3041
      0.3065
      0.3433
      0.3996
      0.4747
      0.5709
      0.6742
      0.7497
      0.7614
      0.7005
      0.5936
      0.4849
      0.4095
      0.3833
      1.3611
      1.2679
      1.0316
      0.7530
      0.5281
      0.4013
      0.3618
      0.3747
      0.4157
      0.4836
      0.5860
      0.7128
      0.8281
      0.8903
      0.8844
      0.8330
      0.7751
      0.7373
      0.7251
      1.9795
      1.8415
      1.4904
      1.0719
      0.7243
      0.5112
      0.4177
      0.3951
      0.4081
      0.4536
      0.5437
      0.6768
      0.8256
      0.9543
      1.0483
      1.1207
      1.1889
      1.2475
      1.2717
      2.4839
      2.3097
      1.8651
      1.3318
      0.8814
      0.5930
      0.4494
      0.3915
      0.3751
      0.3929
      0.4598
      0.5849
      0.7583
      0.9633
      1.1945
      1.4537
      1.7208
      1.9342
      2.0172
      2.6798
      2.4917
      2.0114
      1.4335
      0.9418
      0.6211
      0.4536
      0.3761
      0.3394
      0.3326
      0.3721
      0.4785
      0.6653
      0.9426
      1.3213
      1.7927
      2.2917
      2.6880
      2.8407
      2.4839
      2.3110
      1.8699
      1.3406
      0.8926
      0.6029
      0.4524
      0.3792
      0.3345
      0.3067
      0.3156
      0.3942
      0.5782
      0.9045
      1.4006
      2.0498
      2.7477
      3.3023
      3.5155
      1.9795
      1.8455
      1.5059
      1.1046
      0.7756
      0.5754
      0.4804
      0.4320
      0.3855
      0.3343
      0.3057
      0.3453
      0.5059
      0.8418
      1.3911
      2.1320
      2.9364
      3.5769
      3.8232
      1.3611
      1.2766
      1.0670
      0.8324
      0.6623
      0.5855
      0.5686
      0.5533
      0.5016
      0.4171
      0.3400
      0.3284
      0.4450
      0.7501
      1.2832
      2.0198
      2.8264
      3.4702
      3.7178
      0.8175
      0.7799
      0.6945
      0.6232
      0.6146
      0.6681
      0.7341
      0.7499
      0.6830
      0.5513
      0.4128
      0.3396
      0.3998
      0.6521
      1.1320
      1.8132
      2.5665
      3.1700
      3.4024
      0.4464
      0.4455
      0.4597
      0.5247
      0.6586
      0.8336
      0.9794
      1.0215
      0.9294
      0.7372
      0.5253
      0.3832
      0.3868
      0.5938
      1.0360
      1.6848
      2.4115
      2.9971
      3.2231
      0.2466
      0.2714
      0.3579
      0.5278
      0.7804
      1.0649
      1.2869
      1.3537
      1.2318
      0.9708
      0.6769
      0.4633
      0.4198
      0.6104
      1.0685
      1.7620
      2.5487
      3.1863
      3.4330
      0.1640
      0.2057
      0.3415
      0.5883
      0.9354
      1.3144
      1.6068
      1.6986
      1.5493
      1.2213
      0.8470
      0.5663
      0.4893
      0.6932
      1.2183
      2.0277
      2.9531
      3.7061
      3.9980
      0.1400
      0.1915
      0.3569
      0.6528
      1.0642
      1.5110
      1.8567
      1.9691
      1.8008
      1.4226
      0.9869
      0.6565
      0.5598
      0.7876
      1.3885
      2.3209
      3.3905
      4.2624
      4.6005
      0.1362
      0.1910
      0.3665
      0.6796
      1.1142
      1.5862
      1.9520
      2.0728
      1.8976
      1.5006
      1.0417
      0.6927
      0.5894
      0.8287
      1.4624
      2.4473
      3.5781
      4.5002
      4.8579
