      0.0000
      0.0000
      0.0000
      0.0000
      0.0000
      0.0000
      0.0000
      0.0000
      0.0000
      0.0000
      0.0000
      0.0000
      0.0000
      0.0000
      0.0000
      0.0000
      0.0000
      0.0000
      0.0000
      0.0000
      0.0000
      0.0000
      0.0000
      0.0000
      0.0000
      0.0000
      0.0000
      0.0000
      0.0000
      0.0000
      0.0000
      0.0000
      0.0000
      0.0000
      0.0000
      0.0000
      0.0000
      0.0000
      0.0000
      0.0000
      0.0000
      0.0000
      0.0000
      0.0000
      0.0000
      0.0000
      0.0000
      0.0000
      0.0000
      0.0000
      0.0000
      0.0000
      0.0000
      0.0000
      0.0000
      0.0000
      0.0000
      0.0000
      0.0000
      0.0000
      0.0000
      0.0000
      0.0000
      0.0000
      0.0000
      0.0000
      0.0000
      0.0000
      0.0000
      0.0000
      0.0000
      0.0000
      0.0000
      0.0000
      0.0000
      0.0000
      0.0000
      0.0000
      0.0000
      0.0000
      0.0000
      0.0000
      0.0000
      0.0000
      0.0000
      0.0000
      0.0000
      0.0001
      0.0003
      0.0004
      0.0001
      0.0000
      0.0000
      0.0000
      0.0000
      0.0014
      0.0007
      0.0001
      0.0000
      0.0000
      0.0000
      0.0000
      0.0000
      0.0000
      0.0000
      0.0000
      0.0005
      0.0030
      0.0043
      0.0016
      0.0001
      0.0000
      0.0000
      0.0000
      0.1851
      0.0926
      0.0115
      0.0004
      0.0000
      0.0000
      0.0000
      0.0000
      0.0000
      0.0000
      0.0000
      0.0011
      0.0075
      0.0132
      0.0058
      0.0006
      0.0000
      0.0000
      0.0000
      6.0035
      3.0018
      0.3742
      0.0115
      0.0001
      0.0000
      0.0000
      0.0000
      0.0000
      0.0000
      0.0000
      0.0005
      0.0047
      0.0101
      0.0055
      0.0007
      0.0000
      0.0001
      0.0003
     48.1554
     24.0777
      3.0018
      0.0926
      0.0007
      0.0000
      0.0000
      0.0000
      0.0000
      0.0000
      0.0000
      0.0001
      0.0007
      0.0020
      0.0014
      0.0004
      0.0025
      0.0196
      0.0391
     96.3108
     48.1554
      6.0035
      0.1851
      0.0014
      0.0000
      0.0000
      0.0000
      0.0000
      0.0000
      0.0000
      0.0000
      0.0001
      0.0013
      0.0059
      0.0097
      0.0815
      0.6344
      1.2683
     48.1554
     24.0777
      3.0018
      0.0926
      0.0007
      0.0000
      0.0001
      0.0002
      0.0001
      0.0000
      0.0000
      0.0000
      0.0004
      0.0097
      0.0566
      0.1015
      0.6643
      5.0897
     10.1734
      6.0035
      3.0018
      0.3742
      0.0115
      0.0001
      0.0008
      0.0059
      0.0112
      0.0053
      0.0006
      0.0000
      0.0000
      0.0007
      0.0203
      0.1375
      0.2711
      1.3666
     10.1838
     20.3469
      0.1851
      0.0926
      0.0115
      0.0004
      0.0007
      0.0173
      0.1159
      0.1945
      0.0816
      0.0085
      0.0002
      0.0000
      0.0003
      0.0106
      0.0836
      0.1838
      0.7151
      5.0965
     10.1737
      0.0014
      0.0007
      0.0001
      0.0005
      0.0070
      0.1011
      0.5708
      0.8430
      0.3123
      0.0288
      0.0007
      0.0000
      0.0000
      0.0014
      0.0127
      0.0315
      0.0957
      0.6365
      1.2685
      0.0000
      0.0000
      0.0003
      0.0079
      0.0547
      0.2073
      0.7251
      0.9152
      0.2989
      0.0244
      0.0005
      0.0000
      0.0000
      0.0000
      0.0005
      0.0014
      0.0034
      0.0207
      0.0411
      0.0000
      0.0000
      0.0017
      0.0364
      0.1955
      0.3053
      0.3295
      0.3218
      0.1082
      0.0101
      0.0003
      0.0000
      0.0000
      0.0000
      0.0000
      0.0005
      0.0167
      0.1336
      0.2672
      0.0000
      0.0000
      0.0023
      0.0421
      0.1957
      0.3420
      1.1075
      2.2355
      1.1958
      0.1602
      0.0053
      0.0000
      0.0000
      0.0000
      0.0001
      0.0166
      0.5395
      4.3276
      8.6551
      0.0000
      0.0000
      0.0008
      0.0124
      0.0752
      1.0028
      8.2652
     17.7639
      9.5572
      1.2825
      0.0426
      0.0003
      0.0000
      0.0000
      0.0010
      0.1335
      4.3276
     34.7121
     69.4243
      0.0000
      0.0000
      0.0001
      0.0021
      0.0606
      1.9168
     16.5080
     35.5259
     19.1143
      2.5650
      0.0852
      0.0007
      0.0000
      0.0000
      0.0020
      0.2669
      8.6551
     69.4243
    138.8486
