      0.1405
      0.1508
      0.1721
      0.1855
      0.1811
      0.1669
      0.1597
      0.1728
      0.2122
      0.2725
      0.3294
      0.3472
      0.3054
      0.2197
      0.1280
      0.0603
      0.0232
      0.0079
      0.0042
      0.1409
      0.1498
      0.1678
      0.1772
      0.1697
      0.1539
      0.1455
      0.1574
      0.1956
      0.2559
      0.3165
      0.3424
      0.3105
      0.2313
      0.1404
      0.0693
      0.0280
      0.0100
      0.0053
      0.1468
      0.1514
      0.1587
      0.1564
      0.1411
      0.1218
      0.1121
      0.1224
      0.1588
      0.2213
      0.2943
      0.3448
      0.3411
      0.2793
      0.1875
      0.1028
      0.0462
      0.0181
      0.0103
      0.1884
      0.1833
      0.1673
      0.1415
      0.1120
      0.0886
      0.0799
      0.0915
      0.1295
      0.1998
      0.2967
      0.3890
      0.4303
      0.3928
      0.2929
      0.1776
      0.0882
      0.0386
      0.0236
      0.3558
      0.3275
      0.2568
      0.1752
      0.1106
      0.0751
      0.0673
      0.0828
      0.1252
      0.2082
      0.3382
      0.4871
      0.5888
      0.5835
      0.4698
      0.3076
      0.1667
      0.0824
      0.0558
      0.8073
      0.7275
      0.5336
      0.3232
      0.1716
      0.0975
      0.0809
      0.0968
      0.1406
      0.2321
      0.3918
      0.5975
      0.7667
      0.8055
      0.6889
      0.4845
      0.2914
      0.1702
      0.1311
      1.6808
      1.5071
      1.0878
      0.6378
      0.3177
      0.1602
      0.1142
      0.1200
      0.1554
      0.2408
      0.4086
      0.6477
      0.8726
      0.9680
      0.8846
      0.6837
      0.4790
      0.3475
      0.3050
      2.8964
      2.5945
      1.8666
      1.0860
      0.5294
      0.2492
      0.1540
      0.1389
      0.1561
      0.2191
      0.3658
      0.6004
      0.8542
      1.0157
      1.0204
      0.9081
      0.7783
      0.6990
      0.6758
      4.0279
      3.6076
      2.5944
      1.5079
      0.7319
      0.3372
      0.1955
      0.1596
      0.1559
      0.1870
      0.2919
      0.4924
      0.7526
      0.9893
      1.1380
      1.2083
      1.2577
      1.3112
      1.3375
      4.4971
      4.0286
      2.9003
      1.6937
      0.8380
      0.4104
      0.2621
      0.2216
      0.1989
      0.1910
      0.2424
      0.3960
      0.6544
      0.9732
      1.2977
      1.6082
      1.9054
      2.1477
      2.2452
      4.0279
      3.6113
      2.6118
      1.5550
      0.8291
      0.4980
      0.4103
      0.3891
      0.3422
      0.2763
      0.2563
      0.3521
      0.5994
      0.9853
      1.4655
      1.9957
      2.5240
      2.9439
      3.1085
      2.8964
      2.6047
      1.9139
      1.2124
      0.7850
      0.6629
      0.6954
      0.7067
      0.6143
      0.4548
      0.3326
      0.3477
      0.5549
      0.9549
      1.5075
      2.1522
      2.8030
      3.3153
      3.5141
      1.6808
      1.5282
      1.1843
      0.8895
      0.8138
      0.9424
      1.1125
      1.1452
      0.9759
      0.6884
      0.4374
      0.3482
      0.4759
      0.8170
      1.3303
      1.9517
      2.5854
      3.0827
      3.2748
      0.8073
      0.7632
      0.6940
      0.7319
      0.9552
      1.3009
      1.5809
      1.6082
      1.3417
      0.9167
      0.5354
      0.3375
      0.3647
      0.5994
      1.0027
      1.5216
      2.0696
      2.5068
      2.6765
      0.3558
      0.3781
      0.4809
      0.7360
      1.1650
      1.6650
      2.0202
      2.0317
      1.6749
      1.1274
      0.6301
      0.3335
      0.2667
      0.4021
      0.7130
      1.1726
      1.7063
      2.1565
      2.3357
      0.1884
      0.2446
      0.4381
      0.8167
      1.3785
      1.9992
      2.4361
      2.4616
      2.0433
      1.3843
      0.7675
      0.3705
      0.2257
      0.3080
      0.6168
      1.1624
      1.8682
      2.5001
      2.7579
      0.1468
      0.2174
      0.4527
      0.8995
      1.5603
      2.3083
      2.8703
      2.9624
      2.5115
      1.7352
      0.9745
      0.4601
      0.2471
      0.3241
      0.7250
      1.5014
      2.5565
      3.5253
      3.9248
      0.1409
      0.2162
      0.4679
      0.9526
      1.6898
      2.5595
      3.2583
      3.4370
      2.9709
      2.0873
      1.1878
      0.5625
      0.2946
      0.3882
      0.9074
      1.9370
      3.3553
      4.6665
      5.2087
      0.1405
      0.2167
      0.4726
      0.9703
      1.7384
      2.6612
      3.4215
      3.6406
      3.1698
      2.2404
      1.2811
      0.6083
      0.3183
      0.4213
      0.9939
      2.1339
      3.7079
      5.1649
      5.7677
