      0.0016
      0.0039
      0.0097
      0.0132
      0.0097
      0.0039
      0.0009
      0.0003
      0.0005
      0.0020
      0.0048
      0.0064
      0.0047
      0.0018
      0.0004
      0.0000
      0.0000
      0.0000
      0.0000
      0.0023
      0.0050
      0.0112
      0.0138
      0.0093
      0.0035
      0.0008
      0.0002
      0.0004
      0.0016
      0.0042
      0.0062
      0.0049
      0.0022
      0.0005
      0.0001
      0.0000
      0.0000
      0.0000
      0.0031
      0.0058
      0.0111
      0.0119
      0.0069
      0.0022
      0.0004
      0.0001
      0.0002
      0.0009
      0.0030
      0.0056
      0.0060
      0.0037
      0.0014
      0.0003
      0.0000
      0.0000
      0.0000
      0.0027
      0.0042
      0.0066
      0.0061
      0.0031
      0.0009
      0.0001
      0.0000
      0.0001
      0.0008
      0.0041
      0.0123
      0.0208
      0.0195
      0.0100
      0.0028
      0.0004
      0.0000
      0.0000
      0.0132
      0.0104
      0.0057
      0.0025
      0.0009
      0.0002
      0.0000
      0.0000
      0.0002
      0.0020
      0.0135
      0.0493
      0.0976
      0.1043
      0.0603
      0.0188
      0.0031
      0.0003
      0.0000
      0.2026
      0.1490
      0.0593
      0.0128
      0.0015
      0.0001
      0.0001
      0.0001
      0.0004
      0.0041
      0.0307
      0.1239
      0.2695
      0.3164
      0.2007
      0.0686
      0.0126
      0.0013
      0.0002
      1.7763
      1.3055
      0.5177
      0.1104
      0.0126
      0.0008
      0.0002
      0.0003
      0.0006
      0.0047
      0.0383
      0.1694
      0.4036
      0.5191
      0.3608
      0.1356
      0.0282
      0.0048
      0.0027
      8.3321
      6.1237
      2.4282
      0.5177
      0.0590
      0.0037
      0.0004
      0.0004
      0.0005
      0.0030
      0.0258
      0.1251
      0.3269
      0.4614
      0.3533
      0.1503
      0.0465
      0.0333
      0.0389
     21.0126
     15.4434
      6.1237
      1.3055
      0.1488
      0.0091
      0.0006
      0.0004
      0.0003
      0.0010
      0.0094
      0.0503
      0.1460
      0.2325
      0.2116
      0.1357
      0.1420
      0.2566
      0.3342
     28.5902
     21.0126
      8.3321
      1.7763
      0.2025
      0.0127
      0.0018
      0.0020
      0.0016
      0.0008
      0.0021
      0.0128
      0.0484
      0.1147
      0.1850
      0.2710
      0.5652
      1.1784
      1.5558
     21.0126
     15.4434
      6.1238
      1.3056
      0.1501
      0.0154
      0.0168
      0.0231
      0.0175
      0.0072
      0.0021
      0.0061
      0.0398
      0.1547
      0.3590
      0.6464
      1.4133
      2.9565
      3.9083
      8.3321
      6.1238
      2.4285
      0.5195
      0.0711
      0.0530
      0.1172
      0.1538
      0.1100
      0.0426
      0.0093
      0.0067
      0.0463
      0.2029
      0.5099
      0.9364
      1.9664
      4.0295
      5.3113
      1.7763
      1.3057
      0.5199
      0.1247
      0.0787
      0.2185
      0.4566
      0.5540
      0.3722
      0.1360
      0.0270
      0.0065
      0.0322
      0.1510
      0.4028
      0.7516
      1.5033
      2.9841
      3.9095
      0.2026
      0.1504
      0.0738
      0.0875
      0.2481
      0.5927
      1.0167
      1.1019
      0.6873
      0.2363
      0.0440
      0.0057
      0.0123
      0.0609
      0.1728
      0.3306
      0.6328
      1.2090
      1.5701
      0.0132
      0.0161
      0.0595
      0.2462
      0.6379
      1.1135
      1.4521
      1.3466
      0.7782
      0.2569
      0.0466
      0.0048
      0.0027
      0.0133
      0.0415
      0.0922
      0.2079
      0.4233
      0.5556
      0.0027
      0.0163
      0.1172
      0.4695
      1.0860
      1.6537
      1.9885
      1.8967
      1.2033
      0.4464
      0.0919
      0.0103
      0.0009
      0.0024
      0.0187
      0.1306
      0.5832
      1.4567
      1.9790
      0.0031
      0.0197
      0.1348
      0.5185
      1.2591
      2.4773
      4.3437
      5.4045
      3.9595
      1.6013
      0.3505
      0.0411
      0.0027
      0.0041
      0.0648
      0.5662
      2.6538
      6.6915
      9.1043
      0.0023
      0.0139
      0.0910
      0.3718
      1.2543
      4.0160
      9.3622
     12.8336
      9.6887
      3.9635
      0.8728
      0.1028
      0.0067
      0.0100
      0.1625
      1.4261
      6.6896
     16.8703
     22.9541
      0.0016
      0.0094
      0.0605
      0.2800
      1.2718
      5.0038
     12.4587
     17.3544
     13.1530
      5.3868
      1.1867
      0.1398
      0.0092
      0.0136
      0.2211
      1.9404
      9.1020
     22.9541
     31.2318
