      0.1480
      0.1586
      0.1796
      0.1896
      0.1767
      0.1502
      0.1319
      0.1420
      0.1903
      0.2684
      0.3438
      0.3726
      0.3318
      0.2397
      0.1398
      0.0657
      0.0250
      0.0083
      0.0041
      0.1476
      0.1569
      0.1747
      0.1810
      0.1660
      0.1390
      0.1209
      0.1304
      0.1767
      0.2533
      0.3309
      0.3673
      0.3365
      0.2516
      0.1527
      0.0751
      0.0301
      0.0105
      0.0054
      0.1483
      0.1536
      0.1619
      0.1585
      0.1383
      0.1116
      0.0957
      0.1051
      0.1482
      0.2232
      0.3097
      0.3693
      0.3673
      0.3008
      0.2016
      0.1101
      0.0492
      0.0190
      0.0106
      0.1686
      0.1662
      0.1564
      0.1358
      0.1080
      0.0836
      0.0739
      0.0871
      0.1304
      0.2092
      0.3155
      0.4153
      0.4591
      0.4183
      0.3111
      0.1881
      0.0928
      0.0399
      0.0239
      0.2693
      0.2505
      0.2026
      0.1453
      0.0984
      0.0732
      0.0718
      0.0924
      0.1395
      0.2274
      0.3634
      0.5184
      0.6238
      0.6165
      0.4952
      0.3226
      0.1726
      0.0824
      0.0539
      0.5592
      0.5057
      0.3756
      0.2348
      0.1359
      0.0938
      0.0949
      0.1203
      0.1682
      0.2613
      0.4238
      0.6350
      0.8093
      0.8475
      0.7219
      0.5022
      0.2931
      0.1601
      0.1167
      1.1335
      1.0175
      0.7381
      0.4409
      0.2361
      0.1464
      0.1343
      0.1544
      0.1927
      0.2761
      0.4438
      0.6879
      0.9195
      1.0152
      0.9194
      0.6934
      0.4577
      0.3002
      0.2477
      1.9400
      1.7388
      1.2550
      0.7404
      0.3828
      0.2164
      0.1739
      0.1775
      0.1959
      0.2540
      0.3986
      0.6380
      0.8994
      1.0604
      1.0445
      0.8860
      0.6931
      0.5571
      0.5108
      2.6934
      2.4135
      1.7405
      1.0244
      0.5236
      0.2835
      0.2099
      0.1955
      0.1919
      0.2167
      0.3187
      0.5239
      0.7917
      1.0244
      1.1362
      1.1222
      1.0506
      0.9914
      0.9712
      3.0061
      2.6945
      1.9464
      1.1534
      0.6043
      0.3475
      0.2730
      0.2546
      0.2312
      0.2163
      0.2643
      0.4223
      0.6878
      0.9964
      1.2610
      1.4346
      1.5319
      1.5856
      1.6046
      2.6934
      2.4175
      1.7589
      1.0739
      0.6248
      0.4494
      0.4297
      0.4286
      0.3793
      0.3040
      0.2781
      0.3765
      0.6293
      0.9992
      1.3984
      1.7439
      2.0002
      2.1616
      2.2183
      1.9400
      1.7498
      1.3056
      0.8750
      0.6536
      0.6522
      0.7405
      0.7678
      0.6685
      0.4935
      0.3593
      0.3725
      0.5823
      0.9638
      1.4285
      1.8723
      2.2248
      2.4524
      2.5321
      1.1335
      1.0402
      0.8418
      0.7111
      0.7671
      0.9810
      1.1952
      1.2385
      1.0553
      0.7430
      0.4711
      0.3732
      0.5000
      0.8250
      1.2647
      1.7154
      2.0935
      2.3455
      2.4347
      0.5592
      0.5441
      0.5480
      0.6739
      0.9773
      1.3841
      1.6996
      1.7322
      1.4443
      0.9855
      0.5749
      0.3617
      0.3852
      0.6121
      0.9757
      1.3965
      1.7936
      2.0841
      2.1921
      0.2693
      0.3046
      0.4427
      0.7465
      1.2290
      1.7774
      2.1630
      2.1757
      1.7925
      1.2053
      0.6732
      0.3570
      0.2866
      0.4290
      0.7503
      1.2161
      1.7483
      2.1929
      2.3690
      0.1686
      0.2316
      0.4455
      0.8571
      1.4617
      2.1258
      2.5914
      2.6176
      2.1713
      1.4698
      0.8148
      0.3958
      0.2508
      0.3627
      0.7476
      1.4303
      2.3194
      3.1188
      3.4455
      0.1483
      0.2238
      0.4747
      0.9496
      1.6502
      2.4417
      3.0350
      3.1308
      2.6528
      1.8319
      1.0292
      0.4905
      0.2829
      0.4176
      0.9705
      2.0301
      3.4721
      4.7983
      5.3455
      0.1476
      0.2272
      0.4932
      1.0047
      1.7818
      2.6976
      3.4325
      3.6194
      3.1275
      2.1968
      1.2510
      0.5989
      0.3417
      0.5179
      1.2545
      2.6918
      4.6689
      6.4972
      7.2533
      0.1480
      0.2284
      0.4982
      1.0225
      1.8309
      2.8014
      3.6003
      3.8297
      3.3336
      2.3559
      1.3482
      0.6475
      0.3701
      0.5660
      1.3825
      2.9801
      5.1821
      7.2202
      8.0634
