      0.0000
      0.0000
      0.0000
      0.0000
      0.0000
      0.0000
      0.0000
      0.0000
      0.0000
      0.0000
      0.0000
      0.0000
      0.0000
      0.0000
      0.0000
      0.0000
      0.0000
      0.0000
      0.0000
      0.0000
      0.0000
      0.0000
      0.0000
      0.0000
      0.0000
      0.0000
      0.0000
      0.0000
      0.0000
      0.0000
      0.0000
      0.0000
      0.0000
      0.0000
      0.0000
      0.0000
      0.0000
      0.0000
      0.0000
      0.0000
      0.0000
      0.0000
      0.0000
      0.0000
      0.0000
      0.0000
      0.0000
      0.0000
      0.0000
      0.0000
      0.0000
      0.0000
      0.0000
      0.0000
      0.0000
      0.0000
      0.0000
      0.0000
      0.0000
      0.0000
      0.0000
      0.0000
      0.0000
      0.0000
      0.0000
      0.0000
      0.0000
      0.0000
      0.0000
      0.0000
      0.0000
      0.0000
      0.0000
      0.0000
      0.0000
      0.0000
      0.0000
      0.0000
      0.0000
      0.0000
      0.0000
      0.0000
      0.0000
      0.0000
      0.0000
      0.0000
      0.0000
      0.0000
      0.0000
      0.0000
      0.0000
      0.0000
      0.0000
      0.0000
      0.0000
      0.0024
      0.0012
      0.0001
      0.0000
      0.0000
      0.0000
      0.0000
      0.0000
      0.0000
      0.0000
      0.0000
      0.0000
      0.0000
      0.0000
      0.0000
      0.0000
      0.0000
      0.0000
      0.0000
      0.3140
      0.1570
      0.0196
      0.0006
      0.0000
      0.0000
      0.0000
      0.0000
      0.0000
      0.0000
      0.0000
      0.0000
      0.0001
      0.0001
      0.0001
      0.0000
      0.0000
      0.0000
      0.0000
     10.1806
      5.0903
      0.6346
      0.0196
      0.0001
      0.0000
      0.0000
      0.0000
      0.0000
      0.0000
      0.0000
      0.0000
      0.0001
      0.0001
      0.0001
      0.0000
      0.0000
      0.0001
      0.0001
     81.6608
     40.8304
      5.0903
      0.1570
      0.0012
      0.0000
      0.0000
      0.0000
      0.0000
      0.0000
      0.0000
      0.0000
      0.0000
      0.0001
      0.0003
      0.0004
      0.0010
      0.0070
      0.0140
    163.3216
     81.6608
     10.1806
      0.3140
      0.0024
      0.0000
      0.0000
      0.0000
      0.0000
      0.0000
      0.0000
      0.0000
      0.0001
      0.0026
      0.0129
      0.0169
      0.0334
      0.2272
      0.4534
     81.6608
     40.8304
      5.0903
      0.1570
      0.0012
      0.0000
      0.0002
      0.0003
      0.0002
      0.0000
      0.0000
      0.0000
      0.0009
      0.0216
      0.1257
      0.1893
      0.2932
      1.8245
      3.6367
     10.1806
      5.0903
      0.6346
      0.0196
      0.0002
      0.0017
      0.0131
      0.0248
      0.0118
      0.0014
      0.0000
      0.0000
      0.0016
      0.0451
      0.3055
      0.5303
      0.6717
      3.6595
      7.2738
      0.3140
      0.1570
      0.0196
      0.0006
      0.0015
      0.0384
      0.2580
      0.4330
      0.1817
      0.0190
      0.0005
      0.0000
      0.0007
      0.0235
      0.1857
      0.3726
      0.4067
      1.8403
      3.6376
      0.0024
      0.0012
      0.0002
      0.0005
      0.0119
      0.2184
      1.2675
      1.8760
      0.6952
      0.0642
      0.0015
      0.0000
      0.0001
      0.0031
      0.0282
      0.0655
      0.0654
      0.2320
      0.4537
      0.0000
      0.0000
      0.0003
      0.0081
      0.0629
      0.3707
      1.5785
      2.0325
      0.6646
      0.0541
      0.0011
      0.0000
      0.0000
      0.0001
      0.0011
      0.0029
      0.0028
      0.0078
      0.0150
      0.0000
      0.0000
      0.0017
      0.0368
      0.2005
      0.3607
      0.5601
      0.5566
      0.1592
      0.0115
      0.0002
      0.0000
      0.0000
      0.0000
      0.0000
      0.0003
      0.0085
      0.0677
      0.1354
      0.0000
      0.0000
      0.0023
      0.0425
      0.1946
      0.2312
      0.1102
      0.0654
      0.0224
      0.0023
      0.0001
      0.0000
      0.0000
      0.0000
      0.0001
      0.0084
      0.2735
      2.1934
      4.3869
      0.0000
      0.0000
      0.0008
      0.0123
      0.0486
      0.0579
      0.1018
      0.1939
      0.1038
      0.0139
      0.0005
      0.0000
      0.0000
      0.0000
      0.0005
      0.0676
      2.1934
     17.5940
     35.1879
      0.0000
      0.0000
      0.0001
      0.0018
      0.0066
      0.0258
      0.1801
      0.3853
      0.2073
      0.0278
      0.0009
      0.0000
      0.0000
      0.0000
      0.0010
      0.1353
      4.3869
     35.1879
     70.3758
