      0.0000
      0.0000
      0.0000
      0.0000
      0.0000
      0.0000
      0.0000
      0.0000
      0.0000
      0.0000
      0.0000
      0.0000
      0.0000
      0.0000
      0.0000
      0.0000
      0.0000
      0.0000
      0.0000
      0.0000
      0.0000
      0.0000
      0.0000
      0.0000
      0.0000
      0.0000
      0.0000
      0.0000
      0.0000
      0.0000
      0.0000
      0.0000
      0.0000
      0.0000
      0.0000
      0.0000
      0.0000
      0.0000
      0.0000
      0.0000
      0.0000
      0.0000
      0.0000
      0.0000
      0.0000
      0.0000
      0.0000
      0.0000
      0.0000
      0.0000
      0.0000
      0.0000
      0.0000
      0.0000
      0.0000
      0.0000
      0.0000
      0.0000
      0.0000
      0.0000
      0.0000
      0.0000
      0.0000
      0.0000
      0.0000
      0.0000
      0.0000
      0.0000
      0.0000
      0.0000
      0.0000
      0.0000
      0.0000
      0.0000
      0.0000
      0.0000
      0.0000
      0.0000
      0.0000
      0.0000
      0.0000
      0.0000
      0.0000
      0.0000
      0.0000
      0.0000
      0.0000
      0.0001
      0.0002
      0.0003
      0.0001
      0.0000
      0.0000
      0.0000
      0.0000
      0.0014
      0.0007
      0.0001
      0.0000
      0.0000
      0.0000
      0.0000
      0.0000
      0.0000
      0.0000
      0.0000
      0.0004
      0.0024
      0.0035
      0.0013
      0.0001
      0.0000
      0.0000
      0.0000
      0.1819
      0.0910
      0.0113
      0.0003
      0.0000
      0.0000
      0.0000
      0.0000
      0.0000
      0.0000
      0.0000
      0.0009
      0.0061
      0.0107
      0.0047
      0.0005
      0.0000
      0.0000
      0.0000
      5.8997
      2.9499
      0.3678
      0.0113
      0.0001
      0.0000
      0.0000
      0.0000
      0.0000
      0.0000
      0.0000
      0.0004
      0.0038
      0.0081
      0.0044
      0.0006
      0.0001
      0.0003
      0.0006
     47.3226
     23.6613
      2.9499
      0.0910
      0.0007
      0.0000
      0.0000
      0.0000
      0.0000
      0.0000
      0.0000
      0.0001
      0.0006
      0.0016
      0.0010
      0.0003
      0.0047
      0.0377
      0.0754
     94.6452
     47.3226
      5.8997
      0.1819
      0.0014
      0.0000
      0.0000
      0.0000
      0.0000
      0.0000
      0.0000
      0.0000
      0.0000
      0.0002
      0.0005
      0.0053
      0.1530
      1.2235
      2.4465
     47.3226
     23.6613
      2.9499
      0.0910
      0.0007
      0.0000
      0.0000
      0.0000
      0.0000
      0.0000
      0.0000
      0.0000
      0.0000
      0.0007
      0.0043
      0.0438
      1.2262
      9.8127
     19.6238
      5.8997
      2.9499
      0.3678
      0.0113
      0.0001
      0.0001
      0.0004
      0.0008
      0.0004
      0.0000
      0.0000
      0.0000
      0.0001
      0.0015
      0.0104
      0.0922
      2.4540
     19.6248
     39.2472
      0.1819
      0.0910
      0.0113
      0.0004
      0.0001
      0.0014
      0.0084
      0.0140
      0.0059
      0.0006
      0.0000
      0.0000
      0.0000
      0.0008
      0.0063
      0.0495
      1.2291
      9.8125
     19.6235
      0.0014
      0.0007
      0.0001
      0.0008
      0.0058
      0.0168
      0.0452
      0.0609
      0.0224
      0.0021
      0.0000
      0.0000
      0.0000
      0.0001
      0.0009
      0.0068
      0.1537
      1.2234
      2.4465
      0.0000
      0.0000
      0.0006
      0.0143
      0.0889
      0.1458
      0.1026
      0.0708
      0.0218
      0.0018
      0.0000
      0.0000
      0.0000
      0.0000
      0.0000
      0.0002
      0.0049
      0.0386
      0.0771
      0.0000
      0.0000
      0.0031
      0.0664
      0.3526
      0.4730
      0.1954
      0.0855
      0.0350
      0.0043
      0.0001
      0.0000
      0.0000
      0.0000
      0.0000
      0.0004
      0.0141
      0.1129
      0.2258
      0.0000
      0.0001
      0.0042
      0.0769
      0.3534
      0.4960
      0.9455
      1.7968
      0.9622
      0.1291
      0.0043
      0.0000
      0.0000
      0.0000
      0.0001
      0.0140
      0.4554
      3.6525
      7.3050
      0.0000
      0.0000
      0.0014
      0.0224
      0.1094
      0.8571
      6.6831
     14.3395
      7.7146
      1.0352
      0.0344
      0.0003
      0.0000
      0.0000
      0.0008
      0.1126
      3.6525
     29.2974
     58.5948
      0.0000
      0.0000
      0.0002
      0.0035
      0.0550
      1.5523
     13.3263
     28.6765
     15.4291
      2.0704
      0.0688
      0.0006
      0.0000
      0.0000
      0.0017
      0.2253
      7.3050
     58.5948
    117.1896
