      0.1195
      0.1307
      0.1568
      0.1839
      0.2066
      0.2299
      0.2571
      0.2832
      0.3042
      0.3222
      0.3332
      0.3197
      0.2678
      0.1878
      0.1077
      0.0500
      0.0189
      0.0062
      0.0031
      0.1196
      0.1295
      0.1522
      0.1747
      0.1923
      0.2103
      0.2326
      0.2556
      0.2765
      0.2974
      0.3142
      0.3089
      0.2661
      0.1925
      0.1145
      0.0554
      0.0219
      0.0075
      0.0039
      0.1206
      0.1268
      0.1400
      0.1504
      0.1557
      0.1619
      0.1739
      0.1907
      0.2119
      0.2405
      0.2727
      0.2901
      0.2715
      0.2146
      0.1403
      0.0752
      0.0332
      0.0130
      0.0074
      0.1353
      0.1348
      0.1316
      0.1236
      0.1139
      0.1091
      0.1132
      0.1263
      0.1498
      0.1887
      0.2421
      0.2918
      0.3077
      0.2728
      0.1996
      0.1199
      0.0602
      0.0279
      0.0184
      0.2091
      0.1957
      0.1615
      0.1215
      0.0903
      0.0756
      0.0770
      0.0907
      0.1176
      0.1663
      0.2424
      0.3295
      0.3869
      0.3780
      0.3036
      0.2022
      0.1172
      0.0682
      0.0533
      0.4250
      0.3849
      0.2874
      0.1818
      0.1073
      0.0745
      0.0728
      0.0874
      0.1149
      0.1679
      0.2610
      0.3829
      0.4844
      0.5093
      0.4444
      0.3329
      0.2343
      0.1785
      0.1623
      0.8554
      0.7680
      0.5573
      0.3325
      0.1759
      0.1047
      0.0909
      0.1010
      0.1224
      0.1695
      0.2660
      0.4090
      0.5498
      0.6224
      0.6032
      0.5354
      0.4829
      0.4686
      0.4699
      1.4614
      1.3097
      0.9447
      0.5556
      0.2830
      0.1531
      0.1163
      0.1152
      0.1243
      0.1564
      0.2404
      0.3852
      0.5565
      0.6985
      0.7914
      0.8755
      0.9966
      1.1301
      1.1908
      2.0279
      1.8170
      1.3096
      0.7686
      0.3885
      0.2039
      0.1453
      0.1330
      0.1287
      0.1408
      0.2013
      0.3340
      0.5325
      0.7738
      1.0620
      1.4389
      1.9070
      2.3375
      2.5171
      2.2632
      2.0285
      1.4647
      0.8667
      0.4519
      0.2576
      0.2018
      0.1895
      0.1727
      0.1581
      0.1855
      0.2984
      0.5255
      0.8891
      1.4324
      2.2056
      3.1518
      3.9941
      4.3390
      2.0279
      1.8203
      1.3248
      0.8101
      0.4744
      0.3467
      0.3378
      0.3422
      0.3065
      0.2457
      0.2196
      0.2977
      0.5413
      1.0117
      1.7883
      2.9291
      4.3211
      5.5473
      6.0462
      1.4614
      1.3187
      0.9863
      0.6669
      0.5088
      0.5205
      0.6007
      0.6302
      0.5549
      0.4134
      0.3008
      0.3154
      0.5364
      1.0410
      1.9214
      3.2333
      4.8303
      6.2296
      6.7969
      0.8554
      0.7865
      0.6420
      0.5537
      0.6126
      0.7955
      0.9774
      1.0204
      0.8767
      0.6228
      0.3981
      0.3224
      0.4722
      0.9108
      1.7152
      2.9258
      4.3968
      5.6806
      6.1999
      0.4250
      0.4161
      0.4271
      0.5372
      0.7880
      1.1195
      1.3770
      1.4067
      1.1771
      0.8070
      0.4741
      0.3065
      0.3602
      0.6677
      1.2758
      2.2079
      3.3444
      4.3354
      4.7357
      0.2091
      0.2391
      0.3530
      0.5974
      0.9782
      1.4040
      1.6966
      1.6968
      1.3918
      0.9329
      0.5210
      0.2825
      0.2515
      0.4331
      0.8537
      1.5318
      2.3776
      3.1223
      3.4243
      0.1353
      0.1859
      0.3550
      0.6717
      1.1225
      1.5997
      1.9141
      1.9019
      1.5552
      1.0399
      0.5712
      0.2794
      0.1910
      0.3033
      0.6467
      1.2546
      2.0503
      2.7680
      3.0619
      0.1206
      0.1794
      0.3701
      0.7165
      1.2029
      1.7228
      2.0813
      2.0967
      1.7426
      1.1846
      0.6575
      0.3124
      0.1869
      0.2896
      0.6765
      1.4107
      2.4071
      3.3224
      3.6999
      0.1196
      0.1799
      0.3746
      0.7296
      1.2377
      1.8014
      2.2203
      2.2848
      1.9388
      1.3436
      0.7577
      0.3615
      0.2114
      0.3327
      0.8108
      1.7383
      3.0127
      4.1905
      4.6775
      0.1195
      0.1796
      0.3740
      0.7304
      1.2469
      1.8314
      2.2798
      2.3689
      2.0279
      1.4162
      0.8037
      0.3851
      0.2255
      0.3580
      0.8806
      1.8986
      3.3003
      4.5974
      5.1340
