      0.3191
      0.3237
      0.3361
      0.3535
      0.3753
      0.4040
      0.4424
      0.4917
      0.5489
      0.6038
      0.6367
      0.6243
      0.5542
      0.4371
      0.3031
      0.1849
      0.1014
      0.0554
      0.0412
      0.3207
      0.3239
      0.3322
      0.3437
      0.3590
      0.3814
      0.4149
      0.4619
      0.5207
      0.5821
      0.6261
      0.6275
      0.5700
      0.4607
      0.3278
      0.2052
      0.1154
      0.0643
      0.0482
      0.3377
      0.3359
      0.3306
      0.3235
      0.3191
      0.3240
      0.3445
      0.3859
      0.4498
      0.5297
      0.6053
      0.6458
      0.6244
      0.5368
      0.4063
      0.2705
      0.1615
      0.0948
      0.0729
      0.4090
      0.3966
      0.3633
      0.3203
      0.2811
      0.2580
      0.2602
      0.2949
      0.3670
      0.4739
      0.5956
      0.6940
      0.7267
      0.6724
      0.5456
      0.3891
      0.2495
      0.1579
      0.1265
      0.5977
      0.5655
      0.4814
      0.3753
      0.2789
      0.2143
      0.1920
      0.2180
      0.2983
      0.4335
      0.6056
      0.7698
      0.8674
      0.8566
      0.7401
      0.5642
      0.3916
      0.2718
      0.2297
      0.9657
      0.9015
      0.7348
      0.5276
      0.3422
      0.2156
      0.1583
      0.1698
      0.2519
      0.4069
      0.6198
      0.8438
      1.0079
      1.0520
      0.9641
      0.7891
      0.6010
      0.4644
      0.4155
      1.5204
      1.4119
      1.1314
      0.7853
      0.4782
      0.2679
      0.1632
      0.1514
      0.2241
      0.3812
      0.6125
      0.8760
      1.0988
      1.2100
      1.1833
      1.0541
      0.8948
      0.7735
      0.7292
      2.1621
      2.0047
      1.5988
      1.1000
      0.6599
      0.3591
      0.2030
      0.1625
      0.2142
      0.3526
      0.5734
      0.8477
      1.1141
      1.3030
      1.3780
      1.3564
      1.2914
      1.2344
      1.2130
      2.6902
      2.4943
      1.9902
      1.3735
      0.8337
      0.4680
      0.2763
      0.2123
      0.2364
      0.3379
      0.5211
      0.7772
      1.0682
      1.3391
      1.5492
      1.6921
      1.7852
      1.8422
      1.8624
      2.8961
      2.6881
      2.1546
      1.5074
      0.9497
      0.5813
      0.3925
      0.3216
      0.3173
      0.3680
      0.4911
      0.7036
      0.9978
      1.3409
      1.6934
      2.0247
      2.3073
      2.5047
      2.5766
      2.6902
      2.5039
      2.0299
      1.4656
      0.9971
      0.7072
      0.5706
      0.5134
      0.4803
      0.4668
      0.5103
      0.6558
      0.9262
      1.3108
      1.7741
      2.2645
      2.7135
      3.0364
      3.1550
      2.1621
      2.0257
      1.6856
      1.3003
      1.0123
      0.8699
      0.8257
      0.7957
      0.7280
      0.6351
      0.5799
      0.6355
      0.8486
      1.2246
      1.7306
      2.3013
      2.8413
      3.2347
      3.3797
      1.5204
      1.4469
      1.2753
      1.1146
      1.0515
      1.0896
      1.1539
      1.1509
      1.0376
      0.8505
      0.6814
      0.6276
      0.7505
      1.0617
      1.5281
      2.0792
      2.6114
      3.0023
      3.1467
      0.9657
      0.9520
      0.9414
      0.9969
      1.1518
      1.3644
      1.5300
      1.5449
      1.3765
      1.0870
      0.7973
      0.6239
      0.6343
      0.8381
      1.1993
      1.6491
      2.0919
      2.4193
      2.5405
      0.5977
      0.6309
      0.7478
      0.9777
      1.3126
      1.6724
      1.9236
      1.9497
      1.7250
      1.3349
      0.9269
      0.6339
      0.5256
      0.6055
      0.8334
      1.1451
      1.4612
      1.6973
      1.7849
      0.4090
      0.4741
      0.6792
      1.0342
      1.5048
      1.9829
      2.3088
      2.3490
      2.0776
      1.5971
      1.0788
      0.6730
      0.4535
      0.4184
      0.5224
      0.7052
      0.9026
      1.0532
      1.1095
      0.3377
      0.4221
      0.6821
      1.1196
      1.6874
      2.2593
      2.6532
      2.7156
      2.4132
      1.8585
      1.2443
      0.7401
      0.4276
      0.3022
      0.3141
      0.4038
      0.5168
      0.6072
      0.6414
      0.3207
      0.4151
      0.7049
      1.1900
      1.8191
      2.4560
      2.9026
      2.9881
      2.6697
      2.0647
      1.3818
      0.8070
      0.4307
      0.2483
      0.2062
      0.2439
      0.3110
      0.3690
      0.3915
      0.3191
      0.4166
      0.7158
      1.2168
      1.8673
      2.5281
      2.9952
      3.0908
      2.7677
      2.1446
      1.4362
      0.8353
      0.4360
      0.2340
      0.1744
      0.1960
      0.2492
      0.2974
      0.3164
