      0.0496
      0.0661
      0.1000
      0.1184
      0.1042
      0.0738
      0.0515
      0.0407
      0.0320
      0.0227
      0.0162
      0.0128
      0.0095
      0.0056
      0.0024
      0.0008
      0.0002
      0.0000
      0.0000
      0.0528
      0.0681
      0.0986
      0.1125
      0.0958
      0.0656
      0.0444
      0.0345
      0.0272
      0.0199
      0.0155
      0.0136
      0.0114
      0.0076
      0.0038
      0.0014
      0.0004
      0.0001
      0.0000
      0.0559
      0.0675
      0.0883
      0.0924
      0.0726
      0.0458
      0.0285
      0.0213
      0.0174
      0.0150
      0.0161
      0.0201
      0.0220
      0.0185
      0.0113
      0.0050
      0.0016
      0.0004
      0.0001
      0.0604
      0.0647
      0.0698
      0.0628
      0.0438
      0.0249
      0.0145
      0.0113
      0.0113
      0.0148
      0.0258
      0.0437
      0.0578
      0.0555
      0.0381
      0.0186
      0.0065
      0.0017
      0.0006
      0.1369
      0.1220
      0.0874
      0.0517
      0.0261
      0.0129
      0.0092
      0.0104
      0.0137
      0.0231
      0.0490
      0.0939
      0.1352
      0.1396
      0.1025
      0.0535
      0.0204
      0.0067
      0.0036
      0.5450
      0.4608
      0.2790
      0.1222
      0.0409
      0.0153
      0.0140
      0.0188
      0.0234
      0.0358
      0.0765
      0.1548
      0.2363
      0.2584
      0.2015
      0.1143
      0.0523
      0.0273
      0.0223
      1.8128
      1.5252
      0.9081
      0.3830
      0.1176
      0.0355
      0.0260
      0.0310
      0.0334
      0.0427
      0.0872
      0.1839
      0.2962
      0.3436
      0.2898
      0.1931
      0.1332
      0.1254
      0.1310
      4.3148
      3.6290
      2.1580
      0.9071
      0.2741
      0.0725
      0.0379
      0.0377
      0.0351
      0.0372
      0.0710
      0.1557
      0.2662
      0.3343
      0.3284
      0.3166
      0.3900
      0.5287
      0.6015
      7.2566
      6.1031
      3.6289
      1.5244
      0.4570
      0.1109
      0.0421
      0.0335
      0.0271
      0.0238
      0.0415
      0.0951
      0.1769
      0.2595
      0.3615
      0.6059
      1.1070
      1.7133
      1.9986
      8.6281
      7.2566
      4.3147
      1.8121
      0.5413
      0.1257
      0.0382
      0.0248
      0.0179
      0.0129
      0.0187
      0.0448
      0.0985
      0.2032
      0.4726
      1.1703
      2.4860
      4.0092
      4.7151
      7.2566
      6.1033
      3.6298
      1.5267
      0.4603
      0.1130
      0.0404
      0.0285
      0.0206
      0.0126
      0.0102
      0.0209
      0.0613
      0.1945
      0.6365
      1.8300
      4.0780
      6.6735
      7.8753
      4.3148
      3.6303
      2.1644
      0.9246
      0.3068
      0.1161
      0.0803
      0.0679
      0.0484
      0.0268
      0.0131
      0.0143
      0.0474
      0.1894
      0.7006
      2.1107
      4.7846
      7.8813
      9.3170
      1.8128
      1.5306
      0.9350
      0.4558
      0.2524
      0.2162
      0.2072
      0.1692
      0.1102
      0.0559
      0.0226
      0.0131
      0.0351
      0.1490
      0.5726
      1.7541
      4.0063
      6.6221
      7.8365
      0.5450
      0.4768
      0.3581
      0.3297
      0.4089
      0.4859
      0.4639
      0.3489
      0.2082
      0.0979
      0.0359
      0.0133
      0.0212
      0.0891
      0.3496
      1.0824
      2.4848
      4.1172
      4.8758
      0.1369
      0.1557
      0.2513
      0.4713
      0.7479
      0.9066
      0.8425
      0.6179
      0.3646
      0.1717
      0.0628
      0.0187
      0.0132
      0.0515
      0.2151
      0.6875
      1.6004
      2.6668
      3.1631
      0.0604
      0.1145
      0.3103
      0.6730
      1.0879
      1.3346
      1.2940
      1.0275
      0.6693
      0.3457
      0.1354
      0.0399
      0.0177
      0.0647
      0.2988
      1.0007
      2.3745
      3.9866
      4.7378
      0.0559
      0.1200
      0.3437
      0.7487
      1.2369
      1.6285
      1.7888
      1.6455
      1.2157
      0.6843
      0.2824
      0.0852
      0.0360
      0.1315
      0.6233
      2.1104
      5.0294
      8.4582
     10.0564
      0.0528
      0.1114
      0.3130
      0.6867
      1.2011
      1.7758
      2.2490
      2.3303
      1.8571
      1.0894
      0.4593
      0.1401
      0.0594
      0.2178
      1.0355
      3.5096
      8.3677
     14.0748
     16.7351
      0.0496
      0.1031
      0.2867
      0.6348
      1.1553
      1.8202
      2.4518
      2.6482
      2.1584
      1.2802
      0.5426
      0.1660
      0.0705
      0.2587
      1.2300
      4.1692
      9.9407
     16.7209
     19.8813
