      0.1627
      0.1741
      0.1973
      0.2107
      0.2030
      0.1816
      0.1605
      0.1462
      0.1378
      0.1342
      0.1330
      0.1272
      0.1093
      0.0802
      0.0489
      0.0247
      0.0107
      0.0046
      0.0031
      0.1627
      0.1724
      0.1914
      0.2002
      0.1894
      0.1670
      0.1463
      0.1338
      0.1291
      0.1316
      0.1388
      0.1420
      0.1305
      0.1023
      0.0666
      0.0358
      0.0162
      0.0068
      0.0043
      0.1725
      0.1765
      0.1816
      0.1759
      0.1562
      0.1315
      0.1131
      0.1064
      0.1126
      0.1332
      0.1665
      0.1987
      0.2084
      0.1835
      0.1327
      0.0783
      0.0378
      0.0161
      0.0097
      0.2444
      0.2342
      0.2062
      0.1668
      0.1268
      0.0967
      0.0825
      0.0854
      0.1077
      0.1565
      0.2335
      0.3187
      0.3702
      0.3543
      0.2755
      0.1734
      0.0890
      0.0402
      0.0251
      0.5243
      0.4785
      0.3656
      0.2386
      0.1414
      0.0890
      0.0744
      0.0865
      0.1251
      0.2046
      0.3361
      0.4945
      0.6111
      0.6173
      0.5050
      0.3348
      0.1833
      0.0912
      0.0620
      1.2645
      1.1366
      0.8269
      0.4920
      0.2509
      0.1305
      0.0969
      0.1095
      0.1556
      0.2551
      0.4322
      0.6634
      0.8563
      0.9032
      0.7738
      0.5437
      0.3257
      0.1888
      0.1447
      2.6820
      2.4033
      1.7306
      1.0075
      0.4899
      0.2287
      0.1429
      0.1391
      0.1767
      0.2735
      0.4644
      0.7353
      0.9870
      1.0880
      0.9850
      0.7519
      0.5197
      0.3733
      0.3267
      4.6456
      4.1604
      2.9898
      1.7315
      0.8276
      0.3625
      0.1933
      0.1566
      0.1719
      0.2436
      0.4087
      0.6660
      0.9335
      1.0878
      1.0678
      0.9315
      0.7936
      0.7194
      0.7004
      6.4696
      5.7933
      4.1615
      2.4060
      1.1405
      0.4806
      0.2277
      0.1557
      0.1459
      0.1832
      0.2975
      0.4988
      0.7392
      0.9358
      1.0458
      1.1097
      1.1945
      1.2981
      1.3477
      7.2253
      6.4703
      4.6483
      2.6880
      1.2734
      0.5318
      0.2421
      0.1518
      0.1245
      0.1307
      0.1908
      0.3234
      0.5176
      0.7445
      1.0000
      1.3183
      1.7063
      2.0615
      2.2095
      6.4696
      5.7951
      4.1687
      2.4220
      1.1667
      0.5140
      0.2615
      0.1790
      0.1410
      0.1189
      0.1309
      0.2030
      0.3522
      0.5947
      0.9655
      1.5030
      2.1651
      2.7538
      2.9945
      4.6456
      4.1662
      3.0139
      1.7869
      0.9222
      0.4909
      0.3338
      0.2740
      0.2198
      0.1607
      0.1245
      0.1451
      0.2525
      0.4847
      0.8983
      1.5353
      2.3287
      3.0316
      3.3177
      2.6820
      2.4173
      1.7893
      1.1439
      0.7253
      0.5535
      0.5074
      0.4638
      0.3730
      0.2555
      0.1600
      0.1281
      0.1895
      0.3804
      0.7554
      1.3531
      2.1048
      2.7716
      3.0430
      1.2645
      1.1637
      0.9408
      0.7566
      0.7082
      0.7649
      0.8179
      0.7747
      0.6205
      0.4142
      0.2360
      0.1395
      0.1472
      0.2801
      0.5785
      1.0734
      1.7055
      2.2697
      2.4997
      0.5243
      0.5218
      0.5481
      0.6654
      0.8875
      1.1413
      1.2990
      1.2596
      1.0213
      0.6849
      0.3808
      0.1907
      0.1356
      0.2217
      0.4793
      0.9391
      1.5452
      2.0941
      2.3192
      0.2444
      0.2924
      0.4548
      0.7612
      1.1969
      1.6600
      1.9742
      1.9790
      1.6493
      1.1302
      0.6339
      0.3021
      0.1708
      0.2410
      0.5495
      1.1421
      1.9479
      2.6885
      2.9940
      0.1725
      0.2445
      0.4792
      0.9123
      1.5388
      2.2432
      2.7797
      2.8831
      2.4692
      1.7279
      0.9827
      0.4666
      0.2473
      0.3311
      0.7767
      1.6584
      2.8728
      3.9957
      4.4600
      0.1627
      0.2448
      0.5159
      1.0303
      1.8076
      2.7291
      3.4835
      3.6982
      3.2229
      2.2840
      1.3105
      0.6244
      0.3279
      0.4356
      1.0304
      2.2159
      3.8540
      5.3709
      5.9987
      0.1627
      0.2475
      0.5297
      1.0734
      1.9103
      2.9218
      3.7692
      4.0335
      3.5353
      2.5155
      1.4474
      0.6908
      0.3626
      0.4816
      1.1412
      2.4572
      4.2766
      5.9621
      6.6596
