      0.0000
      0.0000
      0.0000
      0.0000
      0.0000
      0.0000
      0.0000
      0.0000
      0.0000
      0.0000
      0.0000
      0.0000
      0.0000
      0.0000
      0.0000
      0.0000
      0.0000
      0.0000
      0.0000
      0.0000
      0.0000
      0.0000
      0.0000
      0.0000
      0.0000
      0.0000
      0.0000
      0.0000
      0.0000
      0.0000
      0.0000
      0.0000
      0.0000
      0.0000
      0.0000
      0.0000
      0.0000
      0.0000
      0.0000
      0.0000
      0.0000
      0.0000
      0.0000
      0.0000
      0.0000
      0.0000
      0.0000
      0.0000
      0.0000
      0.0000
      0.0000
      0.0000
      0.0000
      0.0000
      0.0000
      0.0000
      0.0000
      0.0000
      0.0000
      0.0000
      0.0000
      0.0000
      0.0000
      0.0000
      0.0000
      0.0000
      0.0000
      0.0000
      0.0000
      0.0000
      0.0000
      0.0000
      0.0000
      0.0000
      0.0000
      0.0000
      0.0000
      0.0000
      0.0000
      0.0000
      0.0000
      0.0000
      0.0000
      0.0000
      0.0000
      0.0000
      0.0000
      0.0000
      0.0002
      0.0002
      0.0001
      0.0000
      0.0000
      0.0000
      0.0000
      0.0018
      0.0009
      0.0001
      0.0000
      0.0000
      0.0000
      0.0000
      0.0000
      0.0000
      0.0000
      0.0000
      0.0003
      0.0018
      0.0026
      0.0009
      0.0001
      0.0000
      0.0000
      0.0000
      0.2346
      0.1173
      0.0146
      0.0005
      0.0000
      0.0000
      0.0000
      0.0000
      0.0000
      0.0000
      0.0000
      0.0006
      0.0045
      0.0079
      0.0035
      0.0004
      0.0000
      0.0000
      0.0000
      7.6088
      3.8044
      0.4743
      0.0146
      0.0001
      0.0000
      0.0000
      0.0000
      0.0000
      0.0000
      0.0000
      0.0003
      0.0028
      0.0060
      0.0032
      0.0004
      0.0000
      0.0002
      0.0004
     61.0319
     30.5159
      3.8044
      0.1173
      0.0009
      0.0000
      0.0000
      0.0000
      0.0000
      0.0000
      0.0000
      0.0000
      0.0004
      0.0012
      0.0009
      0.0004
      0.0031
      0.0247
      0.0493
    122.0637
     61.0319
      7.6088
      0.2346
      0.0018
      0.0000
      0.0000
      0.0000
      0.0000
      0.0000
      0.0000
      0.0000
      0.0001
      0.0013
      0.0061
      0.0106
      0.1021
      0.7993
      1.5979
     61.0319
     30.5159
      3.8044
      0.1173
      0.0009
      0.0000
      0.0001
      0.0002
      0.0001
      0.0000
      0.0000
      0.0000
      0.0004
      0.0101
      0.0587
      0.1096
      0.8302
      6.4117
     12.8172
      7.6088
      3.8044
      0.4743
      0.0146
      0.0001
      0.0008
      0.0061
      0.0116
      0.0055
      0.0007
      0.0000
      0.0000
      0.0008
      0.0210
      0.1427
      0.2898
      1.6998
     12.8279
     25.6344
      0.2346
      0.1173
      0.0146
      0.0005
      0.0007
      0.0180
      0.1202
      0.2017
      0.0846
      0.0089
      0.0002
      0.0000
      0.0003
      0.0110
      0.0867
      0.1950
      0.8828
      6.4188
     12.8175
      0.0018
      0.0009
      0.0001
      0.0005
      0.0075
      0.1053
      0.5921
      0.8741
      0.3239
      0.0299
      0.0007
      0.0000
      0.0000
      0.0014
      0.0131
      0.0332
      0.1169
      0.8014
      1.5980
      0.0000
      0.0000
      0.0004
      0.0089
      0.0611
      0.2218
      0.7544
      0.9490
      0.3098
      0.0252
      0.0005
      0.0000
      0.0000
      0.0000
      0.0005
      0.0014
      0.0041
      0.0256
      0.0510
      0.0000
      0.0000
      0.0019
      0.0411
      0.2203
      0.3382
      0.3353
      0.3042
      0.0960
      0.0083
      0.0002
      0.0000
      0.0000
      0.0000
      0.0000
      0.0004
      0.0141
      0.1127
      0.2254
      0.0000
      0.0000
      0.0026
      0.0475
      0.2189
      0.3220
      0.7004
      1.3421
      0.7147
      0.0956
      0.0032
      0.0000
      0.0000
      0.0000
      0.0001
      0.0140
      0.4549
      3.6487
      7.2974
      0.0000
      0.0000
      0.0009
      0.0139
      0.0702
      0.6227
      4.9328
     10.5887
      5.6967
      0.7644
      0.0254
      0.0002
      0.0000
      0.0000
      0.0008
      0.1125
      3.6487
     29.2667
     58.5335
      0.0000
      0.0000
      0.0001
      0.0022
      0.0393
      1.1452
      9.8402
     21.1754
     11.3932
      1.5289
      0.0508
      0.0004
      0.0000
      0.0000
      0.0017
      0.2250
      7.2974
     58.5335
    117.0669
