      0.4922
      0.4990
      0.5094
      0.5032
      0.4683
      0.4126
      0.3591
      0.3302
      0.3347
      0.3631
      0.3920
      0.3957
      0.3596
      0.2887
      0.2034
      0.1262
      0.0710
      0.0404
      0.0309
      0.4871
      0.4918
      0.4973
      0.4857
      0.4478
      0.3925
      0.3419
      0.3174
      0.3271
      0.3618
      0.3986
      0.4107
      0.3818
      0.3142
      0.2272
      0.1447
      0.0833
      0.0479
      0.0366
      0.4827
      0.4813
      0.4717
      0.4444
      0.3975
      0.3430
      0.3010
      0.2889
      0.3129
      0.3647
      0.4231
      0.4595
      0.4513
      0.3933
      0.3015
      0.2034
      0.1231
      0.0733
      0.0568
      0.5158
      0.5034
      0.4670
      0.4115
      0.3479
      0.2927
      0.2620
      0.2666
      0.3094
      0.3841
      0.4724
      0.5445
      0.5683
      0.5266
      0.4292
      0.3075
      0.1976
      0.1246
      0.0995
      0.6493
      0.6189
      0.5383
      0.4345
      0.3385
      0.2734
      0.2498
      0.2682
      0.3266
      0.4212
      0.5394
      0.6515
      0.7153
      0.6987
      0.6009
      0.4561
      0.3132
      0.2131
      0.1776
      0.9484
      0.8901
      0.7398
      0.5566
      0.4004
      0.3052
      0.2742
      0.2945
      0.3565
      0.4590
      0.5971
      0.7444
      0.8516
      0.8712
      0.7891
      0.6369
      0.4730
      0.3524
      0.3087
      1.4271
      1.3304
      1.0833
      0.7863
      0.5372
      0.3849
      0.3252
      0.3298
      0.3788
      0.4720
      0.6129
      0.7823
      0.9299
      0.9974
      0.9571
      0.8311
      0.6776
      0.5583
      0.5141
      1.9967
      1.8573
      1.5015
      1.0742
      0.7139
      0.4867
      0.3821
      0.3564
      0.3786
      0.4474
      0.5732
      0.7469
      0.9254
      1.0492
      1.0795
      1.0234
      0.9260
      0.8417
      0.8092
      2.4717
      2.2982
      1.8552
      1.3223
      0.8700
      0.5775
      0.4300
      0.3719
      0.3628
      0.3988
      0.4956
      0.6561
      0.8517
      1.0315
      1.1526
      1.2039
      1.2059
      1.1907
      1.1828
      2.6579
      2.4731
      2.0017
      1.4354
      0.9546
      0.6411
      0.4760
      0.3974
      0.3605
      0.3606
      0.4186
      0.5505
      0.7461
      0.9704
      1.1824
      1.3544
      1.4769
      1.5499
      1.5743
      2.4717
      2.3059
      1.8845
      1.3830
      0.9637
      0.6949
      0.5512
      0.4699
      0.4088
      0.3682
      0.3772
      0.4655
      0.6413
      0.8864
      1.1656
      1.4393
      1.6706
      1.8265
      1.8817
      1.9967
      1.8758
      1.5728
      1.2234
      0.9473
      0.7834
      0.6952
      0.6224
      0.5329
      0.4398
      0.3860
      0.4152
      0.5500
      0.7853
      1.0922
      1.4249
      1.7277
      1.9415
      2.0189
      1.4271
      1.3644
      1.2153
      1.0647
      0.9764
      0.9502
      0.9327
      0.8669
      0.7359
      0.5734
      0.4412
      0.3969
      0.4731
      0.6721
      0.9704
      1.3212
      1.6580
      1.9040
      1.9946
      0.9484
      0.9431
      0.9466
      0.9949
      1.0967
      1.2095
      1.2597
      1.1914
      1.0048
      0.7578
      0.5346
      0.4076
      0.4166
      0.5692
      0.8468
      1.2043
      1.5677
      1.8426
      1.9455
      0.6493
      0.6912
      0.8209
      1.0366
      1.3017
      1.5365
      1.6459
      1.5703
      1.3227
      0.9844
      0.6638
      0.4510
      0.3958
      0.5128
      0.7905
      1.1855
      1.6110
      1.9444
      2.0712
      0.5158
      0.5911
      0.8116
      1.1512
      1.5433
      1.8801
      2.0454
      1.9692
      1.6687
      1.2432
      0.8263
      0.5303
      0.4216
      0.5275
      0.8465
      1.3349
      1.8834
      2.3235
      2.4930
      0.4827
      0.5786
      0.8564
      1.2782
      1.7617
      2.1815
      2.4022
      2.3383
      2.0020
      1.5040
      1.0012
      0.6318
      0.4836
      0.6009
      0.9941
      1.6171
      2.3305
      2.9097
      3.1339
      0.4871
      0.5936
      0.9017
      1.3698
      1.9100
      2.3876
      2.6537
      2.6075
      2.2531
      1.7066
      1.1423
      0.7203
      0.5475
      0.6837
      1.1490
      1.8941
      2.7536
      3.4544
      3.7262
      0.4922
      0.6018
      0.9194
      1.4024
      1.9621
      2.4610
      2.7451
      2.7072
      2.3477
      1.7840
      1.1972
      0.7558
      0.5746
      0.7196
      1.2147
      2.0093
      2.9274
      3.6769
      3.9677
