      0.0018
      0.0043
      0.0106
      0.0144
      0.0106
      0.0042
      0.0010
      0.0004
      0.0013
      0.0055
      0.0136
      0.0182
      0.0132
      0.0052
      0.0011
      0.0001
      0.0000
      0.0000
      0.0000
      0.0025
      0.0055
      0.0122
      0.0151
      0.0102
      0.0038
      0.0008
      0.0003
      0.0010
      0.0045
      0.0120
      0.0173
      0.0137
      0.0059
      0.0014
      0.0002
      0.0000
      0.0000
      0.0000
      0.0033
      0.0064
      0.0121
      0.0130
      0.0076
      0.0024
      0.0005
      0.0001
      0.0005
      0.0025
      0.0076
      0.0132
      0.0127
      0.0068
      0.0021
      0.0004
      0.0000
      0.0000
      0.0000
      0.0026
      0.0044
      0.0072
      0.0067
      0.0034
      0.0009
      0.0002
      0.0000
      0.0002
      0.0011
      0.0048
      0.0122
      0.0180
      0.0153
      0.0073
      0.0020
      0.0003
      0.0000
      0.0000
      0.0036
      0.0035
      0.0030
      0.0021
      0.0009
      0.0002
      0.0000
      0.0000
      0.0001
      0.0014
      0.0093
      0.0333
      0.0651
      0.0691
      0.0398
      0.0124
      0.0021
      0.0002
      0.0000
      0.0431
      0.0318
      0.0129
      0.0030
      0.0004
      0.0001
      0.0001
      0.0001
      0.0003
      0.0027
      0.0202
      0.0813
      0.1766
      0.2073
      0.1314
      0.0450
      0.0083
      0.0009
      0.0002
      0.3765
      0.2767
      0.1097
      0.0234
      0.0027
      0.0002
      0.0002
      0.0003
      0.0004
      0.0031
      0.0251
      0.1109
      0.2643
      0.3400
      0.2365
      0.0892
      0.0191
      0.0042
      0.0031
      1.7658
      1.2978
      0.5146
      0.1097
      0.0125
      0.0009
      0.0003
      0.0004
      0.0004
      0.0020
      0.0169
      0.0821
      0.2149
      0.3050
      0.2369
      0.1056
      0.0405
      0.0394
      0.0479
      4.4531
      3.2729
      1.2978
      0.2767
      0.0316
      0.0021
      0.0005
      0.0005
      0.0004
      0.0008
      0.0063
      0.0341
      0.1028
      0.1781
      0.1900
      0.1550
      0.1825
      0.3213
      0.4152
      6.0590
      4.4531
      1.7658
      0.3765
      0.0432
      0.0039
      0.0037
      0.0053
      0.0043
      0.0020
      0.0021
      0.0130
      0.0639
      0.1978
      0.3794
      0.5175
      0.8103
      1.4952
      1.9397
      4.4531
      3.2729
      1.2978
      0.2771
      0.0353
      0.0198
      0.0465
      0.0652
      0.0495
      0.0203
      0.0055
      0.0145
      0.1032
      0.4156
      0.9387
      1.3836
      2.1198
      3.7916
      4.8909
      1.7658
      1.2978
      0.5150
      0.1138
      0.0434
      0.1357
      0.3276
      0.4336
      0.3111
      0.1206
      0.0262
      0.0188
      0.1301
      0.5679
      1.3723
      2.0937
      3.0717
      5.2332
      6.6783
      0.3765
      0.2769
      0.1128
      0.0482
      0.1492
      0.5602
      1.2502
      1.5510
      1.0496
      0.3844
      0.0763
      0.0184
      0.0911
      0.4245
      1.0933
      1.7338
      2.4490
      3.9366
      4.9470
      0.0431
      0.0334
      0.0302
      0.1064
      0.4378
      1.3366
      2.6315
      3.0149
      1.9157
      0.6622
      0.1235
      0.0159
      0.0348
      0.1714
      0.4712
      0.7814
      1.0743
      1.6227
      1.9997
      0.0036
      0.0097
      0.0640
      0.2963
      0.8995
      1.9998
      3.2148
      3.2964
      1.9536
      0.6395
      0.1135
      0.0115
      0.0075
      0.0373
      0.1108
      0.2029
      0.3160
      0.5122
      0.6394
      0.0026
      0.0176
      0.1293
      0.5298
      1.2957
      2.1764
      2.8223
      2.6521
      1.5626
      0.5292
      0.0995
      0.0103
      0.0013
      0.0051
      0.0265
      0.1379
      0.5632
      1.3804
      1.8697
      0.0033
      0.0215
      0.1471
      0.5602
      1.2995
      2.2710
      3.4876
      4.0119
      2.8209
      1.1129
      0.2395
      0.0278
      0.0019
      0.0040
      0.0613
      0.5318
      2.4889
      6.2738
      8.5355
      0.0025
      0.0151
      0.0975
      0.3731
      1.0658
      2.8969
      6.3184
      8.5006
      6.3810
      2.6042
      0.5727
      0.0674
      0.0045
      0.0093
      0.1523
      1.3369
      6.2710
     15.8146
     21.5177
      0.0018
      0.0101
      0.0633
      0.2592
      0.9644
      3.4029
      8.2279
     11.3877
      8.6179
      3.5279
      0.7770
      0.0915
      0.0061
      0.0127
      0.2072
      1.8189
      8.5324
     21.5176
     29.2773
