      0.0007
      0.0018
      0.0044
      0.0060
      0.0044
      0.0018
      0.0006
      0.0005
      0.0013
      0.0050
      0.0123
      0.0164
      0.0119
      0.0047
      0.0010
      0.0001
      0.0000
      0.0000
      0.0000
      0.0011
      0.0023
      0.0051
      0.0063
      0.0042
      0.0016
      0.0005
      0.0004
      0.0010
      0.0041
      0.0108
      0.0156
      0.0124
      0.0053
      0.0012
      0.0002
      0.0000
      0.0000
      0.0000
      0.0014
      0.0026
      0.0050
      0.0054
      0.0031
      0.0010
      0.0002
      0.0002
      0.0005
      0.0022
      0.0068
      0.0116
      0.0110
      0.0058
      0.0017
      0.0003
      0.0000
      0.0000
      0.0000
      0.0014
      0.0021
      0.0031
      0.0028
      0.0014
      0.0004
      0.0001
      0.0000
      0.0001
      0.0009
      0.0036
      0.0087
      0.0120
      0.0096
      0.0044
      0.0012
      0.0002
      0.0000
      0.0000
      0.0121
      0.0092
      0.0043
      0.0015
      0.0004
      0.0001
      0.0000
      0.0000
      0.0001
      0.0009
      0.0054
      0.0190
      0.0368
      0.0388
      0.0223
      0.0069
      0.0012
      0.0001
      0.0000
      0.1929
      0.1419
      0.0564
      0.0121
      0.0014
      0.0001
      0.0001
      0.0001
      0.0002
      0.0016
      0.0113
      0.0453
      0.0985
      0.1155
      0.0732
      0.0251
      0.0047
      0.0006
      0.0002
      1.6927
      1.2440
      0.4933
      0.1052
      0.0120
      0.0008
      0.0002
      0.0003
      0.0004
      0.0018
      0.0140
      0.0618
      0.1473
      0.1895
      0.1319
      0.0500
      0.0117
      0.0050
      0.0054
      7.9400
      5.8355
      2.3140
      0.4933
      0.0562
      0.0035
      0.0004
      0.0004
      0.0004
      0.0012
      0.0094
      0.0458
      0.1201
      0.1712
      0.1345
      0.0644
      0.0411
      0.0668
      0.0877
     20.0237
     14.7165
      5.8355
      1.2440
      0.1418
      0.0087
      0.0007
      0.0005
      0.0004
      0.0005
      0.0035
      0.0195
      0.0605
      0.1107
      0.1308
      0.1404
      0.2681
      0.5751
      0.7676
     27.2447
     20.0237
      7.9400
      1.6927
      0.1931
      0.0129
      0.0037
      0.0048
      0.0039
      0.0017
      0.0015
      0.0093
      0.0500
      0.1656
      0.3392
      0.5633
      1.2514
      2.7006
      3.6007
     20.0237
     14.7165
      5.8356
      1.2444
      0.1451
      0.0246
      0.0421
      0.0588
      0.0446
      0.0183
      0.0049
      0.0128
      0.0921
      0.3741
      0.8725
      1.5210
      3.2514
      6.8480
      9.0929
      7.9400
      5.8356
      2.3142
      0.4966
      0.0830
      0.1236
      0.2942
      0.3904
      0.2804
      0.1087
      0.0236
      0.0169
      0.1173
      0.5142
      1.2791
      2.2729
      4.6121
      9.4013
     12.4061
      1.6927
      1.2442
      0.4950
      0.1227
      0.1316
      0.4884
      1.1143
      1.3932
      0.9452
      0.3464
      0.0688
      0.0166
      0.0822
      0.3846
      1.0179
      1.8511
      3.5706
      6.9994
      9.1598
      0.1929
      0.1426
      0.0647
      0.0724
      0.3162
      1.1016
      2.2993
      2.6895
      1.7206
      0.5960
      0.1112
      0.0143
      0.0314
      0.1553
      0.4379
      0.8197
      1.5114
      2.8348
      3.6706
      0.0121
      0.0119
      0.0312
      0.1459
      0.5364
      1.4647
      2.6625
      2.8683
      1.7261
      0.5666
      0.1003
      0.0101
      0.0067
      0.0338
      0.1029
      0.2097
      0.4106
      0.7792
      1.0085
      0.0014
      0.0076
      0.0549
      0.2357
      0.6499
      1.3242
      2.0222
      2.0332
      1.2043
      0.3998
      0.0730
      0.0073
      0.0011
      0.0048
      0.0263
      0.1456
      0.6079
      1.4971
      2.0293
      0.0014
      0.0089
      0.0615
      0.2407
      0.6029
      1.2024
      2.0291
      2.3850
      1.6638
      0.6480
      0.1379
      0.0158
      0.0011
      0.0042
      0.0652
      0.5666
      2.6525
      6.6865
      9.0972
      0.0011
      0.0063
      0.0409
      0.1630
      0.5157
      1.5488
      3.5064
      4.7518
      3.5677
      1.4547
      0.3197
      0.0376
      0.0027
      0.0099
      0.1623
      1.4245
      6.6820
     16.8512
     22.9281
      0.0007
      0.0042
      0.0268
      0.1176
      0.4920
      1.8561
      4.5677
      6.3430
      4.8024
      1.9659
      0.4330
      0.0510
      0.0036
      0.0134
      0.2208
      1.9382
      9.0916
     22.9279
     31.1963
