      0.0019
      0.0044
      0.0109
      0.0148
      0.0109
      0.0045
      0.0013
      0.0007
      0.0007
      0.0012
      0.0026
      0.0035
      0.0025
      0.0010
      0.0002
      0.0000
      0.0000
      0.0000
      0.0000
      0.0026
      0.0057
      0.0126
      0.0156
      0.0105
      0.0040
      0.0011
      0.0005
      0.0005
      0.0010
      0.0024
      0.0034
      0.0028
      0.0012
      0.0003
      0.0000
      0.0000
      0.0000
      0.0000
      0.0034
      0.0066
      0.0125
      0.0134
      0.0078
      0.0025
      0.0006
      0.0002
      0.0002
      0.0006
      0.0019
      0.0038
      0.0046
      0.0032
      0.0013
      0.0003
      0.0000
      0.0000
      0.0000
      0.0028
      0.0046
      0.0074
      0.0069
      0.0035
      0.0010
      0.0002
      0.0001
      0.0001
      0.0008
      0.0043
      0.0137
      0.0240
      0.0230
      0.0120
      0.0034
      0.0005
      0.0000
      0.0000
      0.0085
      0.0071
      0.0045
      0.0024
      0.0009
      0.0002
      0.0000
      0.0000
      0.0002
      0.0024
      0.0163
      0.0599
      0.1186
      0.1270
      0.0735
      0.0229
      0.0038
      0.0003
      0.0000
      0.1240
      0.0913
      0.0365
      0.0080
      0.0010
      0.0001
      0.0000
      0.0000
      0.0004
      0.0050
      0.0374
      0.1511
      0.3287
      0.3859
      0.2448
      0.0837
      0.0155
      0.0017
      0.0004
      1.0859
      0.7981
      0.3165
      0.0675
      0.0077
      0.0005
      0.0001
      0.0001
      0.0004
      0.0057
      0.0466
      0.2066
      0.4923
      0.6331
      0.4400
      0.1657
      0.0362
      0.0104
      0.0096
      5.0938
      3.7438
      1.4845
      0.3165
      0.0361
      0.0022
      0.0001
      0.0001
      0.0003
      0.0035
      0.0314
      0.1526
      0.3985
      0.5619
      0.4300
      0.1881
      0.0861
      0.1170
      0.1518
     12.8461
      9.4413
      3.7438
      0.7981
      0.0909
      0.0055
      0.0003
      0.0001
      0.0001
      0.0012
      0.0114
      0.0611
      0.1758
      0.2760
      0.2492
      0.2060
      0.4305
      0.9835
      1.3235
     17.4786
     12.8461
      5.0938
      1.0859
      0.1238
      0.0077
      0.0009
      0.0010
      0.0008
      0.0006
      0.0024
      0.0142
      0.0491
      0.1038
      0.1782
      0.5105
      1.8891
      4.5804
      6.1930
     12.8461
      9.4413
      3.7438
      0.7982
      0.0917
      0.0091
      0.0092
      0.0126
      0.0095
      0.0039
      0.0013
      0.0041
      0.0247
      0.0961
      0.3016
      1.2092
      4.7217
     11.5215
     15.5956
      5.0938
      3.7438
      1.4847
      0.3179
      0.0438
      0.0307
      0.0651
      0.0842
      0.0600
      0.0232
      0.0050
      0.0037
      0.0256
      0.1191
      0.4110
      1.6598
      6.4265
     15.6618
     21.2023
      1.0859
      0.7983
      0.3188
      0.0805
      0.0572
      0.1378
      0.2626
      0.3072
      0.2038
      0.0742
      0.0147
      0.0035
      0.0177
      0.0881
      0.3155
      1.2491
      4.7457
     11.5139
     15.5783
      0.1240
      0.0928
      0.0522
      0.0846
      0.2221
      0.4362
      0.6353
      0.6342
      0.3838
      0.1308
      0.0244
      0.0031
      0.0068
      0.0354
      0.1319
      0.5117
      1.8984
      4.5740
      6.1816
      0.0085
      0.0134
      0.0644
      0.2670
      0.6492
      0.9888
      1.0848
      0.8987
      0.5021
      0.1671
      0.0311
      0.0033
      0.0015
      0.0077
      0.0301
      0.1164
      0.4233
      1.0124
      1.3663
      0.0028
      0.0181
      0.1312
      0.5219
      1.1816
      1.7211
      1.9801
      1.8845
      1.2288
      0.4711
      0.0999
      0.0115
      0.0009
      0.0011
      0.0066
      0.0397
      0.1702
      0.4214
      0.5718
      0.0034
      0.0221
      0.1515
      0.5835
      1.4267
      2.8608
      5.1216
      6.4522
      4.7597
      1.9332
      0.4244
      0.0499
      0.0031
      0.0010
      0.0142
      0.1237
      0.5789
      1.4594
      1.9856
      0.0026
      0.0156
      0.1027
      0.4250
      1.4755
      4.8366
     11.3717
     15.6259
     11.8061
      4.8314
      1.0641
      0.1253
      0.0079
      0.0024
      0.0353
      0.3097
      1.4527
      3.6636
      4.9847
      0.0019
      0.0105
      0.0686
      0.3250
      1.5223
      6.0749
     15.1793
     21.1607
     16.0409
      6.5699
      1.4474
      0.1705
      0.0107
      0.0032
      0.0480
      0.4214
      1.9765
      4.9845
      6.7820
