      0.2263
      0.2445
      0.2797
      0.2915
      0.2562
      0.1871
      0.1202
      0.0864
      0.0959
      0.1376
      0.1845
      0.2062
      0.1872
      0.1372
      0.0813
      0.0392
      0.0159
      0.0063
      0.0040
      0.2277
      0.2433
      0.2721
      0.2777
      0.2401
      0.1732
      0.1107
      0.0803
      0.0912
      0.1336
      0.1833
      0.2107
      0.1980
      0.1513
      0.0940
      0.0477
      0.0203
      0.0081
      0.0049
      0.2422
      0.2493
      0.2581
      0.2449
      0.2002
      0.1392
      0.0886
      0.0679
      0.0834
      0.1298
      0.1899
      0.2360
      0.2428
      0.2049
      0.1414
      0.0796
      0.0369
      0.0152
      0.0090
      0.3311
      0.3193
      0.2840
      0.2286
      0.1637
      0.1061
      0.0699
      0.0625
      0.0864
      0.1426
      0.2240
      0.3047
      0.3460
      0.3224
      0.2444
      0.1503
      0.0753
      0.0329
      0.0199
      0.6759
      0.6186
      0.4758
      0.3116
      0.1800
      0.1017
      0.0712
      0.0750
      0.1079
      0.1774
      0.2887
      0.4187
      0.5103
      0.5095
      0.4127
      0.2704
      0.1446
      0.0679
      0.0434
      1.5939
      1.4335
      1.0445
      0.6215
      0.3129
      0.1534
      0.1015
      0.1050
      0.1402
      0.2173
      0.3547
      0.5347
      0.6847
      0.7194
      0.6139
      0.4258
      0.2440
      0.1263
      0.0873
      3.3594
      3.0105
      2.1678
      1.2603
      0.6074
      0.2730
      0.1565
      0.1399
      0.1642
      0.2339
      0.3770
      0.5854
      0.7827
      0.8632
      0.7779
      0.5770
      0.3626
      0.2146
      0.1637
      5.8096
      5.2027
      3.7380
      2.1620
      1.0268
      0.4382
      0.2190
      0.1642
      0.1660
      0.2133
      0.3358
      0.5370
      0.7536
      0.8811
      0.8529
      0.6944
      0.4964
      0.3469
      0.2929
      8.0874
      7.2418
      5.2010
      3.0045
      1.4193
      0.5901
      0.2701
      0.1758
      0.1535
      0.1722
      0.2570
      0.4226
      0.6311
      0.7997
      0.8553
      0.7886
      0.6568
      0.5388
      0.4927
      9.0314
      8.0877
      5.8105
      3.3610
      1.5945
      0.6708
      0.3121
      0.2002
      0.1597
      0.1490
      0.1903
      0.3094
      0.4965
      0.6976
      0.8412
      0.8847
      0.8431
      0.7757
      0.7446
      8.0874
      7.2451
      5.2154
      3.0395
      1.4835
      0.6850
      0.3846
      0.2863
      0.2289
      0.1800
      0.1708
      0.2404
      0.4005
      0.6193
      0.8292
      0.9635
      1.0026
      0.9847
      0.9693
      5.8096
      5.2128
      3.7814
      2.2670
      1.2174
      0.7160
      0.5489
      0.4795
      0.3895
      0.2785
      0.2020
      0.2136
      0.3353
      0.5454
      0.7797
      0.9622
      1.0532
      1.0727
      1.0707
      3.3594
      3.0335
      2.2662
      1.4940
      1.0222
      0.8634
      0.8427
      0.7861
      0.6320
      0.4285
      0.2646
      0.2061
      0.2734
      0.4442
      0.6614
      0.8551
      0.9796
      1.0351
      1.0485
      1.5939
      1.4761
      1.2238
      1.0395
      1.0380
      1.1612
      1.2483
      1.1713
      0.9234
      0.6057
      0.3421
      0.2066
      0.2107
      0.3285
      0.5173
      0.7282
      0.9162
      1.0458
      1.0922
      0.6759
      0.6828
      0.7446
      0.9315
      1.2415
      1.5599
      1.7180
      1.6077
      1.2589
      0.8180
      0.4452
      0.2271
      0.1702
      0.2505
      0.4508
      0.7562
      1.1175
      1.4253
      1.5482
      0.3311
      0.4000
      0.6224
      1.0115
      1.5131
      1.9796
      2.2212
      2.1121
      1.6829
      1.1120
      0.6075
      0.2895
      0.1756
      0.2542
      0.5466
      1.0827
      1.7942
      2.4401
      2.7053
      0.2422
      0.3364
      0.6276
      1.1167
      1.7436
      2.3546
      2.7283
      2.6815
      2.2053
      1.4983
      0.8352
      0.3957
      0.2254
      0.3347
      0.7917
      1.6755
      2.8845
      3.9993
      4.4598
      0.2277
      0.3291
      0.6424
      1.1754
      1.8846
      2.6243
      3.1415
      3.1835
      2.6874
      1.8646
      1.0559
      0.5041
      0.2865
      0.4344
      1.0566
      2.2734
      3.9494
      5.5002
      6.1417
      0.2263
      0.3285
      0.6458
      1.1909
      1.9306
      2.7246
      3.3060
      3.3903
      2.8894
      2.0194
      1.1497
      0.5508
      0.3139
      0.4790
      1.1712
      2.5275
      4.3976
      6.1292
      6.8457
