      0.0236
      0.0305
      0.0448
      0.0528
      0.0479
      0.0380
      0.0334
      0.0363
      0.0478
      0.0728
      0.1051
      0.1195
      0.0994
      0.0591
      0.0250
      0.0075
      0.0016
      0.0002
      0.0001
      0.0248
      0.0313
      0.0442
      0.0503
      0.0441
      0.0337
      0.0287
      0.0308
      0.0410
      0.0645
      0.0966
      0.1148
      0.1006
      0.0638
      0.0291
      0.0096
      0.0023
      0.0004
      0.0001
      0.0267
      0.0316
      0.0403
      0.0419
      0.0337
      0.0234
      0.0182
      0.0190
      0.0271
      0.0483
      0.0832
      0.1150
      0.1193
      0.0912
      0.0510
      0.0207
      0.0061
      0.0013
      0.0004
      0.0367
      0.0372
      0.0364
      0.0308
      0.0212
      0.0128
      0.0090
      0.0097
      0.0175
      0.0420
      0.0940
      0.1635
      0.2093
      0.1938
      0.1290
      0.0614
      0.0208
      0.0051
      0.0017
      0.1243
      0.1078
      0.0711
      0.0370
      0.0162
      0.0072
      0.0051
      0.0072
      0.0177
      0.0550
      0.1486
      0.2986
      0.4305
      0.4417
      0.3218
      0.1663
      0.0612
      0.0170
      0.0069
      0.5459
      0.4603
      0.2762
      0.1184
      0.0372
      0.0108
      0.0070
      0.0104
      0.0239
      0.0760
      0.2203
      0.4757
      0.7329
      0.8007
      0.6202
      0.3420
      0.1381
      0.0480
      0.0271
      1.8333
      1.5422
      0.9176
      0.3858
      0.1159
      0.0288
      0.0133
      0.0155
      0.0279
      0.0821
      0.2466
      0.5621
      0.9154
      1.0582
      0.8717
      0.5235
      0.2554
      0.1414
      0.1183
      4.3670
      3.6729
      2.1838
      0.9168
      0.2733
      0.0635
      0.0215
      0.0187
      0.0255
      0.0649
      0.1990
      0.4785
      0.8271
      1.0223
      0.9222
      0.6607
      0.4852
      0.4676
      0.4898
      7.3449
      6.1774
      3.6728
      1.5417
      0.4588
      0.1044
      0.0311
      0.0226
      0.0230
      0.0409
      0.1187
      0.3027
      0.5701
      0.7917
      0.8644
      0.8893
      1.0762
      1.4125
      1.5914
      8.7331
      7.3449
      4.3672
      1.8346
      0.5507
      0.1365
      0.0582
      0.0525
      0.0458
      0.0396
      0.0659
      0.1679
      0.3703
      0.6448
      0.9628
      1.4409
      2.2739
      3.2798
      3.7605
      7.3449
      6.1777
      3.6750
      1.5520
      0.4926
      0.1836
      0.1643
      0.1818
      0.1544
      0.0983
      0.0680
      0.1195
      0.3084
      0.6751
      1.2568
      2.2133
      3.7534
      5.5114
      6.3347
      4.3670
      3.6742
      2.1931
      0.9561
      0.3939
      0.3332
      0.4567
      0.5203
      0.4290
      0.2542
      0.1237
      0.1183
      0.2933
      0.7093
      1.4331
      2.6344
      4.5090
      6.6039
      7.5777
      1.8333
      1.5465
      0.9448
      0.4913
      0.4150
      0.6574
      0.9790
      1.0848
      0.8634
      0.4909
      0.2094
      0.1199
      0.2353
      0.5845
      1.2228
      2.2764
      3.8763
      5.6333
      6.4447
      0.5459
      0.4706
      0.3372
      0.3323
      0.5902
      1.0902
      1.5755
      1.6758
      1.2873
      0.7079
      0.2825
      0.1112
      0.1433
      0.3502
      0.7533
      1.4210
      2.4136
      3.4852
      3.9766
      0.1243
      0.1268
      0.1770
      0.3787
      0.8296
      1.4933
      2.0694
      2.1389
      1.6147
      0.8782
      0.3431
      0.1074
      0.0713
      0.1555
      0.3558
      0.7195
      1.2818
      1.8922
      2.1715
      0.0367
      0.0638
      0.1811
      0.4838
      1.0749
      1.9279
      2.7032
      2.8632
      2.2312
      1.2575
      0.5075
      0.1491
      0.0474
      0.0703
      0.2088
      0.5600
      1.1994
      1.9321
      2.2714
      0.0267
      0.0606
      0.2024
      0.5748
      1.3642
      2.6419
      3.9838
      4.4888
      3.6824
      2.1675
      0.9076
      0.2699
      0.0665
      0.0712
      0.2837
      0.9285
      2.1840
      3.6543
      4.3390
      0.0248
      0.0583
      0.2054
      0.6370
      1.6764
      3.5418
      5.6743
      6.6518
      5.6034
      3.3611
      1.4276
      0.4285
      0.1030
      0.1053
      0.4449
      1.4998
      3.5713
      6.0040
      7.1379
      0.0236
      0.0558
      0.2028
      0.6608
      1.8237
      3.9825
      6.5062
      7.7126
      6.5405
      3.9401
      1.6785
      0.5049
      0.1213
      0.1238
      0.5259
      1.7772
      4.2363
      7.1251
      8.4717
