      0.1007
      0.1347
      0.2045
      0.2402
      0.2028
      0.1237
      0.0595
      0.0373
      0.0599
      0.1237
      0.2010
      0.2359
      0.1967
      0.1162
      0.0484
      0.0142
      0.0029
      0.0004
      0.0001
      0.1074
      0.1392
      0.2021
      0.2288
      0.1872
      0.1111
      0.0520
      0.0318
      0.0514
      0.1082
      0.1800
      0.2171
      0.1870
      0.1146
      0.0498
      0.0153
      0.0033
      0.0005
      0.0001
      0.1121
      0.1368
      0.1807
      0.1885
      0.1432
      0.0793
      0.0346
      0.0199
      0.0327
      0.0726
      0.1288
      0.1673
      0.1565
      0.1050
      0.0504
      0.0173
      0.0042
      0.0007
      0.0002
      0.0965
      0.1103
      0.1307
      0.1238
      0.0860
      0.0437
      0.0175
      0.0095
      0.0161
      0.0388
      0.0760
      0.1106
      0.1171
      0.0899
      0.0498
      0.0199
      0.0058
      0.0013
      0.0004
      0.0812
      0.0828
      0.0807
      0.0651
      0.0400
      0.0186
      0.0075
      0.0049
      0.0083
      0.0203
      0.0451
      0.0773
      0.0977
      0.0898
      0.0599
      0.0291
      0.0105
      0.0032
      0.0016
      0.1421
      0.1247
      0.0850
      0.0459
      0.0202
      0.0082
      0.0049
      0.0054
      0.0076
      0.0154
      0.0365
      0.0730
      0.1083
      0.1161
      0.0905
      0.0526
      0.0249
      0.0122
      0.0090
      0.4044
      0.3414
      0.2056
      0.0888
      0.0286
      0.0092
      0.0068
      0.0081
      0.0094
      0.0148
      0.0349
      0.0767
      0.1270
      0.1546
      0.1418
      0.1051
      0.0724
      0.0555
      0.0510
      0.9468
      0.7965
      0.4741
      0.1997
      0.0610
      0.0173
      0.0105
      0.0112
      0.0110
      0.0135
      0.0304
      0.0740
      0.1427
      0.2113
      0.2493
      0.2509
      0.2371
      0.2284
      0.2266
      1.5897
      1.3370
      0.7952
      0.3347
      0.1028
      0.0310
      0.0213
      0.0228
      0.0203
      0.0174
      0.0292
      0.0797
      0.1928
      0.3625
      0.5338
      0.6461
      0.6976
      0.7251
      0.7371
      1.8898
      1.5896
      0.9461
      0.4018
      0.1351
      0.0677
      0.0781
      0.0917
      0.0802
      0.0542
      0.0487
      0.1157
      0.3201
      0.6847
      1.1070
      1.4231
      1.5911
      1.6846
      1.7232
      1.5897
      1.3379
      0.8010
      0.3595
      0.1795
      0.2055
      0.3090
      0.3638
      0.3086
      0.1909
      0.1132
      0.1747
      0.4803
      1.0789
      1.8103
      2.3761
      2.6730
      2.8260
      2.8871
      0.9468
      0.8006
      0.4999
      0.2988
      0.3418
      0.6129
      0.9413
      1.0671
      0.8706
      0.5111
      0.2435
      0.2235
      0.5476
      1.2601
      2.1713
      2.8936
      3.2567
      3.4133
      3.4697
      0.4044
      0.3561
      0.2907
      0.3802
      0.7680
      1.4395
      2.0887
      2.2438
      1.7503
      0.9827
      0.4155
      0.2364
      0.4550
      1.0572
      1.8714
      2.5386
      2.8632
      2.9704
      2.9996
      0.1421
      0.1638
      0.2964
      0.6982
      1.4907
      2.5565
      3.3974
      3.4078
      2.5207
      1.3522
      0.5311
      0.2106
      0.2761
      0.6324
      1.1532
      1.6041
      1.8322
      1.8997
      1.9127
      0.0812
      0.1591
      0.4723
      1.1746
      2.2782
      3.4648
      4.1349
      3.8104
      2.6443
      1.3497
      0.5018
      0.1576
      0.1259
      0.2719
      0.5199
      0.7744
      0.9639
      1.0826
      1.1269
      0.0965
      0.2174
      0.6627
      1.5402
      2.6965
      3.6494
      3.8921
      3.2690
      2.1196
      1.0320
      0.3692
      0.1020
      0.0480
      0.0942
      0.2187
      0.4432
      0.7811
      1.1405
      1.3035
      0.1121
      0.2454
      0.7096
      1.5415
      2.4886
      3.0787
      3.0145
      2.3743
      1.4875
      0.7192
      0.2600
      0.0702
      0.0232
      0.0499
      0.1874
      0.5721
      1.3037
      2.1538
      2.5488
      0.1074
      0.2247
      0.6149
      1.2641
      1.9321
      2.2844
      2.1925
      1.7563
      1.1553
      0.5962
      0.2309
      0.0659
      0.0215
      0.0577
      0.2643
      0.8863
      2.1040
      3.5329
      4.1987
      0.1007
      0.2058
      0.5475
      1.0965
      1.6407
      1.9253
      1.8789
      1.5666
      1.0823
      0.5841
      0.2346
      0.0689
      0.0232
      0.0660
      0.3093
      1.0462
      2.4926
      4.1914
      4.9832
