      0.0019
      0.0045
      0.0112
      0.0152
      0.0112
      0.0046
      0.0016
      0.0011
      0.0016
      0.0047
      0.0111
      0.0148
      0.0108
      0.0042
      0.0009
      0.0001
      0.0000
      0.0000
      0.0000
      0.0027
      0.0058
      0.0129
      0.0160
      0.0108
      0.0041
      0.0013
      0.0008
      0.0012
      0.0039
      0.0098
      0.0141
      0.0111
      0.0048
      0.0011
      0.0001
      0.0000
      0.0000
      0.0000
      0.0035
      0.0067
      0.0128
      0.0137
      0.0080
      0.0026
      0.0006
      0.0003
      0.0006
      0.0021
      0.0061
      0.0103
      0.0096
      0.0050
      0.0014
      0.0002
      0.0000
      0.0000
      0.0000
      0.0027
      0.0046
      0.0075
      0.0071
      0.0036
      0.0010
      0.0002
      0.0001
      0.0002
      0.0008
      0.0028
      0.0063
      0.0082
      0.0061
      0.0026
      0.0007
      0.0001
      0.0000
      0.0000
      0.0027
      0.0029
      0.0029
      0.0021
      0.0009
      0.0002
      0.0000
      0.0000
      0.0001
      0.0005
      0.0030
      0.0102
      0.0194
      0.0203
      0.0115
      0.0036
      0.0006
      0.0001
      0.0000
      0.0270
      0.0200
      0.0082
      0.0020
      0.0003
      0.0000
      0.0000
      0.0000
      0.0001
      0.0008
      0.0058
      0.0233
      0.0506
      0.0593
      0.0376
      0.0129
      0.0025
      0.0006
      0.0005
      0.2348
      0.1726
      0.0685
      0.0146
      0.0017
      0.0001
      0.0000
      0.0000
      0.0001
      0.0009
      0.0072
      0.0317
      0.0755
      0.0972
      0.0679
      0.0267
      0.0096
      0.0109
      0.0140
      1.1013
      0.8094
      0.3209
      0.0684
      0.0078
      0.0005
      0.0000
      0.0000
      0.0001
      0.0005
      0.0048
      0.0235
      0.0620
      0.0893
      0.0734
      0.0487
      0.0784
      0.1716
      0.2301
      2.7773
      2.0412
      0.8094
      0.1725
      0.0197
      0.0012
      0.0002
      0.0002
      0.0002
      0.0003
      0.0019
      0.0105
      0.0344
      0.0698
      0.1041
      0.2044
      0.6338
      1.4951
      2.0155
      3.7788
      2.7773
      1.1013
      0.2348
      0.0270
      0.0027
      0.0029
      0.0043
      0.0034
      0.0015
      0.0010
      0.0069
      0.0406
      0.1452
      0.3489
      0.9074
      2.9583
      7.0020
      9.4447
      2.7773
      2.0412
      0.8094
      0.1729
      0.0227
      0.0158
      0.0378
      0.0531
      0.0403
      0.0166
      0.0044
      0.0114
      0.0828
      0.3446
      0.9045
      2.3651
      7.5165
     17.6670
     23.8116
      1.1013
      0.8094
      0.3213
      0.0720
      0.0334
      0.1111
      0.2673
      0.3533
      0.2534
      0.0982
      0.0213
      0.0153
      0.1062
      0.4740
      1.3097
      3.3860
     10.3710
     24.0905
     32.4116
      0.2348
      0.1728
      0.0714
      0.0372
      0.1271
      0.4646
      1.0243
      1.2654
      0.8552
      0.3130
      0.0622
      0.0150
      0.0745
      0.3541
      1.0310
      2.6452
      7.7740
     17.7748
     23.8489
      0.0270
      0.0217
      0.0259
      0.1025
      0.3956
      1.1386
      2.1765
      2.4658
      1.5608
      0.5387
      0.1004
      0.0129
      0.0285
      0.1429
      0.4393
      1.1243
      3.1631
      7.0910
      9.4782
      0.0027
      0.0094
      0.0663
      0.3011
      0.8649
      1.7802
      2.6945
      2.6796
      1.5659
      0.5083
      0.0895
      0.0090
      0.0061
      0.0310
      0.1010
      0.2603
      0.7032
      1.5414
      2.0504
      0.0027
      0.0185
      0.1356
      0.5478
      1.2834
      1.9530
      2.2062
      1.8444
      0.9999
      0.3161
      0.0555
      0.0054
      0.0009
      0.0037
      0.0139
      0.0448
      0.1423
      0.3263
      0.4371
      0.0035
      0.0226
      0.1540
      0.5723
      1.2090
      1.6365
      1.7487
      1.5672
      0.9788
      0.3636
      0.0754
      0.0085
      0.0006
      0.0006
      0.0076
      0.0619
      0.2854
      0.7174
      0.9756
      0.0027
      0.0159
      0.1005
      0.3533
      0.7599
      1.2946
      2.0856
      2.5392
      1.8554
      0.7508
      0.1645
      0.0193
      0.0012
      0.0011
      0.0172
      0.1507
      0.7068
      1.7825
      2.4253
      0.0019
      0.0106
      0.0637
      0.2192
      0.5256
      1.2071
      2.4732
      3.2905
      2.4691
      1.0087
      0.2220
      0.0261
      0.0017
      0.0015
      0.0234
      0.2050
      0.9615
      2.4248
      3.2993
