      0.3247
      0.3573
      0.4227
      0.4546
      0.4141
      0.3201
      0.2245
      0.1675
      0.1593
      0.1859
      0.2189
      0.2278
      0.1978
      0.1400
      0.0800
      0.0368
      0.0139
      0.0048
      0.0026
      0.3245
      0.3530
      0.4087
      0.4310
      0.3864
      0.2950
      0.2050
      0.1527
      0.1462
      0.1723
      0.2052
      0.2165
      0.1911
      0.1380
      0.0807
      0.0382
      0.0148
      0.0052
      0.0029
      0.3210
      0.3386
      0.3686
      0.3671
      0.3144
      0.2321
      0.1587
      0.1194
      0.1173
      0.1414
      0.1725
      0.1883
      0.1738
      0.1326
      0.0827
      0.0420
      0.0177
      0.0067
      0.0038
      0.3323
      0.3333
      0.3255
      0.2913
      0.2300
      0.1627
      0.1132
      0.0920
      0.0953
      0.1147
      0.1399
      0.1574
      0.1542
      0.1272
      0.0871
      0.0495
      0.0239
      0.0110
      0.0073
      0.4476
      0.4216
      0.3524
      0.2626
      0.1788
      0.1209
      0.0943
      0.0906
      0.0974
      0.1082
      0.1225
      0.1371
      0.1422
      0.1291
      0.0999
      0.0665
      0.0402
      0.0253
      0.0207
      0.8345
      0.7573
      0.5682
      0.3594
      0.2057
      0.1296
      0.1115
      0.1174
      0.1220
      0.1199
      0.1202
      0.1300
      0.1429
      0.1455
      0.1319
      0.1084
      0.0862
      0.0723
      0.0677
      1.6391
      1.4720
      1.0687
      0.6365
      0.3326
      0.1897
      0.1541
      0.1553
      0.1501
      0.1329
      0.1210
      0.1295
      0.1556
      0.1837
      0.2009
      0.2061
      0.2058
      0.2050
      0.2049
      2.7875
      2.4981
      1.8012
      1.0569
      0.5326
      0.2781
      0.1989
      0.1816
      0.1621
      0.1328
      0.1155
      0.1311
      0.1820
      0.2553
      0.3339
      0.4064
      0.4666
      0.5080
      0.5230
      3.8658
      3.4634
      2.4942
      1.4583
      0.7244
      0.3585
      0.2310
      0.1918
      0.1600
      0.1244
      0.1088
      0.1395
      0.2285
      0.3709
      0.5498
      0.7414
      0.9175
      1.0450
      1.0920
      4.3142
      3.8658
      2.7866
      1.6345
      0.8195
      0.4125
      0.2674
      0.2183
      0.1773
      0.1340
      0.1169
      0.1613
      0.2921
      0.5166
      0.8200
      1.1671
      1.5025
      1.7532
      1.8472
      3.8658
      3.4679
      2.5135
      1.5040
      0.8053
      0.4737
      0.3659
      0.3229
      0.2652
      0.1946
      0.1540
      0.1929
      0.3486
      0.6374
      1.0467
      1.5328
      2.0172
      2.3871
      2.5273
      2.7875
      2.5122
      1.8610
      1.1973
      0.7786
      0.6237
      0.5970
      0.5595
      0.4566
      0.3197
      0.2193
      0.2201
      0.3637
      0.6658
      1.1136
      1.6603
      2.2170
      2.6486
      2.8135
      1.6391
      1.5048
      1.2060
      0.9531
      0.8742
      0.9302
      0.9825
      0.9181
      0.7252
      0.4823
      0.2926
      0.2287
      0.3229
      0.5807
      0.9875
      1.5020
      2.0399
      2.4644
      2.6280
      0.8345
      0.8179
      0.8183
      0.9230
      1.1409
      1.3635
      1.4413
      1.2971
      0.9792
      0.6188
      0.3420
      0.2141
      0.2475
      0.4358
      0.7708
      1.2295
      1.7394
      2.1585
      2.3232
      0.4476
      0.5116
      0.7189
      1.0704
      1.4792
      1.7748
      1.8064
      1.5483
      1.1135
      0.6705
      0.3458
      0.1836
      0.1779
      0.3243
      0.6436
      1.1498
      1.7754
      2.3232
      2.5447
      0.3323
      0.4413
      0.7610
      1.2346
      1.7102
      1.9856
      1.9322
      1.5809
      1.0888
      0.6305
      0.3110
      0.1524
      0.1454
      0.3139
      0.7398
      1.4985
      2.5074
      3.4263
      3.8040
      0.3210
      0.4458
      0.7984
      1.2871
      1.7322
      1.9375
      1.8143
      1.4336
      0.9602
      0.5455
      0.2658
      0.1330
      0.1535
      0.4017
      1.0460
      2.2396
      3.8654
      5.3644
      5.9837
      0.3245
      0.4480
      0.7886
      1.2394
      1.6201
      1.7601
      1.6068
      1.2472
      0.8293
      0.4730
      0.2347
      0.1271
      0.1796
      0.5170
      1.3874
      3.0139
      5.2417
      7.3018
      8.1540
      0.3247
      0.4453
      0.7745
      1.2022
      1.5518
      1.6665
      1.5080
      1.1656
      0.7763
      0.4461
      0.2245
      0.1268
      0.1931
      0.5692
      1.5364
      3.3461
      5.8272
      8.1228
      9.0726
