      0.0013
      0.0030
      0.0075
      0.0102
      0.0075
      0.0031
      0.0009
      0.0005
      0.0006
      0.0013
      0.0031
      0.0041
      0.0030
      0.0012
      0.0002
      0.0000
      0.0000
      0.0000
      0.0000
      0.0018
      0.0039
      0.0086
      0.0107
      0.0072
      0.0027
      0.0007
      0.0004
      0.0004
      0.0011
      0.0027
      0.0040
      0.0032
      0.0014
      0.0004
      0.0000
      0.0000
      0.0000
      0.0000
      0.0024
      0.0045
      0.0086
      0.0092
      0.0053
      0.0017
      0.0004
      0.0001
      0.0002
      0.0007
      0.0021
      0.0042
      0.0049
      0.0033
      0.0013
      0.0003
      0.0000
      0.0000
      0.0000
      0.0021
      0.0033
      0.0051
      0.0047
      0.0024
      0.0007
      0.0001
      0.0000
      0.0001
      0.0008
      0.0043
      0.0135
      0.0235
      0.0224
      0.0117
      0.0033
      0.0005
      0.0000
      0.0000
      0.0113
      0.0089
      0.0047
      0.0020
      0.0007
      0.0002
      0.0000
      0.0000
      0.0002
      0.0023
      0.0158
      0.0582
      0.1152
      0.1233
      0.0713
      0.0222
      0.0037
      0.0003
      0.0000
      0.1758
      0.1293
      0.0515
      0.0111
      0.0013
      0.0001
      0.0000
      0.0001
      0.0004
      0.0049
      0.0363
      0.1467
      0.3191
      0.3746
      0.2376
      0.0813
      0.0150
      0.0016
      0.0003
      1.5415
      1.1329
      0.4493
      0.0958
      0.0109
      0.0007
      0.0002
      0.0002
      0.0006
      0.0056
      0.0453
      0.2005
      0.4779
      0.6146
      0.4271
      0.1606
      0.0342
      0.0080
      0.0065
      7.2307
      5.3142
      2.1073
      0.4492
      0.0512
      0.0032
      0.0003
      0.0003
      0.0004
      0.0035
      0.0305
      0.1481
      0.3869
      0.5455
      0.4171
      0.1793
      0.0694
      0.0792
      0.1009
     18.2349
     13.4019
      5.3142
      1.1329
      0.1291
      0.0079
      0.0005
      0.0003
      0.0003
      0.0012
      0.0111
      0.0593
      0.1710
      0.2688
      0.2402
      0.1741
      0.2969
      0.6547
      0.8786
     24.8109
     18.2349
      7.2307
      1.5415
      0.1757
      0.0109
      0.0012
      0.0013
      0.0010
      0.0006
      0.0024
      0.0140
      0.0492
      0.1055
      0.1691
      0.3834
      1.2772
      3.0462
      4.1109
     18.2349
     13.4019
      5.3143
      1.1330
      0.1300
      0.0119
      0.0107
      0.0147
      0.0111
      0.0046
      0.0014
      0.0045
      0.0277
      0.1062
      0.2894
      0.9062
      3.1987
      7.6665
     10.3541
      7.2307
      5.3143
      2.1074
      0.4505
      0.0591
      0.0349
      0.0748
      0.0978
      0.0699
      0.0271
      0.0059
      0.0043
      0.0297
      0.1339
      0.4010
      1.2632
      4.3742
     10.4312
     14.0807
      1.5415
      1.1331
      0.4509
      0.1061
      0.0561
      0.1435
      0.2935
      0.3535
      0.2369
      0.0865
      0.0172
      0.0041
      0.0206
      0.0994
      0.3119
      0.9673
      3.2496
      7.6787
     10.3507
      0.1758
      0.1304
      0.0625
      0.0670
      0.1785
      0.4041
      0.6674
      0.7112
      0.4413
      0.1516
      0.0283
      0.0036
      0.0079
      0.0401
      0.1319
      0.4041
      1.3119
      3.0620
      4.1184
      0.0113
      0.0133
      0.0461
      0.1881
      0.4789
      0.8104
      1.0259
      0.9424
      0.5493
      0.1845
      0.0343
      0.0036
      0.0018
      0.0088
      0.0313
      0.1019
      0.3351
      0.7809
      1.0494
      0.0021
      0.0126
      0.0904
      0.3634
      0.8522
      1.3580
      1.7728
      1.8248
      1.2179
      0.4677
      0.0989
      0.0113
      0.0009
      0.0017
      0.0144
      0.1049
      0.4736
      1.1853
      1.6108
      0.0024
      0.0152
      0.1047
      0.4123
      1.0848
      2.4663
      4.8073
      6.2262
      4.6216
      1.8789
      0.4125
      0.0485
      0.0031
      0.0032
      0.0504
      0.4409
      2.0671
      5.2123
      7.0918
      0.0018
      0.0108
      0.0721
      0.3193
      1.2625
      4.5290
     10.9527
     15.1460
     11.4582
      4.6901
      1.0330
      0.1217
      0.0078
      0.0079
      0.1265
      1.1102
      5.2078
     13.1333
     17.8695
      0.0013
      0.0073
      0.0492
      0.2603
      1.3832
      5.8098
     14.6917
     20.5299
     15.5698
      6.3775
      1.4050
      0.1655
      0.0107
      0.0107
      0.1721
      1.5105
      7.0857
     17.8693
     24.3134
