      0.2420
      0.2607
      0.2982
      0.3176
      0.2986
      0.2526
      0.2053
      0.1715
      0.1516
      0.1422
      0.1385
      0.1318
      0.1135
      0.0837
      0.0514
      0.0260
      0.0112
      0.0047
      0.0030
      0.2403
      0.2564
      0.2878
      0.3008
      0.2781
      0.2320
      0.1867
      0.1562
      0.1414
      0.1396
      0.1458
      0.1496
      0.1386
      0.1096
      0.0720
      0.0389
      0.0175
      0.0073
      0.0044
      0.2406
      0.2493
      0.2628
      0.2580
      0.2261
      0.1807
      0.1420
      0.1212
      0.1206
      0.1410
      0.1784
      0.2163
      0.2297
      0.2040
      0.1485
      0.0879
      0.0426
      0.0181
      0.0108
      0.2842
      0.2781
      0.2571
      0.2191
      0.1704
      0.1251
      0.0958
      0.0888
      0.1088
      0.1636
      0.2538
      0.3545
      0.4168
      0.4013
      0.3132
      0.1975
      0.1015
      0.0459
      0.0287
      0.4968
      0.4585
      0.3619
      0.2481
      0.1535
      0.0944
      0.0700
      0.0755
      0.1160
      0.2096
      0.3665
      0.5547
      0.6935
      0.7039
      0.5772
      0.3834
      0.2103
      0.1049
      0.0714
      1.0989
      0.9903
      0.7262
      0.4373
      0.2239
      0.1109
      0.0731
      0.0816
      0.1337
      0.2553
      0.4701
      0.7459
      0.9743
      1.0323
      0.8867
      0.6245
      0.3750
      0.2178
      0.1670
      2.2798
      2.0437
      1.4730
      0.8571
      0.4118
      0.1810
      0.0998
      0.0955
      0.1431
      0.2674
      0.5029
      0.8271
      1.1242
      1.2453
      1.1310
      0.8663
      0.6004
      0.4313
      0.3770
      3.9297
      3.5192
      2.5282
      1.4608
      0.6897
      0.2871
      0.1360
      0.1046
      0.1329
      0.2326
      0.4404
      0.7490
      1.0637
      1.2462
      1.2285
      1.0757
      0.9173
      0.8291
      0.8056
      5.4669
      4.8951
      3.5148
      2.0279
      0.9524
      0.3867
      0.1668
      0.1064
      0.1104
      0.1711
      0.3183
      0.5597
      0.8411
      1.0711
      1.2026
      1.2798
      1.3752
      1.4882
      1.5418
      6.1044
      5.4663
      3.9263
      2.2683
      1.0695
      0.4386
      0.1906
      0.1152
      0.0995
      0.1213
      0.2018
      0.3600
      0.5846
      0.8463
      1.1423
      1.5089
      1.9493
      2.3477
      2.5127
      5.4669
      4.8977
      3.5256
      2.0528
      0.9952
      0.4455
      0.2323
      0.1618
      0.1296
      0.1143
      0.1358
      0.2212
      0.3903
      0.6650
      1.0876
      1.7001
      2.4502
      3.1134
      3.3834
      3.9297
      3.5275
      2.5628
      1.5403
      0.8256
      0.4727
      0.3423
      0.2842
      0.2255
      0.1634
      0.1279
      0.1531
      0.2719
      0.5298
      0.9938
      1.7118
      2.6055
      3.3950
      3.7157
      2.2798
      2.0638
      1.5564
      1.0473
      0.7330
      0.6146
      0.5776
      0.5182
      0.4056
      0.2714
      0.1670
      0.1328
      0.1984
      0.4049
      0.8155
      1.4742
      2.3039
      3.0394
      3.3384
      1.0989
      1.0296
      0.8884
      0.8046
      0.8398
      0.9374
      0.9836
      0.9016
      0.7005
      0.4564
      0.2549
      0.1467
      0.1502
      0.2845
      0.5898
      1.0973
      1.7451
      2.3224
      2.5576
      0.4968
      0.5210
      0.6210
      0.8378
      1.1502
      1.4495
      1.5929
      1.4933
      1.1786
      0.7751
      0.4244
      0.2069
      0.1346
      0.2001
      0.4177
      0.8056
      1.3134
      1.7711
      1.9585
      0.2842
      0.3610
      0.6052
      1.0274
      1.5752
      2.1036
      2.4125
      2.3487
      1.9167
      1.2953
      0.7191
      0.3350
      0.1654
      0.1815
      0.3783
      0.7680
      1.2967
      1.7810
      1.9805
      0.2406
      0.3440
      0.6688
      1.2328
      1.9945
      2.7936
      3.3518
      3.3969
      2.8653
      1.9863
      1.1218
      0.5216
      0.2369
      0.2238
      0.4664
      0.9785
      1.6878
      2.3435
      2.6145
      0.2403
      0.3545
      0.7183
      1.3707
      2.2993
      3.3431
      4.1510
      4.3269
      3.7286
      2.6248
      1.4982
      0.6996
      0.3129
      0.2850
      0.5946
      1.2603
      2.1878
      3.0474
      3.4031
      0.2420
      0.3590
      0.7340
      1.4170
      2.4108
      3.5562
      4.4715
      4.7069
      4.0848
      2.8898
      1.6549
      0.7743
      0.3457
      0.3132
      0.6538
      1.3884
      2.4129
      3.3630
      3.7562
