      0.0000
      0.0000
      0.0000
      0.0000
      0.0000
      0.0000
      0.0000
      0.0000
      0.0000
      0.0000
      0.0000
      0.0000
      0.0000
      0.0000
      0.0000
      0.0000
      0.0000
      0.0000
      0.0000
      0.0000
      0.0000
      0.0000
      0.0000
      0.0000
      0.0000
      0.0000
      0.0000
      0.0000
      0.0000
      0.0000
      0.0000
      0.0000
      0.0000
      0.0000
      0.0000
      0.0000
      0.0000
      0.0000
      0.0000
      0.0000
      0.0000
      0.0000
      0.0000
      0.0000
      0.0000
      0.0000
      0.0000
      0.0000
      0.0000
      0.0000
      0.0000
      0.0000
      0.0000
      0.0000
      0.0000
      0.0000
      0.0000
      0.0000
      0.0000
      0.0000
      0.0000
      0.0000
      0.0000
      0.0000
      0.0000
      0.0000
      0.0000
      0.0000
      0.0000
      0.0000
      0.0000
      0.0000
      0.0000
      0.0000
      0.0000
      0.0000
      0.0000
      0.0000
      0.0000
      0.0000
      0.0000
      0.0000
      0.0000
      0.0000
      0.0000
      0.0000
      0.0000
      0.0000
      0.0002
      0.0002
      0.0001
      0.0000
      0.0000
      0.0000
      0.0000
      0.0017
      0.0008
      0.0001
      0.0000
      0.0000
      0.0000
      0.0000
      0.0000
      0.0000
      0.0000
      0.0000
      0.0003
      0.0020
      0.0029
      0.0010
      0.0001
      0.0000
      0.0000
      0.0000
      0.2230
      0.1115
      0.0139
      0.0004
      0.0000
      0.0000
      0.0000
      0.0000
      0.0000
      0.0000
      0.0000
      0.0007
      0.0049
      0.0087
      0.0038
      0.0004
      0.0000
      0.0000
      0.0000
      7.2322
      3.6161
      0.4508
      0.0139
      0.0001
      0.0000
      0.0000
      0.0000
      0.0000
      0.0000
      0.0000
      0.0004
      0.0031
      0.0066
      0.0036
      0.0005
      0.0000
      0.0001
      0.0002
     58.0106
     29.0053
      3.6161
      0.1115
      0.0008
      0.0000
      0.0000
      0.0000
      0.0000
      0.0000
      0.0000
      0.0000
      0.0005
      0.0013
      0.0010
      0.0004
      0.0018
      0.0137
      0.0273
    116.0212
     58.0106
      7.2322
      0.2230
      0.0017
      0.0000
      0.0000
      0.0000
      0.0000
      0.0000
      0.0000
      0.0000
      0.0001
      0.0017
      0.0084
      0.0121
      0.0587
      0.4437
      0.8866
     58.0106
     29.0053
      3.6161
      0.1115
      0.0008
      0.0000
      0.0001
      0.0002
      0.0001
      0.0000
      0.0000
      0.0000
      0.0006
      0.0140
      0.0812
      0.1314
      0.4864
      3.5599
      7.1114
      7.2322
      3.6161
      0.4508
      0.0139
      0.0001
      0.0011
      0.0084
      0.0160
      0.0076
      0.0009
      0.0000
      0.0000
      0.0011
      0.0291
      0.1974
      0.3607
      1.0277
      7.1262
     14.2229
      0.2230
      0.1115
      0.0139
      0.0004
      0.0010
      0.0249
      0.1666
      0.2795
      0.1173
      0.0123
      0.0003
      0.0000
      0.0005
      0.0152
      0.1200
      0.2497
      0.5595
      3.5698
      7.1119
      0.0017
      0.0008
      0.0001
      0.0006
      0.0094
      0.1441
      0.8197
      1.2113
      0.4488
      0.0414
      0.0009
      0.0000
      0.0001
      0.0020
      0.0182
      0.0434
      0.0792
      0.4467
      0.8868
      0.0000
      0.0000
      0.0004
      0.0096
      0.0678
      0.2812
      1.0354
      1.3141
      0.4293
      0.0350
      0.0007
      0.0000
      0.0000
      0.0001
      0.0007
      0.0019
      0.0030
      0.0146
      0.0288
      0.0000
      0.0000
      0.0021
      0.0442
      0.2377
      0.3786
      0.4297
      0.4076
      0.1267
      0.0106
      0.0002
      0.0000
      0.0000
      0.0000
      0.0000
      0.0004
      0.0123
      0.0986
      0.1972
      0.0000
      0.0000
      0.0028
      0.0511
      0.2355
      0.3493
      0.7739
      1.4818
      0.7878
      0.1053
      0.0035
      0.0000
      0.0000
      0.0000
      0.0001
      0.0123
      0.3982
      3.1940
      6.3880
      0.0000
      0.0000
      0.0009
      0.0149
      0.0759
      0.6840
      5.4285
     11.6534
      6.2694
      0.8413
      0.0279
      0.0002
      0.0000
      0.0000
      0.0007
      0.0985
      3.1940
     25.6195
     51.2390
      0.0000
      0.0000
      0.0002
      0.0024
      0.0431
      1.2602
     10.8296
     23.3044
     12.5387
      1.6826
      0.0559
      0.0005
      0.0000
      0.0000
      0.0015
      0.1970
      6.3880
     51.2390
    102.4781
