      0.4270
      0.4363
      0.4535
      0.4559
      0.4290
      0.3795
      0.3301
      0.3036
      0.3088
      0.3356
      0.3607
      0.3596
      0.3210
      0.2528
      0.1755
      0.1097
      0.0658
      0.0432
      0.0366
      0.4396
      0.4456
      0.4547
      0.4479
      0.4145
      0.3626
      0.3140
      0.2893
      0.2961
      0.3243
      0.3513
      0.3536
      0.3194
      0.2551
      0.1798
      0.1140
      0.0688
      0.0447
      0.0375
      0.5009
      0.4962
      0.4783
      0.4410
      0.3855
      0.3244
      0.2766
      0.2566
      0.2672
      0.2981
      0.3296
      0.3403
      0.3175
      0.2635
      0.1939
      0.1281
      0.0791
      0.0510
      0.0422
      0.6880
      0.6613
      0.5882
      0.4873
      0.3831
      0.2977
      0.2450
      0.2283
      0.2419
      0.2742
      0.3091
      0.3292
      0.3211
      0.2816
      0.2206
      0.1553
      0.1016
      0.0680
      0.0568
      1.1297
      1.0626
      0.8872
      0.6662
      0.4649
      0.3229
      0.2478
      0.2255
      0.2363
      0.2649
      0.2992
      0.3269
      0.3342
      0.3124
      0.2638
      0.2025
      0.1459
      0.1077
      0.0943
      1.9540
      1.8203
      1.4755
      1.0517
      0.6797
      0.4289
      0.2997
      0.2538
      0.2513
      0.2689
      0.2978
      0.3309
      0.3552
      0.3561
      0.3282
      0.2799
      0.2283
      0.1904
      0.1767
      3.1729
      2.9463
      2.3634
      1.6514
      1.0308
      0.6134
      0.3931
      0.3021
      0.2741
      0.2746
      0.2955
      0.3341
      0.3792
      0.4122
      0.4194
      0.4012
      0.3706
      0.3442
      0.3340
      4.5703
      4.2398
      3.3902
      2.3529
      1.4476
      0.8343
      0.5017
      0.3522
      0.2920
      0.2731
      0.2861
      0.3325
      0.4041
      0.4809
      0.5419
      0.5774
      0.5909
      0.5927
      0.5921
      5.7153
      5.3012
      4.2366
      2.9363
      1.7994
      1.0245
      0.5969
      0.3957
      0.3060
      0.2692
      0.2751
      0.3299
      0.4309
      0.5598
      0.6906
      0.8019
      0.8828
      0.9306
      0.9463
      6.1609
      5.7163
      4.5741
      3.1802
      1.9623
      1.1312
      0.6688
      0.4443
      0.3352
      0.2814
      0.2764
      0.3335
      0.4582
      0.6366
      0.8404
      1.0366
      1.1970
      1.3013
      1.3374
      5.7153
      5.3089
      4.2665
      2.9992
      1.8985
      1.1524
      0.7364
      0.5247
      0.4052
      0.3290
      0.3008
      0.3450
      0.4761
      0.6865
      0.9468
      1.2153
      1.4475
      1.6047
      1.6603
      4.5703
      4.2579
      3.4608
      2.5018
      1.6828
      1.1385
      0.8338
      0.6593
      0.5284
      0.4165
      0.3471
      0.3574
      0.4707
      0.6841
      0.9693
      1.2793
      1.5584
      1.7528
      1.8225
      3.1729
      2.9785
      2.4888
      1.9158
      1.4483
      1.1526
      0.9799
      0.8429
      0.6895
      0.5271
      0.4012
      0.3612
      0.4359
      0.6256
      0.9045
      1.2256
      1.5270
      1.7431
      1.8218
      1.9540
      1.8683
      1.6618
      1.4436
      1.2962
      1.2212
      1.1567
      1.0385
      0.8501
      0.6306
      0.4455
      0.3524
      0.3823
      0.5386
      0.8012
      1.1268
      1.4494
      1.6893
      1.7784
      1.1297
      1.1240
      1.1249
      1.1644
      1.2446
      1.3187
      1.3173
      1.1967
      0.9706
      0.7024
      0.4705
      0.3365
      0.3331
      0.4695
      0.7358
      1.0949
      1.4726
      1.7649
      1.8755
      0.6880
      0.7300
      0.8537
      1.0423
      1.2484
      1.3973
      1.4190
      1.2866
      1.0334
      0.7362
      0.4788
      0.3239
      0.3085
      0.4531
      0.7624
      1.2057
      1.6929
      2.0806
      2.2293
      0.5009
      0.5655
      0.7462
      1.0006
      1.2569
      1.4298
      1.4535
      1.3125
      1.0493
      0.7437
      0.4795
      0.3208
      0.3121
      0.4886
      0.8720
      1.4366
      2.0704
      2.5817
      2.7791
      0.4396
      0.5122
      0.7120
      0.9859
      1.2532
      1.4275
      1.4482
      1.3055
      1.0437
      0.7412
      0.4795
      0.3246
      0.3287
      0.5403
      0.9950
      1.6698
      2.4332
      3.0522
      3.2918
      0.4270
      0.5012
      0.7046
      0.9813
      1.2489
      1.4215
      1.4408
      1.2985
      1.0391
      0.7393
      0.4797
      0.3273
      0.3374
      0.5641
      1.0482
      1.7677
      2.5831
      3.2451
      3.5016
