      0.0010
      0.0024
      0.0058
      0.0079
      0.0058
      0.0024
      0.0006
      0.0004
      0.0011
      0.0046
      0.0114
      0.0153
      0.0111
      0.0044
      0.0009
      0.0001
      0.0000
      0.0000
      0.0000
      0.0014
      0.0030
      0.0067
      0.0083
      0.0056
      0.0021
      0.0005
      0.0003
      0.0009
      0.0038
      0.0101
      0.0146
      0.0116
      0.0050
      0.0012
      0.0002
      0.0000
      0.0000
      0.0000
      0.0018
      0.0035
      0.0067
      0.0072
      0.0042
      0.0013
      0.0003
      0.0001
      0.0004
      0.0021
      0.0066
      0.0116
      0.0115
      0.0065
      0.0021
      0.0004
      0.0000
      0.0000
      0.0000
      0.0015
      0.0024
      0.0040
      0.0037
      0.0019
      0.0005
      0.0001
      0.0000
      0.0002
      0.0011
      0.0053
      0.0146
      0.0231
      0.0206
      0.0103
      0.0028
      0.0004
      0.0000
      0.0000
      0.0038
      0.0033
      0.0022
      0.0012
      0.0005
      0.0001
      0.0000
      0.0000
      0.0002
      0.0020
      0.0134
      0.0487
      0.0958
      0.1021
      0.0589
      0.0183
      0.0031
      0.0003
      0.0000
      0.0540
      0.0398
      0.0159
      0.0035
      0.0004
      0.0001
      0.0001
      0.0001
      0.0004
      0.0040
      0.0299
      0.1207
      0.2625
      0.3081
      0.1954
      0.0668
      0.0123
      0.0013
      0.0002
      0.4727
      0.3474
      0.1378
      0.0294
      0.0034
      0.0003
      0.0002
      0.0004
      0.0006
      0.0047
      0.0373
      0.1649
      0.3929
      0.5054
      0.3513
      0.1321
      0.0277
      0.0052
      0.0035
      2.2175
      1.6297
      0.6462
      0.1378
      0.0157
      0.0011
      0.0004
      0.0005
      0.0006
      0.0029
      0.0251
      0.1219
      0.3188
      0.4509
      0.3469
      0.1495
      0.0501
      0.0429
      0.0521
      5.5922
      4.1100
      1.6297
      0.3474
      0.0396
      0.0026
      0.0005
      0.0006
      0.0005
      0.0011
      0.0092
      0.0497
      0.1467
      0.2425
      0.2368
      0.1684
      0.1880
      0.3453
      0.4525
      7.6088
      5.5922
      2.2175
      0.4727
      0.0541
      0.0044
      0.0032
      0.0045
      0.0036
      0.0017
      0.0025
      0.0154
      0.0678
      0.1898
      0.3413
      0.4683
      0.8159
      1.6115
      2.1194
      5.5922
      4.1100
      1.6298
      0.3478
      0.0427
      0.0174
      0.0390
      0.0547
      0.0416
      0.0171
      0.0047
      0.0127
      0.0884
      0.3523
      0.7971
      1.2310
      2.1287
      4.0914
      5.3517
      2.2175
      1.6297
      0.6465
      0.1410
      0.0410
      0.1134
      0.2743
      0.3637
      0.2611
      0.1012
      0.0220
      0.0158
      0.1094
      0.4775
      1.1624
      1.8568
      3.0642
      5.6389
      7.3090
      0.4727
      0.3476
      0.1397
      0.0474
      0.1190
      0.4602
      1.0420
      1.2991
      0.8806
      0.3226
      0.0641
      0.0154
      0.0765
      0.3568
      0.9261
      1.5311
      2.4177
      4.2253
      5.4086
      0.0540
      0.0407
      0.0262
      0.0708
      0.3207
      1.0619
      2.1686
      2.5180
      1.6074
      0.5565
      0.1039
      0.0134
      0.0293
      0.1441
      0.3990
      0.6868
      1.0481
      1.7328
      2.1836
      0.0038
      0.0067
      0.0368
      0.1771
      0.5963
      1.4971
      2.6076
      2.7741
      1.6710
      0.5522
      0.0988
      0.0100
      0.0063
      0.0314
      0.0944
      0.1829
      0.3245
      0.5795
      0.7403
      0.0015
      0.0098
      0.0722
      0.3052
      0.8146
      1.6130
      2.4865
      2.6140
      1.6459
      0.5850
      0.1147
      0.0123
      0.0014
      0.0047
      0.0283
      0.1693
      0.7242
      1.7928
      2.4322
      0.0018
      0.0119
      0.0824
      0.3312
      0.9126
      2.1739
      4.2682
      5.4508
      3.9828
      1.5987
      0.3476
      0.0406
      0.0027
      0.0051
      0.0797
      0.6944
      3.2523
      8.1995
     11.1558
      0.0014
      0.0084
      0.0566
      0.2546
      1.0305
      3.7389
      9.0530
     12.5043
      9.4481
      3.8637
      0.8504
      0.1001
      0.0066
      0.0122
      0.1991
      1.7474
      8.1966
     20.6708
     28.1251
      0.0010
      0.0057
      0.0387
      0.2088
      1.1295
      4.7738
     12.0846
     16.8867
     12.8050
      5.2444
      1.1553
      0.1361
      0.0090
      0.0166
      0.2709
      2.3775
     11.1524
     28.1250
     38.2676
