      0.1176
      0.1285
      0.1538
      0.1795
      0.1999
      0.2208
      0.2491
      0.2856
      0.3310
      0.3844
      0.4287
      0.4303
      0.3680
      0.2598
      0.1490
      0.0690
      0.0260
      0.0086
      0.0044
      0.1195
      0.1292
      0.1509
      0.1717
      0.1867
      0.2022
      0.2251
      0.2572
      0.2998
      0.3529
      0.4009
      0.4108
      0.3597
      0.2608
      0.1543
      0.0740
      0.0290
      0.0100
      0.0052
      0.1302
      0.1354
      0.1458
      0.1524
      0.1535
      0.1559
      0.1667
      0.1887
      0.2251
      0.2782
      0.3361
      0.3683
      0.3465
      0.2717
      0.1749
      0.0921
      0.0399
      0.0153
      0.0086
      0.1799
      0.1749
      0.1606
      0.1395
      0.1183
      0.1048
      0.1033
      0.1159
      0.1470
      0.2019
      0.2749
      0.3386
      0.3567
      0.3125
      0.2249
      0.1327
      0.0653
      0.0295
      0.0191
      0.3600
      0.3309
      0.2586
      0.1759
      0.1105
      0.0726
      0.0591
      0.0654
      0.0939
      0.1535
      0.2455
      0.3462
      0.4096
      0.3985
      0.3174
      0.2091
      0.1193
      0.0678
      0.0521
      0.8328
      0.7499
      0.5485
      0.3282
      0.1650
      0.0765
      0.0429
      0.0422
      0.0687
      0.1325
      0.2421
      0.3786
      0.4887
      0.5161
      0.4496
      0.3346
      0.2320
      0.1729
      0.1554
      1.7405
      1.5600
      1.1233
      0.6508
      0.3062
      0.1227
      0.0517
      0.0385
      0.0596
      0.1212
      0.2373
      0.3973
      0.5497
      0.6284
      0.6102
      0.5372
      0.4747
      0.4502
      0.4472
      3.0009
      2.6872
      1.9293
      1.1113
      0.5173
      0.2027
      0.0800
      0.0495
      0.0604
      0.1101
      0.2161
      0.3813
      0.5699
      0.7246
      0.8196
      0.8891
      0.9812
      1.0852
      1.1333
      4.1734
      3.7368
      2.6826
      1.5471
      0.7262
      0.2962
      0.1317
      0.0879
      0.0860
      0.1139
      0.1949
      0.3516
      0.5783
      0.8450
      1.1385
      1.4836
      1.8868
      2.2503
      2.4015
      4.6595
      4.1730
      3.0004
      1.7432
      0.8463
      0.3932
      0.2348
      0.1956
      0.1780
      0.1692
      0.2083
      0.3465
      0.6160
      1.0246
      1.5811
      2.3025
      3.1363
      3.8605
      4.1548
      4.1734
      3.7412
      2.7043
      1.6087
      0.8590
      0.5240
      0.4463
      0.4363
      0.3910
      0.3147
      0.2805
      0.3774
      0.6733
      1.2082
      2.0098
      3.0857
      4.3243
      5.3856
      5.8130
      3.0009
      2.6989
      1.9851
      1.2661
      0.8424
      0.7474
      0.8156
      0.8480
      0.7477
      0.5573
      0.4043
      0.4183
      0.6881
      1.2650
      2.1802
      3.4269
      4.8556
      6.0689
      6.5549
      1.7405
      1.5829
      1.2307
      0.9404
      0.8959
      1.0817
      1.3112
      1.3722
      1.1829
      0.8416
      0.5380
      0.4328
      0.6122
      1.1121
      1.9483
      3.0986
      4.4098
      5.5148
      5.9553
      0.8328
      0.7868
      0.7175
      0.7705
      1.0370
      1.4502
      1.7951
      1.8490
      1.5555
      1.0692
      0.6294
      0.4068
      0.4634
      0.8028
      1.4163
      2.2715
      3.2429
      4.0560
      4.3788
      0.3600
      0.3801
      0.4801
      0.7407
      1.1921
      1.7286
      2.1166
      2.1372
      1.7619
      1.1830
      0.6610
      0.3582
      0.3067
      0.4783
      0.8435
      1.3687
      1.9684
      2.4694
      2.6678
      0.1799
      0.2306
      0.4080
      0.7596
      1.2835
      1.8573
      2.2477
      2.2470
      1.8399
      1.2277
      0.6714
      0.3236
      0.1985
      0.2492
      0.4352
      0.7277
      1.0733
      1.3664
      1.4832
      0.1302
      0.1907
      0.3906
      0.7639
      1.3002
      1.8822
      2.2865
      2.3053
      1.9106
      1.2921
      0.7113
      0.3267
      0.1532
      0.1374
      0.2352
      0.4232
      0.6639
      0.8766
      0.9628
      0.1195
      0.1806
      0.3802
      0.7493
      1.2835
      1.8787
      2.3190
      2.3824
      2.0140
      1.3887
      0.7767
      0.3549
      0.1481
      0.1028
      0.1732
      0.3391
      0.5670
      0.7752
      0.8608
      0.1176
      0.1780
      0.3749
      0.7400
      1.2733
      1.8775
      2.3383
      2.4249
      2.0686
      1.4384
      0.8102
      0.3710
      0.1512
      0.0977
      0.1642
      0.3311
      0.5650
      0.7809
      0.8699
