      0.0221
      0.0284
      0.0415
      0.0488
      0.0440
      0.0342
      0.0293
      0.0316
      0.0424
      0.0659
      0.0961
      0.1097
      0.0914
      0.0544
      0.0230
      0.0069
      0.0015
      0.0002
      0.0001
      0.0232
      0.0292
      0.0410
      0.0465
      0.0405
      0.0304
      0.0251
      0.0268
      0.0364
      0.0585
      0.0887
      0.1059
      0.0931
      0.0592
      0.0272
      0.0090
      0.0022
      0.0004
      0.0001
      0.0257
      0.0301
      0.0378
      0.0389
      0.0311
      0.0212
      0.0160
      0.0166
      0.0242
      0.0444
      0.0777
      0.1085
      0.1134
      0.0874
      0.0492
      0.0202
      0.0060
      0.0013
      0.0004
      0.0430
      0.0421
      0.0383
      0.0303
      0.0200
      0.0117
      0.0080
      0.0086
      0.0162
      0.0401
      0.0913
      0.1602
      0.2062
      0.1919
      0.1282
      0.0611
      0.0207
      0.0051
      0.0017
      0.1781
      0.1528
      0.0974
      0.0475
      0.0189
      0.0074
      0.0047
      0.0067
      0.0171
      0.0544
      0.1480
      0.2983
      0.4308
      0.4425
      0.3226
      0.1668
      0.0613
      0.0169
      0.0067
      0.8112
      0.6833
      0.4086
      0.1737
      0.0533
      0.0138
      0.0069
      0.0098
      0.0232
      0.0757
      0.2209
      0.4775
      0.7360
      0.8042
      0.6229
      0.3431
      0.1377
      0.0465
      0.0251
      2.7342
      2.2999
      1.3680
      0.5747
      0.1714
      0.0398
      0.0141
      0.0145
      0.0269
      0.0817
      0.2474
      0.5647
      0.9197
      1.0628
      0.8744
      0.5222
      0.2488
      0.1297
      0.1044
      6.5154
      5.4798
      3.2580
      1.3673
      0.4059
      0.0902
      0.0242
      0.0176
      0.0243
      0.0644
      0.1995
      0.4804
      0.8297
      1.0236
      0.9180
      0.6447
      0.4495
      0.4100
      0.4221
     10.9587
      9.2167
      5.4796
      2.2994
      0.6819
      0.1496
      0.0362
      0.0215
      0.0215
      0.0401
      0.1185
      0.3023
      0.5674
      0.7819
      0.8382
      0.8276
      0.9519
      1.2161
      1.3613
     13.0299
     10.9587
      6.5156
      2.7353
      0.8155
      0.1892
      0.0625
      0.0491
      0.0422
      0.0373
      0.0643
      0.1644
      0.3591
      0.6151
      0.8938
      1.2888
      1.9743
      2.8097
      3.2109
     10.9587
      9.2170
      5.4817
      2.3089
      0.7129
      0.2223
      0.1584
      0.1676
      0.1417
      0.0904
      0.0634
      0.1127
      0.2884
      0.6230
      1.1370
      1.9522
      3.2447
      4.7173
      5.4076
      6.5154
      5.4810
      3.2665
      1.4033
      0.5166
      0.3379
      0.4237
      0.4778
      0.3936
      0.2332
      0.1136
      0.1091
      0.2696
      0.6467
      1.2873
      2.3178
      3.8972
      5.6543
      6.4709
      2.7342
      2.3038
      1.3930
      0.6717
      0.4464
      0.6176
      0.9013
      0.9966
      0.7929
      0.4507
      0.1923
      0.1101
      0.2153
      0.5315
      1.0972
      2.0040
      3.3541
      4.8276
      5.5076
      0.8112
      0.6929
      0.4649
      0.3711
      0.5635
      1.0093
      1.4537
      1.5459
      1.1879
      0.6535
      0.2609
      0.1024
      0.1311
      0.3183
      0.6763
      1.2531
      2.0936
      2.9942
      3.4066
      0.1781
      0.1704
      0.1955
      0.3647
      0.7755
      1.3929
      1.9339
      2.0036
      1.5162
      0.8266
      0.3237
      0.1012
      0.0658
      0.1414
      0.3200
      0.6380
      1.1233
      1.6474
      1.8868
      0.0430
      0.0668
      0.1734
      0.4559
      1.0174
      1.8389
      2.5966
      2.7662
      2.1657
      1.2254
      0.4963
      0.1460
      0.0454
      0.0642
      0.1889
      0.5044
      1.0780
      1.7350
      2.0392
      0.0257
      0.0573
      0.1912
      0.5489
      1.3206
      2.5864
      3.9301
      4.4497
      3.6617
      2.1600
      0.9059
      0.2697
      0.0656
      0.0654
      0.2578
      0.8431
      1.9828
      3.3175
      3.9391
      0.0232
      0.0548
      0.1960
      0.6184
      1.6511
      3.5200
      5.6667
      6.6595
      5.6173
      3.3721
      1.4329
      0.4301
      0.1022
      0.0969
      0.4045
      1.3633
      3.2461
      5.4573
      6.4879
      0.0221
      0.0527
      0.1947
      0.6459
      1.8067
      3.9746
      6.5164
      7.7377
      6.5670
      3.9578
      1.6865
      0.5072
      0.1204
      0.1140
      0.4782
      1.6156
      3.8509
      6.4769
      7.7009
