      0.0313
      0.0315
      0.0334
      0.0412
      0.0591
      0.0883
      0.1256
      0.1666
      0.2122
      0.2628
      0.3054
      0.3142
      0.2731
      0.1953
      0.1135
      0.0534
      0.0207
      0.0073
      0.0040
      0.0336
      0.0336
      0.0349
      0.0410
      0.0561
      0.0815
      0.1145
      0.1520
      0.1955
      0.2463
      0.2925
      0.3087
      0.2763
      0.2045
      0.1237
      0.0609
      0.0247
      0.0090
      0.0050
      0.0504
      0.0486
      0.0451
      0.0441
      0.0504
      0.0659
      0.0894
      0.1196
      0.1594
      0.2123
      0.2699
      0.3077
      0.3000
      0.2437
      0.1628
      0.0890
      0.0401
      0.0159
      0.0091
      0.1253
      0.1154
      0.0915
      0.0671
      0.0536
      0.0550
      0.0695
      0.0946
      0.1333
      0.1924
      0.2701
      0.3432
      0.3739
      0.3387
      0.2516
      0.1523
      0.0758
      0.0334
      0.0207
      0.3695
      0.3333
      0.2459
      0.1529
      0.0899
      0.0662
      0.0723
      0.0963
      0.1365
      0.2042
      0.3079
      0.4273
      0.5084
      0.5004
      0.4017
      0.2629
      0.1433
      0.0724
      0.0502
      0.9732
      0.8730
      0.6317
      0.3744
      0.1955
      0.1153
      0.1040
      0.1247
      0.1631
      0.2339
      0.3587
      0.5235
      0.6606
      0.6895
      0.5884
      0.4149
      0.2539
      0.1548
      0.1234
      2.1017
      1.8830
      1.3563
      0.7935
      0.3973
      0.2074
      0.1559
      0.1621
      0.1885
      0.2489
      0.3764
      0.5674
      0.7510
      0.8280
      0.7566
      0.5915
      0.4301
      0.3324
      0.3026
      3.6520
      3.2710
      2.3532
      1.3705
      0.6726
      0.3249
      0.2091
      0.1880
      0.1932
      0.2307
      0.3386
      0.5260
      0.7351
      0.8704
      0.8802
      0.8052
      0.7315
      0.7026
      0.6998
      5.0881
      4.5572
      3.2775
      1.9059
      0.9272
      0.4304
      0.2517
      0.2028
      0.1862
      0.1963
      0.2706
      0.4318
      0.6500
      0.8557
      1.0028
      1.1134
      1.2373
      1.3658
      1.4239
      5.6827
      5.0902
      3.6627
      2.1343
      1.0464
      0.4972
      0.3008
      0.2433
      0.2107
      0.1907
      0.2236
      0.3493
      0.5719
      0.8590
      1.1804
      1.5404
      1.9382
      2.2871
      2.4309
      5.0881
      4.5595
      3.2886
      1.9372
      0.9941
      0.5442
      0.4069
      0.3710
      0.3230
      0.2584
      0.2342
      0.3142
      0.5337
      0.8919
      1.3736
      1.9671
      2.6223
      3.1775
      3.4011
      3.6520
      3.2770
      2.3825
      1.4540
      0.8515
      0.6275
      0.6178
      0.6254
      0.5493
      0.4106
      0.3013
      0.3138
      0.5029
      0.8830
      1.4448
      2.1629
      2.9534
      3.6130
      3.8758
      2.1017
      1.8943
      1.4122
      0.9533
      0.7388
      0.7812
      0.9226
      0.9738
      0.8495
      0.6101
      0.3928
      0.3156
      0.4369
      0.7685
      1.2992
      1.9966
      2.7658
      3.4028
      3.6551
      0.9732
      0.8902
      0.7169
      0.6174
      0.7123
      0.9776
      1.2466
      1.3254
      1.1426
      0.7991
      0.4750
      0.3050
      0.3389
      0.5776
      1.0108
      1.6130
      2.2956
      2.8669
      3.0938
      0.3695
      0.3555
      0.3557
      0.4661
      0.7545
      1.1718
      1.5341
      1.6317
      1.3984
      0.9663
      0.5503
      0.2985
      0.2535
      0.4126
      0.7824
      1.3646
      2.0772
      2.6983
      2.9490
      0.1253
      0.1413
      0.2203
      0.4357
      0.8394
      1.3708
      1.8227
      1.9550
      1.6875
      1.1722
      0.6612
      0.3282
      0.2241
      0.3601
      0.7849
      1.5485
      2.5574
      3.4722
      3.8475
      0.0504
      0.0780
      0.1911
      0.4650
      0.9580
      1.6066
      2.1741
      2.3691
      2.0773
      1.4647
      0.8341
      0.4054
      0.2556
      0.4252
      1.0230
      2.1608
      3.7122
      5.1411
      5.7310
      0.0336
      0.0659
      0.1961
      0.5094
      1.0772
      1.8367
      2.5212
      2.7846
      2.4731
      1.7651
      1.0154
      0.4952
      0.3106
      0.5322
      1.3242
      2.8526
      4.9536
      6.8966
      7.7003
      0.0313
      0.0651
      0.2013
      0.5302
      1.1295
      1.9371
      2.6730
      2.9666
      2.6467
      1.8969
      1.0952
      0.5355
      0.3371
      0.5828
      1.4597
      3.1559
      5.4908
      7.6519
      8.5460
