      0.0011
      0.0025
      0.0063
      0.0085
      0.0062
      0.0025
      0.0007
      0.0004
      0.0012
      0.0049
      0.0120
      0.0161
      0.0117
      0.0046
      0.0010
      0.0001
      0.0000
      0.0000
      0.0000
      0.0015
      0.0033
      0.0072
      0.0089
      0.0060
      0.0023
      0.0006
      0.0003
      0.0010
      0.0040
      0.0106
      0.0153
      0.0121
      0.0052
      0.0012
      0.0002
      0.0000
      0.0000
      0.0000
      0.0020
      0.0038
      0.0072
      0.0077
      0.0045
      0.0014
      0.0003
      0.0001
      0.0004
      0.0022
      0.0066
      0.0111
      0.0102
      0.0052
      0.0014
      0.0002
      0.0000
      0.0000
      0.0000
      0.0020
      0.0029
      0.0044
      0.0040
      0.0020
      0.0006
      0.0001
      0.0000
      0.0001
      0.0007
      0.0027
      0.0057
      0.0068
      0.0046
      0.0018
      0.0004
      0.0001
      0.0000
      0.0000
      0.0175
      0.0134
      0.0063
      0.0022
      0.0006
      0.0001
      0.0000
      0.0000
      0.0001
      0.0003
      0.0018
      0.0057
      0.0104
      0.0105
      0.0059
      0.0018
      0.0003
      0.0000
      0.0000
      0.2802
      0.2060
      0.0818
      0.0176
      0.0021
      0.0001
      0.0001
      0.0001
      0.0001
      0.0005
      0.0029
      0.0116
      0.0252
      0.0295
      0.0187
      0.0064
      0.0012
      0.0002
      0.0001
      2.4579
      1.8064
      0.7163
      0.1527
      0.0174
      0.0011
      0.0002
      0.0003
      0.0003
      0.0006
      0.0036
      0.0157
      0.0375
      0.0483
      0.0338
      0.0132
      0.0040
      0.0032
      0.0039
     11.5293
      8.4736
      3.3600
      0.7163
      0.0816
      0.0050
      0.0004
      0.0004
      0.0003
      0.0004
      0.0024
      0.0118
      0.0313
      0.0460
      0.0392
      0.0242
      0.0260
      0.0486
      0.0639
     29.0756
     21.3693
      8.4736
      1.8064
      0.2058
      0.0126
      0.0008
      0.0005
      0.0004
      0.0002
      0.0010
      0.0059
      0.0215
      0.0503
      0.0790
      0.1057
      0.2037
      0.4223
      0.5592
     39.5610
     29.0756
     11.5293
      2.4579
      0.2803
      0.0181
      0.0038
      0.0047
      0.0038
      0.0017
      0.0009
      0.0063
      0.0401
      0.1472
      0.3139
      0.4936
      0.9667
      1.9824
      2.6211
     29.0756
     21.3693
      8.4736
      1.8068
      0.2091
      0.0282
      0.0414
      0.0576
      0.0437
      0.0180
      0.0048
      0.0123
      0.0891
      0.3639
      0.8386
      1.3531
      2.5267
      5.0299
      6.6172
     11.5293
      8.4736
      3.3603
      0.7197
      0.1083
      0.1233
      0.2888
      0.3828
      0.2748
      0.1065
      0.0231
      0.0166
      0.1149
      0.5025
      1.2323
      2.0373
      3.6156
      6.9195
      9.0322
      2.4579
      1.8066
      0.7184
      0.1718
      0.1394
      0.4854
      1.0967
      1.3671
      0.9266
      0.3395
      0.0674
      0.0162
      0.0805
      0.3759
      0.9816
      1.6726
      2.8315
      5.1704
      6.6766
      0.2802
      0.2070
      0.0928
      0.0892
      0.3406
      1.1181
      2.2790
      2.6436
      1.6865
      0.5836
      0.1088
      0.0140
      0.0308
      0.1518
      0.4227
      0.7468
      1.2156
      2.1074
      2.6841
      0.0175
      0.0171
      0.0433
      0.1894
      0.6275
      1.5520
      2.6680
      2.8070
      1.6722
      0.5456
      0.0961
      0.0096
      0.0066
      0.0331
      0.0994
      0.1932
      0.3444
      0.6172
      0.7891
      0.0020
      0.0108
      0.0771
      0.3205
      0.8125
      1.4370
      1.9118
      1.7514
      0.9716
      0.3039
      0.0520
      0.0049
      0.0009
      0.0046
      0.0253
      0.1389
      0.5778
      1.4219
      1.9271
      0.0020
      0.0127
      0.0866
      0.3253
      0.7072
      1.0166
      1.1544
      1.0373
      0.6222
      0.2200
      0.0436
      0.0047
      0.0004
      0.0040
      0.0626
      0.5437
      2.5452
      6.4161
      8.7293
      0.0015
      0.0089
      0.0563
      0.1979
      0.4234
      0.7044
      1.0964
      1.3045
      0.9411
      0.3779
      0.0824
      0.0096
      0.0009
      0.0094
      0.1558
      1.3671
      6.4127
     16.1719
     22.0039
      0.0011
      0.0059
      0.0356
      0.1217
      0.2839
      0.6231
      1.2435
      1.6404
      1.2274
      0.5008
      0.1102
      0.0130
      0.0012
      0.0128
      0.2119
      1.8600
      8.7251
     22.0037
     29.9388
