      0.1091
      0.1111
      0.1136
      0.1092
      0.0947
      0.0775
      0.0743
      0.1055
      0.1846
      0.3026
      0.4166
      0.4676
      0.4245
      0.3110
      0.1835
      0.0872
      0.0335
      0.0109
      0.0053
      0.1068
      0.1086
      0.1105
      0.1052
      0.0901
      0.0727
      0.0689
      0.0981
      0.1741
      0.2905
      0.4093
      0.4726
      0.4440
      0.3387
      0.2095
      0.1051
      0.0429
      0.0150
      0.0076
      0.1027
      0.1035
      0.1028
      0.0946
      0.0779
      0.0608
      0.0570
      0.0831
      0.1539
      0.2719
      0.4109
      0.5154
      0.5312
      0.4480
      0.3082
      0.1724
      0.0785
      0.0307
      0.0170
      0.1105
      0.1080
      0.0995
      0.0838
      0.0643
      0.0489
      0.0481
      0.0750
      0.1472
      0.2808
      0.4670
      0.6501
      0.7445
      0.6953
      0.5268
      0.3227
      0.1602
      0.0682
      0.0401
      0.1666
      0.1552
      0.1260
      0.0905
      0.0612
      0.0465
      0.0513
      0.0837
      0.1651
      0.3288
      0.5875
      0.8852
      1.0939
      1.0960
      0.8861
      0.5770
      0.3041
      0.1384
      0.0857
      0.3332
      0.3018
      0.2253
      0.1423
      0.0842
      0.0614
      0.0691
      0.1061
      0.1947
      0.3847
      0.7130
      1.1294
      1.4685
      1.5456
      1.3110
      0.8962
      0.4983
      0.2429
      0.1589
      0.6648
      0.5971
      0.4342
      0.2613
      0.1434
      0.0949
      0.0960
      0.1292
      0.2108
      0.3993
      0.7523
      1.2368
      1.6774
      1.8444
      1.6382
      1.1790
      0.6990
      0.3731
      0.2625
      1.1314
      1.0144
      0.7332
      0.4354
      0.2309
      0.1402
      0.1246
      0.1447
      0.2030
      0.3544
      0.6671
      1.1343
      1.6083
      1.8592
      1.7481
      1.3477
      0.8761
      0.5322
      0.4107
      1.5678
      1.4053
      1.0154
      0.6029
      0.3196
      0.1917
      0.1621
      0.1688
      0.1963
      0.2879
      0.5127
      0.8935
      1.3376
      1.6553
      1.6878
      1.4364
      1.0595
      0.7509
      0.6354
      1.7491
      1.5688
      1.1377
      0.6867
      0.3868
      0.2650
      0.2492
      0.2562
      0.2528
      0.2730
      0.3907
      0.6599
      1.0486
      1.4212
      1.6112
      1.5445
      1.3004
      1.0513
      0.9492
      1.5678
      1.4096
      1.0363
      0.6622
      0.4470
      0.4090
      0.4586
      0.4871
      0.4456
      0.3741
      0.3703
      0.5246
      0.8540
      1.2655
      1.5883
      1.6856
      1.5640
      1.3718
      1.2830
      1.1314
      1.0255
      0.7873
      0.5871
      0.5523
      0.6798
      0.8490
      0.9127
      0.8089
      0.6064
      0.4525
      0.4785
      0.7306
      1.1377
      1.5298
      1.7343
      1.7068
      1.5675
      1.4938
      0.6648
      0.6189
      0.5387
      0.5502
      0.7444
      1.0854
      1.4025
      1.4966
      1.2974
      0.9240
      0.5909
      0.4673
      0.6071
      0.9448
      1.3235
      1.5715
      1.6188
      1.5453
      1.4971
      0.3332
      0.3370
      0.3923
      0.5975
      1.0158
      1.5732
      2.0364
      2.1479
      1.8334
      1.2714
      0.7479
      0.4638
      0.4663
      0.6876
      0.9971
      1.2572
      1.3922
      1.4232
      1.4212
      0.1666
      0.2044
      0.3580
      0.7184
      1.3373
      2.1068
      2.7259
      2.8672
      2.4409
      1.6812
      0.9523
      0.4958
      0.3555
      0.4597
      0.7106
      1.0201
      1.3136
      1.5260
      1.6042
      0.1105
      0.1703
      0.3941
      0.8858
      1.7082
      2.7314
      3.5752
      3.8054
      3.2798
      2.2833
      1.2886
      0.6163
      0.3277
      0.3487
      0.6105
      1.0731
      1.6520
      2.1589
      2.3637
      0.1027
      0.1775
      0.4566
      1.0739
      2.1259
      3.4727
      4.6363
      5.0278
      4.4103
      3.1195
      1.7783
      0.8332
      0.3865
      0.3621
      0.7102
      1.4274
      2.4029
      3.2959
      3.6635
      0.1068
      0.1915
      0.5117
      1.2349
      2.4967
      4.1542
      5.6358
      6.1980
      5.5037
      3.9346
      2.2616
      1.0597
      0.4757
      0.4308
      0.8844
      1.8552
      3.2024
      4.4482
      4.9632
      0.1091
      0.1975
      0.5337
      1.3003
      2.6504
      4.4405
      6.0592
      6.6957
      5.9697
      4.2824
      2.4684
      1.1579
      0.5176
      0.4669
      0.9676
      2.0461
      3.5480
      4.9393
      5.5150
