      0.0011
      0.0026
      0.0065
      0.0088
      0.0064
      0.0026
      0.0006
      0.0002
      0.0006
      0.0027
      0.0067
      0.0090
      0.0065
      0.0026
      0.0005
      0.0001
      0.0000
      0.0000
      0.0000
      0.0015
      0.0034
      0.0074
      0.0092
      0.0062
      0.0023
      0.0005
      0.0001
      0.0005
      0.0022
      0.0059
      0.0085
      0.0068
      0.0029
      0.0007
      0.0001
      0.0000
      0.0000
      0.0000
      0.0020
      0.0039
      0.0074
      0.0079
      0.0046
      0.0015
      0.0003
      0.0001
      0.0002
      0.0012
      0.0038
      0.0066
      0.0064
      0.0035
      0.0011
      0.0002
      0.0000
      0.0000
      0.0000
      0.0022
      0.0031
      0.0045
      0.0041
      0.0021
      0.0006
      0.0001
      0.0000
      0.0001
      0.0006
      0.0026
      0.0069
      0.0105
      0.0091
      0.0045
      0.0012
      0.0002
      0.0000
      0.0000
      0.0204
      0.0155
      0.0071
      0.0024
      0.0007
      0.0001
      0.0000
      0.0000
      0.0001
      0.0009
      0.0057
      0.0207
      0.0405
      0.0431
      0.0248
      0.0077
      0.0013
      0.0001
      0.0000
      0.3267
      0.2402
      0.0954
      0.0205
      0.0024
      0.0002
      0.0001
      0.0002
      0.0003
      0.0018
      0.0126
      0.0508
      0.1104
      0.1296
      0.0822
      0.0281
      0.0052
      0.0005
      0.0001
      2.8667
      2.1069
      0.8355
      0.1781
      0.0203
      0.0013
      0.0003
      0.0004
      0.0005
      0.0021
      0.0157
      0.0693
      0.1652
      0.2125
      0.1478
      0.0556
      0.0115
      0.0017
      0.0007
     13.4469
      9.8829
      3.9189
      0.8354
      0.0952
      0.0059
      0.0006
      0.0006
      0.0005
      0.0014
      0.0106
      0.0513
      0.1342
      0.1902
      0.1471
      0.0638
      0.0188
      0.0092
      0.0092
     33.9116
     24.9235
      9.8829
      2.1069
      0.2401
      0.0147
      0.0009
      0.0006
      0.0004
      0.0005
      0.0039
      0.0211
      0.0630
      0.1068
      0.1091
      0.0768
      0.0560
      0.0654
      0.0770
     46.1409
     33.9116
     13.4469
      2.8667
      0.3267
      0.0204
      0.0025
      0.0028
      0.0022
      0.0010
      0.0012
      0.0073
      0.0344
      0.1022
      0.1881
      0.2228
      0.2290
      0.2976
      0.3553
     33.9116
     24.9235
      9.8829
      2.1071
      0.2419
      0.0233
      0.0234
      0.0321
      0.0244
      0.0100
      0.0027
      0.0073
      0.0512
      0.2049
      0.4533
      0.5914
      0.6080
      0.7561
      0.8927
     13.4469
      9.8829
      3.9191
      0.8376
      0.1106
      0.0726
      0.1618
      0.2136
      0.1532
      0.0594
      0.0129
      0.0093
      0.0641
      0.2789
      0.6619
      0.9053
      0.9149
      1.0613
      1.2232
      2.8667
      2.1070
      0.8372
      0.1915
      0.0954
      0.2811
      0.6186
      0.7649
      0.5170
      0.1893
      0.0376
      0.0090
      0.0449
      0.2084
      0.5278
      0.7603
      0.7648
      0.8228
      0.9168
      0.3267
      0.2412
      0.1057
      0.0794
      0.2369
      0.6832
      1.3134
      1.4914
      0.9449
      0.3263
      0.0608
      0.0078
      0.0171
      0.0841
      0.2279
      0.3483
      0.3575
      0.3659
      0.3951
      0.0204
      0.0192
      0.0439
      0.1764
      0.5094
      1.0672
      1.6424
      1.6519
      0.9734
      0.3185
      0.0566
      0.0057
      0.0037
      0.0184
      0.0552
      0.1058
      0.1833
      0.3221
      0.4099
      0.0022
      0.0111
      0.0787
      0.3194
      0.7648
      1.2348
      1.5403
      1.4270
      0.8453
      0.2901
      0.0554
      0.0058
      0.0007
      0.0034
      0.0268
      0.1890
      0.8453
      2.1122
      2.8697
      0.0020
      0.0131
      0.0896
      0.3405
      0.7861
      1.3667
      2.1029
      2.4367
      1.7258
      0.6847
      0.1480
      0.0172
      0.0013
      0.0059
      0.0954
      0.8341
      3.9098
      9.8587
     13.4136
      0.0015
      0.0092
      0.0595
      0.2280
      0.6554
      1.7957
      3.9340
      5.3022
      3.9835
      1.6266
      0.3578
      0.0421
      0.0031
      0.0145
      0.2394
      2.1016
      9.8580
     24.8605
     33.8258
      0.0011
      0.0062
      0.0387
      0.1591
      0.5975
      2.1216
      5.1397
      7.1171
      5.3869
      2.2054
      0.4858
      0.0572
      0.0042
      0.0198
      0.3258
      2.8594
     13.4129
     33.8258
     46.0241
