      0.0582
      0.0769
      0.1152
      0.1352
      0.1167
      0.0777
      0.0473
      0.0326
      0.0256
      0.0217
      0.0210
      0.0207
      0.0170
      0.0105
      0.0047
      0.0015
      0.0004
      0.0001
      0.0000
      0.0617
      0.0791
      0.1135
      0.1285
      0.1074
      0.0693
      0.0409
      0.0277
      0.0220
      0.0199
      0.0216
      0.0242
      0.0226
      0.0160
      0.0084
      0.0032
      0.0009
      0.0002
      0.0001
      0.0651
      0.0783
      0.1017
      0.1056
      0.0816
      0.0487
      0.0265
      0.0173
      0.0151
      0.0186
      0.0300
      0.0459
      0.0547
      0.0479
      0.0302
      0.0136
      0.0044
      0.0010
      0.0003
      0.0731
      0.0775
      0.0819
      0.0725
      0.0496
      0.0266
      0.0133
      0.0092
      0.0119
      0.0266
      0.0631
      0.1184
      0.1614
      0.1571
      0.1086
      0.0532
      0.0184
      0.0046
      0.0016
      0.1819
      0.1609
      0.1127
      0.0643
      0.0308
      0.0133
      0.0071
      0.0075
      0.0159
      0.0479
      0.1307
      0.2670
      0.3901
      0.4045
      0.2970
      0.1545
      0.0572
      0.0160
      0.0065
      0.7452
      0.6295
      0.3800
      0.1650
      0.0530
      0.0152
      0.0086
      0.0116
      0.0239
      0.0718
      0.2060
      0.4450
      0.6869
      0.7518
      0.5833
      0.3225
      0.1309
      0.0458
      0.0260
      2.4862
      2.0916
      1.2449
      0.5239
      0.1572
      0.0382
      0.0162
      0.0177
      0.0290
      0.0791
      0.2330
      0.5295
      0.8615
      0.9952
      0.8198
      0.4935
      0.2425
      0.1352
      0.1131
      5.9192
      4.9784
      2.9601
      1.2426
      0.3698
      0.0843
      0.0260
      0.0209
      0.0265
      0.0625
      0.1873
      0.4475
      0.7689
      0.9437
      0.8457
      0.6064
      0.4520
      0.4408
      0.4624
      9.9551
      8.3727
      4.9779
      2.0890
      0.6199
      0.1365
      0.0333
      0.0193
      0.0188
      0.0360
      0.1073
      0.2701
      0.4950
      0.6642
      0.7071
      0.7440
      0.9588
      1.3044
      1.4809
     11.8366
      9.9551
      5.9188
      2.4840
      0.7370
      0.1613
      0.0369
      0.0187
      0.0147
      0.0181
      0.0459
      0.1208
      0.2451
      0.3956
      0.6064
      1.0621
      1.9349
      2.9676
      3.4506
      9.9551
      8.3729
      4.9792
      2.0929
      0.6282
      0.1502
      0.0506
      0.0362
      0.0277
      0.0189
      0.0207
      0.0474
      0.1157
      0.2624
      0.6202
      1.4857
      3.0716
      4.8911
      5.7323
      5.9192
      4.9798
      2.9678
      1.2652
      0.4165
      0.1571
      0.1136
      0.1015
      0.0750
      0.0425
      0.0218
      0.0251
      0.0692
      0.2098
      0.6213
      1.6583
      3.5644
      5.7501
      6.7606
      2.4862
      2.0979
      1.2768
      0.6122
      0.3280
      0.2840
      0.2882
      0.2507
      0.1716
      0.0897
      0.0367
      0.0209
      0.0467
      0.1558
      0.4950
      1.3635
      2.9683
      4.8137
      5.6681
      0.7452
      0.6481
      0.4727
      0.4123
      0.5060
      0.6266
      0.6416
      0.5248
      0.3394
      0.1698
      0.0647
      0.0232
      0.0280
      0.0905
      0.2957
      0.8263
      1.8107
      2.9452
      3.4711
      0.1819
      0.2001
      0.3051
      0.5676
      0.9325
      1.2124
      1.2526
      1.0454
      0.6990
      0.3629
      0.1414
      0.0422
      0.0189
      0.0454
      0.1581
      0.4632
      1.0378
      1.7036
      2.0127
      0.0731
      0.1359
      0.3692
      0.8296
      1.4428
      1.9994
      2.2795
      2.1333
      1.5794
      0.8847
      0.3627
      0.1074
      0.0287
      0.0404
      0.1645
      0.5355
      1.2565
      2.1007
      2.4938
      0.0651
      0.1416
      0.4199
      0.9852
      1.8549
      2.9250
      3.8588
      4.0712
      3.2616
      1.9138
      0.8055
      0.2412
      0.0600
      0.0729
      0.3151
      1.0615
      2.5266
      4.2470
      5.0489
      0.0617
      0.1337
      0.4013
      0.9968
      2.1009
      3.7933
      5.5877
      6.3140
      5.2477
      3.1367
      1.3327
      0.4009
      0.0993
      0.1191
      0.5186
      1.7540
      4.1813
      7.0327
      8.3619
      0.0582
      0.1253
      0.3789
      0.9763
      2.1830
      4.1719
      6.3827
      7.3605
      6.1781
      3.7100
      1.5798
      0.4757
      0.1178
      0.1413
      0.6156
      2.0826
      4.9652
      8.3516
      9.9301
