      0.3409
      0.3452
      0.3519
      0.3482
      0.3275
      0.2976
      0.2770
      0.2838
      0.3235
      0.3830
      0.4343
      0.4476
      0.4085
      0.3265
      0.2285
      0.1422
      0.0826
      0.0508
      0.0412
      0.3534
      0.3553
      0.3557
      0.3448
      0.3185
      0.2858
      0.2648
      0.2720
      0.3123
      0.3733
      0.4279
      0.4468
      0.4140
      0.3368
      0.2403
      0.1523
      0.0894
      0.0547
      0.0440
      0.4133
      0.4066
      0.3853
      0.3491
      0.3033
      0.2606
      0.2371
      0.2453
      0.2876
      0.3526
      0.4163
      0.4502
      0.4349
      0.3707
      0.2780
      0.1846
      0.1119
      0.0687
      0.0547
      0.5925
      0.5669
      0.4980
      0.4062
      0.3160
      0.2485
      0.2166
      0.2243
      0.2683
      0.3380
      0.4137
      0.4687
      0.4783
      0.4330
      0.3456
      0.2437
      0.1557
      0.0988
      0.0796
      1.0083
      0.9466
      0.7859
      0.5852
      0.4053
      0.2833
      0.2271
      0.2267
      0.2682
      0.3396
      0.4262
      0.5037
      0.5421
      0.5207
      0.4421
      0.3326
      0.2275
      0.1549
      0.1294
      1.7759
      1.6535
      1.3380
      0.9512
      0.6135
      0.3893
      0.2806
      0.2563
      0.2855
      0.3514
      0.4430
      0.5402
      0.6092
      0.6180
      0.5576
      0.4499
      0.3350
      0.2507
      0.2202
      2.9035
      2.6958
      2.1618
      1.5101
      0.9432
      0.5646
      0.3703
      0.3024
      0.3067
      0.3571
      0.4455
      0.5565
      0.6560
      0.7036
      0.6783
      0.5931
      0.4873
      0.4040
      0.3729
      4.1915
      3.8884
      3.1095
      2.1591
      1.3309
      0.7722
      0.4741
      0.3503
      0.3208
      0.3481
      0.4248
      0.5423
      0.6704
      0.7656
      0.7960
      0.7617
      0.6930
      0.6306
      0.6060
      5.2449
      4.8652
      3.8893
      2.6985
      1.6592
      0.9540
      0.5694
      0.3964
      0.3338
      0.3344
      0.3924
      0.5076
      0.6593
      0.8064
      0.9092
      0.9518
      0.9479
      0.9272
      0.9169
      5.6546
      5.2472
      4.2011
      2.9266
      1.8168
      1.0646
      0.6517
      0.4569
      0.3700
      0.3419
      0.3726
      0.4739
      0.6382
      0.8317
      1.0100
      1.1408
      1.2170
      1.2511
      1.2600
      5.2449
      4.8729
      3.9200
      2.7655
      1.7698
      1.1039
      0.7408
      0.5601
      0.4579
      0.3950
      0.3852
      0.4556
      0.6136
      0.8345
      1.0722
      1.2808
      1.4327
      1.5209
      1.5493
      4.1915
      3.9062
      3.1802
      2.3135
      1.5854
      1.1171
      0.8676
      0.7264
      0.6093
      0.4995
      0.4316
      0.4507
      0.5780
      0.7973
      1.0631
      1.3213
      1.5283
      1.6589
      1.7032
      2.9035
      2.7267
      2.2844
      1.7776
      1.3836
      1.1597
      1.0471
      0.9489
      0.8082
      0.6378
      0.4972
      0.4486
      0.5238
      0.7135
      0.9759
      1.2547
      1.4958
      1.6573
      1.7140
      1.7759
      1.6989
      1.5181
      1.3436
      1.2578
      1.2569
      1.2641
      1.1950
      1.0204
      0.7827
      0.5651
      0.4439
      0.4583
      0.6055
      0.8513
      1.1423
      1.4163
      1.6121
      1.6832
      1.0083
      1.0049
      1.0173
      1.0886
      1.2306
      1.3930
      1.4837
      1.4274
      1.2162
      0.9163
      0.6295
      0.4432
      0.4039
      0.5176
      0.7613
      1.0875
      1.4233
      1.6785
      1.7741
      0.5925
      0.6339
      0.7641
      0.9859
      1.2683
      1.5318
      1.6743
      1.6240
      1.3845
      1.0365
      0.6949
      0.4580
      0.3818
      0.4855
      0.7607
      1.1655
      1.6093
      1.9606
      2.0950
      0.4133
      0.4774
      0.6674
      0.9665
      1.3229
      1.6434
      1.8192
      1.7772
      1.5232
      1.1435
      0.7627
      0.4899
      0.3941
      0.5102
      0.8451
      1.3603
      1.9430
      2.4131
      2.5945
      0.3534
      0.4267
      0.6414
      0.9732
      1.3631
      1.7130
      1.9106
      1.8789
      1.6209
      1.2241
      0.8189
      0.5241
      0.4205
      0.5562
      0.9501
      1.5651
      2.2687
      2.8405
      3.0619
      0.3409
      0.4166
      0.6375
      0.9778
      1.3771
      1.7364
      1.9421
      1.9153
      1.6571
      1.2550
      0.8413
      0.5389
      0.4334
      0.5782
      0.9968
      1.6523
      2.4041
      3.0162
      3.2535
