      0.4685
      0.4804
      0.5077
      0.5319
      0.5403
      0.5325
      0.5160
      0.4974
      0.4787
      0.4580
      0.4300
      0.3875
      0.3260
      0.2499
      0.1717
      0.1058
      0.0604
      0.0357
      0.0282
      0.4658
      0.4753
      0.4961
      0.5126
      0.5143
      0.5022
      0.4846
      0.4681
      0.4548
      0.4426
      0.4251
      0.3934
      0.3404
      0.2685
      0.1899
      0.1203
      0.0701
      0.0418
      0.0329
      0.4700
      0.4720
      0.4737
      0.4672
      0.4493
      0.4257
      0.4054
      0.3948
      0.3961
      0.4064
      0.4175
      0.4153
      0.3863
      0.3267
      0.2471
      0.1667
      0.1027
      0.0635
      0.0507
      0.5216
      0.5103
      0.4783
      0.4318
      0.3813
      0.3391
      0.3144
      0.3116
      0.3314
      0.3709
      0.4201
      0.4596
      0.4661
      0.4263
      0.3470
      0.2516
      0.1672
      0.1118
      0.0928
      0.6905
      0.6574
      0.5704
      0.4591
      0.3559
      0.2829
      0.2479
      0.2495
      0.2846
      0.3503
      0.4368
      0.5209
      0.5697
      0.5584
      0.4868
      0.3813
      0.2785
      0.2075
      0.1826
      1.0481
      0.9816
      0.8095
      0.5970
      0.4094
      0.2839
      0.2251
      0.2210
      0.2611
      0.3413
      0.4544
      0.5772
      0.6706
      0.6991
      0.6540
      0.5601
      0.4589
      0.3861
      0.3602
      1.6080
      1.4960
      1.2076
      0.8551
      0.5482
      0.3439
      0.2432
      0.2195
      0.2506
      0.3295
      0.4525
      0.6012
      0.7371
      0.8198
      0.8329
      0.7937
      0.7380
      0.6959
      0.6809
      2.2677
      2.1053
      1.6879
      1.1788
      0.7360
      0.4392
      0.2854
      0.2321
      0.2431
      0.3062
      0.4217
      0.5801
      0.7529
      0.9043
      1.0145
      1.0884
      1.1410
      1.1780
      1.1922
      2.8154
      2.6128
      2.0925
      1.4585
      0.9069
      0.5352
      0.3367
      0.2552
      0.2421
      0.2802
      0.3739
      0.5264
      0.7270
      0.9550
      1.1942
      1.4342
      1.6561
      1.8208
      1.8827
      3.0297
      2.8135
      2.2590
      1.5853
      1.0017
      0.6096
      0.3979
      0.3022
      0.2674
      0.2750
      0.3353
      0.4671
      0.6813
      0.9790
      1.3530
      1.7788
      2.1973
      2.5138
      2.6329
      2.8154
      2.6203
      2.1219
      1.5216
      1.0091
      0.6716
      0.4902
      0.3986
      0.3440
      0.3137
      0.3287
      0.4236
      0.6301
      0.9700
      1.4460
      2.0236
      2.6089
      3.0566
      3.2256
      2.2677
      2.1231
      1.7576
      1.3281
      0.9769
      0.7591
      0.6436
      0.5667
      0.4867
      0.4058
      0.3605
      0.4006
      0.5724
      0.9098
      1.4222
      2.0696
      2.7384
      3.2541
      3.4494
      1.6080
      1.5281
      1.3334
      1.1235
      0.9791
      0.9124
      0.8756
      0.8098
      0.6907
      0.5428
      0.4224
      0.3917
      0.5031
      0.7921
      1.2679
      1.8893
      2.5412
      3.0474
      3.2395
      1.0481
      1.0309
      1.0021
      1.0068
      1.0645
      1.1432
      1.1759
      1.1082
      0.9357
      0.7082
      0.5032
      0.3930
      0.4292
      0.6408
      1.0320
      1.5629
      2.1290
      2.5718
      2.7404
      0.6905
      0.7234
      0.8278
      1.0058
      1.2281
      1.4242
      1.5091
      1.4298
      1.1987
      0.8892
      0.5988
      0.4095
      0.3703
      0.5026
      0.8040
      1.2367
      1.7086
      2.0819
      2.2246
      0.5216
      0.5887
      0.7843
      1.0828
      1.4221
      1.7046
      1.8295
      1.7409
      1.4602
      1.0779
      0.7094
      0.4480
      0.3448
      0.4172
      0.6590
      1.0330
      1.4532
      1.7902
      1.9198
      0.4700
      0.5568
      0.8060
      1.1775
      1.5916
      1.9352
      2.0951
      2.0080
      1.6957
      1.2579
      0.8250
      0.5040
      0.3533
      0.3919
      0.6135
      0.9798
      1.4021
      1.7451
      1.8777
      0.4658
      0.5620
      0.8373
      1.2458
      1.7012
      2.0835
      2.2714
      2.1932
      1.8663
      1.3943
      0.9180
      0.5561
      0.3760
      0.4010
      0.6263
      1.0121
      1.4629
      1.8314
      1.9743
      0.4685
      0.5674
      0.8501
      1.2697
      1.7384
      2.1343
      2.3333
      2.2601
      1.9296
      1.4461
      0.9542
      0.5776
      0.3875
      0.4094
      0.6394
      1.0370
      1.5032
      1.8851
      2.0333
