      0.0072
      0.0084
      0.0108
      0.0124
      0.0122
      0.0124
      0.0154
      0.0231
      0.0416
      0.0778
      0.1215
      0.1415
      0.1184
      0.0705
      0.0297
      0.0089
      0.0019
      0.0003
      0.0001
      0.0074
      0.0085
      0.0108
      0.0120
      0.0114
      0.0110
      0.0131
      0.0196
      0.0359
      0.0691
      0.1117
      0.1355
      0.1192
      0.0755
      0.0344
      0.0113
      0.0027
      0.0005
      0.0001
      0.0095
      0.0101
      0.0112
      0.0109
      0.0091
      0.0077
      0.0083
      0.0123
      0.0243
      0.0522
      0.0956
      0.1337
      0.1385
      0.1053
      0.0586
      0.0237
      0.0069
      0.0015
      0.0004
      0.0317
      0.0284
      0.0206
      0.0128
      0.0073
      0.0047
      0.0044
      0.0071
      0.0170
      0.0462
      0.1064
      0.1854
      0.2367
      0.2186
      0.1451
      0.0688
      0.0232
      0.0057
      0.0019
      0.1851
      0.1566
      0.0952
      0.0421
      0.0143
      0.0050
      0.0039
      0.0070
      0.0191
      0.0613
      0.1664
      0.3344
      0.4816
      0.4938
      0.3594
      0.1854
      0.0678
      0.0182
      0.0069
      0.8802
      0.7407
      0.4412
      0.1861
      0.0563
      0.0145
      0.0079
      0.0116
      0.0267
      0.0849
      0.2460
      0.5311
      0.8180
      0.8933
      0.6912
      0.3794
      0.1495
      0.0465
      0.0220
      2.9784
      2.5051
      1.4896
      0.6255
      0.1866
      0.0439
      0.0167
      0.0177
      0.0314
      0.0917
      0.2753
      0.6273
      1.0213
      1.1795
      0.9678
      0.5700
      0.2546
      0.1095
      0.0756
      7.0996
      5.9711
      3.5501
      1.4899
      0.4427
      0.0994
      0.0284
      0.0217
      0.0288
      0.0726
      0.2222
      0.5342
      0.9229
      1.1371
      1.0095
      0.6745
      0.4000
      0.2918
      0.2760
     11.9416
     10.0433
      5.9711
      2.5058
      0.7438
      0.1647
      0.0422
      0.0267
      0.0264
      0.0462
      0.1330
      0.3389
      0.6374
      0.8753
      0.9077
      0.7935
      0.7354
      0.8067
      0.8665
     14.1986
     11.9416
      7.1001
      2.9811
      0.8903
      0.2105
      0.0756
      0.0627
      0.0541
      0.0462
      0.0751
      0.1904
      0.4179
      0.7064
      0.9540
      1.1577
      1.4533
      1.8457
      2.0454
     11.9416
     10.0436
      5.9734
      2.5171
      0.7821
      0.2569
      0.1994
      0.2159
      0.1834
      0.1165
      0.0799
      0.1389
      0.3534
      0.7380
      1.2179
      1.7426
      2.3993
      3.1280
      3.4761
      7.0996
      5.9721
      3.5586
      1.5300
      0.5746
      0.4066
      0.5351
      0.6127
      0.5078
      0.3015
      0.1466
      0.1395
      0.3392
      0.7784
      1.3951
      2.1029
      2.9379
      3.8065
      4.2114
      2.9784
      2.5079
      1.5112
      0.7228
      0.4940
      0.7343
      1.1179
      1.2625
      1.0152
      0.5800
      0.2480
      0.1418
      0.2730
      0.6441
      1.2026
      1.8553
      2.5890
      3.3130
      3.6434
      0.8802
      0.7463
      0.4813
      0.3577
      0.5745
      1.1351
      1.7387
      1.9126
      1.4957
      0.8297
      0.3325
      0.1311
      0.1665
      0.3872
      0.7492
      1.1885
      1.6746
      2.1359
      2.3420
      0.1851
      0.1651
      0.1532
      0.2780
      0.6992
      1.4455
      2.1867
      2.3737
      1.8381
      1.0120
      0.3975
      0.1249
      0.0827
      0.1726
      0.3609
      0.6418
      1.0128
      1.3894
      1.5588
      0.0317
      0.0392
      0.0929
      0.3032
      0.8516
      1.8045
      2.7918
      3.1143
      2.4882
      1.4178
      0.5746
      0.1691
      0.0541
      0.0787
      0.2248
      0.5851
      1.2326
      1.9714
      2.3132
      0.0095
      0.0228
      0.0990
      0.3826
      1.1529
      2.5821
      4.1990
      4.9022
      4.0846
      2.4197
      1.0156
      0.3023
      0.0747
      0.0805
      0.3197
      1.0441
      2.4536
      4.1041
      4.8726
      0.0074
      0.0229
      0.1165
      0.4904
      1.5671
      3.6589
      6.1350
      7.3330
      6.2266
      3.7466
      1.5931
      0.4784
      0.1153
      0.1193
      0.5048
      1.7017
      4.0516
      6.8114
      8.0977
      0.0072
      0.0235
      0.1253
      0.5445
      1.7753
      4.1977
      7.0967
      8.5314
      7.2752
      4.3922
      1.8726
      0.5635
      0.1357
      0.1402
      0.5971
      2.0179
      4.8099
      8.0898
      9.6186
