      0.3388
      0.3425
      0.3497
      0.3529
      0.3484
      0.3399
      0.3356
      0.3422
      0.3605
      0.3841
      0.3990
      0.3895
      0.3466
      0.2755
      0.1939
      0.1214
      0.0700
      0.0417
      0.0329
      0.3409
      0.3429
      0.3458
      0.3438
      0.3350
      0.3241
      0.3197
      0.3283
      0.3509
      0.3811
      0.4048
      0.4047
      0.3694
      0.3016
      0.2180
      0.1400
      0.0822
      0.0490
      0.0385
      0.3621
      0.3585
      0.3471
      0.3281
      0.3054
      0.2873
      0.2825
      0.2969
      0.3314
      0.3799
      0.4280
      0.4546
      0.4410
      0.3827
      0.2937
      0.1993
      0.1222
      0.0743
      0.0585
      0.4507
      0.4352
      0.3937
      0.3394
      0.2888
      0.2561
      0.2496
      0.2718
      0.3219
      0.3947
      0.4767
      0.5424
      0.5625
      0.5203
      0.4245
      0.3052
      0.1976
      0.1263
      0.1017
      0.6843
      0.6464
      0.5484
      0.4277
      0.3239
      0.2614
      0.2459
      0.2720
      0.3342
      0.4286
      0.5444
      0.6537
      0.7157
      0.6982
      0.6007
      0.4570
      0.3159
      0.2174
      0.1827
      1.1388
      1.0638
      0.8714
      0.6388
      0.4423
      0.3228
      0.2811
      0.2988
      0.3611
      0.4644
      0.6033
      0.7508
      0.8575
      0.8760
      0.7932
      0.6421
      0.4811
      0.3640
      0.3219
      1.8223
      1.6951
      1.3698
      0.9774
      0.6449
      0.4357
      0.3450
      0.3364
      0.3819
      0.4761
      0.6194
      0.7905
      0.9380
      1.0043
      0.9639
      0.8418
      0.6966
      0.5862
      0.5457
      2.6112
      2.4258
      1.9512
      1.3776
      0.8876
      0.5698
      0.4142
      0.3658
      0.3810
      0.4500
      0.5781
      0.7534
      0.9314
      1.0542
      1.0879
      1.0435
      0.9655
      0.9003
      0.8758
      3.2596
      3.0273
      2.4323
      1.7119
      1.0926
      0.6831
      0.4696
      0.3820
      0.3637
      0.3993
      0.4976
      0.6584
      0.8528
      1.0336
      1.1647
      1.2407
      1.2790
      1.2978
      1.3039
      3.5122
      3.2632
      2.6255
      1.8538
      1.1900
      0.7486
      0.5120
      0.4027
      0.3573
      0.3577
      0.4171
      0.5485
      0.7432
      0.9720
      1.2034
      1.4161
      1.5947
      1.7185
      1.7635
      3.2596
      3.0329
      2.4540
      1.7576
      1.1645
      0.7752
      0.5666
      0.4607
      0.3965
      0.3599
      0.3722
      0.4610
      0.6375
      0.8919
      1.2002
      1.5291
      1.8330
      2.0531
      2.1342
      2.6112
      2.4393
      2.0042
      1.4907
      1.0686
      0.8062
      0.6700
      0.5863
      0.5045
      0.4232
      0.3774
      0.4098
      0.5482
      0.7971
      1.1394
      1.5350
      1.9175
      2.2007
      2.3059
      1.8223
      1.7201
      1.4682
      1.1897
      0.9892
      0.8923
      0.8499
      0.7927
      0.6853
      0.5458
      0.4285
      0.3916
      0.4740
      0.6886
      1.0225
      1.4336
      1.8451
      2.1551
      2.2711
      1.1388
      1.1030
      1.0266
      0.9760
      0.9942
      1.0627
      1.1128
      1.0757
      0.9308
      0.7194
      0.5185
      0.4025
      0.4191
      0.5858
      0.8930
      1.2989
      1.7211
      2.0459
      2.1686
      0.6843
      0.7005
      0.7634
      0.8979
      1.0998
      1.3125
      1.4448
      1.4217
      1.2324
      0.9401
      0.6470
      0.4469
      0.3985
      0.5252
      0.8222
      1.2484
      1.7116
      2.0767
      2.2161
      0.4507
      0.5023
      0.6622
      0.9308
      1.2741
      1.6070
      1.8144
      1.8072
      1.5760
      1.2017
      0.8132
      0.5288
      0.4240
      0.5336
      0.8607
      1.3630
      1.9284
      2.3830
      2.5581
      0.3621
      0.4354
      0.6561
      1.0142
      1.4606
      1.8911
      2.1682
      2.1832
      1.9205
      1.4731
      0.9957
      0.6343
      0.4860
      0.6012
      0.9930
      1.6159
      2.3301
      2.9104
      3.1350
      0.3409
      0.4255
      0.6792
      1.0894
      1.6014
      2.0999
      2.4307
      2.4678
      2.1867
      1.6875
      1.1445
      0.7267
      0.5504
      0.6803
      1.1379
      1.8742
      2.7246
      3.4184
      3.6874
      0.3388
      0.4269
      0.6912
      1.1187
      1.6536
      2.1770
      2.5286
      2.5751
      2.2882
      1.7701
      1.2026
      0.7638
      0.5776
      0.7148
      1.2002
      1.9831
      2.8888
      3.6285
      3.9155
