      0.0019
      0.0044
      0.0109
      0.0148
      0.0109
      0.0045
      0.0013
      0.0007
      0.0006
      0.0010
      0.0021
      0.0027
      0.0020
      0.0008
      0.0002
      0.0000
      0.0000
      0.0000
      0.0000
      0.0026
      0.0057
      0.0126
      0.0155
      0.0105
      0.0040
      0.0011
      0.0005
      0.0005
      0.0008
      0.0019
      0.0027
      0.0022
      0.0010
      0.0002
      0.0000
      0.0000
      0.0000
      0.0000
      0.0034
      0.0065
      0.0125
      0.0133
      0.0078
      0.0025
      0.0006
      0.0002
      0.0002
      0.0005
      0.0016
      0.0033
      0.0040
      0.0029
      0.0012
      0.0003
      0.0000
      0.0000
      0.0000
      0.0027
      0.0045
      0.0073
      0.0069
      0.0035
      0.0010
      0.0002
      0.0001
      0.0001
      0.0007
      0.0041
      0.0132
      0.0233
      0.0224
      0.0117
      0.0033
      0.0005
      0.0000
      0.0000
      0.0025
      0.0027
      0.0028
      0.0020
      0.0009
      0.0002
      0.0000
      0.0000
      0.0002
      0.0023
      0.0159
      0.0586
      0.1161
      0.1243
      0.0719
      0.0224
      0.0038
      0.0003
      0.0000
      0.0234
      0.0173
      0.0072
      0.0017
      0.0003
      0.0000
      0.0000
      0.0001
      0.0004
      0.0049
      0.0366
      0.1480
      0.3219
      0.3779
      0.2397
      0.0820
      0.0152
      0.0017
      0.0004
      0.2033
      0.1494
      0.0593
      0.0127
      0.0015
      0.0001
      0.0001
      0.0002
      0.0006
      0.0056
      0.0457
      0.2023
      0.4821
      0.6200
      0.4308
      0.1622
      0.0355
      0.0104
      0.0097
      0.9536
      0.7009
      0.2779
      0.0592
      0.0068
      0.0005
      0.0002
      0.0003
      0.0004
      0.0035
      0.0308
      0.1494
      0.3902
      0.5501
      0.4209
      0.1843
      0.0856
      0.1181
      0.1533
      2.4049
      1.7675
      0.7009
      0.1494
      0.0170
      0.0011
      0.0003
      0.0003
      0.0002
      0.0012
      0.0112
      0.0597
      0.1718
      0.2691
      0.2420
      0.2021
      0.4325
      0.9932
      1.3372
      3.2722
      2.4049
      0.9536
      0.2033
      0.0232
      0.0016
      0.0007
      0.0009
      0.0007
      0.0005
      0.0023
      0.0137
      0.0465
      0.0957
      0.1636
      0.4988
      1.8989
      4.6252
      6.2570
      2.4049
      1.7675
      0.7009
      0.1495
      0.0177
      0.0039
      0.0071
      0.0098
      0.0074
      0.0031
      0.0010
      0.0035
      0.0204
      0.0787
      0.2649
      1.1749
      4.7411
     11.6320
     15.7559
      0.9536
      0.7009
      0.2781
      0.0605
      0.0132
      0.0234
      0.0513
      0.0659
      0.0468
      0.0181
      0.0039
      0.0029
      0.0201
      0.0953
      0.3567
      1.6031
      6.4434
     15.8076
     21.4183
      0.2033
      0.1497
      0.0615
      0.0251
      0.0458
      0.1151
      0.2107
      0.2420
      0.1595
      0.0579
      0.0115
      0.0028
      0.0139
      0.0703
      0.2719
      1.1988
      4.7493
     11.6167
     15.7351
      0.0234
      0.0189
      0.0228
      0.0768
      0.2096
      0.3883
      0.5301
      0.5088
      0.3031
      0.1028
      0.0191
      0.0025
      0.0053
      0.0283
      0.1130
      0.4881
      1.8975
      4.6175
      6.2495
      0.0025
      0.0090
      0.0625
      0.2645
      0.6344
      0.9324
      0.9673
      0.7659
      0.4208
      0.1403
      0.0264
      0.0028
      0.0012
      0.0062
      0.0265
      0.1176
      0.4560
      1.1067
      1.4970
      0.0027
      0.0180
      0.1309
      0.5200
      1.1699
      1.6784
      1.8923
      1.7846
      1.1663
      0.4496
      0.0959
      0.0111
      0.0008
      0.0014
      0.0134
      0.1033
      0.4721
      1.1847
      1.6106
      0.0034
      0.0221
      0.1513
      0.5818
      1.4154
      2.8135
      5.0085
      6.3023
      4.6507
      1.8899
      0.4151
      0.0488
      0.0031
      0.0031
      0.0486
      0.4259
      1.9972
      5.0362
      6.8523
      0.0026
      0.0156
      0.1025
      0.4227
      1.4563
      4.7460
     11.1384
     15.2999
     11.5595
      4.7306
      1.0419
      0.1227
      0.0079
      0.0076
      0.1222
      1.0722
      5.0295
     12.6837
     17.2577
      0.0019
      0.0105
      0.0684
      0.3221
      1.4972
      5.9545
     14.8665
     20.7213
     15.7075
      6.4334
      1.4173
      0.1669
      0.0107
      0.0104
      0.1662
      1.4588
      6.8431
     17.2574
     23.4809
