      0.0001
      0.0003
      0.0007
      0.0009
      0.0007
      0.0004
      0.0005
      0.0007
      0.0009
      0.0021
      0.0047
      0.0063
      0.0046
      0.0018
      0.0004
      0.0000
      0.0000
      0.0000
      0.0000
      0.0002
      0.0003
      0.0008
      0.0009
      0.0007
      0.0004
      0.0004
      0.0005
      0.0007
      0.0017
      0.0042
      0.0061
      0.0049
      0.0021
      0.0005
      0.0001
      0.0000
      0.0000
      0.0000
      0.0002
      0.0004
      0.0008
      0.0008
      0.0005
      0.0002
      0.0002
      0.0002
      0.0003
      0.0010
      0.0030
      0.0057
      0.0062
      0.0040
      0.0015
      0.0003
      0.0000
      0.0000
      0.0000
      0.0004
      0.0004
      0.0005
      0.0004
      0.0002
      0.0001
      0.0000
      0.0001
      0.0001
      0.0009
      0.0046
      0.0141
      0.0242
      0.0228
      0.0118
      0.0033
      0.0005
      0.0000
      0.0000
      0.0072
      0.0053
      0.0022
      0.0006
      0.0001
      0.0000
      0.0000
      0.0000
      0.0002
      0.0023
      0.0159
      0.0582
      0.1152
      0.1232
      0.0712
      0.0222
      0.0037
      0.0003
      0.0000
      0.1182
      0.0869
      0.0345
      0.0074
      0.0008
      0.0001
      0.0000
      0.0001
      0.0004
      0.0049
      0.0363
      0.1465
      0.3186
      0.3740
      0.2372
      0.0811
      0.0150
      0.0017
      0.0005
      1.0371
      0.7623
      0.3023
      0.0644
      0.0073
      0.0005
      0.0002
      0.0003
      0.0006
      0.0056
      0.0452
      0.2002
      0.4771
      0.6135
      0.4263
      0.1605
      0.0354
      0.0115
      0.0113
      4.8650
      3.5756
      1.4178
      0.3023
      0.0345
      0.0022
      0.0003
      0.0003
      0.0005
      0.0035
      0.0305
      0.1479
      0.3863
      0.5449
      0.4171
      0.1833
      0.0916
      0.1381
      0.1820
     12.2690
      9.0172
      3.5756
      0.7623
      0.0869
      0.0054
      0.0004
      0.0003
      0.0003
      0.0012
      0.0111
      0.0594
      0.1718
      0.2722
      0.2500
      0.2194
      0.5007
      1.1768
      1.5930
     16.6935
     12.2690
      4.8650
      1.0371
      0.1183
      0.0076
      0.0015
      0.0019
      0.0015
      0.0009
      0.0025
      0.0147
      0.0542
      0.1251
      0.2264
      0.6188
      2.2588
      5.5118
      7.4723
     12.2690
      9.0172
      3.5756
      0.7624
      0.0881
      0.0114
      0.0162
      0.0226
      0.0172
      0.0071
      0.0021
      0.0062
      0.0400
      0.1583
      0.4511
      1.5397
      5.7213
     13.9159
     18.8510
      4.8650
      3.5756
      1.4179
      0.3035
      0.0445
      0.0479
      0.1129
      0.1499
      0.1077
      0.0418
      0.0091
      0.0066
      0.0456
      0.2070
      0.6394
      2.1698
      7.8590
     18.9695
     25.6648
      1.0371
      0.7623
      0.3027
      0.0702
      0.0509
      0.1845
      0.4258
      0.5346
      0.3632
      0.1332
      0.0265
      0.0064
      0.0318
      0.1543
      0.4997
      1.6648
      5.8471
     13.9780
     18.8802
      0.1182
      0.0870
      0.0362
      0.0240
      0.1064
      0.4049
      0.8747
      1.0359
      0.6660
      0.2314
      0.0433
      0.0056
      0.0122
      0.0623
      0.2114
      0.6936
      2.3573
      5.5701
      7.5073
      0.0072
      0.0058
      0.0070
      0.0328
      0.1590
      0.5319
      1.0709
      1.2148
      0.7575
      0.2572
      0.0473
      0.0049
      0.0027
      0.0136
      0.0494
      0.1671
      0.5637
      1.3230
      1.7803
      0.0004
      0.0013
      0.0092
      0.0497
      0.2124
      0.7011
      1.5047
      1.8791
      1.3097
      0.5019
      0.1048
      0.0119
      0.0010
      0.0023
      0.0170
      0.1165
      0.5177
      1.2917
      1.7546
      0.0002
      0.0014
      0.0115
      0.0739
      0.4273
      1.7908
      4.4584
      6.1542
      4.6275
      1.8840
      0.4133
      0.0485
      0.0031
      0.0033
      0.0526
      0.4592
      2.1522
      5.4265
      7.3832
      0.0002
      0.0011
      0.0114
      0.1140
      0.8882
      4.1587
     10.7482
     15.0736
     11.4349
      4.6827
      1.0314
      0.1215
      0.0078
      0.0082
      0.1316
      1.1551
      5.4183
     13.6643
     18.5920
      0.0001
      0.0008
      0.0111
      0.1388
      1.1734
      5.6084
     14.5719
     20.4701
     15.5399
      6.3664
      1.4026
      0.1652
      0.0107
      0.0111
      0.1791
      1.5716
      7.3721
     18.5917
     25.2962
