      0.5607
      0.5717
      0.5904
      0.5876
      0.5450
      0.4724
      0.4017
      0.3657
      0.3777
      0.4243
      0.4714
      0.4825
      0.4391
      0.3501
      0.2443
      0.1513
      0.0874
      0.0534
      0.0432
      0.5688
      0.5761
      0.5859
      0.5729
      0.5232
      0.4478
      0.3777
      0.3432
      0.3569
      0.4058
      0.4573
      0.4753
      0.4397
      0.3570
      0.2539
      0.1602
      0.0936
      0.0571
      0.0459
      0.6154
      0.6111
      0.5919
      0.5464
      0.4728
      0.3872
      0.3168
      0.2860
      0.3039
      0.3591
      0.4227
      0.4596
      0.4458
      0.3805
      0.2849
      0.1888
      0.1145
      0.0705
      0.0563
      0.7750
      0.7480
      0.6718
      0.5607
      0.4366
      0.3246
      0.2470
      0.2180
      0.2406
      0.3043
      0.3847
      0.4484
      0.4657
      0.4257
      0.3414
      0.2421
      0.1561
      0.1008
      0.0821
      1.1738
      1.1065
      0.9282
      0.6968
      0.4742
      0.3029
      0.1996
      0.1636
      0.1872
      0.2584
      0.3564
      0.4495
      0.5027
      0.4937
      0.4260
      0.3262
      0.2291
      0.1617
      0.1380
      1.9396
      1.8071
      1.4624
      1.0309
      0.6382
      0.3560
      0.1961
      0.1370
      0.1535
      0.2270
      0.3385
      0.4586
      0.5490
      0.5776
      0.5369
      0.4481
      0.3491
      0.2752
      0.2482
      3.0889
      2.8659
      2.2894
      1.5760
      0.9386
      0.4913
      0.2414
      0.1411
      0.1400
      0.2075
      0.3241
      0.4645
      0.5913
      0.6663
      0.6706
      0.6158
      0.5361
      0.4701
      0.4450
      4.4165
      4.0929
      3.2580
      2.2292
      1.3159
      0.6800
      0.3252
      0.1740
      0.1475
      0.1997
      0.3103
      0.4612
      0.6216
      0.7524
      0.8247
      0.8352
      0.8061
      0.7704
      0.7552
      5.5085
      5.1046
      4.0633
      2.7837
      1.6524
      0.8689
      0.4322
      0.2388
      0.1850
      0.2131
      0.3052
      0.4544
      0.6421
      0.8338
      0.9926
      1.0971
      1.1495
      1.1678
      1.1713
      5.9342
      5.5023
      4.3909
      3.0299
      1.8341
      1.0131
      0.5577
      0.3487
      0.2708
      0.2652
      0.3235
      0.4548
      0.6565
      0.9021
      1.1493
      1.3587
      1.5083
      1.5942
      1.6218
      5.5085
      5.1163
      4.1101
      2.8872
      1.8262
      1.1102
      0.7165
      0.5234
      0.4226
      0.3694
      0.3743
      0.4662
      0.6586
      0.9336
      1.2462
      1.5424
      1.7777
      1.9260
      1.9762
      4.4165
      4.1194
      3.3633
      2.4597
      1.6981
      1.2030
      0.9323
      0.7735
      0.6421
      0.5226
      0.4521
      0.4801
      0.6330
      0.8988
      1.2317
      1.5691
      1.8521
      2.0376
      2.1020
      3.0889
      2.9114
      2.4688
      1.9638
      1.5716
      1.3423
      1.2112
      1.0817
      0.9041
      0.7007
      0.5384
      0.4838
      0.5698
      0.7862
      1.0874
      1.4097
      1.6899
      1.8782
      1.9443
      1.9396
      1.8735
      1.7226
      1.5875
      1.5340
      1.5409
      1.5225
      1.4007
      1.1632
      0.8698
      0.6137
      0.4717
      0.4771
      0.6174
      0.8485
      1.1111
      1.3469
      1.5084
      1.5656
      1.1738
      1.1909
      1.2579
      1.3967
      1.5895
      1.7600
      1.8087
      1.6747
      1.3770
      1.0051
      0.6693
      0.4509
      0.3793
      0.4385
      0.5862
      0.7711
      0.9440
      1.0652
      1.1086
      0.7750
      0.8433
      1.0429
      1.3460
      1.6819
      1.9417
      2.0200
      1.8691
      1.5279
      1.1020
      0.7104
      0.4350
      0.3018
      0.2924
      0.3670
      0.4820
      0.5975
      0.6813
      0.7118
      0.6154
      0.7090
      0.9733
      1.3541
      1.7545
      2.0523
      2.1421
      1.9835
      1.6225
      1.1693
      0.7450
      0.4322
      0.2562
      0.1987
      0.2226
      0.2894
      0.3658
      0.4246
      0.4465
      0.5688
      0.6719
      0.9599
      1.3675
      1.7888
      2.0990
      2.1949
      2.0383
      1.6747
      1.2124
      0.7724
      0.4383
      0.2374
      0.1526
      0.1487
      0.1902
      0.2467
      0.2930
      0.3108
      0.5607
      0.6659
      0.9589
      1.3719
      1.7970
      2.1097
      2.2080
      2.0539
      1.6916
      1.2280
      0.7833
      0.4423
      0.2331
      0.1396
      0.1272
      0.1611
      0.2120
      0.2548
      0.2714
