      0.2555
      0.2823
      0.3388
      0.3770
      0.3704
      0.3320
      0.2902
      0.2595
      0.2384
      0.2231
      0.2093
      0.1879
      0.1512
      0.1034
      0.0582
      0.0266
      0.0099
      0.0032
      0.0016
      0.2543
      0.2779
      0.3266
      0.3565
      0.3445
      0.3044
      0.2635
      0.2349
      0.2168
      0.2051
      0.1955
      0.1786
      0.1466
      0.1025
      0.0592
      0.0278
      0.0107
      0.0036
      0.0019
      0.2455
      0.2610
      0.2901
      0.3001
      0.2770
      0.2359
      0.1996
      0.1777
      0.1673
      0.1638
      0.1628
      0.1561
      0.1352
      0.1005
      0.0622
      0.0317
      0.0135
      0.0053
      0.0031
      0.2303
      0.2350
      0.2393
      0.2270
      0.1956
      0.1597
      0.1349
      0.1245
      0.1231
      0.1260
      0.1309
      0.1328
      0.1237
      0.1005
      0.0690
      0.0401
      0.0207
      0.0111
      0.0084
      0.2451
      0.2363
      0.2105
      0.1728
      0.1346
      0.1089
      0.1007
      0.1040
      0.1089
      0.1115
      0.1147
      0.1194
      0.1197
      0.1081
      0.0853
      0.0606
      0.0427
      0.0339
      0.0315
      0.3639
      0.3341
      0.2606
      0.1790
      0.1214
      0.0998
      0.1058
      0.1195
      0.1244
      0.1188
      0.1135
      0.1170
      0.1257
      0.1290
      0.1230
      0.1147
      0.1125
      0.1165
      0.1192
      0.6513
      0.5870
      0.4325
      0.2700
      0.1637
      0.1276
      0.1358
      0.1506
      0.1481
      0.1298
      0.1146
      0.1181
      0.1400
      0.1705
      0.2056
      0.2512
      0.3096
      0.3644
      0.3874
      1.0809
      0.9702
      0.7050
      0.4272
      0.2431
      0.1708
      0.1656
      0.1711
      0.1572
      0.1281
      0.1081
      0.1181
      0.1645
      0.2472
      0.3723
      0.5497
      0.7642
      0.9527
      1.0292
      1.4907
      1.3370
      0.9689
      0.5819
      0.3203
      0.2066
      0.1808
      0.1733
      0.1499
      0.1161
      0.0981
      0.1219
      0.2065
      0.3735
      0.6549
      1.0728
      1.5813
      2.0254
      2.2049
      1.6620
      1.4911
      1.0822
      0.6527
      0.3618
      0.2325
      0.1979
      0.1836
      0.1544
      0.1168
      0.0997
      0.1367
      0.2651
      0.5368
      1.0213
      1.7623
      2.6738
      3.4726
      3.7958
      1.4907
      1.3404
      0.9830
      0.6143
      0.3758
      0.2827
      0.2670
      0.2551
      0.2149
      0.1592
      0.1261
      0.1611
      0.3187
      0.6774
      1.3417
      2.3771
      3.6625
      4.7937
      5.2522
      1.0809
      0.9809
      0.7498
      0.5312
      0.4222
      0.4181
      0.4458
      0.4339
      0.3603
      0.2558
      0.1773
      0.1832
      0.3347
      0.7184
      1.4525
      2.6123
      4.0618
      5.3416
      5.8611
      0.6513
      0.6122
      0.5375
      0.5107
      0.5725
      0.6822
      0.7519
      0.7148
      0.5716
      0.3850
      0.2365
      0.1903
      0.2983
      0.6320
      1.2953
      2.3572
      3.6921
      4.8741
      5.3544
      0.3639
      0.3810
      0.4538
      0.6134
      0.8399
      1.0450
      1.1217
      1.0188
      0.7763
      0.4958
      0.2771
      0.1781
      0.2288
      0.4737
      0.9920
      1.8408
      2.9193
      3.8792
      4.2701
      0.2451
      0.3062
      0.4953
      0.7998
      1.1422
      1.3886
      1.4237
      1.2286
      0.8906
      0.5412
      0.2819
      0.1534
      0.1647
      0.3453
      0.7679
      1.4939
      2.4407
      3.2945
      3.6441
      0.2303
      0.3192
      0.5788
      0.9613
      1.3457
      1.5728
      1.5405
      1.2699
      0.8821
      0.5156
      0.2569
      0.1294
      0.1363
      0.3211
      0.7911
      1.6436
      2.7904
      3.8411
      4.2741
      0.2455
      0.3448
      0.6255
      1.0163
      1.3764
      1.5505
      1.4646
      1.1695
      0.7924
      0.4555
      0.2250
      0.1167
      0.1469
      0.4004
      1.0552
      2.2721
      3.9331
      5.4662
      6.1000
      0.2543
      0.3523
      0.6232
      0.9847
      1.2960
      1.4212
      1.3134
      1.0345
      0.6988
      0.4048
      0.2041
      0.1150
      0.1742
      0.5114
      1.3773
      2.9958
      5.2135
      7.2648
      8.1135
      0.2555
      0.3512
      0.6134
      0.9571
      1.2449
      1.3511
      1.2399
      0.9746
      0.6608
      0.3862
      0.1977
      0.1162
      0.1879
      0.5623
      1.5209
      3.3142
      5.7731
      8.0483
      8.9897
