      0.2653
      0.2664
      0.2685
      0.2689
      0.2682
      0.2710
      0.2844
      0.3138
      0.3586
      0.4090
      0.4459
      0.4481
      0.4046
      0.3232
      0.2271
      0.1413
      0.0807
      0.0475
      0.0372
      0.2717
      0.2714
      0.2697
      0.2654
      0.2603
      0.2601
      0.2722
      0.3020
      0.3492
      0.4043
      0.4486
      0.4596
      0.4239
      0.3466
      0.2496
      0.1591
      0.0925
      0.0546
      0.0426
      0.3080
      0.3024
      0.2870
      0.2658
      0.2460
      0.2365
      0.2450
      0.2764
      0.3304
      0.3988
      0.4636
      0.4996
      0.4863
      0.4206
      0.3206
      0.2157
      0.1309
      0.0788
      0.0616
      0.4270
      0.4091
      0.3621
      0.3032
      0.2520
      0.2235
      0.2253
      0.2586
      0.3218
      0.4084
      0.5021
      0.5748
      0.5956
      0.5484
      0.4445
      0.3170
      0.2031
      0.1280
      0.1023
      0.7132
      0.6708
      0.5613
      0.4279
      0.3150
      0.2490
      0.2350
      0.2662
      0.3354
      0.4378
      0.5607
      0.6746
      0.7372
      0.7164
      0.6128
      0.4622
      0.3153
      0.2130
      0.1769
      1.2478
      1.1635
      0.9474
      0.6863
      0.4658
      0.3311
      0.2828
      0.2995
      0.3641
      0.4712
      0.6138
      0.7640
      0.8709
      0.8863
      0.7973
      0.6382
      0.4695
      0.3467
      0.3025
      2.0358
      1.8924
      1.5252
      1.0817
      0.7046
      0.4652
      0.3584
      0.3433
      0.3876
      0.4829
      0.6282
      0.8010
      0.9483
      1.0105
      0.9610
      0.8259
      0.6664
      0.5448
      0.5002
      2.9367
      2.7271
      2.1904
      1.5407
      0.9837
      0.6200
      0.4394
      0.3798
      0.3914
      0.4600
      0.5895
      0.7666
      0.9444
      1.0615
      1.0805
      1.0130
      0.9084
      0.8217
      0.7890
      3.6737
      3.4109
      2.7377
      1.9215
      1.2183
      0.7517
      0.5072
      0.4058
      0.3823
      0.4165
      0.5159
      0.6794
      0.8744
      1.0477
      1.1571
      1.1962
      1.1904
      1.1726
      1.1645
      3.9603
      3.6785
      2.9568
      2.0828
      1.3306
      0.8305
      0.5633
      0.4407
      0.3895
      0.3871
      0.4465
      0.5809
      0.7775
      0.9981
      1.2014
      1.3633
      1.4787
      1.5492
      1.5733
      3.6737
      3.4168
      2.7608
      1.9718
      1.3010
      0.8632
      0.6318
      0.5171
      0.4476
      0.4059
      0.4154
      0.5059
      0.6850
      0.9318
      1.2088
      1.4776
      1.7047
      1.8587
      1.9137
      2.9367
      2.7408
      2.2449
      1.6606
      1.1829
      0.8909
      0.7461
      0.6615
      0.5763
      0.4870
      0.4338
      0.4644
      0.6045
      0.8472
      1.1599
      1.4951
      1.7980
      2.0115
      2.0889
      2.0358
      1.9167
      1.6228
      1.2980
      1.0668
      0.9619
      0.9273
      0.8793
      0.7719
      0.6226
      0.4932
      0.4497
      0.5315
      0.7413
      1.0513
      1.4109
      1.7524
      2.0001
      2.0910
      1.2478
      1.2004
      1.0964
      1.0184
      1.0253
      1.1035
      1.1759
      1.1582
      1.0188
      0.7984
      0.5830
      0.4567
      0.4699
      0.6329
      0.9239
      1.2929
      1.6633
      1.9412
      2.0448
      0.7132
      0.7206
      0.7632
      0.8798
      1.0804
      1.3129
      1.4773
      1.4825
      1.3058
      1.0088
      0.7026
      0.4912
      0.4376
      0.5616
      0.8498
      1.2546
      1.6863
      2.0224
      2.1499
      0.4270
      0.4704
      0.6112
      0.8636
      1.2077
      1.5634
      1.8077
      1.8352
      1.6237
      1.2514
      0.8544
      0.5606
      0.4507
      0.5587
      0.8828
      1.3764
      1.9277
      2.3686
      2.5381
      0.3080
      0.3725
      0.5728
      0.9127
      1.3581
      1.8104
      2.1252
      2.1784
      1.9410
      1.5023
      1.0222
      0.6548
      0.5028
      0.6177
      1.0105
      1.6332
      2.3452
      2.9225
      3.1458
      0.2717
      0.3471
      0.5789
      0.9689
      1.4773
      1.9957
      2.3636
      2.4401
      2.1877
      1.7018
      1.1604
      0.7397
      0.5612
      0.6918
      1.1528
      1.8937
      2.7483
      3.4450
      3.7151
      0.2653
      0.3439
      0.5858
      0.9922
      1.5226
      2.0651
      2.4533
      2.5395
      2.2823
      1.7790
      1.2147
      0.7741
      0.5865
      0.7249
      1.2143
      2.0032
      2.9152
      3.6597
      3.9484
