      0.3346
      0.3647
      0.4240
      0.4491
      0.4027
      0.3040
      0.2045
      0.1451
      0.1367
      0.1652
      0.2021
      0.2167
      0.1930
      0.1401
      0.0823
      0.0390
      0.0149
      0.0048
      0.0023
      0.3305
      0.3570
      0.4078
      0.4247
      0.3755
      0.2803
      0.1873
      0.1336
      0.1284
      0.1590
      0.1996
      0.2203
      0.2030
      0.1534
      0.0944
      0.0472
      0.0192
      0.0066
      0.0034
      0.3100
      0.3276
      0.3578
      0.3564
      0.3036
      0.2207
      0.1469
      0.1091
      0.1131
      0.1506
      0.2027
      0.2421
      0.2440
      0.2035
      0.1391
      0.0775
      0.0353
      0.0139
      0.0077
      0.2641
      0.2715
      0.2793
      0.2620
      0.2133
      0.1532
      0.1082
      0.0933
      0.1110
      0.1600
      0.2323
      0.3040
      0.3385
      0.3122
      0.2354
      0.1443
      0.0724
      0.0318
      0.0194
      0.2079
      0.2066
      0.1972
      0.1724
      0.1369
      0.1064
      0.0943
      0.1036
      0.1348
      0.1958
      0.2933
      0.4083
      0.4892
      0.4853
      0.3929
      0.2590
      0.1412
      0.0697
      0.0469
      0.1792
      0.1705
      0.1472
      0.1182
      0.0970
      0.0947
      0.1115
      0.1391
      0.1761
      0.2410
      0.3576
      0.5155
      0.6500
      0.6816
      0.5857
      0.4145
      0.2496
      0.1433
      0.1083
      0.2107
      0.1934
      0.1522
      0.1123
      0.0965
      0.1118
      0.1460
      0.1797
      0.2095
      0.2632
      0.3804
      0.5625
      0.7427
      0.8230
      0.7566
      0.5876
      0.4070
      0.2838
      0.2419
      0.2990
      0.2706
      0.2048
      0.1435
      0.1198
      0.1376
      0.1741
      0.2010
      0.2134
      0.2439
      0.3406
      0.5178
      0.7219
      0.8586
      0.8672
      0.7688
      0.6385
      0.5425
      0.5090
      0.3961
      0.3575
      0.2681
      0.1838
      0.1460
      0.1565
      0.1853
      0.1994
      0.1932
      0.1983
      0.2630
      0.4124
      0.6190
      0.8136
      0.9359
      0.9774
      0.9735
      0.9617
      0.9573
      0.4384
      0.3964
      0.2995
      0.2092
      0.1693
      0.1791
      0.2041
      0.2093
      0.1878
      0.1682
      0.1968
      0.3090
      0.5062
      0.7532
      1.0007
      1.2150
      1.3831
      1.4955
      1.5360
      0.3961
      0.3618
      0.2859
      0.2248
      0.2162
      0.2524
      0.2918
      0.2942
      0.2517
      0.1956
      0.1784
      0.2471
      0.4253
      0.7044
      1.0481
      1.4075
      1.7311
      1.9624
      2.0474
      0.2990
      0.2841
      0.2612
      0.2741
      0.3446
      0.4461
      0.5188
      0.5117
      0.4217
      0.2981
      0.2123
      0.2238
      0.3648
      0.6372
      1.0128
      1.4388
      1.8447
      2.1446
      2.2564
      0.2107
      0.2251
      0.2847
      0.4162
      0.6127
      0.8107
      0.9175
      0.8718
      0.6905
      0.4595
      0.2792
      0.2171
      0.2996
      0.5238
      0.8656
      1.2797
      1.6948
      2.0124
      2.1329
      0.1792
      0.2303
      0.3944
      0.6768
      1.0279
      1.3298
      1.4503
      1.3275
      1.0155
      0.6490
      0.3596
      0.2165
      0.2312
      0.3918
      0.6835
      1.0809
      1.5191
      1.8770
      2.0172
      0.2079
      0.2977
      0.5713
      1.0088
      1.5122
      1.9077
      2.0286
      1.8184
      1.3692
      0.8620
      0.4586
      0.2335
      0.1884
      0.3121
      0.6179
      1.1175
      1.7431
      2.2943
      2.5177
      0.2641
      0.3853
      0.7463
      1.3063
      1.9337
      2.4194
      2.5715
      2.3224
      1.7725
      1.1332
      0.6056
      0.2898
      0.1980
      0.3407
      0.7862
      1.6053
      2.7042
      3.7083
      4.1216
      0.3100
      0.4476
      0.8542
      1.4819
      2.1956
      2.7834
      3.0316
      2.8267
      2.2330
      1.4748
      0.8083
      0.3874
      0.2577
      0.4689
      1.1653
      2.4922
      4.3081
      5.9845
      6.6774
      0.3305
      0.4715
      0.8878
      1.5369
      2.3020
      2.9870
      3.3587
      3.2420
      2.6449
      1.7950
      1.0046
      0.4882
      0.3291
      0.6168
      1.5652
      3.3857
      5.8886
      8.2045
      9.1627
      0.3346
      0.4749
      0.8899
      1.5413
      2.3238
      3.0509
      3.4807
      3.4087
      2.8159
      1.9299
      1.0882
      0.5318
      0.3609
      0.6818
      1.7372
      3.7652
      6.5554
      9.1384
     10.2072
