      0.0922
      0.1011
      0.1299
      0.1830
      0.2612
      0.3560
      0.4487
      0.5186
      0.5527
      0.5496
      0.5141
      0.4509
      0.3657
      0.2699
      0.1802
      0.1111
      0.0679
      0.0469
      0.0410
      0.1214
      0.1275
      0.1484
      0.1902
      0.2554
      0.3375
      0.4198
      0.4830
      0.5149
      0.5138
      0.4833
      0.4270
      0.3492
      0.2602
      0.1755
      0.1093
      0.0672
      0.0463
      0.0403
      0.2396
      0.2350
      0.2271
      0.2293
      0.2522
      0.2958
      0.3481
      0.3926
      0.4182
      0.4214
      0.4031
      0.3638
      0.3051
      0.2340
      0.1632
      0.1053
      0.0669
      0.0469
      0.0410
      0.5428
      0.5130
      0.4386
      0.3543
      0.2924
      0.2667
      0.2703
      0.2868
      0.3018
      0.3081
      0.3027
      0.2831
      0.2479
      0.2004
      0.1494
      0.1054
      0.0750
      0.0587
      0.0538
      1.1850
      1.1048
      0.8990
      0.6493
      0.4348
      0.2948
      0.2264
      0.2046
      0.2039
      0.2090
      0.2122
      0.2088
      0.1960
      0.1740
      0.1481
      0.1258
      0.1119
      0.1061
      0.1049
      2.3124
      2.1463
      1.7183
      1.1933
      0.7312
      0.4144
      0.2416
      0.1674
      0.1447
      0.1434
      0.1500
      0.1589
      0.1673
      0.1746
      0.1837
      0.1985
      0.2188
      0.2378
      0.2456
      3.9249
      3.6379
      2.8981
      1.9887
      1.1845
      0.6276
      0.3168
      0.1759
      0.1249
      0.1137
      0.1213
      0.1422
      0.1760
      0.2241
      0.2891
      0.3703
      0.4571
      0.5266
      0.5534
      5.7411
      5.3193
      4.2319
      2.8949
      1.7121
      0.8914
      0.4310
      0.2188
      0.1378
      0.1159
      0.1248
      0.1611
      0.2305
      0.3397
      0.4935
      0.6851
      0.8853
      1.0423
      1.1023
      7.2163
      6.6859
      5.3192
      3.6400
      2.1562
      1.1287
      0.5531
      0.2867
      0.1820
      0.1497
      0.1592
      0.2135
      0.3283
      0.5202
      0.7976
      1.1455
      1.5078
      1.7901
      1.8977
      7.7882
      7.2175
      5.7479
      3.9458
      2.3593
      1.2676
      0.6611
      0.3808
      0.2650
      0.2208
      0.2238
      0.2901
      0.4498
      0.7318
      1.1487
      1.6748
      2.2222
      2.6475
      2.8092
      7.2163
      6.6915
      5.3429
      3.6964
      2.2593
      1.2850
      0.7542
      0.5089
      0.3947
      0.3314
      0.3124
      0.3723
      0.5581
      0.9095
      1.4419
      2.1181
      2.8215
      3.3671
      3.5742
      5.7411
      5.3311
      4.2817
      3.0133
      1.9276
      1.2156
      0.8441
      0.6693
      0.5616
      0.4679
      0.4072
      0.4353
      0.6126
      0.9849
      1.5664
      2.3109
      3.0859
      3.6860
      3.9137
      3.9249
      3.6561
      2.9748
      2.1703
      1.5126
      1.1159
      0.9305
      0.8333
      0.7282
      0.5954
      0.4807
      0.4571
      0.5909
      0.9262
      1.4721
      2.1789
      2.9159
      3.4862
      3.7024
      2.3124
      2.1695
      1.8160
      1.4230
      1.1421
      1.0177
      0.9870
      0.9483
      0.8390
      0.6697
      0.5066
      0.4298
      0.5023
      0.7598
      1.2046
      1.7902
      2.4034
      2.8782
      3.0581
      1.1850
      1.1298
      1.0037
      0.8933
      0.8653
      0.9158
      0.9764
      0.9666
      0.8516
      0.6630
      0.4748
      0.3634
      0.3813
      0.5531
      0.8766
      1.3130
      1.7741
      2.1325
      2.2684
      0.5428
      0.5360
      0.5337
      0.5722
      0.6689
      0.7951
      0.8859
      0.8811
      0.7664
      0.5824
      0.3990
      0.2806
      0.2666
      0.3734
      0.5978
      0.9112
      1.2478
      1.5117
      1.6122
      0.2396
      0.2532
      0.3012
      0.3947
      0.5274
      0.6632
      0.7471
      0.7367
      0.6303
      0.4685
      0.3104
      0.2056
      0.1831
      0.2550
      0.4214
      0.6624
      0.9271
      1.1374
      1.2179
      0.1214
      0.1410
      0.2022
      0.3051
      0.4349
      0.5560
      0.6232
      0.6067
      0.5111
      0.3734
      0.2419
      0.1554
      0.1363
      0.1964
      0.3391
      0.5508
      0.7877
      0.9780
      1.0514
      0.0922
      0.1127
      0.1753
      0.2772
      0.4018
      0.5144
      0.5739
      0.5551
      0.4644
      0.3369
      0.2166
      0.1381
      0.1219
      0.1799
      0.3173
      0.5227
      0.7538
      0.9404
      1.0125
