      0.0000
      0.0000
      0.0000
      0.0000
      0.0000
      0.0000
      0.0000
      0.0000
      0.0000
      0.0000
      0.0000
      0.0000
      0.0000
      0.0000
      0.0000
      0.0000
      0.0000
      0.0000
      0.0000
      0.0000
      0.0000
      0.0000
      0.0000
      0.0000
      0.0000
      0.0000
      0.0000
      0.0000
      0.0000
      0.0000
      0.0000
      0.0000
      0.0000
      0.0000
      0.0000
      0.0000
      0.0000
      0.0000
      0.0000
      0.0000
      0.0000
      0.0000
      0.0000
      0.0000
      0.0000
      0.0000
      0.0000
      0.0000
      0.0000
      0.0000
      0.0000
      0.0000
      0.0000
      0.0000
      0.0000
      0.0000
      0.0000
      0.0000
      0.0000
      0.0000
      0.0000
      0.0000
      0.0000
      0.0000
      0.0000
      0.0000
      0.0000
      0.0000
      0.0000
      0.0000
      0.0000
      0.0000
      0.0000
      0.0000
      0.0000
      0.0000
      0.0000
      0.0000
      0.0000
      0.0000
      0.0000
      0.0000
      0.0000
      0.0000
      0.0000
      0.0000
      0.0000
      0.0000
      0.0001
      0.0001
      0.0000
      0.0000
      0.0000
      0.0000
      0.0000
      0.0020
      0.0010
      0.0001
      0.0000
      0.0000
      0.0000
      0.0000
      0.0000
      0.0000
      0.0000
      0.0000
      0.0001
      0.0005
      0.0007
      0.0003
      0.0000
      0.0000
      0.0000
      0.0000
      0.2675
      0.1338
      0.0167
      0.0005
      0.0000
      0.0000
      0.0000
      0.0000
      0.0000
      0.0000
      0.0000
      0.0002
      0.0013
      0.0023
      0.0010
      0.0001
      0.0000
      0.0000
      0.0000
      8.6759
      4.3379
      0.5408
      0.0167
      0.0001
      0.0000
      0.0000
      0.0000
      0.0000
      0.0000
      0.0000
      0.0001
      0.0008
      0.0017
      0.0009
      0.0001
      0.0001
      0.0005
      0.0011
     69.5907
     34.7954
      4.3379
      0.1338
      0.0010
      0.0000
      0.0000
      0.0000
      0.0000
      0.0000
      0.0000
      0.0000
      0.0001
      0.0004
      0.0005
      0.0006
      0.0092
      0.0730
      0.1461
    139.1814
     69.5907
      8.6759
      0.2675
      0.0020
      0.0000
      0.0000
      0.0000
      0.0000
      0.0000
      0.0000
      0.0000
      0.0001
      0.0019
      0.0093
      0.0206
      0.2988
      2.3685
      4.7364
     69.5907
     34.7954
      4.3379
      0.1338
      0.0010
      0.0000
      0.0001
      0.0003
      0.0001
      0.0000
      0.0000
      0.0000
      0.0007
      0.0155
      0.0904
      0.2034
      2.4155
     18.9999
     37.9915
      8.6759
      4.3379
      0.5408
      0.0167
      0.0002
      0.0012
      0.0093
      0.0178
      0.0084
      0.0010
      0.0000
      0.0000
      0.0012
      0.0323
      0.2196
      0.5154
      4.8924
     38.0078
     75.9835
      0.2675
      0.1338
      0.0167
      0.0005
      0.0010
      0.0274
      0.1845
      0.3098
      0.1300
      0.0136
      0.0004
      0.0000
      0.0005
      0.0168
      0.1334
      0.3346
      2.4970
     19.0115
     37.9923
      0.0020
      0.0010
      0.0001
      0.0001
      0.0065
      0.1525
      0.9052
      1.3419
      0.4973
      0.0459
      0.0010
      0.0000
      0.0001
      0.0022
      0.0202
      0.0553
      0.3218
      2.3720
      4.7366
      0.0000
      0.0000
      0.0000
      0.0004
      0.0116
      0.2138
      1.1095
      1.4523
      0.4755
      0.0387
      0.0008
      0.0000
      0.0000
      0.0001
      0.0008
      0.0023
      0.0105
      0.0739
      0.1473
      0.0000
      0.0000
      0.0001
      0.0013
      0.0105
      0.0825
      0.3476
      0.4045
      0.1198
      0.0090
      0.0002
      0.0000
      0.0000
      0.0000
      0.0000
      0.0003
      0.0099
      0.0793
      0.1587
      0.0000
      0.0000
      0.0001
      0.0014
      0.0075
      0.0340
      0.2031
      0.4035
      0.2095
      0.0276
      0.0009
      0.0000
      0.0000
      0.0000
      0.0001
      0.0098
      0.3185
      2.5551
      5.1103
      0.0000
      0.0000
      0.0000
      0.0004
      0.0063
      0.1644
      1.4057
      3.0239
      1.6268
      0.2183
      0.0072
      0.0001
      0.0000
      0.0000
      0.0006
      0.0788
      2.5551
     20.4952
     40.9905
      0.0000
      0.0000
      0.0000
      0.0001
      0.0095
      0.3256
      2.8097
      6.0468
      3.2534
      0.4366
      0.0145
      0.0001
      0.0000
      0.0000
      0.0012
      0.1576
      5.1103
     40.9905
     81.9809
