      0.0960
      0.1039
      0.1225
      0.1420
      0.1592
      0.1785
      0.2036
      0.2328
      0.2655
      0.3018
      0.3312
      0.3297
      0.2816
      0.1993
      0.1149
      0.0536
      0.0203
      0.0067
      0.0033
      0.0963
      0.1033
      0.1194
      0.1355
      0.1487
      0.1637
      0.1847
      0.2110
      0.2426
      0.2803
      0.3141
      0.3203
      0.2813
      0.2055
      0.1230
      0.0598
      0.0238
      0.0082
      0.0042
      0.0995
      0.1037
      0.1123
      0.1187
      0.1220
      0.1276
      0.1402
      0.1608
      0.1908
      0.2327
      0.2790
      0.3068
      0.2924
      0.2335
      0.1538
      0.0829
      0.0367
      0.0143
      0.0080
      0.1220
      0.1200
      0.1136
      0.1033
      0.0934
      0.0901
      0.0970
      0.1146
      0.1453
      0.1943
      0.2596
      0.3199
      0.3416
      0.3051
      0.2241
      0.1348
      0.0671
      0.0303
      0.0193
      0.2146
      0.1989
      0.1599
      0.1160
      0.0840
      0.0718
      0.0779
      0.0973
      0.1305
      0.1874
      0.2746
      0.3744
      0.4408
      0.4313
      0.3457
      0.2280
      0.1280
      0.0695
      0.0514
      0.4681
      0.4228
      0.3134
      0.1963
      0.1163
      0.0851
      0.0893
      0.1106
      0.1434
      0.2025
      0.3064
      0.4440
      0.5588
      0.5846
      0.5043
      0.3665
      0.2412
      0.1665
      0.1436
      0.9621
      0.8634
      0.6263
      0.3747
      0.2026
      0.1291
      0.1207
      0.1368
      0.1611
      0.2112
      0.3169
      0.4770
      0.6340
      0.7080
      0.6669
      0.5573
      0.4567
      0.4046
      0.3915
      1.6518
      1.4805
      1.0687
      0.6315
      0.3286
      0.1891
      0.1545
      0.1566
      0.1651
      0.1963
      0.2864
      0.4464
      0.6328
      0.7725
      0.8301
      0.8435
      0.8750
      0.9320
      0.9622
      2.2947
      2.0563
      1.4833
      0.8739
      0.4488
      0.2461
      0.1848
      0.1721
      0.1641
      0.1723
      0.2355
      0.3790
      0.5871
      0.8154
      1.0428
      1.2981
      1.6036
      1.8883
      2.0087
      2.5615
      2.2960
      1.6586
      0.9833
      0.5164
      0.2990
      0.2370
      0.2218
      0.1999
      0.1803
      0.2076
      0.3264
      0.5553
      0.8905
      1.3373
      1.9190
      2.6027
      3.2047
      3.4510
      2.2947
      2.0594
      1.4977
      0.9133
      0.5304
      0.3818
      0.3675
      0.3695
      0.3289
      0.2626
      0.2343
      0.3141
      0.5527
      0.9809
      1.6285
      2.5142
      3.5519
      4.4504
      4.8140
      1.6518
      1.4889
      1.1081
      0.7379
      0.5467
      0.5460
      0.6262
      0.6568
      0.5782
      0.4304
      0.3133
      0.3263
      0.5386
      0.9959
      1.7369
      2.7717
      3.9807
      5.0190
      5.4368
      0.9621
      0.8805
      0.7054
      0.5855
      0.6260
      0.8076
      0.9984
      1.0490
      0.9049
      0.6440
      0.4119
      0.3318
      0.4723
      0.8703
      1.5558
      2.5285
      3.6639
      4.6339
      5.0229
      0.4681
      0.4509
      0.4419
      0.5312
      0.7732
      1.1138
      1.3916
      1.4389
      1.2138
      0.8363
      0.4926
      0.3171
      0.3630
      0.6458
      1.1816
      1.9668
      2.8937
      3.6877
      4.0062
      0.2146
      0.2375
      0.3338
      0.5607
      0.9386
      1.3846
      1.7127
      1.7435
      1.4482
      0.9792
      0.5499
      0.2983
      0.2614
      0.4398
      0.8506
      1.5040
      2.3107
      3.0173
      3.3031
      0.1220
      0.1653
      0.3164
      0.6178
      1.0742
      1.5884
      1.9585
      1.9910
      1.6556
      1.1205
      0.6210
      0.3063
      0.2132
      0.3477
      0.7541
      1.4784
      2.4316
      3.2940
      3.6475
      0.0995
      0.1511
      0.3253
      0.6627
      1.1699
      1.7498
      2.1872
      2.2596
      1.9119
      1.3163
      0.7376
      0.3555
      0.2255
      0.3775
      0.9046
      1.9033
      3.2623
      4.5128
      5.0289
      0.0963
      0.1500
      0.3317
      0.6865
      1.2318
      1.8775
      2.3952
      2.5247
      2.1771
      1.5250
      0.8669
      0.4200
      0.2649
      0.4582
      1.1404
      2.4545
      4.2598
      5.9289
      6.6192
      0.0960
      0.1500
      0.3330
      0.6936
      1.2546
      1.9303
      2.4854
      2.6422
      2.2957
      1.6187
      0.9252
      0.4501
      0.2852
      0.4987
      1.2510
      2.7040
      4.7034
      6.5538
      7.3194
