      0.0332
      0.0433
      0.0642
      0.0758
      0.0681
      0.0521
      0.0429
      0.0437
      0.0538
      0.0775
      0.1091
      0.1232
      0.1023
      0.0608
      0.0257
      0.0077
      0.0016
      0.0002
      0.0001
      0.0350
      0.0445
      0.0634
      0.0722
      0.0627
      0.0462
      0.0369
      0.0370
      0.0461
      0.0686
      0.1004
      0.1184
      0.1036
      0.0657
      0.0300
      0.0099
      0.0023
      0.0004
      0.0001
      0.0361
      0.0435
      0.0568
      0.0596
      0.0477
      0.0321
      0.0234
      0.0228
      0.0302
      0.0511
      0.0864
      0.1190
      0.1234
      0.0943
      0.0528
      0.0215
      0.0063
      0.0014
      0.0004
      0.0337
      0.0374
      0.0427
      0.0399
      0.0287
      0.0173
      0.0114
      0.0114
      0.0190
      0.0441
      0.0977
      0.1698
      0.2173
      0.2014
      0.1341
      0.0638
      0.0216
      0.0053
      0.0018
      0.0481
      0.0450
      0.0367
      0.0255
      0.0148
      0.0080
      0.0058
      0.0077
      0.0185
      0.0572
      0.1545
      0.3106
      0.4478
      0.4595
      0.3348
      0.1731
      0.0638
      0.0179
      0.0074
      0.1536
      0.1308
      0.0813
      0.0376
      0.0140
      0.0062
      0.0064
      0.0104
      0.0245
      0.0788
      0.2291
      0.4949
      0.7625
      0.8332
      0.6456
      0.3567
      0.1452
      0.0522
      0.0308
      0.4960
      0.4176
      0.2492
      0.1057
      0.0334
      0.0117
      0.0107
      0.0152
      0.0284
      0.0849
      0.2564
      0.5848
      0.9525
      1.1015
      0.9089
      0.5497
      0.2758
      0.1627
      0.1412
      1.1769
      0.9899
      0.5888
      0.2479
      0.0760
      0.0227
      0.0155
      0.0179
      0.0257
      0.0670
      0.2068
      0.4978
      0.8608
      1.0656
      0.9671
      0.7092
      0.5514
      0.5605
      0.5962
      1.9787
      1.6642
      0.9897
      0.4164
      0.1270
      0.0359
      0.0212
      0.0216
      0.0231
      0.0422
      0.1233
      0.3148
      0.5937
      0.8285
      0.9213
      0.9934
      1.2719
      1.7163
      1.9456
      2.3526
      1.9787
      1.1770
      0.4967
      0.1564
      0.0556
      0.0474
      0.0525
      0.0468
      0.0408
      0.0683
      0.1743
      0.3858
      0.6796
      1.0479
      1.6519
      2.7179
      3.9917
      4.5964
      1.9787
      1.6646
      0.9922
      0.4275
      0.1626
      0.1187
      0.1595
      0.1864
      0.1589
      0.1011
      0.0701
      0.1237
      0.3209
      0.7142
      1.3780
      2.5476
      4.4836
      6.6968
      7.7307
      1.1769
      0.9915
      0.5994
      0.2912
      0.2053
      0.3067
      0.4689
      0.5376
      0.4425
      0.2619
      0.1274
      0.1221
      0.3047
      0.7499
      1.5688
      3.0215
      5.3662
      8.0036
      9.2287
      0.4960
      0.4229
      0.2819
      0.2264
      0.3621
      0.6837
      1.0255
      1.1280
      0.8933
      0.5066
      0.2159
      0.1236
      0.2441
      0.6170
      1.3341
      2.5976
      4.5917
      6.8045
      7.8274
      0.1536
      0.1443
      0.1580
      0.2931
      0.6428
      1.1866
      1.6775
      1.7573
      1.3383
      0.7326
      0.2918
      0.1147
      0.1486
      0.3690
      0.8187
      1.6105
      2.8362
      4.1777
      4.7945
      0.0481
      0.0706
      0.1747
      0.4499
      0.9715
      1.6735
      2.2398
      2.2649
      1.6889
      0.9127
      0.3555
      0.1111
      0.0739
      0.1633
      0.3826
      0.7970
      1.4544
      2.1748
      2.5051
      0.0337
      0.0737
      0.2341
      0.6110
      1.2825
      2.1781
      2.9370
      3.0393
      2.3395
      1.3107
      0.5276
      0.1548
      0.0491
      0.0723
      0.2149
      0.5766
      1.2353
      1.9902
      2.3397
      0.0361
      0.0827
      0.2678
      0.7162
      1.5903
      2.9223
      4.2681
      4.7304
      3.8507
      2.2589
      0.9446
      0.2807
      0.0687
      0.0710
      0.2806
      0.9170
      2.1557
      3.6062
      4.2817
      0.0350
      0.0797
      0.2648
      0.7629
      1.8829
      3.8206
      5.9969
      6.9653
      5.8445
      3.5001
      1.4856
      0.4458
      0.1064
      0.1042
      0.4371
      1.4729
      3.5070
      5.8959
      7.0093
      0.0332
      0.0756
      0.2567
      0.7748
      2.0156
      4.2562
      6.8448
      8.0599
      6.8163
      4.1019
      1.7467
      0.5252
      0.1253
      0.1224
      0.5163
      1.7446
      4.1584
      6.9940
      8.3157
