      0.3943
      0.4036
      0.4223
      0.4309
      0.4177
      0.3900
      0.3697
      0.3784
      0.4230
      0.4881
      0.5408
      0.5472
      0.4915
      0.3865
      0.2649
      0.1591
      0.0863
      0.0472
      0.0354
      0.3981
      0.4051
      0.4179
      0.4198
      0.4016
      0.3716
      0.3509
      0.3598
      0.4041
      0.4693
      0.5240
      0.5352
      0.4864
      0.3879
      0.2702
      0.1652
      0.0911
      0.0505
      0.0380
      0.4207
      0.4205
      0.4153
      0.3967
      0.3636
      0.3271
      0.3059
      0.3156
      0.3594
      0.4244
      0.4838
      0.5074
      0.4765
      0.3953
      0.2880
      0.1850
      0.1072
      0.0620
      0.0475
      0.5008
      0.4873
      0.4489
      0.3930
      0.3326
      0.2842
      0.2619
      0.2730
      0.3157
      0.3789
      0.4424
      0.4809
      0.4736
      0.4160
      0.3234
      0.2231
      0.1400
      0.0879
      0.0705
      0.7061
      0.6703
      0.5762
      0.4566
      0.3480
      0.2753
      0.2464
      0.2561
      0.2947
      0.3523
      0.4164
      0.4683
      0.4860
      0.4556
      0.3819
      0.2875
      0.2004
      0.1415
      0.1211
      1.1079
      1.0372
      0.8551
      0.6329
      0.4421
      0.3216
      0.2718
      0.2713
      0.2992
      0.3453
      0.4054
      0.4684
      0.5123
      0.5146
      0.4686
      0.3899
      0.3069
      0.2466
      0.2248
      1.7182
      1.5997
      1.2964
      0.9301
      0.6189
      0.4215
      0.3309
      0.3072
      0.3159
      0.3452
      0.3978
      0.4711
      0.5449
      0.5903
      0.5890
      0.5462
      0.4861
      0.4370
      0.4184
      2.4285
      2.2572
      1.8191
      1.2905
      0.8405
      0.5497
      0.4051
      0.3488
      0.3327
      0.3424
      0.3864
      0.4706
      0.5800
      0.6826
      0.7493
      0.7714
      0.7621
      0.7442
      0.7360
      3.0152
      2.8020
      2.2569
      1.5995
      1.0387
      0.6724
      0.4825
      0.3968
      0.3566
      0.3457
      0.3791
      0.4727
      0.6202
      0.7909
      0.9467
      1.0621
      1.1325
      1.1671
      1.1771
      3.2443
      3.0175
      2.4389
      1.7440
      1.1550
      0.7730
      0.5733
      0.4751
      0.4151
      0.3800
      0.3942
      0.4870
      0.6645
      0.9011
      1.1521
      1.3742
      1.5406
      1.6411
      1.6744
      3.0152
      2.8119
      2.2962
      1.6854
      1.1809
      0.8668
      0.7075
      0.6185
      0.5398
      0.4684
      0.4442
      0.5139
      0.6983
      0.9787
      1.3062
      1.6222
      1.8778
      2.0416
      2.0978
      2.4285
      2.2797
      1.9086
      1.4862
      1.1637
      0.9894
      0.9112
      0.8438
      0.7382
      0.6106
      0.5227
      0.5404
      0.6980
      0.9838
      1.3475
      1.7206
      2.0376
      2.2482
      2.3218
      1.7182
      1.6383
      1.4494
      1.2634
      1.1670
      1.1621
      1.1760
      1.1252
      0.9783
      0.7766
      0.6059
      0.5491
      0.6502
      0.9029
      1.2597
      1.6500
      1.9983
      2.2381
      2.3235
      1.1079
      1.0927
      1.0749
      1.1097
      1.2210
      1.3653
      1.4512
      1.3999
      1.2011
      0.9214
      0.6674
      0.5330
      0.5669
      0.7683
      1.0981
      1.4907
      1.8643
      2.1337
      2.2321
      0.7061
      0.7395
      0.8495
      1.0465
      1.3052
      1.5474
      1.6699
      1.6029
      1.3551
      1.0132
      0.6958
      0.5012
      0.4811
      0.6432
      0.9626
      1.3833
      1.8147
      2.1423
      2.2651
      0.5008
      0.5635
      0.7492
      1.0388
      1.3755
      1.6617
      1.7919
      1.7062
      1.4271
      1.0507
      0.6993
      0.4721
      0.4252
      0.5803
      0.9319
      1.4341
      1.9802
      2.4110
      2.5756
      0.4207
      0.4970
      0.7163
      1.0433
      1.4059
      1.7005
      1.8257
      1.7297
      1.4408
      1.0558
      0.6950
      0.4580
      0.4092
      0.5876
      1.0086
      1.6344
      2.3355
      2.8995
      3.1170
      0.3981
      0.4785
      0.7073
      1.0420
      1.4055
      1.6952
      1.8150
      1.7180
      1.4324
      1.0516
      0.6930
      0.4572
      0.4172
      0.6273
      1.1192
      1.8597
      2.6990
      3.3792
      3.6424
      0.3943
      0.4754
      0.7052
      1.0397
      1.4008
      1.6872
      1.8053
      1.7093
      1.4269
      1.0495
      0.6930
      0.4590
      0.4238
      0.6482
      1.1701
      1.9575
      2.8524
      3.5790
      3.8604
