      0.0000
      0.0000
      0.0000
      0.0000
      0.0000
      0.0000
      0.0000
      0.0000
      0.0000
      0.0000
      0.0000
      0.0000
      0.0000
      0.0000
      0.0000
      0.0000
      0.0000
      0.0000
      0.0000
      0.0000
      0.0000
      0.0000
      0.0000
      0.0000
      0.0000
      0.0000
      0.0000
      0.0000
      0.0000
      0.0000
      0.0000
      0.0000
      0.0000
      0.0000
      0.0000
      0.0000
      0.0000
      0.0000
      0.0000
      0.0000
      0.0000
      0.0000
      0.0000
      0.0000
      0.0000
      0.0000
      0.0000
      0.0000
      0.0000
      0.0000
      0.0000
      0.0000
      0.0000
      0.0000
      0.0000
      0.0000
      0.0000
      0.0000
      0.0000
      0.0000
      0.0000
      0.0000
      0.0000
      0.0000
      0.0000
      0.0000
      0.0000
      0.0000
      0.0000
      0.0000
      0.0000
      0.0000
      0.0000
      0.0000
      0.0000
      0.0000
      0.0000
      0.0000
      0.0000
      0.0000
      0.0000
      0.0000
      0.0000
      0.0000
      0.0000
      0.0000
      0.0000
      0.0000
      0.0002
      0.0002
      0.0001
      0.0000
      0.0000
      0.0000
      0.0000
      0.0002
      0.0001
      0.0000
      0.0000
      0.0000
      0.0000
      0.0000
      0.0000
      0.0000
      0.0000
      0.0000
      0.0003
      0.0019
      0.0028
      0.0010
      0.0001
      0.0000
      0.0000
      0.0000
      0.0239
      0.0119
      0.0015
      0.0000
      0.0000
      0.0000
      0.0000
      0.0000
      0.0000
      0.0000
      0.0000
      0.0007
      0.0048
      0.0084
      0.0037
      0.0004
      0.0000
      0.0000
      0.0000
      0.7748
      0.3874
      0.0483
      0.0015
      0.0000
      0.0000
      0.0000
      0.0000
      0.0000
      0.0000
      0.0000
      0.0003
      0.0030
      0.0064
      0.0035
      0.0005
      0.0001
      0.0007
      0.0013
      6.2147
      3.1073
      0.3874
      0.0119
      0.0001
      0.0000
      0.0000
      0.0000
      0.0000
      0.0000
      0.0000
      0.0000
      0.0005
      0.0013
      0.0010
      0.0007
      0.0109
      0.0868
      0.1736
     12.4294
      6.2147
      0.7748
      0.0239
      0.0002
      0.0000
      0.0000
      0.0000
      0.0000
      0.0000
      0.0000
      0.0000
      0.0001
      0.0017
      0.0083
      0.0210
      0.3541
      2.8154
      5.6304
      6.2147
      3.1073
      0.3874
      0.0119
      0.0001
      0.0000
      0.0001
      0.0002
      0.0001
      0.0000
      0.0000
      0.0000
      0.0006
      0.0137
      0.0803
      0.2024
      2.8571
     22.5850
     45.1626
      0.7748
      0.3874
      0.0483
      0.0015
      0.0000
      0.0011
      0.0083
      0.0157
      0.0075
      0.0009
      0.0000
      0.0000
      0.0010
      0.0286
      0.1950
      0.5011
      5.7688
     45.1770
     90.3257
      0.0239
      0.0119
      0.0015
      0.0001
      0.0009
      0.0243
      0.1636
      0.2746
      0.1153
      0.0121
      0.0003
      0.0000
      0.0005
      0.0149
      0.1184
      0.3187
      2.9294
     22.5952
     45.1633
      0.0002
      0.0001
      0.0000
      0.0001
      0.0057
      0.1353
      0.8025
      1.1898
      0.4409
      0.0407
      0.0009
      0.0000
      0.0001
      0.0019
      0.0179
      0.0518
      0.3745
      2.8186
      5.6306
      0.0000
      0.0000
      0.0000
      0.0004
      0.0105
      0.1898
      0.9839
      1.2879
      0.4217
      0.0344
      0.0007
      0.0000
      0.0000
      0.0001
      0.0007
      0.0021
      0.0122
      0.0882
      0.1760
      0.0000
      0.0000
      0.0001
      0.0013
      0.0099
      0.0757
      0.3239
      0.3919
      0.1241
      0.0104
      0.0002
      0.0000
      0.0000
      0.0000
      0.0000
      0.0006
      0.0194
      0.1555
      0.3111
      0.0000
      0.0000
      0.0001
      0.0014
      0.0089
      0.0889
      0.6811
      1.4357
      0.7658
      0.1023
      0.0034
      0.0000
      0.0000
      0.0000
      0.0001
      0.0193
      0.6261
      5.0224
     10.0448
      0.0000
      0.0000
      0.0000
      0.0005
      0.0190
      0.6113
      5.2641
     11.3279
      6.0947
      0.8178
      0.0272
      0.0002
      0.0000
      0.0000
      0.0012
      0.1549
      5.0224
     40.2857
     80.5715
      0.0000
      0.0000
      0.0000
      0.0003
      0.0351
      1.2194
     10.5266
     22.6549
     12.1892
      1.6357
      0.0543
      0.0004
      0.0000
      0.0000
      0.0023
      0.3098
     10.0448
     80.5715
    161.1430
