      0.0008
      0.0018
      0.0044
      0.0060
      0.0044
      0.0018
      0.0005
      0.0003
      0.0009
      0.0036
      0.0089
      0.0120
      0.0087
      0.0034
      0.0007
      0.0001
      0.0000
      0.0000
      0.0000
      0.0011
      0.0023
      0.0051
      0.0063
      0.0042
      0.0016
      0.0004
      0.0002
      0.0007
      0.0030
      0.0079
      0.0115
      0.0091
      0.0040
      0.0009
      0.0001
      0.0000
      0.0000
      0.0000
      0.0014
      0.0027
      0.0050
      0.0054
      0.0032
      0.0010
      0.0002
      0.0001
      0.0003
      0.0017
      0.0054
      0.0097
      0.0100
      0.0060
      0.0021
      0.0004
      0.0000
      0.0000
      0.0000
      0.0014
      0.0021
      0.0031
      0.0028
      0.0014
      0.0004
      0.0001
      0.0000
      0.0001
      0.0012
      0.0058
      0.0170
      0.0280
      0.0259
      0.0132
      0.0037
      0.0006
      0.0000
      0.0000
      0.0120
      0.0091
      0.0043
      0.0015
      0.0004
      0.0001
      0.0000
      0.0000
      0.0002
      0.0026
      0.0175
      0.0641
      0.1265
      0.1352
      0.0781
      0.0243
      0.0041
      0.0004
      0.0000
      0.1912
      0.1406
      0.0559
      0.0120
      0.0014
      0.0001
      0.0000
      0.0001
      0.0005
      0.0053
      0.0397
      0.1604
      0.3488
      0.4094
      0.2596
      0.0888
      0.0163
      0.0017
      0.0002
      1.6777
      1.2330
      0.4889
      0.1042
      0.0119
      0.0008
      0.0002
      0.0002
      0.0006
      0.0061
      0.0495
      0.2191
      0.5222
      0.6716
      0.4667
      0.1752
      0.0361
      0.0056
      0.0027
      7.8696
      5.7838
      2.2935
      0.4889
      0.0557
      0.0035
      0.0003
      0.0003
      0.0005
      0.0038
      0.0333
      0.1619
      0.4232
      0.5975
      0.4576
      0.1932
      0.0554
      0.0339
      0.0388
     19.8462
     14.5861
      5.7838
      1.2330
      0.1405
      0.0086
      0.0006
      0.0004
      0.0004
      0.0013
      0.0122
      0.0654
      0.1907
      0.3068
      0.2826
      0.1743
      0.1519
      0.2571
      0.3347
     27.0032
     19.8462
      7.8696
      1.6777
      0.1913
      0.0124
      0.0028
      0.0035
      0.0028
      0.0014
      0.0029
      0.0177
      0.0709
      0.1788
      0.2942
      0.3743
      0.6150
      1.1938
      1.5666
     19.8462
     14.5861
      5.7838
      1.2333
      0.1429
      0.0202
      0.0308
      0.0429
      0.0326
      0.0134
      0.0038
      0.0106
      0.0715
      0.2801
      0.6270
      0.9517
      1.5988
      3.0314
      3.9564
      7.8696
      5.7838
      2.2937
      0.4914
      0.0755
      0.0914
      0.2150
      0.2850
      0.2046
      0.0793
      0.0172
      0.0124
      0.0859
      0.3743
      0.9089
      1.4350
      2.3067
      4.1815
      5.4051
      1.6777
      1.2331
      0.4904
      0.1182
      0.1021
      0.3607
      0.8163
      1.0181
      0.6902
      0.2529
      0.0502
      0.0121
      0.0600
      0.2795
      0.7241
      1.1851
      1.8254
      3.1368
      4.0015
      0.1912
      0.1413
      0.0637
      0.0637
      0.2501
      0.8300
      1.7000
      1.9764
      1.2625
      0.4374
      0.0817
      0.0105
      0.0229
      0.1129
      0.3120
      0.5323
      0.7934
      1.2873
      1.6151
      0.0120
      0.0118
      0.0305
      0.1359
      0.4623
      1.1804
      2.0829
      2.2367
      1.3585
      0.4529
      0.0819
      0.0084
      0.0050
      0.0246
      0.0736
      0.1398
      0.2377
      0.4124
      0.5234
      0.0014
      0.0076
      0.0549
      0.2350
      0.6544
      1.4016
      2.3436
      2.6159
      1.7228
      0.6360
      0.1290
      0.0143
      0.0014
      0.0035
      0.0199
      0.1125
      0.4729
      1.1664
      1.5815
      0.0014
      0.0090
      0.0633
      0.2679
      0.8498
      2.4178
      5.2406
      6.9472
      5.1546
      2.0861
      0.4560
      0.0534
      0.0034
      0.0034
      0.0518
      0.4502
      2.1081
      5.3144
      7.2304
      0.0011
      0.0064
      0.0453
      0.2364
      1.1789
      4.7653
     11.8954
     16.5531
     12.5331
      5.1293
      1.1295
      0.1330
      0.0086
      0.0081
      0.1290
      1.1325
      5.3122
     13.3968
     18.2279
      0.0008
      0.0044
      0.0328
      0.2177
      1.3977
      6.2457
     16.0066
     22.4242
     17.0136
      6.9692
      1.5353
      0.1808
      0.0116
      0.0110
      0.1756
      1.5409
      7.2279
     18.2279
     24.8013
