      0.4359
      0.4475
      0.4727
      0.4917
      0.4913
      0.4756
      0.4609
      0.4632
      0.4873
      0.5223
      0.5450
      0.5300
      0.4656
      0.3625
      0.2478
      0.1491
      0.0814
      0.0451
      0.0340
      0.4373
      0.4463
      0.4651
      0.4764
      0.4696
      0.4501
      0.4338
      0.4362
      0.4616
      0.4997
      0.5278
      0.5205
      0.4645
      0.3680
      0.2564
      0.1576
      0.0878
      0.0492
      0.0374
      0.4526
      0.4540
      0.4534
      0.4417
      0.4163
      0.3859
      0.3659
      0.3688
      0.3979
      0.4440
      0.4864
      0.4995
      0.4661
      0.3875
      0.2846
      0.1849
      0.1090
      0.0642
      0.0498
      0.5201
      0.5078
      0.4726
      0.4206
      0.3632
      0.3151
      0.2893
      0.2931
      0.3267
      0.3823
      0.4427
      0.4830
      0.4806
      0.4277
      0.3375
      0.2370
      0.1522
      0.0985
      0.0804
      0.7075
      0.6728
      0.5810
      0.4630
      0.3528
      0.2745
      0.2371
      0.2389
      0.2745
      0.3368
      0.4130
      0.4809
      0.5130
      0.4913
      0.4197
      0.3228
      0.2317
      0.1699
      0.1484
      1.0857
      1.0164
      0.8371
      0.6156
      0.4200
      0.2891
      0.2269
      0.2186
      0.2495
      0.3116
      0.3975
      0.4891
      0.5569
      0.5739
      0.5335
      0.4551
      0.3713
      0.3107
      0.2890
      1.6680
      1.5518
      1.2531
      0.8883
      0.5715
      0.3613
      0.2568
      0.2269
      0.2440
      0.2975
      0.3850
      0.4950
      0.5999
      0.6676
      0.6816
      0.6516
      0.6046
      0.5665
      0.5524
      2.3498
      2.1820
      1.7512
      1.2268
      0.7725
      0.4698
      0.3129
      0.2537
      0.2504
      0.2881
      0.3693
      0.4918
      0.6357
      0.7692
      0.8684
      0.9289
      0.9618
      0.9786
      0.9840
      2.9147
      2.7060
      2.1707
      1.5207
      0.9588
      0.5839
      0.3856
      0.3007
      0.2756
      0.2920
      0.3588
      0.4862
      0.6675
      0.8783
      1.0900
      1.2813
      1.4373
      1.5424
      1.5799
      3.1355
      2.9137
      2.3463
      1.6608
      1.0736
      0.6867
      0.4825
      0.3879
      0.3429
      0.3312
      0.3714
      0.4903
      0.6985
      0.9832
      1.3145
      1.6534
      1.9543
      2.1656
      2.2423
      2.9147
      2.7160
      2.2109
      1.6094
      1.1076
      0.7905
      0.6287
      0.5439
      0.4781
      0.4249
      0.4194
      0.5075
      0.7183
      1.0510
      1.4759
      1.9393
      2.3671
      2.6735
      2.7855
      2.3498
      2.2049
      1.8423
      1.4270
      1.1059
      0.9281
      0.8467
      0.7819
      0.6861
      0.5721
      0.4972
      0.5272
      0.7059
      1.0411
      1.5036
      2.0305
      2.5289
      2.8906
      3.0234
      1.6680
      1.5910
      1.4086
      1.2278
      1.1313
      1.1217
      1.1307
      1.0795
      0.9383
      0.7456
      0.5830
      0.5333
      0.6480
      0.9378
      1.3740
      1.8913
      2.3915
      2.7588
      2.8943
      1.0857
      1.0733
      1.0619
      1.1025
      1.2152
      1.3559
      1.4361
      1.3813
      1.1827
      0.9057
      0.6535
      0.5190
      0.5549
      0.7706
      1.1387
      1.5981
      2.0550
      2.3958
      2.5225
      0.7075
      0.7445
      0.8636
      1.0712
      1.3374
      1.5815
      1.7010
      1.6280
      1.3737
      1.0248
      0.6990
      0.4931
      0.4576
      0.6007
      0.8989
      1.2992
      1.7139
      2.0309
      2.1501
      0.5201
      0.5880
      0.7878
      1.0962
      1.4508
      1.7490
      1.8821
      1.7898
      1.4963
      1.1005
      0.7266
      0.4723
      0.3874
      0.4826
      0.7421
      1.1210
      1.5328
      1.8567
      1.9802
      0.4526
      0.5358
      0.7747
      1.1297
      1.5220
      1.8404
      1.9764
      1.8747
      1.5644
      1.1471
      0.7484
      0.4671
      0.3560
      0.4328
      0.6914
      1.0928
      1.5450
      1.9083
      2.0482
      0.4373
      0.5261
      0.7787
      1.1484
      1.5509
      1.8738
      2.0114
      1.9101
      1.5983
      1.1757
      0.7669
      0.4730
      0.3517
      0.4282
      0.7045
      1.1450
      1.6497
      2.0595
      2.2181
      0.4359
      0.5259
      0.7811
      1.1532
      1.5568
      1.8802
      2.0188
      1.9192
      1.6088
      1.1860
      0.7748
      0.4773
      0.3536
      0.4323
      0.7185
      1.1776
      1.7061
      2.1363
      2.3030
