      0.0017
      0.0041
      0.0101
      0.0137
      0.0101
      0.0041
      0.0012
      0.0006
      0.0004
      0.0003
      0.0005
      0.0006
      0.0004
      0.0002
      0.0000
      0.0000
      0.0000
      0.0000
      0.0000
      0.0024
      0.0052
      0.0116
      0.0144
      0.0097
      0.0037
      0.0010
      0.0004
      0.0003
      0.0003
      0.0004
      0.0006
      0.0006
      0.0003
      0.0001
      0.0000
      0.0000
      0.0000
      0.0000
      0.0032
      0.0060
      0.0115
      0.0123
      0.0072
      0.0023
      0.0005
      0.0002
      0.0001
      0.0002
      0.0007
      0.0018
      0.0027
      0.0023
      0.0011
      0.0003
      0.0000
      0.0000
      0.0000
      0.0025
      0.0042
      0.0068
      0.0063
      0.0032
      0.0009
      0.0002
      0.0000
      0.0001
      0.0006
      0.0038
      0.0127
      0.0229
      0.0223
      0.0117
      0.0033
      0.0005
      0.0000
      0.0000
      0.0048
      0.0043
      0.0033
      0.0020
      0.0008
      0.0002
      0.0000
      0.0000
      0.0002
      0.0024
      0.0161
      0.0591
      0.1173
      0.1257
      0.0727
      0.0227
      0.0038
      0.0003
      0.0000
      0.0636
      0.0469
      0.0189
      0.0042
      0.0006
      0.0001
      0.0001
      0.0001
      0.0005
      0.0050
      0.0371
      0.1497
      0.3257
      0.3825
      0.2426
      0.0830
      0.0153
      0.0017
      0.0004
      0.5567
      0.4092
      0.1623
      0.0346
      0.0040
      0.0003
      0.0002
      0.0003
      0.0006
      0.0057
      0.0462
      0.2047
      0.4879
      0.6274
      0.4360
      0.1640
      0.0355
      0.0095
      0.0083
      2.6113
      1.9192
      0.7610
      0.1622
      0.0185
      0.0012
      0.0003
      0.0004
      0.0005
      0.0036
      0.0312
      0.1512
      0.3948
      0.5563
      0.4249
      0.1841
      0.0791
      0.1018
      0.1314
      6.5854
      4.8400
      1.9192
      0.4091
      0.0466
      0.0029
      0.0004
      0.0003
      0.0003
      0.0012
      0.0113
      0.0603
      0.1727
      0.2682
      0.2354
      0.1828
      0.3715
      0.8502
      1.1446
      8.9602
      6.5854
      2.6113
      0.5567
      0.0635
      0.0039
      0.0004
      0.0003
      0.0002
      0.0003
      0.0022
      0.0131
      0.0420
      0.0772
      0.1189
      0.3989
      1.6086
      3.9540
      5.3540
      6.5854
      4.8400
      1.9192
      0.4092
      0.0468
      0.0035
      0.0017
      0.0021
      0.0016
      0.0007
      0.0004
      0.0019
      0.0085
      0.0294
      0.1424
      0.9067
      3.9967
      9.9352
     13.4777
      2.6113
      1.9192
      0.7612
      0.1631
      0.0214
      0.0082
      0.0125
      0.0144
      0.0098
      0.0038
      0.0008
      0.0007
      0.0047
      0.0269
      0.1776
      1.2117
      5.4066
     13.4887
     18.3146
      0.5567
      0.4094
      0.1642
      0.0445
      0.0319
      0.0501
      0.0632
      0.0580
      0.0348
      0.0122
      0.0024
      0.0006
      0.0030
      0.0191
      0.1300
      0.8875
      3.9639
      9.9011
     13.4490
      0.0636
      0.0483
      0.0330
      0.0697
      0.1645
      0.2382
      0.2237
      0.1533
      0.0763
      0.0244
      0.0045
      0.0006
      0.0012
      0.0076
      0.0523
      0.3538
      1.5751
      3.9334
      5.3433
      0.0048
      0.0101
      0.0581
      0.2395
      0.5507
      0.7251
      0.6111
      0.3916
      0.1983
      0.0679
      0.0136
      0.0015
      0.0003
      0.0017
      0.0129
      0.0897
      0.4010
      1.0018
      1.3611
      0.0025
      0.0167
      0.1207
      0.4775
      1.0631
      1.4940
      1.6562
      1.5780
      1.0576
      0.4177
      0.0909
      0.0106
      0.0007
      0.0011
      0.0153
      0.1316
      0.6146
      1.5487
      2.1069
      0.0032
      0.0204
      0.1398
      0.5393
      1.3288
      2.7147
      4.9503
      6.2986
      4.6700
      1.9026
      0.4186
      0.0493
      0.0032
      0.0041
      0.0657
      0.5768
      2.7057
      6.8234
      9.2840
      0.0024
      0.0144
      0.0952
      0.3985
      1.4191
      4.7452
     11.2347
     15.4668
     11.6928
      4.7863
      1.0543
      0.1242
      0.0081
      0.0103
      0.1656
      1.4534
      6.8177
     17.1934
     23.3937
      0.0017
      0.0098
      0.0638
      0.3088
      1.4855
      5.9981
     15.0306
     20.9664
     15.8960
      6.5109
      1.4344
      0.1690
      0.0110
      0.0139
      0.2253
      1.9775
      9.2762
     23.3935
     31.8297
