      0.0000
      0.0000
      0.0000
      0.0000
      0.0000
      0.0000
      0.0000
      0.0000
      0.0000
      0.0000
      0.0000
      0.0000
      0.0000
      0.0000
      0.0000
      0.0000
      0.0000
      0.0000
      0.0000
      0.0000
      0.0000
      0.0000
      0.0000
      0.0000
      0.0000
      0.0000
      0.0000
      0.0000
      0.0000
      0.0000
      0.0000
      0.0000
      0.0000
      0.0000
      0.0000
      0.0000
      0.0000
      0.0000
      0.0000
      0.0000
      0.0000
      0.0000
      0.0000
      0.0000
      0.0000
      0.0000
      0.0000
      0.0000
      0.0000
      0.0000
      0.0000
      0.0000
      0.0000
      0.0000
      0.0000
      0.0000
      0.0000
      0.0000
      0.0000
      0.0000
      0.0000
      0.0000
      0.0000
      0.0000
      0.0000
      0.0000
      0.0000
      0.0000
      0.0000
      0.0000
      0.0000
      0.0000
      0.0000
      0.0000
      0.0000
      0.0000
      0.0000
      0.0000
      0.0000
      0.0000
      0.0000
      0.0000
      0.0000
      0.0000
      0.0000
      0.0000
      0.0000
      0.0000
      0.0001
      0.0002
      0.0000
      0.0000
      0.0000
      0.0000
      0.0000
      0.0014
      0.0007
      0.0001
      0.0000
      0.0000
      0.0000
      0.0000
      0.0000
      0.0000
      0.0000
      0.0000
      0.0002
      0.0013
      0.0018
      0.0007
      0.0001
      0.0000
      0.0000
      0.0000
      0.1874
      0.0937
      0.0117
      0.0004
      0.0000
      0.0000
      0.0000
      0.0000
      0.0000
      0.0000
      0.0000
      0.0005
      0.0032
      0.0056
      0.0025
      0.0003
      0.0000
      0.0000
      0.0000
      6.0762
      3.0381
      0.3788
      0.0117
      0.0001
      0.0000
      0.0000
      0.0000
      0.0000
      0.0000
      0.0000
      0.0002
      0.0020
      0.0043
      0.0023
      0.0003
      0.0000
      0.0003
      0.0006
     48.7384
     24.3692
      3.0381
      0.0937
      0.0007
      0.0000
      0.0000
      0.0000
      0.0000
      0.0000
      0.0000
      0.0000
      0.0003
      0.0008
      0.0006
      0.0003
      0.0049
      0.0390
      0.0780
     97.4768
     48.7384
      6.0762
      0.1874
      0.0014
      0.0000
      0.0000
      0.0000
      0.0000
      0.0000
      0.0000
      0.0000
      0.0000
      0.0007
      0.0034
      0.0091
      0.1592
      1.2649
      2.5293
     48.7384
     24.3692
      3.0381
      0.0937
      0.0007
      0.0000
      0.0000
      0.0001
      0.0000
      0.0000
      0.0000
      0.0000
      0.0002
      0.0057
      0.0331
      0.0867
      1.2824
     10.1460
     20.2882
      6.0762
      3.0381
      0.3788
      0.0117
      0.0001
      0.0004
      0.0034
      0.0065
      0.0031
      0.0004
      0.0000
      0.0000
      0.0004
      0.0118
      0.0804
      0.2130
      2.5866
     20.2942
     40.5762
      0.1874
      0.0937
      0.0117
      0.0004
      0.0004
      0.0101
      0.0675
      0.1131
      0.0475
      0.0050
      0.0001
      0.0000
      0.0002
      0.0061
      0.0488
      0.1345
      1.3117
     10.1498
     20.2883
      0.0014
      0.0007
      0.0001
      0.0005
      0.0058
      0.0619
      0.3334
      0.4904
      0.1817
      0.0168
      0.0004
      0.0000
      0.0000
      0.0008
      0.0074
      0.0218
      0.1674
      1.2660
      2.5294
      0.0000
      0.0000
      0.0004
      0.0090
      0.0592
      0.1628
      0.4379
      0.5337
      0.1738
      0.0142
      0.0003
      0.0000
      0.0000
      0.0000
      0.0003
      0.0009
      0.0055
      0.0402
      0.0803
      0.0000
      0.0000
      0.0020
      0.0417
      0.2228
      0.3215
      0.2345
      0.1804
      0.0573
      0.0051
      0.0001
      0.0000
      0.0000
      0.0000
      0.0000
      0.0006
      0.0190
      0.1525
      0.3049
      0.0000
      0.0000
      0.0026
      0.0483
      0.2219
      0.3040
      0.5185
      0.9565
      0.5093
      0.0682
      0.0023
      0.0000
      0.0000
      0.0000
      0.0001
      0.0190
      0.6152
      4.9346
      9.8692
      0.0000
      0.0000
      0.0009
      0.0141
      0.0665
      0.4603
      3.5233
      7.5550
      4.0644
      0.5454
      0.0181
      0.0001
      0.0000
      0.0000
      0.0011
      0.1522
      4.9346
     39.5813
     79.1625
      0.0000
      0.0000
      0.0001
      0.0022
      0.0300
      0.8188
      7.0211
     15.1082
      8.1288
      1.0908
      0.0362
      0.0003
      0.0000
      0.0000
      0.0023
      0.3043
      9.8692
     79.1625
    158.3250
