      0.0216
      0.0290
      0.0443
      0.0530
      0.0481
      0.0372
      0.0318
      0.0351
      0.0498
      0.0812
      0.1204
      0.1376
      0.1139
      0.0671
      0.0279
      0.0082
      0.0017
      0.0003
      0.0001
      0.0233
      0.0303
      0.0440
      0.0507
      0.0443
      0.0331
      0.0273
      0.0297
      0.0425
      0.0708
      0.1075
      0.1261
      0.1077
      0.0657
      0.0284
      0.0087
      0.0019
      0.0003
      0.0001
      0.0273
      0.0323
      0.0411
      0.0426
      0.0341
      0.0231
      0.0174
      0.0182
      0.0267
      0.0469
      0.0757
      0.0950
      0.0873
      0.0576
      0.0271
      0.0090
      0.0021
      0.0004
      0.0001
      0.0498
      0.0484
      0.0434
      0.0340
      0.0223
      0.0130
      0.0089
      0.0093
      0.0138
      0.0246
      0.0418
      0.0565
      0.0566
      0.0409
      0.0211
      0.0078
      0.0021
      0.0004
      0.0002
      0.2161
      0.1851
      0.1173
      0.0566
      0.0223
      0.0090
      0.0065
      0.0079
      0.0101
      0.0135
      0.0197
      0.0270
      0.0293
      0.0234
      0.0137
      0.0060
      0.0024
      0.0014
      0.0013
      0.9901
      0.8339
      0.4984
      0.2118
      0.0654
      0.0184
      0.0116
      0.0140
      0.0148
      0.0127
      0.0113
      0.0128
      0.0149
      0.0144
      0.0113
      0.0087
      0.0090
      0.0113
      0.0127
      3.3390
      2.8086
      1.6705
      0.7020
      0.2105
      0.0520
      0.0235
      0.0237
      0.0220
      0.0155
      0.0098
      0.0093
      0.0135
      0.0194
      0.0255
      0.0353
      0.0536
      0.0763
      0.0872
      7.9569
      6.6921
      3.9789
      1.6703
      0.4977
      0.1153
      0.0383
      0.0304
      0.0252
      0.0160
      0.0099
      0.0131
      0.0287
      0.0561
      0.0947
      0.1549
      0.2532
      0.3674
      0.4212
     13.3832
     11.2558
      6.6921
      2.8088
      0.8352
      0.1882
      0.0527
      0.0349
      0.0269
      0.0166
      0.0129
      0.0282
      0.0771
      0.1689
      0.3062
      0.5197
      0.8587
      1.2470
      1.4295
     15.9126
     13.3832
      7.9573
      3.3413
      0.9982
      0.2359
      0.0836
      0.0675
      0.0551
      0.0350
      0.0269
      0.0593
      0.1708
      0.3915
      0.7322
      1.2565
      2.0687
      2.9889
      3.4201
     13.3832
     11.2561
      6.6947
      2.8205
      0.8733
      0.2777
      0.2035
      0.2161
      0.1819
      0.1123
      0.0656
      0.0993
      0.2773
      0.6551
      1.2553
      2.1668
      3.5394
      5.0727
      5.7884
      7.9569
      6.6936
      3.9893
      1.7149
      0.6356
      0.4249
      0.5386
      0.6089
      0.5017
      0.2966
      0.1418
      0.1300
      0.3229
      0.7809
      1.5321
      2.6599
      4.3051
      6.1097
      6.9471
      3.3390
      2.8132
      1.7005
      0.8201
      0.5496
      0.7698
      1.1301
      1.2524
      0.9970
      0.5665
      0.2414
      0.1380
      0.2703
      0.6612
      1.3297
      2.3263
      3.7341
      5.2445
      5.9398
      0.9901
      0.8448
      0.5635
      0.4431
      0.6695
      1.2037
      1.7355
      1.8416
      1.4088
      0.7704
      0.3060
      0.1225
      0.1647
      0.3990
      0.8281
      1.4782
      2.3813
      3.3318
      3.7654
      0.2161
      0.2044
      0.2245
      0.3995
      0.8248
      1.4408
      1.9398
      1.9440
      1.4200
      0.7458
      0.2815
      0.0897
      0.0760
      0.1805
      0.4129
      0.8284
      1.4660
      2.1561
      2.4717
      0.0498
      0.0738
      0.1764
      0.4215
      0.8319
      1.3055
      1.5987
      1.4899
      1.0299
      0.5175
      0.1869
      0.0524
      0.0317
      0.0915
      0.3064
      0.8663
      1.9061
      3.1059
      3.6626
      0.0273
      0.0569
      0.1648
      0.3770
      0.6636
      0.9162
      1.0005
      0.8525
      0.5521
      0.2646
      0.0920
      0.0250
      0.0214
      0.1082
      0.4952
      1.6427
      3.8818
      6.5068
      7.7296
      0.0233
      0.0490
      0.1357
      0.2851
      0.4488
      0.5453
      0.5258
      0.4054
      0.2457
      0.1136
      0.0391
      0.0121
      0.0257
      0.1655
      0.7973
      2.6983
      6.4283
     10.8092
     12.8511
      0.0216
      0.0444
      0.1185
      0.2378
      0.3529
      0.3992
      0.3571
      0.2591
      0.1518
      0.0698
      0.0245
      0.0090
      0.0292
      0.1952
      0.9445
      3.2019
      7.6334
     12.8391
     15.2656
