      0.0000
      0.0000
      0.0000
      0.0000
      0.0000
      0.0000
      0.0000
      0.0000
      0.0000
      0.0000
      0.0000
      0.0000
      0.0000
      0.0000
      0.0000
      0.0000
      0.0000
      0.0000
      0.0000
      0.0000
      0.0000
      0.0000
      0.0000
      0.0000
      0.0000
      0.0000
      0.0000
      0.0000
      0.0000
      0.0000
      0.0000
      0.0000
      0.0000
      0.0000
      0.0000
      0.0000
      0.0000
      0.0000
      0.0000
      0.0000
      0.0000
      0.0000
      0.0000
      0.0000
      0.0000
      0.0000
      0.0000
      0.0000
      0.0000
      0.0000
      0.0000
      0.0000
      0.0000
      0.0000
      0.0000
      0.0000
      0.0000
      0.0000
      0.0000
      0.0000
      0.0000
      0.0000
      0.0000
      0.0000
      0.0000
      0.0000
      0.0000
      0.0000
      0.0000
      0.0000
      0.0000
      0.0000
      0.0000
      0.0000
      0.0000
      0.0000
      0.0000
      0.0000
      0.0000
      0.0000
      0.0000
      0.0000
      0.0000
      0.0000
      0.0000
      0.0000
      0.0000
      0.0001
      0.0003
      0.0004
      0.0001
      0.0000
      0.0000
      0.0000
      0.0000
      0.0010
      0.0005
      0.0001
      0.0000
      0.0000
      0.0000
      0.0000
      0.0000
      0.0000
      0.0000
      0.0000
      0.0006
      0.0035
      0.0050
      0.0018
      0.0002
      0.0000
      0.0000
      0.0000
      0.1327
      0.0663
      0.0083
      0.0003
      0.0000
      0.0000
      0.0000
      0.0000
      0.0000
      0.0000
      0.0000
      0.0012
      0.0086
      0.0152
      0.0067
      0.0007
      0.0000
      0.0000
      0.0000
      4.3022
      2.1511
      0.2682
      0.0083
      0.0001
      0.0000
      0.0000
      0.0000
      0.0000
      0.0000
      0.0000
      0.0006
      0.0053
      0.0116
      0.0062
      0.0008
      0.0001
      0.0003
      0.0005
     34.5088
     17.2544
      2.1511
      0.0663
      0.0005
      0.0000
      0.0000
      0.0000
      0.0000
      0.0000
      0.0000
      0.0001
      0.0008
      0.0022
      0.0016
      0.0006
      0.0045
      0.0357
      0.0714
     69.0176
     34.5088
      4.3022
      0.1327
      0.0010
      0.0000
      0.0000
      0.0000
      0.0000
      0.0000
      0.0000
      0.0000
      0.0001
      0.0014
      0.0066
      0.0126
      0.1470
      1.1580
      2.3154
     34.5088
     17.2544
      2.1511
      0.0663
      0.0005
      0.0000
      0.0001
      0.0002
      0.0001
      0.0000
      0.0000
      0.0000
      0.0005
      0.0109
      0.0637
      0.1277
      1.1915
      9.2896
     18.5725
      4.3022
      2.1511
      0.2682
      0.0083
      0.0001
      0.0009
      0.0066
      0.0125
      0.0060
      0.0007
      0.0000
      0.0000
      0.0008
      0.0227
      0.1546
      0.3319
      2.4257
     18.5841
     37.1451
      0.1327
      0.0663
      0.0083
      0.0003
      0.0008
      0.0195
      0.1302
      0.2184
      0.0917
      0.0096
      0.0002
      0.0000
      0.0004
      0.0119
      0.0939
      0.2202
      1.2486
      9.2973
     18.5729
      0.0010
      0.0005
      0.0001
      0.0005
      0.0079
      0.1136
      0.6410
      0.9466
      0.3507
      0.0324
      0.0007
      0.0000
      0.0000
      0.0015
      0.0142
      0.0371
      0.1630
      1.1604
      2.3156
      0.0000
      0.0000
      0.0004
      0.0091
      0.0625
      0.2344
      0.8148
      1.0277
      0.3356
      0.0274
      0.0006
      0.0000
      0.0000
      0.0000
      0.0005
      0.0016
      0.0055
      0.0366
      0.0729
      0.0000
      0.0000
      0.0019
      0.0417
      0.2238
      0.3485
      0.3725
      0.3631
      0.1223
      0.0114
      0.0003
      0.0000
      0.0000
      0.0000
      0.0000
      0.0004
      0.0120
      0.0961
      0.1921
      0.0000
      0.0000
      0.0026
      0.0482
      0.2240
      0.3915
      1.2688
      2.5617
      1.3704
      0.1835
      0.0061
      0.0000
      0.0000
      0.0000
      0.0001
      0.0119
      0.3872
      3.1061
      6.2121
      0.0000
      0.0000
      0.0009
      0.0142
      0.0861
      1.1493
      9.4727
     20.3589
     10.9534
      1.4698
      0.0488
      0.0004
      0.0000
      0.0000
      0.0007
      0.0958
      3.1061
     24.9144
     49.8287
      0.0000
      0.0000
      0.0001
      0.0024
      0.0695
      2.1968
     18.9196
     40.7157
     21.9066
      2.9397
      0.0976
      0.0008
      0.0000
      0.0000
      0.0014
      0.1916
      6.2121
     49.8287
     99.6575
