      0.0559
      0.0744
      0.1122
      0.1319
      0.1130
      0.0730
      0.0419
      0.0319
      0.0428
      0.0740
      0.1133
      0.1310
      0.1091
      0.0646
      0.0271
      0.0080
      0.0017
      0.0003
      0.0001
      0.0595
      0.0768
      0.1109
      0.1256
      0.1042
      0.0653
      0.0364
      0.0272
      0.0367
      0.0651
      0.1026
      0.1227
      0.1064
      0.0662
      0.0294
      0.0093
      0.0021
      0.0004
      0.0001
      0.0636
      0.0767
      0.0999
      0.1038
      0.0797
      0.0463
      0.0238
      0.0169
      0.0238
      0.0460
      0.0798
      0.1065
      0.1047
      0.0752
      0.0393
      0.0149
      0.0041
      0.0008
      0.0002
      0.0719
      0.0763
      0.0810
      0.0718
      0.0489
      0.0256
      0.0121
      0.0087
      0.0140
      0.0321
      0.0672
      0.1093
      0.1317
      0.1158
      0.0737
      0.0338
      0.0111
      0.0027
      0.0009
      0.1765
      0.1564
      0.1102
      0.0634
      0.0305
      0.0129
      0.0065
      0.0065
      0.0123
      0.0324
      0.0815
      0.1583
      0.2233
      0.2256
      0.1625
      0.0834
      0.0307
      0.0087
      0.0037
      0.7179
      0.6066
      0.3666
      0.1595
      0.0513
      0.0146
      0.0080
      0.0098
      0.0166
      0.0413
      0.1110
      0.2354
      0.3607
      0.3933
      0.3050
      0.1696
      0.0703
      0.0264
      0.0162
      2.3922
      2.0127
      1.1981
      0.5042
      0.1513
      0.0366
      0.0151
      0.0155
      0.0209
      0.0448
      0.1225
      0.2749
      0.4478
      0.5205
      0.4348
      0.2702
      0.1427
      0.0884
      0.0775
      5.6944
      4.7893
      2.8477
      1.1954
      0.3558
      0.0811
      0.0250
      0.0195
      0.0209
      0.0368
      0.0997
      0.2370
      0.4142
      0.5249
      0.4973
      0.3895
      0.3175
      0.3165
      0.3298
      9.5768
      8.0545
      4.7888
      2.0099
      0.5973
      0.1339
      0.0368
      0.0245
      0.0216
      0.0265
      0.0633
      0.1609
      0.3175
      0.4757
      0.5757
      0.6468
      0.7812
      0.9741
      1.0724
     11.3868
      9.5768
      5.6942
      2.3916
      0.7162
      0.1735
      0.0679
      0.0585
      0.0495
      0.0368
      0.0458
      0.1130
      0.2717
      0.5207
      0.8229
      1.1892
      1.6951
      2.2573
      2.5210
      9.5768
      8.0550
      4.7919
      2.0231
      0.6379
      0.2260
      0.1885
      0.2041
      0.1717
      0.1071
      0.0677
      0.1110
      0.2973
      0.6664
      1.1970
      1.8856
      2.8006
      3.7764
      4.2271
      5.6944
      4.7916
      2.8618
      1.2493
      0.5080
      0.4033
      0.5277
      0.5885
      0.4797
      0.2820
      0.1353
      0.1264
      0.3124
      0.7405
      1.3948
      2.2528
      3.3605
      4.5157
      5.0455
      2.3922
      2.0207
      1.2446
      0.6637
      0.5563
      0.8202
      1.1556
      1.2392
      0.9676
      0.5440
      0.2304
      0.1313
      0.2555
      0.6152
      1.1920
      1.9498
      2.8975
      3.8609
      4.2987
      0.7179
      0.6281
      0.4826
      0.5184
      0.8638
      1.4291
      1.8991
      1.9126
      1.4206
      0.7651
      0.3015
      0.1190
      0.1552
      0.3682
      0.7348
      1.2264
      1.8312
      2.4319
      2.7018
      0.1765
      0.1983
      0.3263
      0.6808
      1.2932
      1.9934
      2.4288
      2.2869
      1.6200
      0.8433
      0.3193
      0.0999
      0.0738
      0.1630
      0.3505
      0.6464
      1.0572
      1.4829
      1.6752
      0.0719
      0.1357
      0.3789
      0.8831
      1.6058
      2.3146
      2.6759
      2.4509
      1.7270
      0.9079
      0.3486
      0.1001
      0.0384
      0.0727
      0.2156
      0.5672
      1.2012
      1.9254
      2.2604
      0.0636
      0.1381
      0.4065
      0.9320
      1.6705
      2.4381
      2.9428
      2.8661
      2.1561
      1.2061
      0.4894
      0.1433
      0.0406
      0.0722
      0.3048
      0.9978
      2.3460
      3.9247
      4.6598
      0.0595
      0.1271
      0.3663
      0.8413
      1.5775
      2.5168
      3.3720
      3.5923
      2.8861
      1.6910
      0.7095
      0.2122
      0.0586
      0.1063
      0.4810
      1.6238
      3.8665
      6.5004
      7.7279
      0.0559
      0.1175
      0.3352
      0.7782
      1.5167
      2.5598
      3.6104
      3.9850
      3.2715
      1.9420
      0.8216
      0.2471
      0.0683
      0.1249
      0.5688
      1.9253
      4.5895
      7.7191
      9.1779
