      0.2375
      0.2444
      0.2621
      0.2843
      0.3060
      0.3255
      0.3412
      0.3499
      0.3484
      0.3350
      0.3094
      0.2715
      0.2222
      0.1668
      0.1142
      0.0728
      0.0464
      0.0332
      0.0294
      0.2517
      0.2563
      0.2678
      0.2822
      0.2969
      0.3115
      0.3251
      0.3345
      0.3357
      0.3265
      0.3059
      0.2728
      0.2275
      0.1742
      0.1217
      0.0788
      0.0502
      0.0352
      0.0308
      0.3169
      0.3132
      0.3033
      0.2912
      0.2827
      0.2821
      0.2896
      0.3004
      0.3086
      0.3098
      0.3013
      0.2804
      0.2452
      0.1978
      0.1456
      0.0983
      0.0636
      0.0436
      0.0372
      0.5046
      0.4826
      0.4257
      0.3569
      0.3001
      0.2694
      0.2646
      0.2757
      0.2909
      0.3025
      0.3066
      0.3000
      0.2782
      0.2394
      0.1883
      0.1358
      0.0928
      0.0659
      0.0569
      0.9305
      0.8730
      0.7257
      0.5481
      0.3995
      0.3111
      0.2801
      0.2841
      0.2999
      0.3149
      0.3259
      0.3309
      0.3234
      0.2967
      0.2514
      0.1976
      0.1496
      0.1179
      0.1070
      1.7061
      1.5889
      1.2889
      0.9273
      0.6219
      0.4312
      0.3478
      0.3285
      0.3322
      0.3393
      0.3485
      0.3608
      0.3692
      0.3619
      0.3340
      0.2930
      0.2535
      0.2268
      0.2177
      2.8364
      2.6351
      2.1197
      1.4967
      0.9648
      0.6213
      0.4526
      0.3889
      0.3661
      0.3553
      0.3562
      0.3738
      0.4019
      0.4260
      0.4363
      0.4353
      0.4320
      0.4314
      0.4318
      4.1216
      3.8261
      3.0685
      2.1497
      1.3582
      0.8339
      0.5589
      0.4366
      0.3793
      0.3469
      0.3384
      0.3622
      0.4157
      0.4858
      0.5611
      0.6373
      0.7100
      0.7660
      0.7875
      5.1701
      4.7983
      3.8442
      2.6839
      1.6773
      0.9997
      0.6308
      0.4551
      0.3670
      0.3171
      0.3022
      0.3338
      0.4160
      0.5434
      0.7073
      0.8956
      1.0832
      1.2269
      1.2814
      5.5774
      5.1767
      4.1481
      2.8955
      1.8051
      1.0650
      0.6546
      0.4527
      0.3478
      0.2873
      0.2675
      0.3044
      0.4119
      0.5964
      0.8557
      1.1708
      1.4918
      1.7388
      1.8323
      5.1701
      4.8014
      3.8555
      2.7051
      1.7052
      1.0269
      0.6489
      0.4579
      0.3513
      0.2825
      0.2530
      0.2855
      0.4051
      0.6304
      0.9666
      1.3891
      1.8262
      2.1643
      2.2925
      4.1216
      3.8342
      3.0991
      2.2106
      1.4464
      0.9353
      0.6518
      0.5000
      0.3980
      0.3153
      0.2645
      0.2778
      0.3894
      0.6270
      1.0007
      1.4831
      1.9883
      2.3811
      2.5304
      2.8364
      2.6508
      2.1801
      1.6216
      1.1564
      0.8584
      0.6946
      0.5890
      0.4864
      0.3787
      0.2943
      0.2751
      0.3612
      0.5842
      0.9571
      1.4515
      1.9764
      2.3871
      2.5436
      1.7061
      1.6137
      1.3853
      1.1304
      0.9411
      0.8391
      0.7817
      0.7105
      0.5965
      0.4551
      0.3308
      0.2744
      0.3295
      0.5301
      0.8916
      1.3871
      1.9224
      2.3453
      2.5071
      0.9305
      0.9061
      0.8551
      0.8229
      0.8361
      0.8763
      0.8923
      0.8381
      0.7054
      0.5291
      0.3677
      0.2799
      0.3142
      0.5104
      0.8909
      1.4309
      2.0264
      2.5023
      2.6853
      0.5046
      0.5212
      0.5771
      0.6794
      0.8148
      0.9402
      0.9983
      0.9500
      0.7998
      0.5953
      0.4057
      0.2981
      0.3307
      0.5566
      1.0117
      1.6733
      2.4142
      3.0118
      3.2426
      0.3169
      0.3540
      0.4635
      0.6333
      0.8304
      0.9996
      1.0802
      1.0355
      0.8749
      0.6524
      0.4446
      0.3281
      0.3752
      0.6578
      1.2299
      2.0697
      3.0176
      3.7858
      4.0832
      0.2517
      0.2972
      0.4283
      0.6257
      0.8487
      1.0377
      1.1304
      1.0897
      0.9257
      0.6942
      0.4766
      0.3577
      0.4227
      0.7610
      1.4423
      2.4451
      3.5800
      4.5016
      4.8587
      0.2375
      0.2851
      0.4216
      0.6259
      0.8558
      1.0504
      1.1471
      1.1085
      0.9440
      0.7100
      0.4893
      0.3701
      0.4431
      0.8044
      1.5304
      2.5994
      3.8100
      4.7936
      5.1748
