      0.0000
      0.0000
      0.0000
      0.0000
      0.0000
      0.0000
      0.0000
      0.0000
      0.0000
      0.0000
      0.0000
      0.0000
      0.0000
      0.0000
      0.0000
      0.0000
      0.0000
      0.0000
      0.0000
      0.0000
      0.0000
      0.0000
      0.0000
      0.0000
      0.0000
      0.0000
      0.0000
      0.0000
      0.0000
      0.0000
      0.0000
      0.0000
      0.0000
      0.0000
      0.0000
      0.0000
      0.0000
      0.0000
      0.0000
      0.0000
      0.0000
      0.0000
      0.0000
      0.0000
      0.0000
      0.0000
      0.0000
      0.0000
      0.0000
      0.0000
      0.0000
      0.0000
      0.0000
      0.0000
      0.0000
      0.0000
      0.0000
      0.0000
      0.0000
      0.0000
      0.0000
      0.0000
      0.0000
      0.0000
      0.0000
      0.0000
      0.0000
      0.0000
      0.0000
      0.0000
      0.0000
      0.0000
      0.0000
      0.0000
      0.0000
      0.0000
      0.0000
      0.0000
      0.0000
      0.0000
      0.0000
      0.0000
      0.0000
      0.0000
      0.0000
      0.0000
      0.0000
      0.0001
      0.0005
      0.0006
      0.0002
      0.0000
      0.0000
      0.0000
      0.0000
      0.0012
      0.0006
      0.0001
      0.0000
      0.0000
      0.0000
      0.0000
      0.0000
      0.0000
      0.0000
      0.0000
      0.0009
      0.0051
      0.0073
      0.0026
      0.0002
      0.0000
      0.0000
      0.0000
      0.1630
      0.0815
      0.0102
      0.0003
      0.0000
      0.0000
      0.0000
      0.0000
      0.0000
      0.0000
      0.0001
      0.0018
      0.0126
      0.0221
      0.0097
      0.0011
      0.0000
      0.0000
      0.0000
      5.2869
      2.6435
      0.3296
      0.0102
      0.0001
      0.0000
      0.0000
      0.0000
      0.0000
      0.0000
      0.0000
      0.0009
      0.0078
      0.0169
      0.0091
      0.0012
      0.0001
      0.0002
      0.0005
     42.4076
     21.2038
      2.6435
      0.0815
      0.0006
      0.0000
      0.0000
      0.0000
      0.0000
      0.0000
      0.0000
      0.0001
      0.0012
      0.0033
      0.0024
      0.0008
      0.0041
      0.0318
      0.0636
     84.8152
     42.4076
      5.2869
      0.1630
      0.0012
      0.0000
      0.0000
      0.0000
      0.0000
      0.0000
      0.0000
      0.0000
      0.0002
      0.0027
      0.0127
      0.0196
      0.1334
      1.0311
      2.0614
     42.4076
     21.2038
      2.6435
      0.0815
      0.0006
      0.0000
      0.0002
      0.0003
      0.0002
      0.0000
      0.0000
      0.0000
      0.0009
      0.0211
      0.1226
      0.2093
      1.0951
      8.2731
     16.5347
      5.2869
      2.6435
      0.3296
      0.0102
      0.0001
      0.0017
      0.0127
      0.0242
      0.0115
      0.0014
      0.0000
      0.0000
      0.0016
      0.0439
      0.2980
      0.5665
      2.2739
     16.5568
     33.0700
      0.1630
      0.0815
      0.0102
      0.0003
      0.0014
      0.0374
      0.2513
      0.4218
      0.1770
      0.0185
      0.0005
      0.0000
      0.0007
      0.0229
      0.1811
      0.3880
      1.2060
      8.2887
     16.5357
      0.0012
      0.0006
      0.0001
      0.0002
      0.0095
      0.2090
      1.2332
      1.8274
      0.6772
      0.0625
      0.0014
      0.0000
      0.0001
      0.0030
      0.0275
      0.0669
      0.1646
      1.0358
      2.0617
      0.0000
      0.0000
      0.0001
      0.0024
      0.0275
      0.3091
      1.5181
      1.9790
      0.6479
      0.0528
      0.0011
      0.0000
      0.0000
      0.0001
      0.0010
      0.0029
      0.0059
      0.0324
      0.0643
      0.0000
      0.0000
      0.0005
      0.0105
      0.0607
      0.1790
      0.5393
      0.6508
      0.2160
      0.0194
      0.0005
      0.0000
      0.0000
      0.0000
      0.0000
      0.0002
      0.0057
      0.0459
      0.0918
      0.0000
      0.0000
      0.0007
      0.0121
      0.0611
      0.2703
      1.7726
      3.7380
      2.0004
      0.2678
      0.0089
      0.0001
      0.0000
      0.0000
      0.0000
      0.0057
      0.1845
      1.4801
      2.9603
      0.0000
      0.0000
      0.0002
      0.0038
      0.0594
      1.6111
     13.7969
     29.6856
     15.9717
      2.1433
      0.0712
      0.0006
      0.0000
      0.0000
      0.0003
      0.0456
      1.4801
     11.8724
     23.7448
      0.0000
      0.0000
      0.0000
      0.0011
      0.0932
      3.1965
     27.5862
     59.3696
     31.9432
      4.2865
      0.1424
      0.0012
      0.0000
      0.0000
      0.0007
      0.0913
      2.9603
     23.7448
     47.4897
