      0.0011
      0.0026
      0.0064
      0.0087
      0.0064
      0.0026
      0.0006
      0.0002
      0.0007
      0.0030
      0.0075
      0.0101
      0.0073
      0.0029
      0.0006
      0.0001
      0.0000
      0.0000
      0.0000
      0.0015
      0.0033
      0.0074
      0.0092
      0.0062
      0.0023
      0.0005
      0.0001
      0.0005
      0.0025
      0.0066
      0.0096
      0.0077
      0.0033
      0.0008
      0.0001
      0.0000
      0.0000
      0.0000
      0.0020
      0.0039
      0.0074
      0.0079
      0.0046
      0.0015
      0.0003
      0.0001
      0.0003
      0.0014
      0.0044
      0.0079
      0.0080
      0.0047
      0.0016
      0.0003
      0.0000
      0.0000
      0.0000
      0.0024
      0.0033
      0.0046
      0.0041
      0.0021
      0.0006
      0.0001
      0.0000
      0.0001
      0.0009
      0.0042
      0.0121
      0.0196
      0.0179
      0.0090
      0.0025
      0.0004
      0.0000
      0.0000
      0.0282
      0.0212
      0.0094
      0.0029
      0.0007
      0.0001
      0.0000
      0.0000
      0.0001
      0.0018
      0.0120
      0.0436
      0.0860
      0.0918
      0.0530
      0.0165
      0.0028
      0.0002
      0.0000
      0.4562
      0.3354
      0.1332
      0.0285
      0.0033
      0.0002
      0.0000
      0.0000
      0.0003
      0.0036
      0.0269
      0.1088
      0.2365
      0.2776
      0.1761
      0.0602
      0.0111
      0.0011
      0.0001
      4.0030
      2.9421
      1.1666
      0.2487
      0.0283
      0.0017
      0.0001
      0.0001
      0.0003
      0.0041
      0.0335
      0.1486
      0.3541
      0.4554
      0.3165
      0.1189
      0.0244
      0.0033
      0.0012
     18.7775
     13.8007
      5.4724
      1.1666
      0.1329
      0.0081
      0.0003
      0.0001
      0.0002
      0.0025
      0.0226
      0.1098
      0.2871
      0.4056
      0.3112
      0.1317
      0.0353
      0.0147
      0.0145
     47.3547
     34.8037
     13.8007
      2.9421
      0.3352
      0.0203
      0.0008
      0.0002
      0.0002
      0.0009
      0.0083
      0.0445
      0.1303
      0.2118
      0.1990
      0.1221
      0.0804
      0.0999
      0.1217
     64.4319
     47.3547
     18.7775
      4.0030
      0.4562
      0.0283
      0.0028
      0.0029
      0.0023
      0.0012
      0.0021
      0.0127
      0.0526
      0.1386
      0.2337
      0.2695
      0.3057
      0.4550
      0.5647
     47.3547
     34.8037
     13.8007
      2.9423
      0.3373
      0.0302
      0.0264
      0.0361
      0.0274
      0.0113
      0.0032
      0.0087
      0.0593
      0.2338
      0.5155
      0.6904
      0.8024
      1.1557
      1.4221
     18.7775
     13.8007
      5.4726
      1.1689
      0.1501
      0.0830
      0.1818
      0.2402
      0.1723
      0.0668
      0.0145
      0.0104
      0.0722
      0.3142
      0.7485
      1.0523
      1.1927
      1.6117
      1.9466
      4.0030
      2.9422
      1.1684
      0.2630
      0.1109
      0.3138
      0.6941
      0.8598
      0.5816
      0.2130
      0.0423
      0.0102
      0.0505
      0.2346
      0.5966
      0.8808
      0.9817
      1.2336
      1.4512
      0.4562
      0.3363
      0.1435
      0.0894
      0.2545
      0.7529
      1.4682
      1.6768
      1.0647
      0.3680
      0.0687
      0.0088
      0.0193
      0.0947
      0.2574
      0.4009
      0.4451
      0.5203
      0.5925
      0.0282
      0.0250
      0.0462
      0.1794
      0.5317
      1.1610
      1.8492
      1.8973
      1.1316
      0.3740
      0.0672
      0.0069
      0.0042
      0.0206
      0.0601
      0.1017
      0.1247
      0.1568
      0.1815
      0.0024
      0.0113
      0.0787
      0.3231
      0.8038
      1.4189
      1.9952
      2.0351
      1.2881
      0.4656
      0.0931
      0.0102
      0.0010
      0.0026
      0.0106
      0.0409
      0.1456
      0.3449
      0.4646
      0.0020
      0.0131
      0.0901
      0.3544
      0.9209
      2.0250
      3.8122
      4.8290
      3.5358
      1.4243
      0.3106
      0.0363
      0.0023
      0.0011
      0.0154
      0.1318
      0.6148
      1.5488
      2.1070
      0.0015
      0.0092
      0.0614
      0.2642
      0.9900
      3.4227
      8.1744
     11.2614
      8.5072
      3.4796
      0.7660
      0.0902
      0.0057
      0.0025
      0.0376
      0.3300
      1.5478
      3.9034
      5.3111
      0.0011
      0.0063
      0.0414
      0.2089
      1.0530
      4.3332
     10.9037
     15.2195
     11.5388
      4.7258
      1.0411
      0.1226
      0.0078
      0.0033
      0.0512
      0.4490
      2.1060
      5.3110
      7.2263
