      0.1947
      0.2111
      0.2452
      0.2677
      0.2630
      0.2405
      0.2189
      0.2076
      0.2066
      0.2133
      0.2205
      0.2137
      0.1818
      0.1299
      0.0761
      0.0362
      0.0140
      0.0045
      0.0022
      0.1916
      0.2061
      0.2357
      0.2531
      0.2447
      0.2208
      0.1992
      0.1892
      0.1910
      0.2025
      0.2169
      0.2187
      0.1942
      0.1454
      0.0898
      0.0454
      0.0187
      0.0066
      0.0033
      0.1779
      0.1878
      0.2063
      0.2121
      0.1970
      0.1720
      0.1530
      0.1480
      0.1581
      0.1835
      0.2188
      0.2465
      0.2443
      0.2042
      0.1410
      0.0796
      0.0368
      0.0147
      0.0084
      0.1495
      0.1540
      0.1603
      0.1557
      0.1382
      0.1185
      0.1087
      0.1140
      0.1371
      0.1829
      0.2511
      0.3219
      0.3581
      0.3323
      0.2524
      0.1561
      0.0793
      0.0358
      0.0226
      0.1134
      0.1135
      0.1109
      0.1020
      0.0900
      0.0840
      0.0905
      0.1102
      0.1467
      0.2129
      0.3194
      0.4466
      0.5376
      0.5355
      0.4350
      0.2886
      0.1605
      0.0836
      0.0595
      0.0876
      0.0846
      0.0766
      0.0680
      0.0665
      0.0787
      0.1040
      0.1363
      0.1791
      0.2554
      0.3914
      0.5734
      0.7271
      0.7635
      0.6572
      0.4704
      0.2958
      0.1880
      0.1538
      0.0876
      0.0817
      0.0686
      0.0600
      0.0678
      0.0957
      0.1346
      0.1709
      0.2069
      0.2750
      0.4164
      0.6287
      0.8339
      0.9237
      0.8533
      0.6825
      0.5162
      0.4169
      0.3871
      0.1130
      0.1036
      0.0835
      0.0713
      0.0824
      0.1172
      0.1592
      0.1887
      0.2074
      0.2516
      0.3708
      0.5759
      0.8047
      0.9576
      0.9849
      0.9338
      0.8910
      0.8902
      0.8988
      0.1452
      0.1326
      0.1056
      0.0878
      0.0969
      0.1306
      0.1675
      0.1854
      0.1851
      0.2011
      0.2821
      0.4511
      0.6777
      0.8994
      1.0862
      1.2729
      1.4984
      1.7168
      1.8111
      0.1597
      0.1463
      0.1179
      0.1003
      0.1111
      0.1459
      0.1808
      0.1916
      0.1769
      0.1660
      0.2046
      0.3275
      0.5405
      0.8322
      1.2105
      1.7070
      2.2998
      2.8262
      3.0421
      0.1452
      0.1353
      0.1173
      0.1158
      0.1466
      0.2016
      0.2506
      0.2628
      0.2322
      0.1873
      0.1779
      0.2523
      0.4458
      0.7902
      1.3306
      2.1029
      3.0328
      3.8467
      4.1769
      0.1130
      0.1121
      0.1204
      0.1600
      0.2421
      0.3480
      0.4312
      0.4457
      0.3821
      0.2801
      0.2061
      0.2232
      0.3816
      0.7320
      1.3381
      2.2375
      3.3281
      4.2802
      4.6654
      0.0876
      0.1016
      0.1537
      0.2634
      0.4310
      0.6158
      0.7424
      0.7448
      0.6181
      0.4280
      0.2687
      0.2154
      0.3154
      0.6134
      1.1679
      2.0117
      3.0419
      3.9419
      4.3058
      0.0876
      0.1215
      0.2331
      0.4366
      0.7142
      0.9917
      1.1571
      1.1265
      0.9090
      0.6074
      0.3485
      0.2160
      0.2443
      0.4585
      0.9028
      1.6056
      2.4781
      3.2458
      3.5569
      0.1134
      0.1695
      0.3472
      0.6538
      1.0507
      1.4282
      1.6366
      1.5721
      1.2561
      0.8295
      0.4575
      0.2384
      0.1976
      0.3474
      0.7315
      1.3888
      2.2387
      3.0012
      3.3128
      0.1495
      0.2250
      0.4609
      0.8616
      1.3779
      1.8760
      2.1676
      2.1091
      1.7108
      1.1455
      0.6323
      0.3070
      0.2053
      0.3467
      0.8044
      1.6541
      2.7985
      3.8465
      4.2782
      0.1779
      0.2656
      0.5400
      1.0125
      1.6427
      2.2907
      2.7252
      2.7332
      2.2803
      1.5645
      0.8785
      0.4234
      0.2660
      0.4523
      1.1112
      2.3753
      4.1074
      5.7069
      6.3680
      0.1916
      0.2841
      0.5763
      1.0928
      1.8133
      2.6030
      3.1917
      3.2900
      2.8085
      1.9624
      1.1172
      0.5421
      0.3398
      0.5857
      1.4645
      3.1636
      5.5020
      7.6660
      8.5613
      0.1947
      0.2881
      0.5849
      1.1162
      1.8723
      2.7222
      3.3793
      3.5201
      3.0298
      2.1304
      1.2185
      0.5932
      0.3728
      0.6456
      1.6199
      3.5060
      6.1035
      8.5084
      9.5036
