      0.0015
      0.0035
      0.0086
      0.0117
      0.0086
      0.0035
      0.0010
      0.0005
      0.0005
      0.0007
      0.0015
      0.0020
      0.0015
      0.0006
      0.0001
      0.0000
      0.0000
      0.0000
      0.0000
      0.0021
      0.0045
      0.0099
      0.0123
      0.0083
      0.0031
      0.0008
      0.0004
      0.0004
      0.0006
      0.0014
      0.0020
      0.0017
      0.0008
      0.0002
      0.0000
      0.0000
      0.0000
      0.0000
      0.0027
      0.0052
      0.0098
      0.0105
      0.0062
      0.0020
      0.0004
      0.0002
      0.0002
      0.0004
      0.0015
      0.0034
      0.0046
      0.0036
      0.0016
      0.0004
      0.0001
      0.0000
      0.0000
      0.0023
      0.0037
      0.0059
      0.0054
      0.0028
      0.0008
      0.0001
      0.0000
      0.0001
      0.0009
      0.0056
      0.0184
      0.0329
      0.0319
      0.0168
      0.0048
      0.0007
      0.0001
      0.0000
      0.0093
      0.0075
      0.0043
      0.0021
      0.0007
      0.0002
      0.0000
      0.0000
      0.0003
      0.0033
      0.0229
      0.0842
      0.1670
      0.1789
      0.1035
      0.0323
      0.0054
      0.0005
      0.0000
      0.1409
      0.1037
      0.0413
      0.0090
      0.0011
      0.0001
      0.0000
      0.0000
      0.0005
      0.0070
      0.0527
      0.2131
      0.4635
      0.5442
      0.3451
      0.1180
      0.0217
      0.0023
      0.0004
      1.2350
      0.9076
      0.3599
      0.0767
      0.0088
      0.0005
      0.0001
      0.0001
      0.0006
      0.0080
      0.0658
      0.2913
      0.6942
      0.8928
      0.6203
      0.2330
      0.0491
      0.0103
      0.0077
      5.7929
      4.2575
      1.6882
      0.3599
      0.0410
      0.0025
      0.0002
      0.0001
      0.0004
      0.0049
      0.0443
      0.2152
      0.5618
      0.7916
      0.6040
      0.2568
      0.0911
      0.0933
      0.1176
     14.6089
     10.7369
      4.2575
      0.9076
      0.1034
      0.0063
      0.0003
      0.0001
      0.0002
      0.0016
      0.0161
      0.0859
      0.2463
      0.3830
      0.3326
      0.2209
      0.3468
      0.7613
      1.0223
     19.8772
     14.6089
      5.7929
      1.2349
      0.1407
      0.0087
      0.0007
      0.0006
      0.0005
      0.0005
      0.0032
      0.0190
      0.0623
      0.1180
      0.1653
      0.4005
      1.4565
      3.5357
      4.7820
     14.6089
     10.7369
      4.2575
      0.9077
      0.1039
      0.0083
      0.0053
      0.0072
      0.0054
      0.0022
      0.0009
      0.0036
      0.0184
      0.0643
      0.2041
      0.8964
      3.6219
      8.8890
     12.0406
      5.7929
      4.2575
      1.6884
      0.3609
      0.0459
      0.0194
      0.0375
      0.0480
      0.0341
      0.0132
      0.0029
      0.0022
      0.0149
      0.0702
      0.2660
      1.2168
      4.9188
     12.0782
     16.3668
      1.2350
      0.9078
      0.3617
      0.0864
      0.0427
      0.0865
      0.1551
      0.1769
      0.1163
      0.0422
      0.0084
      0.0020
      0.0101
      0.0514
      0.2021
      0.9085
      3.6239
      8.8749
     12.0231
      0.1409
      0.1049
      0.0536
      0.0679
      0.1642
      0.2978
      0.3996
      0.3800
      0.2260
      0.0768
      0.0144
      0.0018
      0.0039
      0.0207
      0.0838
      0.3691
      1.4460
      3.5242
      4.7708
      0.0093
      0.0125
      0.0515
      0.2095
      0.5033
      0.7503
      0.8064
      0.6715
      0.3872
      0.1347
      0.0263
      0.0029
      0.0009
      0.0045
      0.0192
      0.0846
      0.3272
      0.7937
      1.0736
      0.0023
      0.0144
      0.1038
      0.4156
      0.9690
      1.5461
      2.0739
      2.2289
      1.5463
      0.6121
      0.1325
      0.0154
      0.0010
      0.0008
      0.0058
      0.0405
      0.1810
      0.4522
      0.6143
      0.0027
      0.0175
      0.1209
      0.4837
      1.3378
      3.2894
      6.7388
      8.8916
      6.6460
      2.7110
      0.5963
      0.0702
      0.0044
      0.0012
      0.0167
      0.1458
      0.6834
      1.7232
      2.3446
      0.0021
      0.0124
      0.0845
      0.3951
      1.7066
      6.4461
     15.8269
     21.9658
     16.6332
      6.8106
      1.5003
      0.1767
      0.0111
      0.0029
      0.0417
      0.3663
      1.7181
      4.3329
      5.8954
      0.0015
      0.0085
      0.0589
      0.3378
      1.9397
      8.3739
     21.3073
     29.8123
     22.6157
      9.2642
      2.0410
      0.2404
      0.0151
      0.0039
      0.0568
      0.4983
      2.3376
      5.8952
      8.0211
