      0.0014
      0.0032
      0.0079
      0.0108
      0.0079
      0.0032
      0.0010
      0.0006
      0.0011
      0.0037
      0.0089
      0.0119
      0.0086
      0.0034
      0.0007
      0.0001
      0.0000
      0.0000
      0.0000
      0.0019
      0.0041
      0.0092
      0.0113
      0.0077
      0.0029
      0.0008
      0.0004
      0.0008
      0.0030
      0.0078
      0.0114
      0.0090
      0.0039
      0.0009
      0.0001
      0.0000
      0.0000
      0.0000
      0.0025
      0.0048
      0.0091
      0.0097
      0.0057
      0.0018
      0.0004
      0.0002
      0.0004
      0.0017
      0.0053
      0.0094
      0.0095
      0.0056
      0.0019
      0.0004
      0.0000
      0.0000
      0.0000
      0.0022
      0.0034
      0.0054
      0.0050
      0.0026
      0.0007
      0.0001
      0.0000
      0.0001
      0.0011
      0.0052
      0.0147
      0.0240
      0.0219
      0.0111
      0.0031
      0.0005
      0.0000
      0.0000
      0.0091
      0.0073
      0.0041
      0.0019
      0.0007
      0.0002
      0.0000
      0.0000
      0.0002
      0.0022
      0.0147
      0.0536
      0.1058
      0.1129
      0.0652
      0.0203
      0.0034
      0.0003
      0.0000
      0.1379
      0.1014
      0.0404
      0.0088
      0.0011
      0.0001
      0.0000
      0.0000
      0.0003
      0.0044
      0.0331
      0.1339
      0.2911
      0.3418
      0.2167
      0.0741
      0.0137
      0.0015
      0.0003
      1.2086
      0.8883
      0.3523
      0.0751
      0.0086
      0.0005
      0.0001
      0.0001
      0.0004
      0.0050
      0.0413
      0.1829
      0.4359
      0.5607
      0.3897
      0.1467
      0.0316
      0.0081
      0.0069
      5.6693
      4.1667
      1.6522
      0.3522
      0.0401
      0.0025
      0.0002
      0.0001
      0.0003
      0.0031
      0.0278
      0.1352
      0.3534
      0.4992
      0.3835
      0.1676
      0.0696
      0.0843
      0.1078
     14.2973
     10.5079
      4.1667
      0.8883
      0.1012
      0.0062
      0.0004
      0.0002
      0.0002
      0.0011
      0.0102
      0.0548
      0.1602
      0.2602
      0.2488
      0.1975
      0.3284
      0.7035
      0.9400
     19.4532
     14.2973
      5.6693
      1.2086
      0.1379
      0.0092
      0.0026
      0.0034
      0.0028
      0.0014
      0.0025
      0.0154
      0.0636
      0.1676
      0.3045
      0.5518
      1.4506
      3.2828
      4.4017
     14.2973
     10.5079
      4.1667
      0.8886
      0.1037
      0.0178
      0.0305
      0.0426
      0.0323
      0.0133
      0.0037
      0.0103
      0.0702
      0.2799
      0.6748
      1.4003
      3.6931
      8.2873
     11.0973
      5.6693
      4.1667
      1.6525
      0.3550
      0.0605
      0.0908
      0.2142
      0.2831
      0.2031
      0.0787
      0.0171
      0.0123
      0.0853
      0.3758
      0.9730
      2.0372
      5.1425
     11.3208
     15.1122
      1.2086
      0.8885
      0.3544
      0.0923
      0.1067
      0.3696
      0.8188
      1.0137
      0.6855
      0.2510
      0.0498
      0.0120
      0.0596
      0.2805
      0.7698
      1.6235
      3.9027
      8.3776
     11.1305
      0.1379
      0.1026
      0.0532
      0.0830
      0.3028
      0.8946
      1.7357
      1.9783
      1.2553
      0.4339
      0.0809
      0.0104
      0.0228
      0.1132
      0.3298
      0.7046
      1.6133
      3.3588
      4.4339
      0.0091
      0.0120
      0.0496
      0.2188
      0.6465
      1.3936
      2.1989
      2.2472
      1.3390
      0.4427
      0.0796
      0.0081
      0.0049
      0.0246
      0.0765
      0.1696
      0.3806
      0.7740
      1.0156
      0.0022
      0.0133
      0.0971
      0.3984
      0.9866
      1.7271
      2.4119
      2.4563
      1.5571
      0.5642
      0.1131
      0.0124
      0.0012
      0.0031
      0.0135
      0.0568
      0.2118
      0.5080
      0.6856
      0.0025
      0.0161
      0.1114
      0.4377
      1.1349
      2.4886
      4.6803
      5.9304
      4.3446
      1.7510
      0.3820
      0.0447
      0.0028
      0.0014
      0.0198
      0.1694
      0.7909
      1.9926
      2.7107
      0.0019
      0.0114
      0.0759
      0.3263
      1.2202
      4.2141
     10.0616
     13.8612
     10.4716
      4.2832
      0.9430
      0.1110
      0.0070
      0.0031
      0.0483
      0.4237
      1.9874
      5.0120
      6.8194
      0.0014
      0.0077
      0.0512
      0.2577
      1.2974
      5.3351
     13.4231
     18.7357
     14.2047
      5.8177
      1.2816
      0.1510
      0.0096
      0.0043
      0.0657
      0.5764
      2.7040
      6.8192
      9.2784
