      0.3221
      0.3336
      0.3610
      0.3890
      0.4070
      0.4161
      0.4252
      0.4427
      0.4692
      0.4955
      0.5045
      0.4785
      0.4113
      0.3143
      0.2114
      0.1255
      0.0679
      0.0375
      0.0284
      0.3265
      0.3358
      0.3575
      0.3785
      0.3904
      0.3955
      0.4027
      0.4197
      0.4465
      0.4741
      0.4856
      0.4641
      0.4026
      0.3112
      0.2122
      0.1280
      0.0703
      0.0393
      0.0299
      0.3495
      0.3521
      0.3565
      0.3568
      0.3514
      0.3460
      0.3490
      0.3653
      0.3930
      0.4226
      0.4394
      0.4282
      0.3812
      0.3044
      0.2160
      0.1365
      0.0791
      0.0466
      0.0364
      0.4247
      0.4151
      0.3887
      0.3530
      0.3191
      0.2983
      0.2967
      0.3130
      0.3405
      0.3694
      0.3890
      0.3879
      0.3580
      0.3006
      0.2274
      0.1558
      0.1001
      0.0665
      0.0556
      0.6114
      0.5817
      0.5050
      0.4110
      0.3319
      0.2870
      0.2778
      0.2922
      0.3156
      0.3377
      0.3534
      0.3577
      0.3441
      0.3086
      0.2555
      0.1974
      0.1481
      0.1167
      0.1062
      0.9719
      0.9113
      0.7565
      0.5715
      0.4196
      0.3326
      0.3050
      0.3101
      0.3220
      0.3300
      0.3359
      0.3426
      0.3460
      0.3378
      0.3147
      0.2825
      0.2521
      0.2319
      0.2250
      1.5164
      1.4137
      1.1522
      0.8407
      0.5837
      0.4301
      0.3670
      0.3505
      0.3430
      0.3324
      0.3275
      0.3390
      0.3663
      0.3982
      0.4242
      0.4418
      0.4540
      0.4627
      0.4661
      2.1484
      1.9992
      1.6191
      1.1651
      0.7862
      0.5503
      0.4385
      0.3913
      0.3602
      0.3320
      0.3207
      0.3445
      0.4073
      0.4981
      0.6009
      0.7027
      0.7926
      0.8566
      0.8801
      2.6699
      2.4836
      2.0089
      1.4406
      0.9624
      0.6572
      0.5021
      0.4266
      0.3746
      0.3327
      0.3199
      0.3617
      0.4695
      0.6359
      0.8422
      1.0631
      1.2667
      1.4136
      1.4676
      2.8734
      2.6748
      2.1692
      1.5652
      1.0580
      0.7336
      0.5653
      0.4771
      0.4110
      0.3562
      0.3386
      0.3938
      0.5435
      0.7880
      1.1072
      1.4633
      1.7992
      2.0440
      2.1343
      2.6699
      2.4913
      2.0389
      1.5048
      1.0660
      0.7950
      0.6580
      0.5780
      0.5009
      0.4243
      0.3861
      0.4352
      0.6060
      0.9071
      1.3188
      1.7914
      2.2447
      2.5775
      2.7006
      2.1484
      2.0170
      1.6890
      1.3157
      1.0308
      0.8768
      0.8080
      0.7485
      0.6543
      0.5383
      0.4556
      0.4704
      0.6286
      0.9454
      1.4015
      1.9398
      2.4638
      2.8516
      2.9954
      1.5164
      1.4445
      1.2738
      1.1033
      1.0108
      1.0001
      1.0097
      0.9666
      0.8421
      0.6699
      0.5241
      0.4824
      0.5977
      0.8888
      1.3378
      1.8861
      2.4305
      2.8377
      2.9895
      0.9719
      0.9558
      0.9320
      0.9499
      1.0328
      1.1464
      1.2148
      1.1716
      1.0065
      0.7743
      0.5654
      0.4647
      0.5273
      0.7745
      1.1938
      1.7310
      2.2807
      2.6995
      2.8569
      0.6114
      0.6367
      0.7211
      0.8744
      1.0770
      1.2662
      1.3587
      1.2988
      1.0949
      0.8180
      0.5665
      0.4261
      0.4521
      0.6719
      1.0852
      1.6462
      2.2432
      2.7093
      2.8866
      0.4247
      0.4742
      0.6202
      0.8459
      1.1041
      1.3169
      1.4034
      1.3213
      1.0937
      0.7991
      0.5353
      0.3845
      0.4047
      0.6369
      1.0998
      1.7575
      2.4808
      3.0574
      3.2789
      0.3495
      0.4094
      0.5798
      0.8286
      1.0949
      1.2978
      1.3646
      1.2661
      1.0337
      0.7455
      0.4928
      0.3545
      0.3951
      0.6744
      1.2344
      2.0469
      2.9563
      3.6898
      3.9730
      0.3265
      0.3889
      0.5635
      0.8110
      1.0661
      1.2503
      1.2998
      1.1942
      0.9678
      0.6947
      0.4598
      0.3399
      0.4071
      0.7384
      1.3951
      2.3538
      3.4343
      4.3096
      4.6484
      0.3221
      0.3845
      0.5585
      0.8028
      1.0511
      1.2268
      1.2698
      1.1627
      0.9403
      0.6746
      0.4478
      0.3361
      0.4151
      0.7688
      1.4659
      2.4848
      3.6349
      4.5677
      4.9289
