      0.0687
      0.0732
      0.0830
      0.0908
      0.0935
      0.0940
      0.0958
      0.0989
      0.1018
      0.1046
      0.1063
      0.1018
      0.0862
      0.0618
      0.0367
      0.0182
      0.0080
      0.0039
      0.0030
      0.0721
      0.0757
      0.0829
      0.0877
      0.0880
      0.0870
      0.0882
      0.0917
      0.0962
      0.1018
      0.1072
      0.1069
      0.0947
      0.0714
      0.0448
      0.0234
      0.0106
      0.0049
      0.0034
      0.0977
      0.0967
      0.0929
      0.0857
      0.0772
      0.0719
      0.0726
      0.0785
      0.0879
      0.1012
      0.1174
      0.1298
      0.1280
      0.1076
      0.0752
      0.0433
      0.0208
      0.0092
      0.0058
      0.2159
      0.1999
      0.1602
      0.1152
      0.0812
      0.0656
      0.0668
      0.0784
      0.0956
      0.1192
      0.1511
      0.1843
      0.2009
      0.1855
      0.1413
      0.0879
      0.0451
      0.0207
      0.0132
      0.6128
      0.5528
      0.4074
      0.2508
      0.1406
      0.0922
      0.0892
      0.1072
      0.1310
      0.1621
      0.2097
      0.2693
      0.3128
      0.3077
      0.2490
      0.1647
      0.0910
      0.0467
      0.0327
      1.6077
      1.4418
      1.0420
      0.6145
      0.3150
      0.1764
      0.1480
      0.1637
      0.1855
      0.2139
      0.2692
      0.3534
      0.4286
      0.4426
      0.3775
      0.2672
      0.1646
      0.1012
      0.0811
      3.4763
      3.1141
      2.2415
      1.3079
      0.6481
      0.3271
      0.2320
      0.2255
      0.2311
      0.2438
      0.2933
      0.3895
      0.4913
      0.5331
      0.4848
      0.3792
      0.2772
      0.2160
      0.1974
      6.0464
      5.4153
      3.8939
      2.2631
      1.1006
      0.5146
      0.3108
      0.2610
      0.2404
      0.2307
      0.2637
      0.3546
      0.4685
      0.5426
      0.5438
      0.4986
      0.4592
      0.4482
      0.4494
      8.4278
      7.5476
      5.4250
      3.1458
      1.5108
      0.6682
      0.3516
      0.2547
      0.2103
      0.1834
      0.1981
      0.2714
      0.3832
      0.4908
      0.5727
      0.6497
      0.7493
      0.8526
      0.8985
      9.4137
      8.4305
      6.0588
      3.5096
      1.6744
      0.7175
      0.3455
      0.2238
      0.1688
      0.1342
      0.1343
      0.1870
      0.2900
      0.4302
      0.6082
      0.8445
      1.1347
      1.3982
      1.5075
      8.4278
      7.5483
      5.4271
      3.1480
      1.5081
      0.6534
      0.3203
      0.2095
      0.1558
      0.1156
      0.1008
      0.1325
      0.2246
      0.3891
      0.6491
      1.0282
      1.4942
      1.9080
      2.0771
      6.0464
      5.4179
      3.9043
      2.2846
      1.1309
      0.5434
      0.3244
      0.2493
      0.1964
      0.1405
      0.1022
      0.1091
      0.1841
      0.3526
      0.6497
      1.1009
      1.6583
      2.1506
      2.3509
      3.4763
      3.1208
      2.2699
      1.3743
      0.7619
      0.4796
      0.3933
      0.3544
      0.2896
      0.2015
      0.1274
      0.1026
      0.1515
      0.3002
      0.5859
      1.0336
      1.5919
      2.0858
      2.2866
      1.6077
      1.4547
      1.0974
      0.7474
      0.5522
      0.5134
      0.5343
      0.5163
      0.4238
      0.2884
      0.1679
      0.1058
      0.1247
      0.2490
      0.5195
      0.9679
      1.5423
      2.0564
      2.2663
      0.6128
      0.5728
      0.4939
      0.4601
      0.5202
      0.6446
      0.7452
      0.7394
      0.6096
      0.4129
      0.2325
      0.1262
      0.1210
      0.2513
      0.5851
      1.1822
      1.9779
      2.7037
      3.0022
      0.2159
      0.2262
      0.2750
      0.3975
      0.6049
      0.8503
      1.0320
      1.0499
      0.8817
      0.6057
      0.3421
      0.1774
      0.1585
      0.3531
      0.8950
      1.9062
      3.2840
      4.5541
      5.0788
      0.0977
      0.1271
      0.2281
      0.4279
      0.7342
      1.0931
      1.3760
      1.4400
      1.2378
      0.8669
      0.4964
      0.2583
      0.2334
      0.5432
      1.4192
      3.0734
      5.3420
      7.4400
      8.3079
      0.0721
      0.1080
      0.2297
      0.4700
      0.8458
      1.3020
      1.6825
      1.7979
      1.5711
      1.1146
      0.6447
      0.3385
      0.3111
      0.7360
      1.9379
      4.2128
      7.3374
     10.2293
     11.4259
      0.0687
      0.1060
      0.2334
      0.4874
      0.8899
      1.3862
      1.8085
      1.9468
      1.7108
      1.2189
      0.7074
      0.3726
      0.3444
      0.8181
      2.1569
      4.6923
      8.1753
     11.3994
     12.7336
