      0.1570
      0.1731
      0.2066
      0.2270
      0.2172
      0.1861
      0.1561
      0.1432
      0.1512
      0.1742
      0.1968
      0.1988
      0.1698
      0.1191
      0.0678
      0.0313
      0.0123
      0.0049
      0.0032
      0.1610
      0.1748
      0.2025
      0.2169
      0.2034
      0.1717
      0.1427
      0.1307
      0.1387
      0.1608
      0.1831
      0.1868
      0.1616
      0.1152
      0.0667
      0.0315
      0.0126
      0.0050
      0.0032
      0.1830
      0.1891
      0.1985
      0.1941
      0.1701
      0.1372
      0.1120
      0.1035
      0.1115
      0.1305
      0.1502
      0.1562
      0.1393
      0.1032
      0.0627
      0.0312
      0.0131
      0.0053
      0.0034
      0.2825
      0.2708
      0.2380
      0.1915
      0.1431
      0.1058
      0.0867
      0.0845
      0.0926
      0.1050
      0.1164
      0.1200
      0.1096
      0.0853
      0.0555
      0.0302
      0.0144
      0.0071
      0.0051
      0.6341
      0.5784
      0.4410
      0.2868
      0.1694
      0.1071
      0.0891
      0.0930
      0.0996
      0.1005
      0.0970
      0.0915
      0.0826
      0.0681
      0.0497
      0.0329
      0.0218
      0.0165
      0.0151
      1.5446
      1.3883
      1.0101
      0.6021
      0.3104
      0.1681
      0.1292
      0.1310
      0.1306
      0.1153
      0.0932
      0.0761
      0.0671
      0.0620
      0.0574
      0.0538
      0.0532
      0.0548
      0.0559
      3.2801
      2.9394
      2.1177
      1.2361
      0.6088
      0.2976
      0.1978
      0.1799
      0.1648
      0.1319
      0.0949
      0.0719
      0.0689
      0.0806
      0.1004
      0.1250
      0.1518
      0.1744
      0.1835
      5.6815
      5.0885
      3.6586
      2.1240
      1.0267
      0.4687
      0.2692
      0.2141
      0.1797
      0.1342
      0.0929
      0.0768
      0.0938
      0.1404
      0.2097
      0.2957
      0.3875
      0.4624
      0.4918
      7.9116
      7.0852
      5.0920
      2.9507
      1.4131
      0.6186
      0.3184
      0.2244
      0.1744
      0.1251
      0.0904
      0.0932
      0.1464
      0.2525
      0.4081
      0.6050
      0.8178
      0.9918
      1.0604
      8.8356
      7.9130
      5.6882
      3.2982
      1.5807
      0.6898
      0.3481
      0.2372
      0.1797
      0.1288
      0.1003
      0.1231
      0.2195
      0.4017
      0.6722
      1.0202
      1.4004
      1.7131
      1.8364
      7.9116
      7.0879
      5.1034
      2.9781
      1.4619
      0.6887
      0.4014
      0.3063
      0.2425
      0.1757
      0.1344
      0.1601
      0.2864
      0.5339
      0.9099
      1.4004
      1.9400
      2.3850
      2.5607
      5.6815
      5.0967
      3.6940
      2.2097
      1.1817
      0.6938
      0.5364
      0.4749
      0.3895
      0.2770
      0.1914
      0.1901
      0.3131
      0.5825
      1.0059
      1.5658
      2.1850
      2.6964
      2.8984
      3.2801
      2.9579
      2.1972
      1.4267
      0.9496
      0.7856
      0.7681
      0.7256
      0.5912
      0.4051
      0.2518
      0.2000
      0.2854
      0.5236
      0.9194
      1.4564
      2.0578
      2.5573
      2.7549
      1.5446
      1.4214
      1.1502
      0.9299
      0.8804
      0.9597
      1.0270
      0.9651
      0.7619
      0.5003
      0.2857
      0.1854
      0.2226
      0.4056
      0.7450
      1.2370
      1.8125
      2.3020
      2.4976
      0.6341
      0.6259
      0.6386
      0.7371
      0.9257
      1.1173
      1.1895
      1.0759
      0.8132
      0.5106
      0.2731
      0.1533
      0.1635
      0.3195
      0.6629
      1.2254
      1.9381
      2.5713
      2.8290
      0.2825
      0.3261
      0.4644
      0.6942
      0.9581
      1.1487
      1.1704
      1.0049
      0.7227
      0.4333
      0.2205
      0.1176
      0.1386
      0.3341
      0.8142
      1.6759
      2.8298
      3.8848
      4.3192
      0.1830
      0.2424
      0.4140
      0.6619
      0.9035
      1.0357
      0.9975
      0.8088
      0.5518
      0.3162
      0.1561
      0.0911
      0.1520
      0.4471
      1.1850
      2.5499
      4.4110
      6.1283
      6.8381
      0.1610
      0.2208
      0.3867
      0.6093
      0.8011
      0.8746
      0.7982
      0.6135
      0.3987
      0.2198
      0.1079
      0.0778
      0.1813
      0.5832
      1.5836
      3.4461
      5.9968
      8.3558
      9.3317
      0.1570
      0.2152
      0.3743
      0.5816
      0.7500
      0.8002
      0.7122
      0.5336
      0.3389
      0.1836
      0.0908
      0.0743
      0.1959
      0.6437
      1.7560
      3.8288
      6.6696
      9.2979
     10.3854
