      0.0636
      0.0843
      0.1266
      0.1483
      0.1259
      0.0788
      0.0409
      0.0258
      0.0311
      0.0531
      0.0816
      0.0947
      0.0792
      0.0472
      0.0199
      0.0060
      0.0013
      0.0002
      0.0001
      0.0675
      0.0868
      0.1249
      0.1411
      0.1161
      0.0706
      0.0356
      0.0220
      0.0268
      0.0473
      0.0753
      0.0912
      0.0803
      0.0510
      0.0233
      0.0077
      0.0018
      0.0003
      0.0001
      0.0713
      0.0860
      0.1121
      0.1163
      0.0886
      0.0502
      0.0235
      0.0139
      0.0182
      0.0361
      0.0656
      0.0919
      0.0957
      0.0732
      0.0409
      0.0166
      0.0049
      0.0011
      0.0003
      0.0767
      0.0823
      0.0888
      0.0794
      0.0540
      0.0278
      0.0122
      0.0078
      0.0129
      0.0329
      0.0751
      0.1310
      0.1677
      0.1552
      0.1033
      0.0491
      0.0166
      0.0041
      0.0014
      0.1710
      0.1527
      0.1099
      0.0651
      0.0322
      0.0138
      0.0068
      0.0070
      0.0151
      0.0448
      0.1192
      0.2388
      0.3439
      0.3528
      0.2570
      0.1328
      0.0488
      0.0133
      0.0052
      0.6756
      0.5714
      0.3462
      0.1515
      0.0494
      0.0146
      0.0086
      0.0114
      0.0221
      0.0628
      0.1769
      0.3798
      0.5847
      0.6389
      0.4953
      0.2734
      0.1095
      0.0357
      0.0181
      2.2446
      1.8886
      1.1244
      0.4735
      0.1425
      0.0354
      0.0160
      0.0177
      0.0272
      0.0687
      0.1981
      0.4486
      0.7303
      0.8452
      0.6980
      0.4186
      0.1963
      0.0929
      0.0683
      5.3417
      4.4927
      2.6714
      1.1216
      0.3343
      0.0774
      0.0258
      0.0216
      0.0258
      0.0550
      0.1600
      0.3821
      0.6608
      0.8196
      0.7417
      0.5208
      0.3397
      0.2685
      0.2581
      8.9834
      7.5555
      4.4921
      1.8855
      0.5607
      0.1264
      0.0355
      0.0240
      0.0226
      0.0350
      0.0956
      0.2421
      0.4573
      0.6387
      0.6924
      0.6604
      0.6689
      0.7503
      0.8018
     10.6812
      8.9834
      5.3414
      2.2431
      0.6706
      0.1592
      0.0570
      0.0461
      0.0389
      0.0327
      0.0529
      0.1345
      0.2982
      0.5187
      0.7448
      0.9847
      1.3096
      1.6761
      1.8493
      8.9834
      7.5559
      4.4948
      1.8959
      0.5912
      0.1931
      0.1430
      0.1495
      0.1247
      0.0786
      0.0541
      0.0955
      0.2467
      0.5317
      0.9290
      1.4312
      2.0799
      2.7577
      3.0679
      5.3417
      4.4948
      2.6842
      1.1673
      0.4555
      0.3219
      0.3951
      0.4308
      0.3475
      0.2033
      0.0982
      0.0939
      0.2319
      0.5469
      1.0283
      1.6560
      2.4510
      3.2648
      3.6346
      2.2446
      1.8967
      1.1696
      0.6187
      0.4864
      0.6614
      0.8873
      0.9248
      0.7105
      0.3959
      0.1669
      0.0949
      0.1845
      0.4447
      0.8637
      1.4137
      2.0937
      2.7761
      3.0841
      0.6756
      0.5940
      0.4650
      0.5008
      0.7908
      1.2233
      1.5393
      1.4941
      1.0861
      0.5786
      0.2268
      0.0882
      0.1119
      0.2649
      0.5309
      0.8908
      1.3349
      1.7746
      1.9716
      0.1710
      0.1982
      0.3404
      0.7027
      1.2784
      1.8716
      2.1806
      1.9946
      1.3960
      0.7273
      0.2776
      0.0858
      0.0561
      0.1199
      0.2648
      0.5094
      0.8671
      1.2458
      1.4177
      0.0767
      0.1482
      0.4172
      0.9639
      1.7297
      2.4688
      2.8567
      2.6534
      1.9148
      1.0364
      0.4101
      0.1194
      0.0388
      0.0632
      0.2016
      0.5658
      1.2409
      2.0191
      2.3800
      0.0713
      0.1557
      0.4617
      1.0741
      1.9816
      3.0235
      3.8403
      3.9165
      3.0553
      1.7569
      0.7281
      0.2159
      0.0561
      0.0784
      0.3312
      1.0965
      2.5908
      4.3425
      5.1585
      0.0675
      0.1453
      0.4282
      1.0266
      2.0567
      3.5304
      5.0129
      5.5403
      4.5468
      2.6974
      1.1405
      0.3422
      0.0874
      0.1210
      0.5346
      1.8056
      4.3015
      7.2329
      8.5992
      0.0636
      0.1353
      0.3982
      0.9789
      2.0653
      3.7588
      5.5794
      6.3330
      5.2735
      3.1535
      1.3395
      0.4031
      0.1030
      0.1429
      0.6334
      2.1431
      5.1089
      8.5930
     10.2171
