      0.0000
      0.0000
      0.0000
      0.0000
      0.0000
      0.0000
      0.0000
      0.0000
      0.0000
      0.0000
      0.0000
      0.0000
      0.0000
      0.0000
      0.0000
      0.0000
      0.0000
      0.0000
      0.0000
      0.0000
      0.0000
      0.0000
      0.0000
      0.0000
      0.0000
      0.0000
      0.0000
      0.0000
      0.0000
      0.0000
      0.0000
      0.0000
      0.0000
      0.0000
      0.0000
      0.0000
      0.0000
      0.0000
      0.0000
      0.0000
      0.0000
      0.0000
      0.0000
      0.0000
      0.0000
      0.0000
      0.0000
      0.0000
      0.0000
      0.0000
      0.0000
      0.0000
      0.0000
      0.0000
      0.0000
      0.0000
      0.0000
      0.0000
      0.0000
      0.0000
      0.0000
      0.0000
      0.0000
      0.0000
      0.0000
      0.0000
      0.0000
      0.0000
      0.0000
      0.0000
      0.0000
      0.0000
      0.0000
      0.0000
      0.0000
      0.0000
      0.0000
      0.0000
      0.0000
      0.0000
      0.0000
      0.0000
      0.0000
      0.0000
      0.0000
      0.0000
      0.0000
      0.0001
      0.0005
      0.0006
      0.0002
      0.0000
      0.0000
      0.0000
      0.0000
      0.0012
      0.0006
      0.0001
      0.0000
      0.0000
      0.0000
      0.0000
      0.0000
      0.0000
      0.0000
      0.0000
      0.0009
      0.0054
      0.0077
      0.0028
      0.0002
      0.0000
      0.0000
      0.0000
      0.1620
      0.0810
      0.0101
      0.0003
      0.0000
      0.0000
      0.0000
      0.0000
      0.0000
      0.0000
      0.0001
      0.0019
      0.0134
      0.0235
      0.0104
      0.0011
      0.0000
      0.0000
      0.0000
      5.2545
      2.6273
      0.3275
      0.0101
      0.0001
      0.0000
      0.0000
      0.0000
      0.0000
      0.0000
      0.0000
      0.0010
      0.0083
      0.0179
      0.0097
      0.0013
      0.0001
      0.0005
      0.0010
     42.1475
     21.0737
      2.6273
      0.0810
      0.0006
      0.0000
      0.0000
      0.0000
      0.0000
      0.0000
      0.0000
      0.0001
      0.0013
      0.0034
      0.0023
      0.0006
      0.0083
      0.0660
      0.1319
     84.2949
     42.1475
      5.2545
      0.1620
      0.0012
      0.0000
      0.0000
      0.0000
      0.0000
      0.0000
      0.0000
      0.0000
      0.0001
      0.0002
      0.0004
      0.0086
      0.2669
      2.1391
      4.2781
     42.1475
     21.0737
      2.6273
      0.0810
      0.0006
      0.0000
      0.0000
      0.0000
      0.0000
      0.0000
      0.0000
      0.0000
      0.0000
      0.0004
      0.0030
      0.0696
      2.1406
     17.1579
     34.3151
      5.2545
      2.6273
      0.3275
      0.0101
      0.0001
      0.0000
      0.0003
      0.0005
      0.0002
      0.0000
      0.0000
      0.0000
      0.0000
      0.0009
      0.0070
      0.1421
      4.2825
     34.3156
     68.6300
      0.1620
      0.0810
      0.0101
      0.0003
      0.0001
      0.0008
      0.0051
      0.0085
      0.0036
      0.0004
      0.0000
      0.0000
      0.0000
      0.0005
      0.0041
      0.0731
      2.1426
     17.1579
     34.3150
      0.0012
      0.0006
      0.0001
      0.0003
      0.0021
      0.0077
      0.0264
      0.0370
      0.0137
      0.0013
      0.0000
      0.0000
      0.0000
      0.0001
      0.0006
      0.0095
      0.2674
      2.1391
      4.2780
      0.0000
      0.0000
      0.0002
      0.0050
      0.0314
      0.0538
      0.0493
      0.0425
      0.0136
      0.0011
      0.0000
      0.0000
      0.0000
      0.0000
      0.0000
      0.0003
      0.0084
      0.0667
      0.1335
      0.0000
      0.0000
      0.0011
      0.0234
      0.1243
      0.1729
      0.1201
      0.1366
      0.0685
      0.0090
      0.0003
      0.0000
      0.0000
      0.0000
      0.0000
      0.0004
      0.0128
      0.1026
      0.2052
      0.0000
      0.0000
      0.0015
      0.0271
      0.1295
      0.3526
      1.8686
      3.9373
      2.1167
      0.2840
      0.0094
      0.0001
      0.0000
      0.0000
      0.0001
      0.0127
      0.4128
      3.3114
      6.6228
      0.0000
      0.0000
      0.0005
      0.0082
      0.0793
      1.7282
     14.6684
     31.5536
     16.9768
      2.2781
      0.0757
      0.0006
      0.0000
      0.0000
      0.0008
      0.1021
      3.3114
     26.5614
     53.1229
      0.0000
      0.0000
      0.0001
      0.0018
      0.1010
      3.3993
     29.3228
     63.1063
     33.9537
      4.5563
      0.1513
      0.0012
      0.0000
      0.0000
      0.0015
      0.2042
      6.6228
     53.1229
    106.2458
