      0.0000
      0.0000
      0.0000
      0.0000
      0.0000
      0.0000
      0.0000
      0.0000
      0.0000
      0.0000
      0.0000
      0.0000
      0.0000
      0.0000
      0.0000
      0.0000
      0.0000
      0.0000
      0.0000
      0.0000
      0.0000
      0.0000
      0.0000
      0.0000
      0.0000
      0.0000
      0.0000
      0.0000
      0.0000
      0.0000
      0.0000
      0.0000
      0.0000
      0.0000
      0.0000
      0.0000
      0.0000
      0.0000
      0.0000
      0.0000
      0.0000
      0.0000
      0.0000
      0.0000
      0.0000
      0.0000
      0.0000
      0.0000
      0.0000
      0.0000
      0.0000
      0.0000
      0.0000
      0.0000
      0.0000
      0.0000
      0.0000
      0.0000
      0.0000
      0.0000
      0.0000
      0.0000
      0.0000
      0.0000
      0.0000
      0.0000
      0.0000
      0.0000
      0.0000
      0.0000
      0.0000
      0.0000
      0.0000
      0.0000
      0.0000
      0.0000
      0.0000
      0.0000
      0.0000
      0.0000
      0.0000
      0.0000
      0.0000
      0.0000
      0.0000
      0.0000
      0.0000
      0.0001
      0.0004
      0.0004
      0.0001
      0.0000
      0.0000
      0.0000
      0.0000
      0.0011
      0.0006
      0.0001
      0.0000
      0.0000
      0.0000
      0.0000
      0.0000
      0.0000
      0.0000
      0.0000
      0.0006
      0.0037
      0.0053
      0.0019
      0.0002
      0.0000
      0.0000
      0.0000
      0.1501
      0.0750
      0.0094
      0.0003
      0.0000
      0.0000
      0.0000
      0.0000
      0.0000
      0.0000
      0.0000
      0.0013
      0.0092
      0.0161
      0.0071
      0.0008
      0.0000
      0.0000
      0.0000
      4.8672
      2.4336
      0.3034
      0.0094
      0.0001
      0.0000
      0.0000
      0.0000
      0.0000
      0.0000
      0.0000
      0.0007
      0.0057
      0.0123
      0.0066
      0.0009
      0.0001
      0.0004
      0.0008
     39.0406
     19.5203
      2.4336
      0.0750
      0.0006
      0.0000
      0.0000
      0.0000
      0.0000
      0.0000
      0.0000
      0.0001
      0.0009
      0.0024
      0.0016
      0.0005
      0.0065
      0.0518
      0.1035
     78.0812
     39.0406
      4.8672
      0.1501
      0.0011
      0.0000
      0.0000
      0.0000
      0.0000
      0.0000
      0.0000
      0.0000
      0.0001
      0.0005
      0.0022
      0.0091
      0.2103
      1.6786
      3.3568
     39.0406
     19.5203
      2.4336
      0.0750
      0.0006
      0.0000
      0.0000
      0.0001
      0.0000
      0.0000
      0.0000
      0.0000
      0.0001
      0.0035
      0.0205
      0.0811
      1.6895
     13.4639
     26.9250
      4.8672
      2.4336
      0.3034
      0.0094
      0.0001
      0.0003
      0.0021
      0.0040
      0.0019
      0.0002
      0.0000
      0.0000
      0.0003
      0.0072
      0.0497
      0.1863
      3.3920
     26.9288
     53.8498
      0.1501
      0.0750
      0.0094
      0.0003
      0.0003
      0.0063
      0.0414
      0.0694
      0.0291
      0.0030
      0.0001
      0.0000
      0.0001
      0.0038
      0.0301
      0.1103
      1.7072
     13.4660
     26.9249
      0.0011
      0.0006
      0.0001
      0.0006
      0.0054
      0.0413
      0.2059
      0.3009
      0.1114
      0.0103
      0.0002
      0.0000
      0.0000
      0.0005
      0.0046
      0.0168
      0.2152
      1.6792
      3.3568
      0.0000
      0.0000
      0.0004
      0.0105
      0.0666
      0.1465
      0.2867
      0.3295
      0.1069
      0.0087
      0.0002
      0.0000
      0.0000
      0.0000
      0.0002
      0.0007
      0.0068
      0.0525
      0.1049
      0.0000
      0.0000
      0.0023
      0.0483
      0.2574
      0.3605
      0.2271
      0.1805
      0.0704
      0.0078
      0.0002
      0.0000
      0.0000
      0.0000
      0.0000
      0.0004
      0.0116
      0.0931
      0.1862
      0.0000
      0.0000
      0.0030
      0.0560
      0.2594
      0.4375
      1.3431
      2.7118
      1.4543
      0.1950
      0.0065
      0.0001
      0.0000
      0.0000
      0.0001
      0.0116
      0.3748
      3.0066
      6.0133
      0.0000
      0.0000
      0.0010
      0.0164
      0.0969
      1.2277
     10.0783
     21.6583
     11.6525
      1.5637
      0.0519
      0.0004
      0.0000
      0.0000
      0.0007
      0.0927
      3.0066
     24.1169
     48.2338
      0.0000
      0.0000
      0.0002
      0.0028
      0.0746
      2.3376
     20.1273
     43.3145
     23.3049
      3.1273
      0.1039
      0.0008
      0.0000
      0.0000
      0.0014
      0.1854
      6.0133
     48.2338
     96.4676
