      0.0159
      0.0201
      0.0288
      0.0336
      0.0305
      0.0245
      0.0226
      0.0288
      0.0487
      0.0891
      0.1382
      0.1604
      0.1340
      0.0797
      0.0335
      0.0100
      0.0021
      0.0003
      0.0001
      0.0167
      0.0206
      0.0286
      0.0322
      0.0283
      0.0218
      0.0194
      0.0244
      0.0419
      0.0789
      0.1264
      0.1526
      0.1337
      0.0842
      0.0381
      0.0124
      0.0029
      0.0005
      0.0001
      0.0187
      0.0216
      0.0268
      0.0274
      0.0219
      0.0153
      0.0124
      0.0152
      0.0279
      0.0582
      0.1050
      0.1450
      0.1481
      0.1109
      0.0607
      0.0242
      0.0070
      0.0015
      0.0004
      0.0346
      0.0333
      0.0293
      0.0226
      0.0147
      0.0087
      0.0063
      0.0081
      0.0181
      0.0479
      0.1085
      0.1865
      0.2353
      0.2151
      0.1416
      0.0668
      0.0224
      0.0055
      0.0018
      0.1530
      0.1309
      0.0827
      0.0396
      0.0154
      0.0059
      0.0040
      0.0064
      0.0181
      0.0591
      0.1606
      0.3218
      0.4622
      0.4726
      0.3434
      0.1770
      0.0648
      0.0176
      0.0068
      0.7024
      0.5916
      0.3535
      0.1501
      0.0460
      0.0120
      0.0064
      0.0095
      0.0238
      0.0797
      0.2338
      0.5053
      0.7782
      0.8497
      0.6575
      0.3615
      0.1436
      0.0462
      0.0232
      2.3686
      1.9924
      1.1850
      0.4978
      0.1486
      0.0348
      0.0129
      0.0140
      0.0272
      0.0854
      0.2607
      0.5957
      0.9706
      1.1220
      0.9228
      0.5477
      0.2518
      0.1178
      0.0873
      5.6443
      4.7471
      2.8224
      1.1845
      0.3519
      0.0789
      0.0223
      0.0172
      0.0246
      0.0674
      0.2106
      0.5084
      0.8804
      1.0893
      0.9764
      0.6703
      0.4269
      0.3430
      0.3367
      9.4934
      7.9843
      4.7470
      1.9922
      0.5916
      0.1318
      0.0353
      0.0237
      0.0242
      0.0437
      0.1273
      0.3264
      0.6193
      0.8633
      0.9213
      0.8527
      0.8559
      0.9876
      1.0741
     11.2876
      9.4934
      5.6446
      2.3708
      0.7109
      0.1750
      0.0737
      0.0669
      0.0585
      0.0488
      0.0757
      0.1918
      0.4293
      0.7460
      1.0465
      1.3352
      1.7545
      2.2795
      2.5397
      9.4934
      7.9846
      4.7498
      2.0056
      0.6368
      0.2397
      0.2183
      0.2436
      0.2074
      0.1314
      0.0881
      0.1507
      0.3884
      0.8258
      1.3944
      2.0556
      2.9126
      3.8587
      4.3070
      5.6443
      4.7485
      2.8331
      1.2330
      0.5076
      0.4365
      0.6079
      0.6981
      0.5777
      0.3426
      0.1660
      0.1571
      0.3834
      0.8872
      1.6121
      2.4840
      3.5553
      4.6790
      5.2013
      2.3686
      1.9965
      1.2139
      0.6197
      0.5176
      0.8434
      1.2857
      1.4430
      1.1558
      0.6589
      0.2813
      0.1608
      0.3104
      0.7363
      1.3893
      2.1836
      3.1156
      4.0504
      4.4772
      0.7024
      0.6006
      0.4118
      0.3770
      0.6866
      1.3412
      2.0112
      2.1832
      1.6943
      0.9358
      0.3741
      0.1477
      0.1891
      0.4420
      0.8615
      1.3844
      1.9819
      2.5578
      2.8158
      0.1530
      0.1460
      0.1743
      0.3692
      0.8844
      1.7205
      2.5030
      2.6545
      2.0265
      1.1053
      0.4312
      0.1356
      0.0924
      0.1940
      0.4013
      0.6996
      1.0798
      1.4589
      1.6286
      0.0346
      0.0533
      0.1468
      0.4298
      1.0623
      2.0633
      3.0303
      3.2786
      2.5711
      1.4469
      0.5811
      0.1702
      0.0556
      0.0792
      0.2095
      0.5093
      1.0297
      1.6163
      1.8867
      0.0187
      0.0435
      0.1580
      0.5026
      1.3186
      2.7245
      4.2455
      4.8477
      3.9911
      2.3476
      0.9808
      0.2909
      0.0706
      0.0666
      0.2505
      0.8044
      1.8773
      3.1315
      3.7153
      0.0167
      0.0419
      0.1656
      0.5768
      1.6509
      3.6509
      5.9705
      7.0553
      5.9585
      3.5754
      1.5179
      0.4551
      0.1069
      0.0936
      0.3835
      1.2895
      3.0681
      5.1566
      6.1299
      0.0159
      0.0408
      0.1675
      0.6116
      1.8180
      4.1202
      6.8391
      8.1575
      6.9323
      4.1784
      1.7800
      0.5350
      0.1255
      0.1095
      0.4523
      1.5269
      3.6391
      6.1204
      7.2769
