      0.0643
      0.0855
      0.1290
      0.1518
      0.1312
      0.0874
      0.0535
      0.0387
      0.0356
      0.0405
      0.0505
      0.0548
      0.0450
      0.0268
      0.0113
      0.0034
      0.0007
      0.0001
      0.0000
      0.0683
      0.0881
      0.1272
      0.1444
      0.1208
      0.0780
      0.0463
      0.0328
      0.0304
      0.0359
      0.0468
      0.0535
      0.0467
      0.0298
      0.0138
      0.0046
      0.0011
      0.0002
      0.0001
      0.0717
      0.0868
      0.1137
      0.1186
      0.0918
      0.0549
      0.0301
      0.0203
      0.0198
      0.0271
      0.0421
      0.0574
      0.0603
      0.0470
      0.0268
      0.0111
      0.0033
      0.0007
      0.0002
      0.0722
      0.0787
      0.0872
      0.0797
      0.0553
      0.0299
      0.0151
      0.0104
      0.0127
      0.0246
      0.0519
      0.0901
      0.1163
      0.1088
      0.0730
      0.0350
      0.0119
      0.0030
      0.0011
      0.1346
      0.1222
      0.0919
      0.0579
      0.0305
      0.0143
      0.0080
      0.0081
      0.0137
      0.0341
      0.0864
      0.1718
      0.2478
      0.2547
      0.1860
      0.0965
      0.0360
      0.0105
      0.0047
      0.4981
      0.4221
      0.2575
      0.1144
      0.0387
      0.0131
      0.0096
      0.0128
      0.0206
      0.0489
      0.1300
      0.2762
      0.4247
      0.4643
      0.3608
      0.2012
      0.0849
      0.0343
      0.0228
      1.6427
      1.3823
      0.8235
      0.3474
      0.1058
      0.0289
      0.0172
      0.0202
      0.0266
      0.0545
      0.1461
      0.3267
      0.5311
      0.6155
      0.5125
      0.3201
      0.1778
      0.1244
      0.1164
      3.9066
      3.2857
      1.9539
      0.8208
      0.2462
      0.0608
      0.0260
      0.0244
      0.0263
      0.0445
      0.1181
      0.2778
      0.4798
      0.5984
      0.5591
      0.4490
      0.4115
      0.4668
      0.5084
      6.5696
      5.5253
      3.2852
      1.3794
      0.4118
      0.0963
      0.0320
      0.0241
      0.0215
      0.0281
      0.0700
      0.1741
      0.3284
      0.4681
      0.5611
      0.7047
      1.0302
      1.4559
      1.6622
      7.8112
      6.5696
      3.9062
      1.6408
      0.4912
      0.1173
      0.0419
      0.0328
      0.0268
      0.0222
      0.0365
      0.0924
      0.2055
      0.3797
      0.6632
      1.2264
      2.2222
      3.3679
      3.9001
      6.5696
      5.5257
      3.2872
      1.3865
      0.4303
      0.1338
      0.0893
      0.0892
      0.0731
      0.0460
      0.0327
      0.0597
      0.1593
      0.3842
      0.8612
      1.8668
      3.6115
      5.5889
      6.5024
      3.9066
      3.2876
      1.9645
      0.8553
      0.3291
      0.2141
      0.2431
      0.2550
      0.2018
      0.1171
      0.0566
      0.0552
      0.1442
      0.3896
      0.9515
      2.1551
      4.2406
      6.6019
      7.6928
      1.6427
      1.3899
      0.8636
      0.4675
      0.3654
      0.4595
      0.5710
      0.5648
      0.4206
      0.2307
      0.0966
      0.0551
      0.1132
      0.3136
      0.7884
      1.8068
      3.5655
      5.5545
      6.4734
      0.4981
      0.4439
      0.3686
      0.4244
      0.6481
      0.9201
      1.0610
      0.9615
      0.6681
      0.3470
      0.1343
      0.0518
      0.0685
      0.1862
      0.4791
      1.1105
      2.1974
      3.4242
      3.9906
      0.1346
      0.1670
      0.3144
      0.6504
      1.1215
      1.5164
      1.6205
      1.3767
      0.9159
      0.4640
      0.1750
      0.0535
      0.0353
      0.0875
      0.2462
      0.6168
      1.2746
      2.0231
      2.3692
      0.0722
      0.1442
      0.4087
      0.9190
      1.5665
      2.0814
      2.2293
      1.9436
      1.3485
      0.7164
      0.2818
      0.0821
      0.0279
      0.0577
      0.2189
      0.6762
      1.5517
      2.5717
      3.0461
      0.0717
      0.1560
      0.4548
      1.0213
      1.7783
      2.5216
      2.9936
      2.9172
      2.2224
      1.2654
      0.5229
      0.1554
      0.0446
      0.0875
      0.3918
      1.3133
      3.1182
      5.2364
      6.2235
      0.0683
      0.1454
      0.4173
      0.9527
      1.7774
      2.8350
      3.8187
      4.1015
      3.3228
      1.9612
      0.8279
      0.2491
      0.0709
      0.1397
      0.6396
      2.1646
      5.1589
      8.6763
     10.3157
      0.0643
      0.1350
      0.3846
      0.8928
      1.7445
      2.9610
      4.2053
      4.6702
      3.8527
      2.2955
      0.9739
      0.2938
      0.0837
      0.1654
      0.7587
      2.5694
      6.1258
     10.3037
     12.2512
