      0.1025
      0.1103
      0.1285
      0.1476
      0.1644
      0.1835
      0.2083
      0.2367
      0.2678
      0.3021
      0.3300
      0.3282
      0.2807
      0.1993
      0.1155
      0.0543
      0.0211
      0.0076
      0.0043
      0.1048
      0.1115
      0.1266
      0.1415
      0.1537
      0.1681
      0.1884
      0.2137
      0.2438
      0.2802
      0.3138
      0.3210
      0.2832
      0.2083
      0.1256
      0.0618
      0.0252
      0.0093
      0.0053
      0.1217
      0.1239
      0.1278
      0.1289
      0.1279
      0.1303
      0.1404
      0.1588
      0.1878
      0.2309
      0.2812
      0.3144
      0.3042
      0.2463
      0.1643
      0.0898
      0.0405
      0.0163
      0.0095
      0.2035
      0.1932
      0.1666
      0.1339
      0.1064
      0.0912
      0.0899
      0.1024
      0.1325
      0.1877
      0.2655
      0.3405
      0.3728
      0.3385
      0.2517
      0.1527
      0.0766
      0.0347
      0.0221
      0.4882
      0.4439
      0.3354
      0.2150
      0.1241
      0.0747
      0.0588
      0.0668
      0.1002
      0.1710
      0.2837
      0.4125
      0.5002
      0.4961
      0.4003
      0.2644
      0.1477
      0.0789
      0.0575
      1.2151
      1.0913
      0.7913
      0.4658
      0.2277
      0.1016
      0.0559
      0.0555
      0.0899
      0.1725
      0.3163
      0.4981
      0.6463
      0.6829
      0.5895
      0.4255
      0.2747
      0.1838
      0.1555
      2.5917
      2.3217
      1.6691
      0.9643
      0.4523
      0.1818
      0.0787
      0.0597
      0.0874
      0.1692
      0.3244
      0.5378
      0.7363
      0.8263
      0.7732
      0.6344
      0.5041
      0.4327
      0.4132
      4.4922
      4.0222
      2.8869
      1.6622
      0.7733
      0.3028
      0.1191
      0.0721
      0.0849
      0.1504
      0.2896
      0.5008
      0.7280
      0.8863
      0.9369
      0.9269
      0.9336
      0.9747
      0.9999
      6.2557
      5.6009
      4.0197
      2.3149
      1.0794
      0.4270
      0.1719
      0.1000
      0.0948
      0.1325
      0.2348
      0.4176
      0.6574
      0.9030
      1.1306
      1.3756
      1.6710
      1.9512
      2.0709
      6.9862
      6.2557
      4.4929
      2.5963
      1.2297
      0.5190
      0.2501
      0.1741
      0.1518
      0.1525
      0.2049
      0.3474
      0.5959
      0.9441
      1.3976
      1.9850
      2.6784
      3.2921
      3.5437
      6.2557
      5.6042
      4.0356
      2.3596
      1.1748
      0.5897
      0.3951
      0.3445
      0.3008
      0.2459
      0.2307
      0.3220
      0.5699
      1.0064
      1.6645
      2.5680
      3.6317
      4.5559
      4.9304
      4.4922
      4.0309
      2.9284
      1.7764
      1.0116
      0.6999
      0.6522
      0.6453
      0.5629
      0.4206
      0.3096
      0.3270
      0.5424
      1.0037
      1.7541
      2.8086
      4.0470
      5.1135
      5.5433
      2.5917
      2.3392
      1.7505
      1.1828
      0.8952
      0.8992
      1.0170
      1.0458
      0.8988
      0.6399
      0.4098
      0.3303
      0.4699
      0.8663
      1.5512
      2.5265
      3.6682
      4.6451
      5.0372
      1.2151
      1.1200
      0.9228
      0.8094
      0.9047
      1.1678
      1.4154
      1.4538
      1.2254
      0.8447
      0.4972
      0.3174
      0.3566
      0.6250
      1.1310
      1.8643
      2.7225
      3.4537
      3.7463
      0.4882
      0.4837
      0.5147
      0.6746
      1.0104
      1.4427
      1.7727
      1.8053
      1.5028
      1.0187
      0.5722
      0.3048
      0.2480
      0.3835
      0.6974
      1.1741
      1.7402
      2.2247
      2.4187
      0.2035
      0.2407
      0.3798
      0.6770
      1.1476
      1.6927
      2.0953
      2.1415
      1.7905
      1.2180
      0.6762
      0.3242
      0.1865
      0.2257
      0.4142
      0.7372
      1.1416
      1.4964
      1.6399
      0.1217
      0.1748
      0.3577
      0.7203
      1.2774
      1.9273
      2.4307
      2.5310
      2.1561
      1.4927
      0.8375
      0.3886
      0.1801
      0.1653
      0.3102
      0.6040
      0.9978
      1.3553
      1.5019
      0.1048
      0.1628
      0.3613
      0.7568
      1.3764
      2.1239
      2.7365
      2.9068
      2.5215
      1.7739
      1.0079
      0.4671
      0.2021
      0.1625
      0.3111
      0.6405
      1.0974
      1.5189
      1.6929
      0.1025
      0.1614
      0.3638
      0.7703
      1.4150
      2.2050
      2.8670
      3.0699
      2.6814
      1.8975
      1.0832
      0.5029
      0.2151
      0.1684
      0.3245
      0.6772
      1.1700
      1.6262
      1.8149
