      0.1062
      0.1088
      0.1144
      0.1198
      0.1254
      0.1341
      0.1439
      0.1467
      0.1365
      0.1179
      0.1005
      0.0879
      0.0753
      0.0582
      0.0383
      0.0209
      0.0096
      0.0042
      0.0027
      0.1036
      0.1057
      0.1099
      0.1133
      0.1166
      0.1228
      0.1311
      0.1349
      0.1300
      0.1217
      0.1181
      0.1189
      0.1141
      0.0960
      0.0674
      0.0387
      0.0183
      0.0078
      0.0047
      0.1045
      0.1043
      0.1028
      0.0991
      0.0955
      0.0961
      0.1017
      0.1096
      0.1206
      0.1431
      0.1830
      0.2290
      0.2532
      0.2339
      0.1762
      0.1073
      0.0530
      0.0227
      0.0135
      0.1475
      0.1397
      0.1199
      0.0964
      0.0783
      0.0713
      0.0760
      0.0925
      0.1282
      0.1993
      0.3140
      0.4459
      0.5331
      0.5208
      0.4111
      0.2614
      0.1348
      0.0605
      0.0374
      0.3296
      0.2997
      0.2270
      0.1478
      0.0917
      0.0680
      0.0719
      0.0989
      0.1607
      0.2867
      0.4961
      0.7501
      0.9401
      0.9568
      0.7855
      0.5204
      0.2824
      0.1372
      0.0910
      0.8132
      0.7305
      0.5310
      0.3176
      0.1684
      0.1013
      0.0946
      0.1259
      0.2029
      0.3680
      0.6591
      1.0354
      1.3472
      1.4229
      1.2147
      0.8442
      0.4927
      0.2717
      0.2003
      1.7366
      1.5562
      1.1217
      0.6571
      0.3300
      0.1736
      0.1347
      0.1553
      0.2262
      0.3940
      0.7133
      1.1554
      1.5575
      1.7092
      1.5275
      1.1350
      0.7456
      0.4989
      0.4199
      3.0133
      2.6990
      1.9417
      1.1306
      0.5541
      0.2666
      0.1727
      0.1669
      0.2119
      0.3444
      0.6234
      1.0391
      1.4541
      1.6695
      1.5910
      1.3187
      1.0467
      0.8908
      0.8469
      4.1981
      3.7599
      2.7033
      1.5696
      0.7580
      0.3420
      0.1896
      0.1532
      0.1666
      0.2463
      0.4406
      0.7558
      1.1057
      1.3531
      1.4324
      1.4204
      1.4435
      1.5248
      1.5725
      4.6889
      4.1994
      3.0188
      1.7506
      0.8386
      0.3643
      0.1814
      0.1263
      0.1171
      0.1505
      0.2570
      0.4516
      0.7022
      0.9538
      1.2019
      1.5167
      1.9408
      2.3576
      2.5369
      4.1981
      3.7604
      2.7050
      1.5716
      0.7567
      0.3321
      0.1667
      0.1131
      0.0936
      0.0952
      0.1357
      0.2336
      0.3957
      0.6363
      1.0129
      1.6056
      2.3889
      3.1150
      3.4171
      3.0133
      2.7013
      1.9506
      1.1488
      0.5798
      0.2916
      0.1845
      0.1471
      0.1204
      0.0957
      0.0889
      0.1220
      0.2209
      0.4361
      0.8602
      1.5807
      2.5376
      3.4147
      3.7768
      1.7366
      1.5627
      1.1487
      0.7197
      0.4375
      0.3205
      0.2940
      0.2771
      0.2318
      0.1655
      0.1080
      0.0889
      0.1383
      0.3096
      0.6948
      1.3740
      2.2816
      3.1123
      3.4547
      0.8132
      0.7447
      0.5927
      0.4679
      0.4445
      0.5108
      0.5896
      0.5993
      0.5096
      0.3568
      0.2079
      0.1160
      0.1100
      0.2263
      0.5328
      1.0909
      1.8423
      2.5312
      2.8152
      0.3296
      0.3260
      0.3441
      0.4447
      0.6639
      0.9609
      1.2124
      1.2784
      1.1069
      0.7801
      0.4470
      0.2182
      0.1310
      0.1990
      0.4640
      0.9715
      1.6635
      2.3006
      2.5637
      0.1475
      0.1818
      0.3125
      0.6047
      1.1007
      1.7322
      2.2774
      2.4612
      2.1658
      1.5425
      0.8869
      0.4212
      0.2112
      0.2513
      0.5692
      1.2098
      2.0938
      2.9113
      3.2493
      0.1045
      0.1632
      0.3801
      0.8564
      1.6717
      2.7331
      3.6808
      4.0426
      3.5970
      2.5812
      1.4909
      0.7061
      0.3391
      0.3718
      0.8314
      1.7769
      3.0882
      4.3031
      4.8059
      0.1036
      0.1781
      0.4572
      1.0836
      2.1794
      3.6336
      4.9585
      5.4942
      4.9179
      3.5434
      2.0522
      0.9726
      0.4635
      0.4993
      1.1129
      2.3819
      4.1439
      5.7772
      6.4532
      0.1062
      0.1865
      0.4892
      1.1753
      2.3855
      4.0021
      5.4842
      6.0936
      5.4645
      3.9421
      2.2850
      1.0834
      0.5158
      0.5541
      1.2346
      2.6428
      4.5987
      6.4119
      7.1624
