      0.4534
      0.4686
      0.5024
      0.5285
      0.5282
      0.5013
      0.4614
      0.4218
      0.3881
      0.3577
      0.3243
      0.2815
      0.2275
      0.1677
      0.1121
      0.0696
      0.0434
      0.0309
      0.0274
      0.4626
      0.4743
      0.4990
      0.5147
      0.5062
      0.4753
      0.4352
      0.3978
      0.3673
      0.3404
      0.3106
      0.2714
      0.2212
      0.1646
      0.1112
      0.0698
      0.0437
      0.0309
      0.0272
      0.5107
      0.5112
      0.5076
      0.4904
      0.4564
      0.4129
      0.3715
      0.3397
      0.3170
      0.2980
      0.2759
      0.2450
      0.2038
      0.1557
      0.1088
      0.0709
      0.0459
      0.0329
      0.0290
      0.6653
      0.6444
      0.5868
      0.5069
      0.4236
      0.3540
      0.3068
      0.2798
      0.2646
      0.2519
      0.2352
      0.2113
      0.1799
      0.1434
      0.1071
      0.0768
      0.0559
      0.0446
      0.0411
      1.0418
      0.9837
      0.8319
      0.6410
      0.4677
      0.3457
      0.2784
      0.2486
      0.2343
      0.2206
      0.2023
      0.1805
      0.1574
      0.1349
      0.1149
      0.0995
      0.0898
      0.0852
      0.0839
      1.7569
      1.6391
      1.3356
      0.9634
      0.6379
      0.4195
      0.3054
      0.2566
      0.2321
      0.2088
      0.1827
      0.1599
      0.1463
      0.1436
      0.1504
      0.1636
      0.1793
      0.1920
      0.1969
      2.8244
      2.6243
      2.1098
      1.4825
      0.9375
      0.5727
      0.3793
      0.2919
      0.2462
      0.2082
      0.1738
      0.1532
      0.1563
      0.1858
      0.2380
      0.3037
      0.3693
      0.4183
      0.4365
      4.0545
      3.7625
      3.0121
      2.0973
      1.3008
      0.7630
      0.4707
      0.3325
      0.2603
      0.2085
      0.1711
      0.1614
      0.1932
      0.2729
      0.3963
      0.5474
      0.6977
      0.8100
      0.8518
      5.0650
      4.6989
      3.7583
      2.6103
      1.6080
      0.9257
      0.5480
      0.3645
      0.2697
      0.2090
      0.1750
      0.1836
      0.2542
      0.3994
      0.6179
      0.8867
      1.1565
      1.3600
      1.4360
      5.4587
      5.0656
      4.0557
      2.8234
      1.7466
      1.0109
      0.5994
      0.3950
      0.2874
      0.2212
      0.1905
      0.2160
      0.3244
      0.5370
      0.8571
      1.2558
      1.6608
      1.9689
      2.0846
      5.0650
      4.7056
      3.7834
      2.6611
      1.6840
      1.0182
      0.6430
      0.4488
      0.3362
      0.2597
      0.2219
      0.2507
      0.3807
      0.6410
      1.0403
      1.5451
      2.0638
      2.4613
      2.6111
      4.0545
      3.7786
      3.0735
      2.2225
      1.4905
      0.9967
      0.7135
      0.5490
      0.4287
      0.3286
      0.2658
      0.2769
      0.4019
      0.6741
      1.1047
      1.6586
      2.2342
      2.6783
      2.8462
      2.8244
      2.6537
      2.2222
      1.7127
      1.2877
      1.0062
      0.8306
      0.6926
      0.5517
      0.4122
      0.3090
      0.2854
      0.3821
      0.6307
      1.0425
      1.5835
      2.1526
      2.5949
      2.7627
      1.7569
      1.6837
      1.5053
      1.3104
      1.1640
      1.0671
      0.9737
      0.8415
      0.6656
      0.4798
      0.3338
      0.2734
      0.3346
      0.5447
      0.9146
      1.4136
      1.9470
      2.3654
      2.5249
      1.0418
      1.0406
      1.0480
      1.0799
      1.1267
      1.1456
      1.0888
      0.9394
      0.7251
      0.5022
      0.3280
      0.2454
      0.2844
      0.4702
      0.8164
      1.2979
      1.8228
      2.2394
      2.3991
      0.6653
      0.7068
      0.8225
      0.9808
      1.1245
      1.1871
      1.1264
      0.9495
      0.7082
      0.4705
      0.2928
      0.2113
      0.2530
      0.4471
      0.8167
      1.3425
      1.9254
      2.3934
      2.5737
      0.5107
      0.5717
      0.7345
      0.9411
      1.1101
      1.1678
      1.0834
      0.8836
      0.6338
      0.4039
      0.2432
      0.1813
      0.2460
      0.4772
      0.9118
      1.5357
      2.2341
      2.7983
      3.0165
      0.4626
      0.5297
      0.7051
      0.9189
      1.0806
      1.1179
      1.0109
      0.7988
      0.5529
      0.3397
      0.2011
      0.1618
      0.2529
      0.5255
      1.0294
      1.7539
      2.5680
      3.2274
      3.4827
      0.4534
      0.5213
      0.6980
      0.9100
      1.0650
      1.0923
      0.9765
      0.7611
      0.5186
      0.3136
      0.1847
      0.1552
      0.2577
      0.5482
      1.0816
      1.8485
      2.7111
      3.4102
      3.6810
