      0.0011
      0.0025
      0.0062
      0.0085
      0.0063
      0.0026
      0.0009
      0.0006
      0.0008
      0.0021
      0.0049
      0.0065
      0.0047
      0.0019
      0.0004
      0.0000
      0.0000
      0.0000
      0.0000
      0.0015
      0.0032
      0.0072
      0.0089
      0.0060
      0.0023
      0.0007
      0.0004
      0.0006
      0.0017
      0.0043
      0.0062
      0.0049
      0.0021
      0.0005
      0.0001
      0.0000
      0.0000
      0.0000
      0.0020
      0.0038
      0.0072
      0.0077
      0.0045
      0.0015
      0.0004
      0.0002
      0.0003
      0.0009
      0.0027
      0.0046
      0.0044
      0.0023
      0.0007
      0.0001
      0.0000
      0.0000
      0.0000
      0.0020
      0.0029
      0.0043
      0.0040
      0.0020
      0.0006
      0.0001
      0.0000
      0.0001
      0.0004
      0.0015
      0.0036
      0.0050
      0.0041
      0.0019
      0.0005
      0.0001
      0.0000
      0.0000
      0.0165
      0.0126
      0.0060
      0.0021
      0.0006
      0.0001
      0.0000
      0.0000
      0.0001
      0.0004
      0.0023
      0.0082
      0.0160
      0.0169
      0.0097
      0.0030
      0.0005
      0.0000
      0.0000
      0.2625
      0.1930
      0.0767
      0.0165
      0.0019
      0.0001
      0.0001
      0.0001
      0.0002
      0.0007
      0.0049
      0.0198
      0.0430
      0.0504
      0.0320
      0.0110
      0.0021
      0.0004
      0.0003
      2.3029
      1.6925
      0.6712
      0.1431
      0.0163
      0.0011
      0.0002
      0.0003
      0.0004
      0.0009
      0.0061
      0.0270
      0.0643
      0.0827
      0.0576
      0.0223
      0.0069
      0.0064
      0.0080
     10.8025
      7.9394
      3.1482
      0.6711
      0.0765
      0.0047
      0.0005
      0.0005
      0.0004
      0.0006
      0.0041
      0.0200
      0.0524
      0.0747
      0.0595
      0.0346
      0.0460
      0.0979
      0.1312
     27.2425
     20.0221
      7.9394
      1.6925
      0.1929
      0.0118
      0.0007
      0.0005
      0.0003
      0.0003
      0.0016
      0.0084
      0.0261
      0.0478
      0.0622
      0.1138
      0.3585
      0.8517
      1.1492
     37.0668
     27.2425
     10.8025
      2.3029
      0.2625
      0.0164
      0.0019
      0.0020
      0.0016
      0.0007
      0.0006
      0.0038
      0.0204
      0.0688
      0.1669
      0.4804
      1.6646
      3.9865
      5.3848
     27.2425
     20.0221
      7.9394
      1.6927
      0.1942
      0.0181
      0.0170
      0.0233
      0.0177
      0.0073
      0.0020
      0.0051
      0.0367
      0.1533
      0.4208
      1.2364
      4.2153
     10.0523
     13.5736
     10.8025
      7.9394
      3.1484
      0.6728
      0.0880
      0.0535
      0.1177
      0.1551
      0.1112
      0.0431
      0.0093
      0.0067
      0.0467
      0.2099
      0.6054
      1.7524
      5.7935
     13.6959
     18.4709
      2.3029
      1.6927
      0.6727
      0.1543
      0.0746
      0.2092
      0.4526
      0.5563
      0.3754
      0.1373
      0.0273
      0.0066
      0.0327
      0.1567
      0.4746
      1.3554
      4.3225
     10.0945
     13.5861
      0.2625
      0.1939
      0.0863
      0.0692
      0.1960
      0.5265
      0.9737
      1.0891
      0.6864
      0.2366
      0.0441
      0.0057
      0.0125
      0.0632
      0.2016
      0.5712
      1.7531
      4.0318
      5.4109
      0.0165
      0.0162
      0.0411
      0.1647
      0.4511
      0.8695
      1.2448
      1.2045
      0.6977
      0.2263
      0.0399
      0.0040
      0.0027
      0.0138
      0.0479
      0.1460
      0.4575
      1.0520
      1.4108
      0.0020
      0.0107
      0.0757
      0.3034
      0.6989
      1.0281
      1.1178
      0.9220
      0.5069
      0.1650
      0.0301
      0.0030
      0.0005
      0.0026
      0.0217
      0.1565
      0.7041
      1.7614
      2.3936
      0.0020
      0.0126
      0.0861
      0.3204
      0.6835
      0.9632
      1.1236
      1.1013
      0.7290
      0.2810
      0.0598
      0.0069
      0.0006
      0.0046
      0.0755
      0.6602
      3.0947
      7.8033
     10.6172
      0.0015
      0.0089
      0.0564
      0.2015
      0.4624
      0.9087
      1.6521
      2.1068
      1.5611
      0.6349
      0.1395
      0.0164
      0.0014
      0.0115
      0.1894
      1.6623
      7.7974
     19.6640
     26.7552
      0.0011
      0.0059
      0.0359
      0.1284
      0.3468
      0.9322
      2.0542
      2.7844
      2.0982
      0.8581
      0.1890
      0.0223
      0.0019
      0.0156
      0.2577
      2.2617
     10.6091
     26.7550
     36.4035
