      0.2026
      0.2236
      0.2676
      0.2964
      0.2887
      0.2552
      0.2202
      0.1981
      0.1896
      0.1906
      0.1924
      0.1818
      0.1503
      0.1040
      0.0589
      0.0276
      0.0115
      0.0055
      0.0041
      0.2090
      0.2267
      0.2628
      0.2831
      0.2698
      0.2343
      0.1995
      0.1782
      0.1709
      0.1733
      0.1772
      0.1700
      0.1428
      0.1005
      0.0581
      0.0277
      0.0117
      0.0054
      0.0040
      0.2462
      0.2530
      0.2625
      0.2552
      0.2245
      0.1832
      0.1492
      0.1305
      0.1258
      0.1309
      0.1388
      0.1386
      0.1216
      0.0897
      0.0546
      0.0275
      0.0121
      0.0056
      0.0040
      0.4141
      0.3935
      0.3380
      0.2636
      0.1897
      0.1317
      0.0960
      0.0800
      0.0776
      0.0837
      0.0934
      0.0986
      0.0920
      0.0726
      0.0479
      0.0267
      0.0137
      0.0079
      0.0064
      0.9967
      0.9055
      0.6813
      0.4296
      0.2339
      0.1185
      0.0653
      0.0470
      0.0443
      0.0485
      0.0561
      0.0627
      0.0631
      0.0554
      0.0427
      0.0310
      0.0242
      0.0217
      0.0213
      2.4888
      2.2343
      1.6172
      0.9460
      0.4513
      0.1822
      0.0715
      0.0372
      0.0298
      0.0301
      0.0336
      0.0393
      0.0452
      0.0495
      0.0533
      0.0596
      0.0694
      0.0793
      0.0835
      5.3195
      4.7645
      3.4226
      1.9716
      0.9130
      0.3457
      0.1166
      0.0461
      0.0284
      0.0239
      0.0246
      0.0317
      0.0469
      0.0714
      0.1072
      0.1558
      0.2120
      0.2600
      0.2792
      9.2287
      8.2624
      5.9275
      3.4055
      1.5684
      0.5860
      0.1891
      0.0659
      0.0340
      0.0251
      0.0259
      0.0402
      0.0756
      0.1403
      0.2431
      0.3867
      0.5536
      0.6954
      0.7521
     12.8562
     11.5094
      8.2557
      4.7423
      2.1847
      0.8180
      0.2663
      0.0945
      0.0489
      0.0356
      0.0377
      0.0647
      0.1341
      0.2672
      0.4870
      0.8026
      1.1750
      1.4940
      1.6218
     14.3587
     12.8552
      9.2235
      5.3048
      2.4567
      0.9407
      0.3332
      0.1444
      0.0894
      0.0665
      0.0640
      0.1021
      0.2119
      0.4323
      0.8069
      1.3552
      2.0101
      2.5748
      2.8018
     12.8562
     11.5127
      8.2702
      4.7792
      2.2557
      0.9292
      0.4094
      0.2462
      0.1816
      0.1336
      0.1089
      0.1430
      0.2803
      0.5750
      1.0885
      1.8509
      2.7687
      3.5638
      3.8841
      9.2287
      8.2720
      5.9694
      3.5086
      1.7600
      0.8740
      0.5459
      0.4308
      0.3420
      0.2426
      0.1693
      0.1738
      0.3061
      0.6228
      1.1906
      2.0421
      3.0724
      3.9670
      4.3276
      5.3195
      4.7861
      3.5146
      2.1899
      1.3012
      0.9024
      0.7740
      0.6887
      0.5472
      0.3708
      0.2292
      0.1836
      0.2757
      0.5482
      1.0550
      1.8223
      2.7530
      3.5619
      3.8881
      2.4888
      2.2733
      1.7802
      1.3201
      1.0885
      1.0514
      1.0461
      0.9424
      0.7243
      0.4672
      0.2633
      0.1690
      0.2064
      0.3937
      0.7621
      1.3271
      2.0145
      2.6122
      2.8532
      0.9967
      0.9625
      0.9152
      0.9513
      1.0873
      1.2269
      1.2425
      1.0796
      0.7902
      0.4838
      0.2530
      0.1357
      0.1312
      0.2366
      0.4650
      0.8246
      1.2669
      1.6531
      1.8092
      0.4141
      0.4610
      0.6107
      0.8569
      1.1253
      1.2905
      1.2584
      1.0351
      0.7155
      0.4143
      0.2029
      0.0953
      0.0753
      0.1322
      0.2748
      0.5130
      0.8158
      1.0850
      1.1944
      0.2462
      0.3188
      0.5257
      0.8156
      1.0790
      1.1925
      1.1000
      0.8501
      0.5518
      0.3009
      0.1387
      0.0600
      0.0450
      0.0884
      0.2071
      0.4202
      0.7036
      0.9615
      1.0675
      0.2090
      0.2840
      0.4896
      0.7575
      0.9717
      1.0258
      0.8954
      0.6510
      0.3968
      0.2036
      0.0888
      0.0375
      0.0335
      0.0811
      0.2093
      0.4472
      0.7707
      1.0687
      1.1918
      0.2026
      0.2761
      0.4748
      0.7262
      0.9155
      0.9452
      0.8036
      0.5670
      0.3346
      0.1662
      0.0705
      0.0300
      0.0310
      0.0825
      0.2189
      0.4734
      0.8213
      1.1427
      1.2755
