      0.1072
      0.1100
      0.1142
      0.1118
      0.0993
      0.0850
      0.0889
      0.1369
      0.2472
      0.4076
      0.5602
      0.6260
      0.5649
      0.4105
      0.2399
      0.1126
      0.0425
      0.0134
      0.0062
      0.1052
      0.1079
      0.1117
      0.1083
      0.0949
      0.0797
      0.0820
      0.1259
      0.2297
      0.3845
      0.5388
      0.6167
      0.5728
      0.4308
      0.2621
      0.1289
      0.0513
      0.0173
      0.0084
      0.0991
      0.1011
      0.1031
      0.0974
      0.0822
      0.0660
      0.0656
      0.1012
      0.1914
      0.3372
      0.5031
      0.6197
      0.6257
      0.5161
      0.3470
      0.1898
      0.0845
      0.0322
      0.0174
      0.0896
      0.0903
      0.0888
      0.0801
      0.0644
      0.0500
      0.0498
      0.0802
      0.1617
      0.3098
      0.5099
      0.6985
      0.7860
      0.7217
      0.5384
      0.3254
      0.1596
      0.0672
      0.0392
      0.0826
      0.0808
      0.0742
      0.0621
      0.0479
      0.0386
      0.0431
      0.0744
      0.1570
      0.3236
      0.5829
      0.8755
      1.0747
      1.0695
      0.8596
      0.5571
      0.2927
      0.1331
      0.0825
      0.0903
      0.0847
      0.0702
      0.0528
      0.0397
      0.0368
      0.0478
      0.0822
      0.1682
      0.3547
      0.6743
      1.0756
      1.3998
      1.4726
      1.2489
      0.8547
      0.4770
      0.2345
      0.1548
      0.1247
      0.1137
      0.0871
      0.0596
      0.0440
      0.0448
      0.0603
      0.0941
      0.1740
      0.3586
      0.7006
      1.1666
      1.5906
      1.7559
      1.5674
      1.1365
      0.6824
      0.3722
      0.2666
      0.1845
      0.1664
      0.1239
      0.0819
      0.0601
      0.0621
      0.0795
      0.1079
      0.1686
      0.3195
      0.6253
      1.0807
      1.5481
      1.8081
      1.7223
      1.3512
      0.9004
      0.5657
      0.4464
      0.2448
      0.2207
      0.1648
      0.1120
      0.0891
      0.0991
      0.1250
      0.1502
      0.1839
      0.2767
      0.5005
      0.8846
      1.3464
      1.6997
      1.7743
      1.5519
      1.1810
      0.8641
      0.7430
      0.2705
      0.2454
      0.1895
      0.1456
      0.1471
      0.1944
      0.2557
      0.2915
      0.2930
      0.3074
      0.4228
      0.7100
      1.1488
      1.5974
      1.8601
      1.8287
      1.5730
      1.2910
      1.1722
      0.2448
      0.2266
      0.1938
      0.1960
      0.2728
      0.4168
      0.5641
      0.6307
      0.5834
      0.4828
      0.4581
      0.6312
      1.0353
      1.5625
      1.9944
      2.1416
      1.9978
      1.7513
      1.6353
      0.1845
      0.1813
      0.1968
      0.2901
      0.5077
      0.8233
      1.1137
      1.2233
      1.0907
      0.8165
      0.6013
      0.6244
      0.9520
      1.4925
      2.0167
      2.2863
      2.2368
      2.0341
      1.9280
      0.1247
      0.1418
      0.2233
      0.4419
      0.8498
      1.3882
      1.8507
      1.9934
      1.7339
      1.2362
      0.7906
      0.6259
      0.8160
      1.2716
      1.7753
      2.0886
      2.1171
      1.9823
      1.9021
      0.0903
      0.1283
      0.2792
      0.6297
      1.2338
      1.9916
      2.6099
      2.7629
      2.3599
      1.6358
      0.9640
      0.6063
      0.6234
      0.9215
      1.3168
      1.6142
      1.7166
      1.6819
      1.6472
      0.0826
      0.1386
      0.3492
      0.8132
      1.5852
      2.5302
      3.2820
      3.4463
      2.9227
      2.0037
      1.1324
      0.5978
      0.4467
      0.5799
      0.8543
      1.1368
      1.3419
      1.4497
      1.4809
      0.0896
      0.1589
      0.4154
      0.9728
      1.8961
      3.0322
      3.9521
      4.1797
      3.5755
      2.4696
      1.3846
      0.6631
      0.3581
      0.3668
      0.5775
      0.9109
      1.2874
      1.5954
      1.7159
      0.0991
      0.1778
      0.4703
      1.1138
      2.2011
      3.5772
      4.7445
      5.1088
      4.4495
      3.1256
      1.7705
      0.8239
      0.3698
      0.3013
      0.5211
      0.9829
      1.5979
      2.1526
      2.3793
      0.1052
      0.1900
      0.5095
      1.2266
      2.4682
      4.0841
      5.5099
      6.0275
      5.3262
      3.7908
      2.1697
      1.0082
      0.4285
      0.3182
      0.5810
      1.1857
      2.0265
      2.8019
      3.1220
      0.1072
      0.1943
      0.5243
      1.2723
      2.5806
      4.3016
      5.8414
      6.4271
      5.7082
      4.0809
      2.3442
      1.0908
      0.4596
      0.3356
      0.6211
      1.2886
      2.2238
      3.0898
      3.4480
