      0.6098
      0.6296
      0.6727
      0.7044
      0.7005
      0.6640
      0.6183
      0.5875
      0.5808
      0.5888
      0.5886
      0.5552
      0.4773
      0.3653
      0.2451
      0.1434
      0.0737
      0.0361
      0.0246
      0.5976
      0.6146
      0.6505
      0.6741
      0.6640
      0.6249
      0.5795
      0.5506
      0.5469
      0.5592
      0.5651
      0.5398
      0.4707
      0.3659
      0.2501
      0.1495
      0.0789
      0.0401
      0.0280
      0.5605
      0.5701
      0.5879
      0.5913
      0.5671
      0.5230
      0.4800
      0.4572
      0.4614
      0.4843
      0.5057
      0.5013
      0.4554
      0.3705
      0.2667
      0.1694
      0.0967
      0.0544
      0.0409
      0.5029
      0.5035
      0.4993
      0.4796
      0.4416
      0.3961
      0.3602
      0.3474
      0.3617
      0.3966
      0.4358
      0.4574
      0.4423
      0.3855
      0.2999
      0.2092
      0.1349
      0.0887
      0.0733
      0.4436
      0.4355
      0.4111
      0.3721
      0.3259
      0.2848
      0.2605
      0.2592
      0.2820
      0.3249
      0.3782
      0.4240
      0.4418
      0.4187
      0.3591
      0.2825
      0.2128
      0.1664
      0.1504
      0.4118
      0.3961
      0.3543
      0.2997
      0.2490
      0.2147
      0.2020
      0.2097
      0.2356
      0.2800
      0.3406
      0.4069
      0.4587
      0.4776
      0.4586
      0.4147
      0.3669
      0.3328
      0.3207
      0.4288
      0.4059
      0.3475
      0.2777
      0.2210
      0.1903
      0.1843
      0.1948
      0.2175
      0.2566
      0.3190
      0.4030
      0.4933
      0.5691
      0.6175
      0.6407
      0.6496
      0.6533
      0.6545
      0.4879
      0.4584
      0.3843
      0.2991
      0.2342
      0.2027
      0.1978
      0.2054
      0.2197
      0.2488
      0.3090
      0.4098
      0.5457
      0.6990
      0.8511
      0.9898
      1.1056
      1.1853
      1.2142
      0.5531
      0.5194
      0.4359
      0.3425
      0.2752
      0.2459
      0.2426
      0.2460
      0.2486
      0.2631
      0.3156
      0.4300
      0.6150
      0.8623
      1.1512
      1.4523
      1.7256
      1.9209
      1.9924
      0.5812
      0.5493
      0.4721
      0.3911
      0.3415
      0.3307
      0.3390
      0.3410
      0.3280
      0.3184
      0.3507
      0.4657
      0.6906
      1.0299
      1.4639
      1.9462
      2.4010
      2.7321
      2.8541
      0.5531
      0.5318
      0.4849
      0.4490
      0.4507
      0.4853
      0.5207
      0.5233
      0.4842
      0.4317
      0.4204
      0.5106
      0.7472
      1.1474
      1.6935
      2.3249
      2.9345
      3.3839
      3.5502
      0.4879
      0.4869
      0.4965
      0.5415
      0.6301
      0.7363
      0.8095
      0.8061
      0.7215
      0.5994
      0.5154
      0.5479
      0.7546
      1.1599
      1.7467
      2.4466
      3.1339
      3.6453
      3.8353
      0.4288
      0.4553
      0.5412
      0.6925
      0.8902
      1.0789
      1.1851
      1.1584
      1.0047
      0.7896
      0.6107
      0.5597
      0.6983
      1.0499
      1.5961
      2.2678
      2.9380
      3.4408
      3.6284
      0.4118
      0.4684
      0.6362
      0.8978
      1.2013
      1.4590
      1.5774
      1.5058
      1.2677
      0.9534
      0.6784
      0.5394
      0.5929
      0.8557
      1.3076
      1.8851
      2.4727
      2.9183
      3.0853
      0.4436
      0.5267
      0.7649
      1.1161
      1.4961
      1.7902
      1.8938
      1.7647
      1.4474
      1.0522
      0.7039
      0.4959
      0.4752
      0.6510
      1.0042
      1.4806
      1.9794
      2.3640
      2.5093
      0.5029
      0.6042
      0.8884
      1.2918
      1.7060
      2.0004
      2.0714
      1.8907
      1.5199
      1.0796
      0.6939
      0.4484
      0.3816
      0.5005
      0.7912
      1.2096
      1.6641
      2.0221
      2.1587
      0.5605
      0.6704
      0.9741
      1.3931
      1.8053
      2.0775
      2.1146
      1.9022
      1.5108
      1.0606
      0.6686
      0.4127
      0.3283
      0.4259
      0.7003
      1.1156
      1.5807
      1.9539
      2.0976
      0.5976
      0.7096
      1.0157
      1.4300
      1.8260
      2.0737
      2.0882
      1.8639
      1.4733
      1.0313
      0.6472
      0.3941
      0.3082
      0.4059
      0.6904
      1.1307
      1.6315
      2.0372
      2.1941
      0.6098
      0.7218
      1.0267
      1.4364
      1.8238
      2.0613
      2.0683
      1.8420
      1.4547
      1.0184
      0.6393
      0.3889
      0.3043
      0.4048
      0.6971
      1.1516
      1.6707
      2.0924
      2.2557
