      0.0022
      0.0052
      0.0129
      0.0175
      0.0129
      0.0052
      0.0013
      0.0005
      0.0008
      0.0027
      0.0066
      0.0088
      0.0064
      0.0025
      0.0005
      0.0001
      0.0000
      0.0000
      0.0000
      0.0031
      0.0067
      0.0149
      0.0184
      0.0124
      0.0046
      0.0011
      0.0004
      0.0006
      0.0023
      0.0058
      0.0084
      0.0067
      0.0029
      0.0007
      0.0001
      0.0000
      0.0000
      0.0000
      0.0041
      0.0078
      0.0148
      0.0158
      0.0092
      0.0030
      0.0006
      0.0002
      0.0003
      0.0013
      0.0039
      0.0070
      0.0071
      0.0041
      0.0014
      0.0003
      0.0000
      0.0000
      0.0000
      0.0033
      0.0054
      0.0087
      0.0081
      0.0041
      0.0011
      0.0002
      0.0000
      0.0001
      0.0008
      0.0039
      0.0110
      0.0180
      0.0165
      0.0083
      0.0023
      0.0003
      0.0000
      0.0000
      0.0070
      0.0061
      0.0044
      0.0027
      0.0011
      0.0003
      0.0000
      0.0000
      0.0002
      0.0016
      0.0110
      0.0403
      0.0794
      0.0848
      0.0490
      0.0153
      0.0026
      0.0002
      0.0000
      0.0946
      0.0697
      0.0280
      0.0062
      0.0008
      0.0001
      0.0000
      0.0001
      0.0003
      0.0033
      0.0249
      0.1005
      0.2186
      0.2567
      0.1628
      0.0557
      0.0103
      0.0011
      0.0003
      0.8278
      0.6084
      0.2413
      0.0515
      0.0059
      0.0004
      0.0001
      0.0002
      0.0004
      0.0038
      0.0310
      0.1374
      0.3273
      0.4211
      0.2927
      0.1104
      0.0241
      0.0065
      0.0057
      3.8831
      2.8539
      1.1317
      0.2413
      0.0275
      0.0017
      0.0003
      0.0003
      0.0004
      0.0024
      0.0209
      0.1015
      0.2654
      0.3750
      0.2887
      0.1278
      0.0565
      0.0702
      0.0894
      9.7926
      7.1972
      2.8539
      0.6084
      0.0693
      0.0043
      0.0004
      0.0003
      0.0003
      0.0009
      0.0077
      0.0411
      0.1203
      0.1957
      0.1895
      0.1592
      0.2759
      0.5846
      0.7771
     13.3241
      9.7926
      3.8831
      0.8278
      0.0944
      0.0064
      0.0020
      0.0026
      0.0021
      0.0010
      0.0019
      0.0115
      0.0476
      0.1259
      0.2346
      0.4489
      1.2058
      2.7147
      3.6301
      9.7926
      7.1972
      2.8539
      0.6086
      0.0712
      0.0129
      0.0227
      0.0315
      0.0239
      0.0098
      0.0028
      0.0076
      0.0521
      0.2088
      0.5132
      1.1161
      3.0351
      6.8277
      9.1348
      3.8831
      2.8539
      1.1319
      0.2438
      0.0440
      0.0692
      0.1602
      0.2103
      0.1505
      0.0583
      0.0127
      0.0091
      0.0632
      0.2793
      0.7334
      1.6002
      4.1911
      9.3006
     12.4212
      0.8278
      0.6087
      0.2442
      0.0707
      0.0954
      0.2970
      0.6236
      0.7574
      0.5089
      0.1859
      0.0369
      0.0089
      0.0441
      0.2082
      0.5777
      1.2632
      3.1603
      6.8668
      9.1374
      0.0946
      0.0716
      0.0472
      0.1059
      0.3322
      0.8022
      1.3828
      1.5014
      0.9367
      0.3220
      0.0600
      0.0077
      0.0169
      0.0840
      0.2469
      0.5450
      1.3010
      2.7519
      3.6421
      0.0070
      0.0136
      0.0761
      0.3271
      0.8493
      1.4811
      1.9225
      1.7684
      1.0118
      0.3301
      0.0591
      0.0060
      0.0037
      0.0183
      0.0580
      0.1371
      0.3358
      0.7089
      0.9366
      0.0033
      0.0214
      0.1556
      0.6214
      1.4161
      2.0581
      2.2693
      1.9874
      1.1898
      0.4241
      0.0847
      0.0093
      0.0009
      0.0027
      0.0169
      0.1025
      0.4406
      1.0918
      1.4814
      0.0041
      0.0261
      0.1784
      0.6736
      1.5284
      2.5837
      3.9212
      4.5763
      3.2816
      1.3162
      0.2869
      0.0336
      0.0022
      0.0030
      0.0467
      0.4068
      1.9054
      4.8036
      6.5356
      0.0031
      0.0184
      0.1187
      0.4535
      1.2966
      3.5391
      7.7549
     10.4659
      7.8722
      3.2172
      0.7082
      0.0834
      0.0054
      0.0072
      0.1166
      1.0232
      4.7995
     12.1036
     16.4685
      0.0022
      0.0124
      0.0772
      0.3167
      1.1855
      4.2021
     10.1780
     14.0960
     10.6709
      4.3691
      0.9624
      0.1134
      0.0074
      0.0098
      0.1586
      1.3921
      6.5302
     16.4683
     22.4072
