      0.0000
      0.0000
      0.0000
      0.0000
      0.0000
      0.0000
      0.0000
      0.0000
      0.0000
      0.0000
      0.0000
      0.0000
      0.0000
      0.0000
      0.0000
      0.0000
      0.0000
      0.0000
      0.0000
      0.0000
      0.0000
      0.0000
      0.0000
      0.0000
      0.0000
      0.0000
      0.0000
      0.0000
      0.0000
      0.0000
      0.0000
      0.0000
      0.0000
      0.0000
      0.0000
      0.0000
      0.0000
      0.0000
      0.0000
      0.0000
      0.0000
      0.0000
      0.0000
      0.0000
      0.0000
      0.0000
      0.0000
      0.0000
      0.0000
      0.0000
      0.0000
      0.0000
      0.0000
      0.0000
      0.0000
      0.0000
      0.0000
      0.0000
      0.0000
      0.0000
      0.0000
      0.0000
      0.0000
      0.0000
      0.0000
      0.0000
      0.0000
      0.0000
      0.0000
      0.0000
      0.0000
      0.0000
      0.0000
      0.0000
      0.0000
      0.0000
      0.0000
      0.0000
      0.0000
      0.0000
      0.0000
      0.0000
      0.0000
      0.0000
      0.0000
      0.0000
      0.0000
      0.0000
      0.0001
      0.0001
      0.0000
      0.0000
      0.0000
      0.0000
      0.0000
      0.0001
      0.0000
      0.0000
      0.0000
      0.0000
      0.0000
      0.0000
      0.0000
      0.0000
      0.0000
      0.0000
      0.0001
      0.0007
      0.0011
      0.0004
      0.0000
      0.0000
      0.0000
      0.0000
      0.0101
      0.0050
      0.0006
      0.0000
      0.0000
      0.0000
      0.0000
      0.0000
      0.0000
      0.0000
      0.0000
      0.0003
      0.0019
      0.0033
      0.0014
      0.0002
      0.0000
      0.0000
      0.0000
      0.3266
      0.1633
      0.0204
      0.0006
      0.0000
      0.0000
      0.0000
      0.0000
      0.0000
      0.0000
      0.0000
      0.0001
      0.0012
      0.0025
      0.0013
      0.0002
      0.0001
      0.0010
      0.0020
      2.6199
      1.3099
      0.1633
      0.0050
      0.0000
      0.0000
      0.0000
      0.0000
      0.0000
      0.0000
      0.0000
      0.0000
      0.0002
      0.0005
      0.0004
      0.0006
      0.0164
      0.1315
      0.2629
      5.2397
      2.6199
      0.3266
      0.0101
      0.0001
      0.0000
      0.0000
      0.0000
      0.0000
      0.0000
      0.0000
      0.0000
      0.0000
      0.0003
      0.0017
      0.0184
      0.5322
      4.2625
      8.5247
      2.6199
      1.3099
      0.1633
      0.0050
      0.0000
      0.0000
      0.0000
      0.0000
      0.0000
      0.0000
      0.0000
      0.0000
      0.0001
      0.0026
      0.0161
      0.1535
      4.2708
     34.1901
     68.3779
      0.3266
      0.1633
      0.0204
      0.0006
      0.0000
      0.0002
      0.0016
      0.0030
      0.0014
      0.0002
      0.0000
      0.0000
      0.0002
      0.0054
      0.0387
      0.3250
      8.5512
     68.3808
    136.7556
      0.0101
      0.0050
      0.0006
      0.0000
      0.0002
      0.0047
      0.0311
      0.0521
      0.0218
      0.0023
      0.0001
      0.0000
      0.0001
      0.0028
      0.0233
      0.1754
      4.2840
     34.1915
     68.3778
      0.0001
      0.0000
      0.0000
      0.0006
      0.0050
      0.0326
      0.1552
      0.2259
      0.0836
      0.0077
      0.0002
      0.0000
      0.0000
      0.0004
      0.0035
      0.0242
      0.5358
      4.2630
      8.5247
      0.0000
      0.0000
      0.0004
      0.0101
      0.0640
      0.1315
      0.2233
      0.2477
      0.0800
      0.0065
      0.0001
      0.0000
      0.0000
      0.0000
      0.0001
      0.0008
      0.0167
      0.1321
      0.2641
      0.0000
      0.0000
      0.0022
      0.0468
      0.2488
      0.3419
      0.1737
      0.0918
      0.0283
      0.0026
      0.0001
      0.0000
      0.0000
      0.0000
      0.0000
      0.0003
      0.0101
      0.0813
      0.1625
      0.0000
      0.0000
      0.0029
      0.0541
      0.2478
      0.3119
      0.3389
      0.5576
      0.2958
      0.0396
      0.0013
      0.0000
      0.0000
      0.0000
      0.0001
      0.0100
      0.3245
      2.6033
      5.2065
      0.0000
      0.0000
      0.0010
      0.0157
      0.0682
      0.2966
      2.0555
      4.3929
      2.3630
      0.3171
      0.0105
      0.0001
      0.0000
      0.0000
      0.0006
      0.0803
      2.6033
     20.8813
     41.7626
      0.0000
      0.0000
      0.0002
      0.0023
      0.0211
      0.4791
      4.0827
      8.7839
      4.7260
      0.6342
      0.0211
      0.0002
      0.0000
      0.0000
      0.0012
      0.1606
      5.2065
     41.7626
     83.5252
