      0.0446
      0.0502
      0.0648
      0.0856
      0.1132
      0.1481
      0.1832
      0.2044
      0.2035
      0.1860
      0.1625
      0.1362
      0.1048
      0.0700
      0.0391
      0.0182
      0.0076
      0.0036
      0.0028
      0.0497
      0.0541
      0.0659
      0.0828
      0.1057
      0.1355
      0.1661
      0.1851
      0.1851
      0.1708
      0.1510
      0.1283
      0.1002
      0.0682
      0.0389
      0.0186
      0.0078
      0.0037
      0.0027
      0.0795
      0.0793
      0.0792
      0.0814
      0.0898
      0.1064
      0.1267
      0.1413
      0.1437
      0.1361
      0.1242
      0.1092
      0.0888
      0.0634
      0.0383
      0.0195
      0.0087
      0.0042
      0.0030
      0.2040
      0.1885
      0.1512
      0.1120
      0.0876
      0.0832
      0.0926
      0.1042
      0.1093
      0.1065
      0.0991
      0.0895
      0.0762
      0.0582
      0.0385
      0.0222
      0.0120
      0.0075
      0.0063
      0.6086
      0.5486
      0.4038
      0.2488
      0.1411
      0.0940
      0.0888
      0.0988
      0.1043
      0.0993
      0.0886
      0.0781
      0.0685
      0.0570
      0.0437
      0.0321
      0.0258
      0.0242
      0.0243
      1.6130
      1.4463
      1.0442
      0.6138
      0.3098
      0.1642
      0.1256
      0.1278
      0.1274
      0.1123
      0.0912
      0.0756
      0.0682
      0.0647
      0.0629
      0.0661
      0.0771
      0.0907
      0.0971
      3.4942
      3.1298
      2.2512
      1.3090
      0.6381
      0.3033
      0.1930
      0.1716
      0.1569
      0.1273
      0.0949
      0.0761
      0.0751
      0.0882
      0.1160
      0.1650
      0.2336
      0.2992
      0.3268
      6.0795
      5.4443
      3.9124
      2.2671
      1.0879
      0.4841
      0.2641
      0.2023
      0.1685
      0.1271
      0.0904
      0.0761
      0.0917
      0.1412
      0.2379
      0.3988
      0.6116
      0.8073
      0.8882
      8.4743
      7.5886
      5.4516
      3.1538
      1.4996
      0.6393
      0.3098
      0.2066
      0.1573
      0.1125
      0.0804
      0.0796
      0.1248
      0.2384
      0.4609
      0.8303
      1.3133
      1.7528
      1.9338
      9.4657
      8.4764
      6.0893
      3.5213
      1.6692
      0.7000
      0.3220
      0.2002
      0.1460
      0.1031
      0.0778
      0.0922
      0.1745
      0.3733
      0.7675
      1.4235
      2.2782
      3.0532
      3.3716
      8.4743
      7.5895
      5.4554
      3.1621
      1.5127
      0.6556
      0.3266
      0.2217
      0.1700
      0.1232
      0.0939
      0.1129
      0.2236
      0.4995
      1.0540
      1.9786
      3.1809
      4.2687
      4.7153
      6.0795
      5.4473
      3.9254
      2.2989
      1.1460
      0.5689
      0.3654
      0.3020
      0.2491
      0.1816
      0.1282
      0.1320
      0.2452
      0.5515
      1.1782
      2.2247
      3.5834
      4.8105
      5.3137
      3.4942
      3.1365
      2.2811
      1.3843
      0.7803
      0.5176
      0.4550
      0.4311
      0.3641
      0.2594
      0.1667
      0.1386
      0.2251
      0.5007
      1.0797
      2.0507
      3.3105
      4.4468
      4.9124
      1.6130
      1.4578
      1.0955
      0.7417
      0.5495
      0.5226
      0.5596
      0.5528
      0.4608
      0.3172
      0.1885
      0.1288
      0.1773
      0.3897
      0.8577
      1.6538
      2.6916
      3.6288
      4.0129
      0.6086
      0.5644
      0.4727
      0.4172
      0.4482
      0.5408
      0.6161
      0.6023
      0.4879
      0.3244
      0.1819
      0.1084
      0.1335
      0.3057
      0.7138
      1.4325
      2.3858
      3.2534
      3.6101
      0.2040
      0.2061
      0.2265
      0.2903
      0.4009
      0.5214
      0.5894
      0.5598
      0.4398
      0.2837
      0.1536
      0.0887
      0.1201
      0.3163
      0.8058
      1.7011
      2.9133
      4.0280
      4.4881
      0.0795
      0.0957
      0.1478
      0.2386
      0.3543
      0.4578
      0.5034
      0.4651
      0.3573
      0.2268
      0.1224
      0.0783
      0.1400
      0.4210
      1.1270
      2.4387
      4.2317
      5.8882
      6.5732
      0.0497
      0.0679
      0.1226
      0.2086
      0.3077
      0.3883
      0.4174
      0.3799
      0.2901
      0.1847
      0.1023
      0.0770
      0.1722
      0.5485
      1.4904
      3.2467
      5.6536
      7.8802
      8.8014
      0.0446
      0.0627
      0.1157
      0.1968
      0.2875
      0.3587
      0.3825
      0.3471
      0.2656
      0.1702
      0.0960
      0.0779
      0.1874
      0.6054
      1.6496
      3.5979
      6.2690
      8.7406
      9.7634
