      0.0000
      0.0000
      0.0000
      0.0000
      0.0000
      0.0000
      0.0000
      0.0000
      0.0000
      0.0000
      0.0000
      0.0000
      0.0000
      0.0000
      0.0000
      0.0000
      0.0000
      0.0000
      0.0000
      0.0000
      0.0000
      0.0000
      0.0000
      0.0000
      0.0000
      0.0000
      0.0000
      0.0000
      0.0000
      0.0000
      0.0000
      0.0000
      0.0000
      0.0000
      0.0000
      0.0000
      0.0000
      0.0000
      0.0000
      0.0000
      0.0000
      0.0000
      0.0000
      0.0000
      0.0000
      0.0000
      0.0000
      0.0000
      0.0000
      0.0000
      0.0000
      0.0000
      0.0000
      0.0000
      0.0000
      0.0000
      0.0000
      0.0000
      0.0000
      0.0000
      0.0000
      0.0000
      0.0000
      0.0000
      0.0000
      0.0000
      0.0000
      0.0000
      0.0000
      0.0000
      0.0000
      0.0000
      0.0000
      0.0000
      0.0000
      0.0000
      0.0000
      0.0000
      0.0000
      0.0000
      0.0000
      0.0000
      0.0000
      0.0000
      0.0000
      0.0000
      0.0000
      0.0000
      0.0002
      0.0002
      0.0001
      0.0000
      0.0000
      0.0000
      0.0000
      0.0007
      0.0004
      0.0000
      0.0000
      0.0000
      0.0000
      0.0000
      0.0000
      0.0000
      0.0000
      0.0000
      0.0003
      0.0017
      0.0025
      0.0009
      0.0001
      0.0000
      0.0000
      0.0000
      0.0956
      0.0478
      0.0060
      0.0002
      0.0000
      0.0000
      0.0000
      0.0000
      0.0000
      0.0000
      0.0000
      0.0006
      0.0043
      0.0076
      0.0033
      0.0004
      0.0000
      0.0000
      0.0000
      3.1006
      1.5503
      0.1933
      0.0060
      0.0000
      0.0000
      0.0000
      0.0000
      0.0000
      0.0000
      0.0000
      0.0003
      0.0027
      0.0058
      0.0031
      0.0004
      0.0001
      0.0004
      0.0009
     24.8702
     12.4351
      1.5503
      0.0478
      0.0004
      0.0000
      0.0000
      0.0000
      0.0000
      0.0000
      0.0000
      0.0000
      0.0004
      0.0011
      0.0008
      0.0004
      0.0074
      0.0593
      0.1185
     49.7404
     24.8702
      3.1006
      0.0956
      0.0007
      0.0000
      0.0000
      0.0000
      0.0000
      0.0000
      0.0000
      0.0000
      0.0000
      0.0005
      0.0024
      0.0103
      0.2407
      1.9209
      3.8413
     24.8702
     12.4351
      1.5503
      0.0478
      0.0004
      0.0000
      0.0000
      0.0001
      0.0000
      0.0000
      0.0000
      0.0000
      0.0002
      0.0038
      0.0225
      0.0914
      1.9331
     15.4073
     30.8112
      3.1006
      1.5503
      0.1933
      0.0060
      0.0001
      0.0003
      0.0023
      0.0043
      0.0021
      0.0002
      0.0000
      0.0000
      0.0003
      0.0079
      0.0544
      0.2090
      3.8800
     30.8154
     61.6220
      0.0956
      0.0478
      0.0060
      0.0002
      0.0003
      0.0069
      0.0453
      0.0759
      0.0318
      0.0033
      0.0001
      0.0000
      0.0001
      0.0041
      0.0330
      0.1233
      1.9522
     15.4094
     30.8110
      0.0007
      0.0004
      0.0001
      0.0009
      0.0079
      0.0487
      0.2267
      0.3292
      0.1218
      0.0112
      0.0003
      0.0000
      0.0000
      0.0005
      0.0050
      0.0187
      0.2459
      1.9215
      3.8412
      0.0000
      0.0000
      0.0007
      0.0165
      0.1041
      0.2084
      0.3319
      0.3617
      0.1167
      0.0095
      0.0002
      0.0000
      0.0000
      0.0000
      0.0002
      0.0007
      0.0078
      0.0599
      0.1197
      0.0000
      0.0000
      0.0036
      0.0764
      0.4061
      0.5567
      0.2789
      0.1497
      0.0490
      0.0048
      0.0001
      0.0000
      0.0000
      0.0000
      0.0000
      0.0003
      0.0102
      0.0820
      0.1641
      0.0000
      0.0001
      0.0048
      0.0884
      0.4052
      0.5289
      0.7238
      1.2784
      0.6812
      0.0913
      0.0030
      0.0000
      0.0000
      0.0000
      0.0001
      0.0102
      0.3299
      2.6461
      5.2923
      0.0000
      0.0000
      0.0016
      0.0257
      0.1159
      0.6434
      4.7300
     10.1294
      5.4492
      0.7312
      0.0243
      0.0002
      0.0000
      0.0000
      0.0006
      0.0816
      2.6461
     21.2253
     42.4505
      0.0000
      0.0000
      0.0003
      0.0039
      0.0436
      1.1005
      9.4139
     20.2558
     10.8984
      1.4625
      0.0486
      0.0004
      0.0000
      0.0000
      0.0012
      0.1632
      5.2923
     42.4505
     84.9010
