      0.0000
      0.0000
      0.0000
      0.0000
      0.0000
      0.0000
      0.0000
      0.0000
      0.0000
      0.0000
      0.0000
      0.0000
      0.0000
      0.0000
      0.0000
      0.0000
      0.0000
      0.0000
      0.0000
      0.0000
      0.0000
      0.0000
      0.0000
      0.0000
      0.0000
      0.0000
      0.0000
      0.0000
      0.0000
      0.0000
      0.0000
      0.0000
      0.0000
      0.0000
      0.0000
      0.0000
      0.0000
      0.0000
      0.0000
      0.0000
      0.0000
      0.0000
      0.0000
      0.0000
      0.0000
      0.0000
      0.0000
      0.0000
      0.0000
      0.0000
      0.0000
      0.0000
      0.0000
      0.0000
      0.0000
      0.0000
      0.0000
      0.0000
      0.0000
      0.0000
      0.0000
      0.0000
      0.0000
      0.0000
      0.0000
      0.0000
      0.0000
      0.0000
      0.0000
      0.0000
      0.0000
      0.0000
      0.0000
      0.0000
      0.0000
      0.0000
      0.0000
      0.0000
      0.0000
      0.0000
      0.0000
      0.0000
      0.0000
      0.0000
      0.0000
      0.0000
      0.0000
      0.0001
      0.0004
      0.0005
      0.0001
      0.0000
      0.0000
      0.0000
      0.0000
      0.0017
      0.0008
      0.0001
      0.0000
      0.0000
      0.0000
      0.0000
      0.0000
      0.0000
      0.0000
      0.0000
      0.0007
      0.0039
      0.0056
      0.0020
      0.0002
      0.0000
      0.0000
      0.0000
      0.2252
      0.1126
      0.0140
      0.0004
      0.0000
      0.0000
      0.0000
      0.0000
      0.0000
      0.0000
      0.0000
      0.0014
      0.0096
      0.0169
      0.0075
      0.0008
      0.0000
      0.0000
      0.0000
      7.3018
      3.6509
      0.4552
      0.0140
      0.0001
      0.0000
      0.0000
      0.0000
      0.0000
      0.0000
      0.0000
      0.0007
      0.0060
      0.0129
      0.0070
      0.0009
      0.0001
      0.0003
      0.0006
     58.5691
     29.2845
      3.6509
      0.1126
      0.0008
      0.0000
      0.0000
      0.0000
      0.0000
      0.0000
      0.0000
      0.0001
      0.0009
      0.0025
      0.0018
      0.0006
      0.0054
      0.0428
      0.0855
    117.1382
     58.5691
      7.3018
      0.2252
      0.0017
      0.0000
      0.0000
      0.0000
      0.0000
      0.0000
      0.0000
      0.0000
      0.0001
      0.0014
      0.0064
      0.0132
      0.1753
      1.3863
      2.7722
     58.5691
     29.2845
      3.6509
      0.1126
      0.0008
      0.0000
      0.0001
      0.0002
      0.0001
      0.0000
      0.0000
      0.0000
      0.0005
      0.0106
      0.0617
      0.1318
      1.4185
     11.1210
     22.2360
      7.3018
      3.6509
      0.4552
      0.0140
      0.0001
      0.0008
      0.0064
      0.0121
      0.0058
      0.0007
      0.0000
      0.0000
      0.0008
      0.0220
      0.1500
      0.3379
      2.8789
     22.2472
     44.4723
      0.2252
      0.1126
      0.0140
      0.0004
      0.0007
      0.0188
      0.1261
      0.2117
      0.0888
      0.0093
      0.0002
      0.0000
      0.0004
      0.0115
      0.0911
      0.2215
      1.4741
     11.1287
     22.2365
      0.0017
      0.0008
      0.0001
      0.0002
      0.0054
      0.1060
      0.6192
      0.9170
      0.3398
      0.0314
      0.0007
      0.0000
      0.0000
      0.0015
      0.0138
      0.0369
      0.1909
      1.3887
      2.7723
      0.0000
      0.0000
      0.0001
      0.0028
      0.0233
      0.1698
      0.7675
      0.9938
      0.3252
      0.0265
      0.0005
      0.0000
      0.0000
      0.0000
      0.0005
      0.0016
      0.0063
      0.0436
      0.0870
      0.0000
      0.0000
      0.0006
      0.0124
      0.0686
      0.1419
      0.3013
      0.3580
      0.1246
      0.0119
      0.0003
      0.0000
      0.0000
      0.0000
      0.0000
      0.0004
      0.0121
      0.0974
      0.1947
      0.0000
      0.0000
      0.0008
      0.0144
      0.0701
      0.2314
      1.3556
      2.8534
      1.5293
      0.2049
      0.0068
      0.0001
      0.0000
      0.0000
      0.0001
      0.0121
      0.3923
      3.1466
      6.2932
      0.0000
      0.0000
      0.0003
      0.0044
      0.0513
      1.2393
     10.5660
     22.7313
     12.2301
      1.6412
      0.0545
      0.0004
      0.0000
      0.0000
      0.0007
      0.0970
      3.1466
     25.2394
     50.4789
      0.0000
      0.0000
      0.0000
      0.0011
      0.0721
      2.4483
     21.1239
     45.4616
     24.4601
      3.2823
      0.1090
      0.0009
      0.0000
      0.0000
      0.0015
      0.1941
      6.2932
     50.4789
    100.9577
