      0.2334
      0.2549
      0.2999
      0.3291
      0.3210
      0.2869
      0.2503
      0.2220
      0.2001
      0.1823
      0.1674
      0.1495
      0.1218
      0.0854
      0.0499
      0.0240
      0.0098
      0.0039
      0.0024
      0.2328
      0.2516
      0.2898
      0.3116
      0.2988
      0.2631
      0.2272
      0.2011
      0.1832
      0.1713
      0.1635
      0.1530
      0.1309
      0.0967
      0.0597
      0.0304
      0.0130
      0.0052
      0.0032
      0.2342
      0.2451
      0.2641
      0.2663
      0.2420
      0.2041
      0.1716
      0.1524
      0.1453
      0.1489
      0.1611
      0.1720
      0.1667
      0.1385
      0.0957
      0.0544
      0.0256
      0.0108
      0.0066
      0.2693
      0.2658
      0.2514
      0.2210
      0.1792
      0.1399
      0.1145
      0.1060
      0.1130
      0.1370
      0.1778
      0.2225
      0.2456
      0.2276
      0.1733
      0.1079
      0.0558
      0.0264
      0.0174
      0.4454
      0.4131
      0.3312
      0.2339
      0.1525
      0.1026
      0.0828
      0.0848
      0.1044
      0.1471
      0.2189
      0.3057
      0.3684
      0.3678
      0.3005
      0.2022
      0.1165
      0.0656
      0.0496
      0.9535
      0.8606
      0.6345
      0.3874
      0.2065
      0.1138
      0.0859
      0.0914
      0.1159
      0.1684
      0.2634
      0.3902
      0.4978
      0.5263
      0.4592
      0.3395
      0.2293
      0.1632
      0.1428
      1.9590
      1.7568
      1.2685
      0.7430
      0.3666
      0.1772
      0.1155
      0.1109
      0.1292
      0.1775
      0.2780
      0.4271
      0.5725
      0.6435
      0.6130
      0.5231
      0.4416
      0.4010
      0.3915
      3.3685
      3.0173
      2.1698
      1.2594
      0.6066
      0.2726
      0.1526
      0.1254
      0.1286
      0.1608
      0.2467
      0.3921
      0.5579
      0.6840
      0.7466
      0.7829
      0.8420
      0.9181
      0.9548
      4.6836
      4.1944
      3.0142
      1.7457
      0.8334
      0.3605
      0.1814
      0.1294
      0.1161
      0.1283
      0.1877
      0.3092
      0.4792
      0.6717
      0.8886
      1.1671
      1.5137
      1.8330
      1.9662
      5.2292
      4.6834
      3.3671
      1.9528
      0.9360
      0.4076
      0.2045
      0.1405
      0.1150
      0.1075
      0.1369
      0.2271
      0.3938
      0.6567
      1.0616
      1.6571
      2.3966
      3.0557
      3.3250
      4.6836
      4.1972
      3.0258
      1.7726
      0.8798
      0.4246
      0.2542
      0.1963
      0.1587
      0.1257
      0.1204
      0.1768
      0.3338
      0.6498
      1.2128
      2.0895
      3.1885
      4.1641
      4.5613
      3.3685
      3.0261
      2.2069
      1.3451
      0.7541
      0.4759
      0.3822
      0.3358
      0.2718
      0.1946
      0.1418
      0.1570
      0.2889
      0.6114
      1.2323
      2.2276
      3.4861
      4.6052
      5.0609
      1.9590
      1.7780
      1.3564
      0.9441
      0.7072
      0.6384
      0.6270
      0.5742
      0.4541
      0.3053
      0.1880
      0.1514
      0.2377
      0.5102
      1.0658
      1.9736
      3.1294
      4.1598
      4.5797
      0.9535
      0.9009
      0.8004
      0.7613
      0.8281
      0.9385
      0.9825
      0.8921
      0.6852
      0.4420
      0.2472
      0.1517
      0.1808
      0.3716
      0.7927
      1.4966
      2.4010
      3.2105
      3.5408
      0.4454
      0.4750
      0.5850
      0.8008
      1.0847
      1.3254
      1.4009
      1.2603
      0.9563
      0.6076
      0.3259
      0.1666
      0.1405
      0.2612
      0.5753
      1.1250
      1.8455
      2.4967
      2.7635
      0.2693
      0.3438
      0.5717
      0.9382
      1.3637
      1.7067
      1.8274
      1.6670
      1.2856
      0.8299
      0.4465
      0.2121
      0.1378
      0.2300
      0.5358
      1.1056
      1.8744
      2.5789
      2.8691
      0.2342
      0.3282
      0.6087
      1.0498
      1.5650
      2.0070
      2.2151
      2.0918
      1.6702
      1.1123
      0.6124
      0.2894
      0.1722
      0.2764
      0.6717
      1.4341
      2.4793
      3.4444
      3.8433
      0.2328
      0.3317
      0.6265
      1.0950
      1.6631
      2.1925
      2.5026
      2.4458
      2.0139
      1.3753
      0.7716
      0.3682
      0.2171
      0.3488
      0.8606
      1.8567
      3.2284
      4.4980
      5.0233
      0.2334
      0.3324
      0.6283
      1.1023
      1.6887
      2.2547
      2.6116
      2.5881
      2.1560
      1.4856
      0.8390
      0.4021
      0.2376
      0.3827
      0.9471
      2.0472
      3.5636
      4.9675
      5.5485
