      0.0411
      0.0539
      0.0801
      0.0935
      0.0799
      0.0515
      0.0297
      0.0235
      0.0338
      0.0611
      0.0951
      0.1108
      0.0928
      0.0553
      0.0234
      0.0070
      0.0015
      0.0002
      0.0001
      0.0434
      0.0554
      0.0790
      0.0891
      0.0737
      0.0461
      0.0258
      0.0200
      0.0293
      0.0545
      0.0880
      0.1070
      0.0946
      0.0603
      0.0277
      0.0091
      0.0022
      0.0004
      0.0001
      0.0452
      0.0544
      0.0708
      0.0735
      0.0564
      0.0328
      0.0170
      0.0128
      0.0202
      0.0423
      0.0779
      0.1101
      0.1155
      0.0890
      0.0501
      0.0205
      0.0061
      0.0013
      0.0004
      0.0453
      0.0494
      0.0546
      0.0498
      0.0344
      0.0183
      0.0093
      0.0080
      0.0156
      0.0405
      0.0929
      0.1631
      0.2099
      0.1953
      0.1304
      0.0622
      0.0211
      0.0052
      0.0017
      0.0835
      0.0759
      0.0574
      0.0363
      0.0194
      0.0097
      0.0070
      0.0095
      0.0204
      0.0578
      0.1519
      0.3039
      0.4382
      0.4499
      0.3280
      0.1695
      0.0621
      0.0168
      0.0063
      0.3063
      0.2597
      0.1587
      0.0709
      0.0249
      0.0108
      0.0115
      0.0175
      0.0315
      0.0827
      0.2274
      0.4863
      0.7482
      0.8173
      0.6330
      0.3481
      0.1378
      0.0431
      0.0204
      1.0084
      0.8487
      0.5057
      0.2139
      0.0670
      0.0233
      0.0211
      0.0278
      0.0400
      0.0914
      0.2554
      0.5750
      0.9349
      1.0802
      0.8881
      0.5258
      0.2369
      0.1020
      0.0697
      2.3976
      2.0166
      1.1994
      0.5048
      0.1545
      0.0456
      0.0303
      0.0335
      0.0387
      0.0740
      0.2064
      0.4892
      0.8435
      1.0403
      0.9278
      0.6266
      0.3751
      0.2688
      0.2497
      4.0318
      3.3910
      2.0165
      0.8480
      0.2573
      0.0695
      0.0364
      0.0345
      0.0328
      0.0469
      0.1228
      0.3080
      0.5770
      0.7923
      0.8271
      0.7326
      0.6782
      0.7252
      0.7680
      4.7937
      4.0318
      2.3978
      1.0094
      0.3095
      0.0907
      0.0567
      0.0569
      0.0488
      0.0409
      0.0663
      0.1673
      0.3643
      0.6142
      0.8368
      1.0310
      1.2950
      1.6202
      1.7808
      4.0318
      3.3913
      2.0189
      0.8581
      0.2886
      0.1406
      0.1539
      0.1735
      0.1463
      0.0926
      0.0646
      0.1143
      0.2903
      0.6089
      1.0208
      1.4913
      2.0734
      2.6926
      2.9815
      2.3976
      2.0183
      1.2102
      0.5469
      0.2754
      0.3039
      0.4351
      0.4917
      0.4020
      0.2369
      0.1150
      0.1102
      0.2695
      0.6240
      1.1368
      1.7500
      2.4812
      3.2259
      3.5675
      1.0084
      0.8546
      0.5410
      0.3377
      0.3890
      0.6580
      0.9559
      1.0360
      0.8134
      0.4587
      0.1947
      0.1110
      0.2144
      0.5100
      0.9654
      1.5185
      2.1562
      2.7833
      3.0668
      0.3063
      0.2754
      0.2452
      0.3459
      0.6678
      1.1648
      1.5925
      1.6342
      1.2295
      0.6683
      0.2649
      0.1035
      0.1306
      0.3060
      0.6022
      0.9823
      1.4280
      1.8607
      2.0542
      0.0835
      0.1064
      0.2181
      0.5111
      1.0372
      1.6967
      2.1840
      2.1535
      1.5831
      0.8495
      0.3298
      0.1027
      0.0666
      0.1426
      0.3199
      0.6304
      1.0977
      1.5994
      1.8282
      0.0453
      0.0932
      0.2810
      0.7008
      1.3966
      2.2559
      2.9289
      2.9627
      2.2551
      1.2580
      0.5060
      0.1487
      0.0491
      0.0867
      0.2958
      0.8650
      1.9358
      3.1766
      3.7528
      0.0452
      0.1016
      0.3187
      0.8144
      1.7145
      3.0098
      4.2688
      4.6603
      3.7690
      2.2060
      0.9221
      0.2749
      0.0747
      0.1229
      0.5353
      1.7836
      4.2250
      7.0887
      8.4230
      0.0434
      0.0969
      0.3095
      0.8448
      1.9780
      3.8709
      5.9608
      6.8643
      5.7398
      3.4331
      1.4568
      0.4384
      0.1175
      0.1941
      0.8746
      2.9571
      7.0462
     11.8494
     14.0882
      0.0411
      0.0914
      0.2966
      0.8450
      2.0907
      4.2815
      6.7840
      7.9379
      6.6964
      4.0261
      1.7141
      0.5169
      0.1387
      0.2296
      1.0374
      3.5117
      8.3720
     14.0818
     16.7432
