      0.0106
      0.0131
      0.0182
      0.0211
      0.0197
      0.0173
      0.0171
      0.0182
      0.0191
      0.0215
      0.0262
      0.0285
      0.0238
      0.0146
      0.0064
      0.0020
      0.0005
      0.0001
      0.0000
      0.0110
      0.0133
      0.0179
      0.0201
      0.0181
      0.0152
      0.0146
      0.0155
      0.0166
      0.0198
      0.0263
      0.0313
      0.0291
      0.0201
      0.0102
      0.0038
      0.0010
      0.0002
      0.0001
      0.0136
      0.0150
      0.0173
      0.0171
      0.0138
      0.0105
      0.0094
      0.0099
      0.0121
      0.0190
      0.0337
      0.0518
      0.0607
      0.0522
      0.0325
      0.0145
      0.0046
      0.0011
      0.0003
      0.0406
      0.0365
      0.0272
      0.0175
      0.0102
      0.0063
      0.0054
      0.0068
      0.0118
      0.0283
      0.0671
      0.1248
      0.1692
      0.1640
      0.1131
      0.0553
      0.0191
      0.0048
      0.0016
      0.2304
      0.1950
      0.1186
      0.0526
      0.0181
      0.0068
      0.0062
      0.0098
      0.0195
      0.0523
      0.1372
      0.2775
      0.4044
      0.4189
      0.3073
      0.1595
      0.0587
      0.0160
      0.0062
      1.0952
      0.9216
      0.5489
      0.2315
      0.0706
      0.0200
      0.0139
      0.0194
      0.0326
      0.0801
      0.2163
      0.4617
      0.7111
      0.7775
      0.6022
      0.3310
      0.1312
      0.0420
      0.0210
      3.7075
      3.1182
      1.8542
      0.7789
      0.2337
      0.0588
      0.0285
      0.0316
      0.0425
      0.0902
      0.2451
      0.5493
      0.8914
      1.0275
      0.8412
      0.4955
      0.2253
      0.1046
      0.0777
      8.8384
      7.4335
      4.4196
      1.8554
      0.5534
      0.1295
      0.0451
      0.0382
      0.0413
      0.0732
      0.1976
      0.4642
      0.7947
      0.9694
      0.8504
      0.5675
      0.3564
      0.2944
      0.2949
     14.8665
     12.5033
      7.4338
      3.1201
      0.9273
      0.2076
      0.0556
      0.0350
      0.0308
      0.0436
      0.1138
      0.2807
      0.5110
      0.6725
      0.6698
      0.5997
      0.6487
      0.8266
      0.9302
     17.6764
     14.8666
      8.8388
      3.7095
      1.1011
      0.2425
      0.0580
      0.0312
      0.0237
      0.0234
      0.0498
      0.1272
      0.2545
      0.3890
      0.5156
      0.7496
      1.2441
      1.8728
      2.1758
     14.8665
     12.5034
      7.4342
      3.1216
      0.9313
      0.2159
      0.0687
      0.0501
      0.0396
      0.0264
      0.0252
      0.0535
      0.1254
      0.2537
      0.4945
      1.0177
      1.9818
      3.1139
      3.6444
      8.8384
      7.4338
      4.4219
      1.8641
      0.5775
      0.1793
      0.1211
      0.1213
      0.0983
      0.0584
      0.0299
      0.0323
      0.0813
      0.2084
      0.5014
      1.1578
      2.3387
      3.7028
      4.3381
      3.7075
      3.1196
      1.8621
      0.8068
      0.3069
      0.2034
      0.2408
      0.2574
      0.2035
      0.1158
      0.0497
      0.0286
      0.0580
      0.1608
      0.4138
      0.9819
      1.9922
      3.1510
      3.6893
      1.0952
      0.9251
      0.5687
      0.2968
      0.2297
      0.3173
      0.4345
      0.4586
      0.3545
      0.1974
      0.0797
      0.0301
      0.0357
      0.0974
      0.2623
      0.6386
      1.3067
      2.0702
      2.4242
      0.2304
      0.2021
      0.1577
      0.1773
      0.3151
      0.5580
      0.7937
      0.8517
      0.6705
      0.3811
      0.1552
      0.0478
      0.0237
      0.0556
      0.1786
      0.4981
      1.0921
      1.7787
      2.0976
      0.0406
      0.0476
      0.0898
      0.2277
      0.5465
      1.0781
      1.6426
      1.8601
      1.5297
      0.9017
      0.3779
      0.1134
      0.0341
      0.0660
      0.2792
      0.9133
      2.1476
      3.5937
      4.2672
      0.0136
      0.0290
      0.1032
      0.3404
      0.9386
      2.0310
      3.2871
      3.8689
      3.2643
      1.9593
      0.8324
      0.2509
      0.0704
      0.1316
      0.5964
      2.0130
      4.7931
      8.0581
      9.5799
      0.0110
      0.0288
      0.1223
      0.4574
      1.3788
      3.1487
      5.2498
      6.2803
      5.3486
      3.2292
      1.3775
      0.4163
      0.1163
      0.2174
      0.9928
      3.3615
      8.0138
     13.4791
     16.0266
      0.0106
      0.0290
      0.1299
      0.5092
      1.5823
      3.6724
      6.1732
      7.4155
      6.3293
      3.8262
      1.6335
      0.4939
      0.1380
      0.2582
      1.1795
      3.9945
      9.5239
     16.0197
     19.0475
